0.0
0.0
0.0
0.0
0.0
0.0
0.0
0.0
0.0
0.0
0.0
0.0
0.0
0.0
0.0
0.0
0.0
0.0
0.0
0.0
0.0
0.0
0.0
0.0
0.0
0.0
0.0
0.0
0.0
0.0
0.0
0.0
0.0
0.0
0.0
0.0
0.0
0.0
0.0
0.0
0.0
0.0
0.0
0.0
0.0
0.0
0.0
0.0
0.0
0.0
0.0
0.0
0.0
0.0
0.0
0.0
0.0
0.0
48.0
96.0
118.0
120.0
111.0
97.0
87.0
79.0
68.0
55.0
36.0
22.0
10.0
0.0
0.0
0.0
0.0
0.0
0.0
0.0
0.0
0.0
0.0
0.0
0.0
0.0
0.0
0.0
0.0
0.0
0.0
0.0
0.0
0.0
0.0
0.0
0.0
0.0
0.0
0.0
0.0
0.0
0.0
0.0
0.0
0.0
0.0
0.0
0.0
0.0
0.0
0.0
0.0
0.0
0.0
0.0
0.0
0.0
0.0
0.0
0.0
0.0
0.0
0.0
0.0
0.0
0.0
0.0
0.0
0.0
0.0
0.0
0.0
0.0
0.0
0.0
0.0
0.0
0.0
0.0
0.0
0.0
0.0
0.0
0.0
0.0
0.0
0.0
0.0
0.0
0.0
4.0
13.0
23.0
32.0
40.0
45.0
48.0
50.0
50.0
49.0
49.0
49.0
53.0
60.0
70.0
83.0
97.0
112.0
121.0
124.0
122.0
115.0
107.0
107.0
112.0
120.0
128.0
139.0
148.0
152.0
154.0
155.0
145.0
128.0
118.0
112.0
118.0
128.0
147.0
159.0
167.0
173.0
178.0
180.0
182.0
185.0
190.0
195.0
200.0
205.0
209.0
212.0
213.0
214.0
214.0
214.0
213.0
211.0
209.0
206.0
203.0
200.0
197.0
194.0
193.0
192.0
192.0
192.0
193.0
195.0
198.0
201.0
201.0
198.0
190.0
176.0
151.0
122.0
91.0
67.0
55.0
45.0
37.0
32.0
29.0
27.0
26.0
25.0
25.0
25.0
25.0
25.0
25.0
25.0
25.0
24.0
22.0
20.0
18.0
17.0
16.0
18.0
21.0
24.0
26.0
28.0
29.0
30.0
30.0
30.0
30.0
30.0
29.0
26.0
22.0
17.0
12.0
8.0
5.0
3.0
1.0
1.0
2.0
3.0
4.0
5.0
7.0
9.0
10.0
12.0
12.0
13.0
13.0
12.0
12.0
11.0
11.0
10.0
10.0
10.0
10.0
11.0
11.0
10.0
10.0
10.0
10.0
9.0
9.0
8.0
8.0
8.0
7.0
7.0
7.0
7.0
7.0
8.0
8.0
9.0
9.0
10.0
11.0
13.0
14.0
15.0
17.0
17.0
18.0
18.0
18.0
18.0
20.0
22.0
24.0
25.0
27.0
28.0
29.0
30.0
30.0
31.0
32.0
32.0
33.0
33.0
34.0
34.0
34.0
34.0
33.0
33.0
32.0
31.0
30.0
28.0
25.0
21.0
17.0
13.0
10.0
7.0
5.0
4.0
4.0
4.0
4.0
12.0
16.0
18.0
16.0
18.0
22.0
26.0
26.0
29.0
30.0
32.0
34.0
37.0
41.0
45.0
50.0
55.0
60.0
64.0
69.0
74.0
80.0
84.0
97.0
115.0
125.0
130.0
133.0
136.0
138.0
141.0
143.0
147.0
153.0
162.0
171.0
178.0
183.0
185.0
187.0
188.0
188.0
187.0
185.0
184.0
182.0
180.0
177.0
177.0
180.0
184.0
187.0
187.0
182.0
170.0
145.0
97.0
84.0
71.0
51.0
63.0
84.0
115.0
148.0
167.0
178.0
185.0
190.0
195.0
200.0
205.0
209.0
212.0
215.0
218.0
220.0
221.0
222.0
222.0
222.0
222.0
222.0
221.0
221.0
220.0
220.0
219.0
219.0
218.0
217.0
217.0
216.0
215.0
214.0
213.0
212.0
212.0
212.0
212.0
213.0
213.0
213.0
213.0
213.0
213.0
213.0
212.0
212.0
212.0
212.0
212.0
212.0
212.0
213.0
213.0
213.0
213.0
213.0
212.0
212.0
212.0
212.0
212.0
213.0
213.0
213.0
213.0
213.0
212.0
212.0
212.0
212.0
212.0
212.0
211.0
211.0
210.0
208.0
207.0
206.0
205.0
204.0
204.0
204.0
203.0
201.0
198.0
196.0
193.0
191.0
189.0
188.0
187.0
186.0
185.0
184.0
184.0
183.0
183.0
182.0
180.0
179.0
180.0
186.0
209.0
215.0
219.0
223.0
226.0
230.0
232.0
235.0
239.0
242.0
243.0
243.0
243.0
241.0
239.0
237.0
236.0
235.0
234.0
234.0
233.0
233.0
233.0
232.0
232.0
231.0
230.0
228.0
226.0
225.0
223.0
221.0
220.0
218.0
216.0
215.0
213.0
212.0
212.0
211.0
210.0
209.0
207.0
206.0
204.0
203.0
201.0
200.0
199.0
198.0
198.0
198.0
199.0
200.0
203.0
205.0
208.0
211.0
214.0
215.0
214.0
212.0
212.0
213.0
213.0
213.0
214.0
214.0
214.0
215.0
215.0
215.0
215.0
214.0
214.0
214.0
213.0
213.0
212.0
211.0
210.0
209.0
208.0
208.0
207.0
207.0
208.0
209.0
210.0
211.0
212.0
213.0
213.0
213.0
213.0
213.0
213.0
213.0
213.0
213.0
213.0
212.0
212.0
212.0
211.0
211.0
210.0
210.0
209.0
208.0
207.0
206.0
204.0
203.0
201.0
199.0
197.0
195.0
193.0
191.0
189.0
187.0
185.0
184.0
183.0
183.0
184.0
184.0
184.0
185.0
185.0
185.0
185.0
185.0
185.0
185.0
185.0
186.0
187.0
188.0
189.0
190.0
191.0
193.0
194.0
195.0
195.0
195.0
194.0
193.0
193.0
193.0
193.0
192.0
190.0
188.0
186.0
184.0
183.0
182.0
183.0
185.0
187.0
190.0
193.0
196.0
199.0
202.0
205.0
208.0
211.0
214.0
218.0
219.0
212.0
196.0
181.0
165.0
165.0
165.0
165.0
165.0
168.0
170.0
172.0
174.0
176.0
179.0
181.0
182.0
182.0
182.0
183.0
186.0
197.0
207.0
212.0
215.0
215.0
215.0
214.0
213.0
211.0
209.0
206.0
203.0
201.0
199.0
197.0
196.0
196.0
195.0
194.0
194.0
193.0
192.0
191.0
190.0
188.0
187.0
185.0
183.0
181.0
178.0
175.0
172.0
169.0
166.0
163.0
160.0
157.0
154.0
152.0
149.0
146.0
143.0
140.0
138.0
135.0
132.0
130.0
128.0
128.0
127.0
127.0
128.0
128.0
128.0
127.0
126.0
125.0
123.0
122.0
120.0
119.0
118.0
117.0
116.0
116.0
116.0
116.0
116.0
116.0
116.0
116.0
116.0
116.0
117.0
117.0
117.0
117.0
116.0
116.0
116.0
115.0
114.0
114.0
115.0
115.0
115.0
115.0
115.0
115.0
114.0
114.0
114.0
113.0
112.0
110.0
110.0
109.0
108.0
108.0
107.0
107.0
107.0
107.0
107.0
107.0
107.0
108.0
108.0
108.0
108.0
108.0
107.0
107.0
106.0
106.0
105.0
105.0
105.0
105.0
105.0
105.0
105.0
106.0
106.0
107.0
107.0
107.0
107.0
106.0
105.0
105.0
104.0
103.0
102.0
102.0
102.0
106.0
110.0
114.0
118.0
122.0
125.0
127.0
127.0
127.0
126.0
124.0
122.0
118.0
113.0
108.0
104.0
99.0
95.0
91.0
88.0
86.0
85.0
83.0
82.0
81.0
80.0
79.0
81.0
85.0
89.0
92.0
94.0
96.0
96.0
96.0
96.0
96.0
97.0
97.0
99.0
101.0
104.0
106.0
108.0
109.0
110.0
111.0
111.0
111.0
111.0
111.0
111.0
112.0
112.0
113.0
114.0
116.0
119.0
121.0
124.0
126.0
129.0
132.0
135.0
138.0
142.0
144.0
146.0
146.0
146.0
145.0
145.0
144.0
143.0
142.0
142.0
141.0
141.0
141.0
142.0
142.0
143.0
144.0
145.0
146.0
146.0
147.0
147.0
147.0
148.0
148.0
149.0
149.0
150.0
151.0
153.0
153.0
153.0
152.0
149.0
146.0
142.0
138.0
134.0
130.0
126.0
123.0
121.0
119.0
116.0
113.0
110.0
106.0
103.0
99.0
96.0
94.0
92.0
91.0
90.0
89.0
88.0
88.0
86.0
86.0
86.0
86.0
86.0
86.0
86.0
86.0
86.0
86.0
86.0
89.0
91.0
92.0
94.0
95.0
97.0
100.0
103.0
106.0
109.0
112.0
114.0
116.0
117.0
119.0
121.0
122.0
123.0
123.0
121.0
120.0
118.0
117.0
116.0
115.0
113.0
109.0
102.0
95.0
90.0
87.0
86.0
85.0
82.0
80.0
77.0
75.0
73.0
70.0
68.0
67.0
65.0
63.0
62.0
61.0
60.0
60.0
61.0
61.0
62.0
64.0
65.0
67.0
68.0
70.0
70.0
70.0
69.0
68.0
67.0
65.0
63.0
62.0
61.0
60.0
60.0
60.0
61.0
61.0
61.0
61.0
61.0
61.0
59.0
58.0
57.0
60.0
61.0
62.0
62.0
61.0
61.0
61.0
60.0
60.0
60.0
60.0
59.0
58.0
60.0
61.0
62.0
62.0
62.0
62.0
61.0
61.0
60.0
59.0
61.0
63.0
65.0
65.0
61.0
58.0
56.0
56.0
58.0
64.0
72.0
82.0
88.0
91.0
92.0
89.0
78.0
70.0
64.0
61.0
55.0
55.0
55.0
55.0
55.0
55.0
55.0
55.0
55.0
55.0
55.0
55.0
58.0
60.0
63.0
65.0
67.0
69.0
71.0
74.0
76.0
77.0
79.0
81.0
82.0
83.0
84.0
85.0
86.0
87.0
87.0
88.0
89.0
89.0
90.0
90.0
91.0
91.0
91.0
91.0
91.0
91.0
91.0
91.0
91.0
91.0
90.0
90.0
90.0
89.0
89.0
86.0
86.0
86.0
86.0
86.0
86.0
90.0
90.0
91.0
91.0
91.0
91.0
91.0
91.0
90.0
90.0
89.0
89.0
89.0
90.0
91.0
91.0
89.0
86.0
81.0
76.0
72.0
69.0
67.0
66.0
64.0
61.0
60.0
58.0
55.0
51.0
46.0
42.0
41.0
40.0
39.0
37.0
35.0
33.0
31.0
30.0
30.0
30.0
30.0
29.0
29.0
27.0
26.0
23.0
21.0
19.0
16.0
13.0
13.0
13.0
13.0
13.0
13.0
13.0
14.0
14.0
15.0
15.0
16.0
17.0
17.0
17.0
18.0
18.0
18.0
18.0
19.0
19.0
19.0
19.0
19.0
20.0
20.0
20.0
20.0
21.0
21.0
22.0
23.0
24.0
24.0
25.0
26.0
26.0
27.0
27.0
27.0
27.0
28.0
29.0
29.0
31.0
33.0
37.0
41.0
45.0
49.0
54.0
58.0
61.0
65.0
70.0
74.0
78.0
82.0
84.0
86.0
87.0
87.0
86.0
85.0
83.0
81.0
79.0
77.0
75.0
74.0
72.0
69.0
65.0
59.0
49.0
48.0
48.0
49.0
51.0
54.0
57.0
60.0
62.0
62.0
61.0
61.0
61.0
62.0
62.0
61.0
61.0
61.0
64.0
70.0
74.0
77.0
75.0
70.0
65.0
61.0
56.0
52.0
48.0
44.0
41.0
38.0
36.0
36.0
36.0
38.0
41.0
44.0
48.0
51.0
54.0
55.0
55.0
54.0
51.0
47.0
42.0
38.0
34.0
30.0
29.0
28.0
28.0
28.0
28.0
28.0
28.0
29.0
29.0
29.0
30.0
30.0
31.0
31.0
31.0
31.0
30.0
30.0
29.0
30.0
30.0
31.0
32.0
32.0
33.0
32.0
31.0
30.0
27.0
25.0
20.0
13.0
5.0
0.0
0.0
3.0
9.0
16.0
21.0
26.0
30.0
33.0
35.0
36.0
35.0
33.0
31.0
29.0
28.0
27.0
26.0
25.0
24.0
23.0
23.0
22.0
21.0
19.0
19.0
18.0
18.0
17.0
17.0
17.0
16.0
16.0
16.0
16.0
15.0
15.0
15.0
15.0
14.0
13.0
12.0
10.0
9.0
8.0
4.0
4.0
4.0
2.0
1.0
0.0
0.0
0.0
0.0
0.0
0.0
0.0
0.0
0.0
0.0
0.0
0.0
0.0
0.0
0.0
0.0
0.0
0.0
0.0
0.0
0.0
0.0
0.0
0.0
0.0
0.0
0.0
0.0
0.0
0.0
0.0
0.0
0.0
0.0
0.0
0.0
0.0
0.0
0.0
0.0
0.0
0.0
0.0
0.0
0.0
0.0
0.0
0.0
0.0
0.0
0.0
0.0
0.0
0.0
0.0
0.0
0.0
0.0
0.0
0.0
0.0
0.0
0.0
0.0
0.0
0.0
0.0
0.0
0.0
0.0
0.0
0.0
0.0
0.0
0.0
0.0
0.0
0.0
0.0
0.0
0.0
0.0
0.0
0.0
0.0
0.0
0.0
0.0
0.0
0.0
0.0
0.0
0.0
0.0
0.0
0.0
0.0
0.0
0.0
0.0
0.0
0.0
0.0
0.0
0.0
0.0
0.0
0.0
0.0
0.0
0.0
0.0
0.0
0.0
0.0
0.0
0.0
0.0
0.0
0.0
0.0
0.0
0.0
0.0
0.0
0.0
0.0
0.0
0.0
0.0
0.0
0.0
0.0
0.0
0.0
0.0
0.0
0.0
0.0
0.0
0.0
0.0
0.0
0.0
0.0
0.0
0.0
0.0
0.0
0.0
0.0
0.0
0.0
0.0
0.0
0.0
0.0
0.0
0.0
0.0
0.0
0.0
0.0
0.0
0.0
0.0
0.0
0.0
0.0
0.0
0.0
0.0
0.0
0.0
0.0
0.0
0.0
0.0
0.0
0.0
0.0
0.0
0.0
0.0
0.0
0.0
0.0
0.0
0.0
0.0
0.0
0.0
0.0
0.0
0.0
0.0
0.0
0.0
0.0
0.0
0.0
0.0
0.0
0.0
0.0
0.0
0.0
0.0
0.0
0.0
0.0
0.0
0.0
0.0
0.0
0.0
0.0
0.0
0.0
0.0
0.0
0.0
0.0
0.0
0.0
0.0
0.0
0.0
0.0
0.0
0.0
0.0
0.0
0.0
0.0
0.0
0.0
0.0
0.0
0.0
0.0
0.0
0.0
0.0
0.0
0.0
0.0
0.0
0.0
0.0
0.0
0.0
0.0
0.0
0.0
0.0
0.0
0.0
0.0
0.0
0.0
0.0
0.0
0.0
0.0
0.0
0.0
0.0
0.0
0.0
0.0
0.0
0.0
0.0
0.0
0.0
0.0
0.0
0.0
0.0
0.0
0.0
0.0
0.0
0.0
0.0
0.0
0.0
0.0
0.0
0.0
0.0
0.0
0.0
0.0
0.0
0.0
0.0
0.0
0.0
0.0
0.0
0.0
0.0
0.0
0.0
0.0
0.0
0.0
0.0
0.0
0.0
0.0
0.0
0.0
0.0
0.0
0.0
0.0
0.0
0.0
0.0
0.0
0.0
0.0
0.0
0.0
0.0
0.0
0.0
0.0
0.0
0.0
0.0
0.0
0.0
0.0
0.0
0.0
0.0
0.0
0.0
0.0
0.0
0.0
0.0
0.0
0.0
0.0
0.0
0.0
0.0
0.0
0.0
0.0
0.0
0.0
0.0
0.0
0.0
0.0
0.0
0.0
0.0
0.0
0.0
0.0
0.0
0.0
0.0
0.0
0.0
0.0
0.0
0.0
0.0
0.0
0.0
0.0
0.0
0.0
0.0
0.0
0.0
0.0
0.0
0.0
0.0
0.0
0.0
0.0
0.0
0.0
0.0
0.0
0.0
0.0
0.0
0.0
0.0
0.0
0.0
0.0
0.0
0.0
0.0
0.0
0.0
0.0
0.0
0.0
0.0
0.0
0.0
0.0
0.0
0.0
0.0
0.0
0.0
0.0
0.0
0.0
0.0
0.0
0.0
0.0
0.0
0.0
0.0
0.0
0.0
0.0
0.0
0.0
0.0
0.0
0.0
0.0
0.0
0.0
0.0
0.0
0.0
0.0
0.0
0.0
0.0
0.0
0.0
0.0
0.0
0.0
0.0
0.0
0.0
0.0
0.0
0.0
0.0
0.0
0.0
0.0
0.0
0.0
0.0
0.0
0.0
0.0
0.0
0.0
0.0
0.0
0.0
0.0
0.0
0.0
0.0
0.0
0.0
0.0
0.0
0.0
0.0
0.0
0.0
0.0
0.0
0.0
0.0
0.0
0.0
0.0
0.0
0.0
0.0
0.0
0.0
0.0
0.0
0.0
0.0
0.0
0.0
0.0
0.0
0.0
0.0
0.0
0.0
0.0
0.0
0.0
0.0
0.0
0.0
0.0
0.0
0.0
0.0
0.0
0.0
0.0
0.0
0.0
0.0
0.0
0.0
0.0
0.0
0.0
0.0
0.0
0.0
0.0
0.0
0.0
0.0
0.0
0.0
0.0
0.0
0.0
0.0
0.0
0.0
0.0
0.0
0.0
0.0
0.0
0.0
0.0
0.0
0.0
0.0
0.0
0.0
0.0
0.0
0.0
0.0
0.0
0.0
0.0
0.0
0.0
0.0
0.0
0.0
0.0
0.0
0.0
0.0
0.0
0.0
0.0
0.0
0.0
0.0
0.0
0.0
