0.0
0.0
0.0
0.0
0.0
0.0
0.0
0.0
0.0
0.0
0.0
0.0
0.0
0.0
0.0
0.0
0.0
0.0
0.0
0.0
0.0
0.0
0.0
0.0
0.0
0.0
0.0
0.0
0.0
0.0
0.0
0.0
0.0
0.0
0.0
0.0
0.0
0.0
0.0
0.0
0.0
0.0
0.0
0.0
0.0
0.0
0.0
0.0
0.0
0.0
0.0
0.0
0.0
0.0
0.0
0.0
0.0
0.0
0.0
0.0
0.0
0.0
0.0
0.0
0.0
0.0
0.0
0.0
0.0
0.0
0.0
0.0
0.0
0.0
0.0
0.0
46.0
77.0
125.0
149.0
153.0
147.0
137.0
130.0
126.0
124.0
122.0
122.0
122.0
118.0
109.0
115.0
122.0
127.0
129.0
129.0
125.0
118.0
107.0
118.0
123.0
122.0
121.0
122.0
123.0
123.0
124.0
125.0
125.0
126.0
126.0
126.0
125.0
124.0
123.0
122.0
121.0
120.0
119.0
117.0
117.0
116.0
117.0
118.0
118.0
118.0
119.0
120.0
121.0
121.0
121.0
120.0
115.0
111.0
118.0
123.0
123.0
125.0
127.0
127.0
123.0
118.0
113.0
111.0
106.0
97.0
84.0
67.0
55.0
49.0
44.0
41.0
37.0
33.0
32.0
32.0
30.0
27.0
22.0
18.0
14.0
12.0
11.0
11.0
12.0
14.0
17.0
20.0
23.0
26.0
27.0
25.0
21.0
16.0
12.0
8.0
4.0
1.0
0.0
0.0
0.0
0.0
0.0
0.0
0.0
0.0
0.0
0.0
0.0
0.0
0.0
0.0
0.0
0.0
0.0
0.0
0.0
0.0
0.0
0.0
0.0
0.0
0.0
0.0
0.0
0.0
0.0
0.0
0.0
0.0
0.0
0.0
0.0
0.0
0.0
0.0
0.0
0.0
0.0
1.0
3.0
5.0
6.0
7.0
7.0
8.0
7.0
6.0
4.0
3.0
2.0
0.0
0.0
0.0
0.0
0.0
0.0
0.0
0.0
1.0
2.0
3.0
4.0
5.0
6.0
7.0
9.0
9.0
10.0
10.0
9.0
8.0
6.0
4.0
2.0
1.0
0.0
0.0
0.0
0.0
0.0
0.0
0.0
0.0
0.0
0.0
0.0
0.0
0.0
0.0
0.0
0.0
0.0
0.0
0.0
0.0
0.0
0.0
0.0
0.0
0.0
0.0
0.0
0.0
0.0
0.0
0.0
0.0
0.0
0.0
0.0
0.0
0.0
0.0
0.0
0.0
0.0
0.0
0.0
0.0
0.0
0.0
0.0
0.0
0.0
0.0
0.0
0.0
0.0
0.0
0.0
0.0
0.0
0.0
0.0
0.0
0.0
0.0
0.0
0.0
0.0
0.0
0.0
0.0
0.0
0.0
0.0
0.0
0.0
0.0
0.0
0.0
0.0
0.0
0.0
0.0
0.0
0.0
0.0
6.0
11.0
16.0
21.0
25.0
29.0
34.0
42.0
51.0
60.0
66.0
72.0
77.0
82.0
86.0
90.0
93.0
96.0
98.0
101.0
101.0
100.0
97.0
89.0
76.0
60.0
45.0
35.0
30.0
28.0
26.0
24.0
24.0
24.0
26.0
28.0
33.0
42.0
52.0
60.0
67.0
75.0
85.0
96.0
116.0
132.0
145.0
153.0
161.0
168.0
174.0
179.0
183.0
186.0
191.0
196.0
203.0
209.0
214.0
217.0
219.0
219.0
220.0
219.0
219.0
218.0
217.0
215.0
214.0
212.0
211.0
210.0
210.0
212.0
213.0
214.0
214.0
215.0
215.0
215.0
215.0
214.0
212.0
209.0
205.0
200.0
194.0
189.0
184.0
181.0
178.0
176.0
174.0
174.0
175.0
177.0
180.0
182.0
185.0
186.0
187.0
187.0
187.0
186.0
185.0
183.0
180.0
177.0
174.0
170.0
166.0
162.0
159.0
155.0
152.0
151.0
152.0
152.0
151.0
150.0
148.0
148.0
148.0
149.0
151.0
154.0
159.0
165.0
172.0
178.0
184.0
191.0
199.0
205.0
206.0
203.0
197.0
192.0
188.0
184.0
182.0
182.0
182.0
184.0
186.0
189.0
193.0
197.0
201.0
205.0
209.0
212.0
214.0
221.0
229.0
235.0
240.0
232.0
223.0
216.0
212.0
209.0
206.0
202.0
199.0
194.0
190.0
186.0
183.0
180.0
179.0
177.0
176.0
175.0
174.0
173.0
173.0
174.0
174.0
174.0
174.0
173.0
170.0
166.0
161.0
155.0
153.0
154.0
155.0
156.0
157.0
159.0
159.0
161.0
162.0
163.0
165.0
167.0
168.0
169.0
170.0
170.0
171.0
172.0
173.0
175.0
178.0
181.0
184.0
185.0
184.0
183.0
182.0
181.0
180.0
180.0
181.0
182.0
184.0
188.0
194.0
200.0
205.0
209.0
212.0
215.0
217.0
219.0
220.0
222.0
224.0
226.0
228.0
230.0
232.0
234.0
236.0
237.0
236.0
234.0
230.0
224.0
219.0
214.0
212.0
211.0
210.0
209.0
208.0
207.0
206.0
205.0
204.0
202.0
201.0
200.0
198.0
197.0
196.0
194.0
194.0
193.0
193.0
193.0
193.0
193.0
193.0
192.0
190.0
188.0
186.0
185.0
184.0
183.0
182.0
182.0
182.0
183.0
183.0
183.0
182.0
182.0
181.0
181.0
182.0
183.0
183.0
183.0
182.0
182.0
182.0
181.0
179.0
173.0
177.0
186.0
195.0
202.0
205.0
206.0
204.0
201.0
197.0
193.0
190.0
188.0
188.0
190.0
193.0
198.0
202.0
206.0
209.0
211.0
210.0
210.0
209.0
209.0
210.0
211.0
213.0
213.0
213.0
212.0
212.0
212.0
212.0
213.0
213.0
213.0
212.0
212.0
212.0
212.0
211.0
211.0
211.0
210.0
209.0
209.0
208.0
208.0
207.0
207.0
207.0
208.0
208.0
208.0
208.0
208.0
209.0
211.0
215.0
223.0
232.0
241.0
246.0
250.0
252.0
252.0
252.0
252.0
251.0
250.0
249.0
248.0
247.0
246.0
245.0
245.0
244.0
244.0
243.0
241.0
240.0
238.0
237.0
236.0
236.0
237.0
237.0
238.0
238.0
238.0
238.0
238.0
237.0
237.0
238.0
238.0
238.0
238.0
238.0
238.0
238.0
238.0
239.0
239.0
240.0
241.0
241.0
242.0
242.0
243.0
243.0
243.0
243.0
243.0
243.0
242.0
239.0
237.0
234.0
231.0
228.0
226.0
223.0
221.0
219.0
217.0
215.0
214.0
213.0
212.0
210.0
207.0
205.0
202.0
200.0
197.0
195.0
193.0
192.0
191.0
191.0
191.0
191.0
192.0
192.0
193.0
193.0
194.0
195.0
196.0
198.0
199.0
199.0
200.0
199.0
199.0
197.0
196.0
194.0
192.0
190.0
189.0
187.0
185.0
183.0
181.0
179.0
178.0
175.0
171.0
167.0
162.0
158.0
154.0
150.0
146.0
143.0
140.0
139.0
137.0
137.0
136.0
134.0
131.0
128.0
124.0
120.0
117.0
114.0
111.0
109.0
111.0
113.0
117.0
120.0
122.0
124.0
125.0
125.0
124.0
122.0
120.0
118.0
118.0
120.0
123.0
127.0
131.0
133.0
133.0
131.0
128.0
125.0
122.0
120.0
120.0
119.0
118.0
117.0
116.0
115.0
114.0
113.0
112.0
111.0
109.0
108.0
106.0
105.0
103.0
102.0
100.0
99.0
98.0
97.0
96.0
95.0
94.0
91.0
88.0
83.0
76.0
70.0
73.0
81.0
88.0
93.0
94.0
94.0
93.0
91.0
90.0
89.0
88.0
87.0
87.0
86.0
87.0
87.0
89.0
90.0
90.0
90.0
90.0
89.0
88.0
88.0
89.0
89.0
90.0
91.0
93.0
95.0
97.0
99.0
101.0
102.0
100.0
96.0
87.0
62.0
60.0
60.0
59.0
59.0
59.0
58.0
54.0
54.0
54.0
54.0
54.0
52.0
52.0
52.0
51.0
51.0
52.0
52.0
52.0
52.0
52.0
52.0
52.0
52.0
52.0
52.0
60.0
61.0
62.0
63.0
64.0
64.0
64.0
64.0
63.0
62.0
60.0
58.0
56.0
55.0
54.0
52.0
49.0
47.0
44.0
41.0
38.0
36.0
34.0
34.0
35.0
36.0
37.0
39.0
40.0
41.0
43.0
45.0
46.0
48.0
50.0
52.0
54.0
56.0
58.0
59.0
61.0
62.0
62.0
62.0
62.0
61.0
61.0
61.0
62.0
63.0
64.0
64.0
64.0
63.0
62.0
61.0
61.0
61.0
60.0
60.0
59.0
59.0
59.0
59.0
59.0
59.0
59.0
59.0
59.0
59.0
59.0
59.0
59.0
59.0
59.0
59.0
59.0
58.0
59.0
60.0
61.0
61.0
61.0
62.0
63.0
63.0
64.0
65.0
65.0
65.0
66.0
66.0
66.0
66.0
65.0
65.0
64.0
63.0
60.0
56.0
51.0
46.0
41.0
37.0
33.0
30.0
29.0
27.0
26.0
26.0
25.0
24.0
23.0
23.0
22.0
21.0
20.0
20.0
19.0
22.0
25.0
26.0
28.0
29.0
32.0
36.0
41.0
47.0
53.0
57.0
58.0
57.0
53.0
46.0
39.0
33.0
30.0
29.0
29.0
30.0
30.0
32.0
35.0
39.0
44.0
49.0
55.0
60.0
63.0
64.0
59.0
43.0
30.0
23.0
23.0
23.0
23.0
23.0
23.0
23.0
23.0
28.0
30.0
30.0
28.0
23.0
17.0
11.0
5.0
0.0
0.0
0.0
0.0
0.0
0.0
0.0
0.0
0.0
0.0
0.0
8.0
26.0
34.0
34.0
29.0
25.0
22.0
20.0
19.0
19.0
18.0
18.0
17.0
18.0
19.0
23.0
27.0
29.0
29.0
29.0
29.0
29.0
33.0
57.0
66.0
66.0
60.0
49.0
39.0
33.0
31.0
30.0
30.0
30.0
29.0
28.0
28.0
29.0
31.0
36.0
42.0
46.0
49.0
50.0
49.0
45.0
39.0
33.0
29.0
28.0
28.0
29.0
32.0
35.0
38.0
41.0
43.0
43.0
43.0
41.0
39.0
37.0
36.0
36.0
36.0
37.0
38.0
40.0
41.0
42.0
42.0
41.0
40.0
38.0
36.0
34.0
33.0
31.0
31.0
30.0
30.0
31.0
31.0
30.0
30.0
28.0
28.0
27.0
27.0
24.0
22.0
21.0
24.0
28.0
31.0
32.0
32.0
32.0
31.0
31.0
30.0
30.0
30.0
29.0
28.0
27.0
26.0
25.0
24.0
23.0
22.0
21.0
20.0
19.0
18.0
17.0
16.0
14.0
13.0
12.0
11.0
10.0
10.0
11.0
12.0
12.0
13.0
14.0
15.0
16.0
17.0
18.0
19.0
20.0
21.0
22.0
23.0
24.0
24.0
25.0
26.0
26.0
27.0
28.0
28.0
28.0
28.0
29.0
29.0
30.0
30.0
30.0
29.0
29.0
28.0
28.0
28.0
28.0
27.0
25.0
22.0
17.0
13.0
9.0
6.0
4.0
3.0
3.0
2.0
2.0
1.0
0.0
0.0
0.0
0.0
0.0
6.0
13.0
20.0
26.0
29.0
31.0
31.0
29.0
27.0
24.0
20.0
17.0
15.0
13.0
12.0
11.0
11.0
10.0
10.0
10.0
9.0
8.0
7.0
6.0
4.0
3.0
2.0
1.0
0.0
0.0
0.0
0.0
0.0
0.0
0.0
0.0
0.0
0.0
0.0
0.0
0.0
0.0
0.0
0.0
0.0
0.0
0.0
0.0
0.0
0.0
0.0
0.0
0.0
0.0
0.0
0.0
0.0
0.0
0.0
0.0
0.0
0.0
0.0
0.0
0.0
0.0
0.0
0.0
0.0
0.0
0.0
0.0
0.0
0.0
0.0
0.0
0.0
0.0
0.0
0.0
0.0
0.0
0.0
0.0
0.0
0.0
0.0
0.0
0.0
0.0
0.0
0.0
0.0
0.0
0.0
0.0
0.0
0.0
0.0
0.0
0.0
0.0
0.0
0.0
0.0
0.0
0.0
0.0
0.0
0.0
0.0
0.0
0.0
0.0
0.0
0.0
0.0
0.0
0.0
0.0
0.0
0.0
0.0
0.0
0.0
0.0
0.0
0.0
0.0
0.0
0.0
0.0
0.0
0.0
0.0
0.0
0.0
0.0
0.0
0.0
0.0
0.0
0.0
0.0
0.0
0.0
0.0
0.0
0.0
0.0
0.0
0.0
0.0
0.0
0.0
0.0
0.0
0.0
0.0
0.0
0.0
0.0
0.0
0.0
0.0
0.0
0.0
0.0
0.0
0.0
0.0
0.0
0.0
0.0
0.0
0.0
0.0
0.0
0.0
0.0
0.0
0.0
0.0
0.0
0.0
0.0
0.0
0.0
0.0
0.0
0.0
0.0
0.0
0.0
0.0
0.0
0.0
0.0
0.0
0.0
0.0
0.0
0.0
0.0
0.0
0.0
0.0
0.0
0.0
0.0
0.0
0.0
0.0
0.0
0.0
0.0
0.0
0.0
0.0
0.0
0.0
0.0
0.0
0.0
0.0
0.0
0.0
0.0
0.0
0.0
0.0
0.0
0.0
0.0
0.0
0.0
0.0
0.0
0.0
0.0
0.0
0.0
0.0
0.0
0.0
0.0
0.0
0.0
0.0
0.0
0.0
0.0
0.0
0.0
0.0
0.0
0.0
0.0
0.0
0.0
0.0
0.0
0.0
0.0
0.0
0.0
0.0
0.0
0.0
0.0
0.0
0.0
0.0
0.0
0.0
0.0
0.0
0.0
0.0
0.0
0.0
0.0
0.0
0.0
0.0
0.0
0.0
0.0
0.0
0.0
0.0
0.0
0.0
0.0
0.0
0.0
0.0
0.0
0.0
0.0
0.0
0.0
0.0
0.0
0.0
0.0
0.0
0.0
0.0
0.0
0.0
0.0
0.0
0.0
0.0
0.0
0.0
0.0
0.0
0.0
0.0
0.0
0.0
0.0
0.0
0.0
0.0
0.0
0.0
0.0
0.0
0.0
0.0
0.0
0.0
0.0
0.0
0.0
0.0
0.0
0.0
0.0
0.0
0.0
0.0
0.0
0.0
0.0
0.0
0.0
0.0
0.0
0.0
0.0
0.0
0.0
0.0
0.0
0.0
0.0
0.0
0.0
0.0
0.0
0.0
0.0
0.0
0.0
0.0
0.0
0.0
0.0
0.0
0.0
0.0
0.0
0.0
0.0
0.0
0.0
0.0
0.0
0.0
0.0
0.0
0.0
0.0
0.0
0.0
0.0
0.0
0.0
0.0
0.0
0.0
0.0
0.0
0.0
0.0
0.0
0.0
0.0
0.0
0.0
0.0
0.0
0.0
0.0
0.0
0.0
0.0
0.0
0.0
0.0
0.0
0.0
0.0
0.0
0.0
0.0
0.0
0.0
0.0
0.0
0.0
0.0
0.0
0.0
0.0
0.0
0.0
0.0
0.0
0.0
0.0
0.0
0.0
0.0
0.0
0.0
0.0
0.0
0.0
0.0
0.0
0.0
0.0
0.0
0.0
0.0
0.0
0.0
0.0
0.0
0.0
0.0
0.0
0.0
0.0
0.0
0.0
0.0
0.0
0.0
0.0
0.0
0.0
0.0
0.0
0.0
0.0
0.0
0.0
0.0
0.0
0.0
0.0
0.0
0.0
0.0
0.0
0.0
0.0
0.0
0.0
0.0
0.0
0.0
0.0
0.0
0.0
0.0
0.0
0.0
0.0
0.0
0.0
0.0
0.0
0.0
0.0
0.0
0.0
0.0
0.0
0.0
0.0
0.0
0.0
0.0
0.0
0.0
0.0
0.0
0.0
0.0
0.0
0.0
0.0
0.0
0.0
0.0
0.0
0.0
0.0
0.0
0.0
0.0
0.0
0.0
0.0
0.0
0.0
0.0
0.0
0.0
0.0
0.0
0.0
0.0
0.0
0.0
0.0
0.0
0.0
0.0
0.0
0.0
0.0
0.0
0.0
0.0
0.0
0.0
0.0
0.0
0.0
0.0
0.0
0.0
0.0
0.0
0.0
0.0
0.0
0.0
0.0
0.0
0.0
0.0
0.0
0.0
0.0
0.0
0.0
0.0
0.0
0.0
0.0
0.0
0.0
0.0
0.0
0.0
0.0
0.0
0.0
0.0
0.0
0.0
0.0
0.0
0.0
0.0
0.0
0.0
0.0
0.0
0.0
0.0
0.0
0.0
0.0
0.0
0.0
0.0
0.0
0.0
0.0
0.0
0.0
0.0
0.0
0.0
0.0
0.0
0.0
0.0
0.0
0.0
0.0
0.0
0.0
0.0
0.0
0.0
0.0
0.0
0.0
0.0
0.0
0.0
0.0
0.0
0.0
0.0
0.0
0.0
0.0
0.0
0.0
0.0
0.0
0.0
0.0
0.0
0.0
0.0
0.0
0.0
0.0
0.0
0.0
0.0
0.0
0.0
0.0
0.0
0.0
0.0
0.0
0.0
0.0
0.0
0.0
0.0
0.0
0.0
0.0
0.0
0.0
0.0
0.0
0.0
0.0
0.0
0.0
0.0
0.0
0.0
0.0
0.0
0.0
0.0
0.0
0.0
0.0
0.0
0.0
0.0
0.0
0.0
0.0
0.0
0.0
0.0
0.0
0.0
0.0
0.0
0.0
0.0
0.0
0.0
