7.0
1.0
0.0
0.0
0.0
0.0
0.0
0.0
0.0
0.0
0.0
0.0
0.0
0.0
0.0
0.0
0.0
0.0
0.0
0.0
0.0
0.0
0.0
0.0
0.0
0.0
0.0
0.0
0.0
0.0
0.0
0.0
0.0
0.0
0.0
0.0
0.0
0.0
0.0
0.0
0.0
0.0
0.0
0.0
0.0
0.0
0.0
0.0
0.0
0.0
0.0
0.0
0.0
0.0
0.0
0.0
0.0
0.0
0.0
0.0
0.0
0.0
0.0
0.0
0.0
0.0
0.0
0.0
0.0
0.0
0.0
0.0
0.0
0.0
0.0
0.0
0.0
0.0
0.0
0.0
0.0
0.0
0.0
0.0
0.0
0.0
0.0
0.0
33.0
84.0
128.0
155.0
168.0
173.0
175.0
175.0
173.0
170.0
166.0
161.0
156.0
155.0
156.0
158.0
160.0
161.0
161.0
162.0
164.0
165.0
166.0
167.0
167.0
168.0
169.0
171.0
173.0
175.0
178.0
180.0
181.0
181.0
181.0
182.0
183.0
186.0
190.0
194.0
196.0
196.0
194.0
190.0
179.0
158.0
128.0
87.0
0.0
0.0
0.0
0.0
0.0
0.0
0.0
0.0
0.0
0.0
0.0
0.0
0.0
0.0
0.0
0.0
0.0
0.0
0.0
0.0
0.0
0.0
0.0
0.0
0.0
0.0
0.0
0.0
0.0
0.0
0.0
0.0
0.0
0.0
0.0
0.0
0.0
0.0
0.0
0.0
0.0
0.0
0.0
0.0
0.0
0.0
0.0
0.0
0.0
0.0
0.0
0.0
0.0
0.0
0.0
0.0
0.0
0.0
0.0
0.0
0.0
0.0
0.0
0.0
0.0
0.0
0.0
0.0
0.0
0.0
0.0
0.0
0.0
0.0
0.0
0.0
0.0
0.0
0.0
0.0
0.0
0.0
0.0
0.0
0.0
0.0
0.0
0.0
0.0
0.0
0.0
0.0
0.0
0.0
0.0
0.0
0.0
0.0
0.0
0.0
0.0
0.0
0.0
0.0
0.0
0.0
0.0
0.0
0.0
0.0
0.0
0.0
0.0
0.0
0.0
0.0
0.0
0.0
0.0
0.0
0.0
0.0
0.0
0.0
0.0
0.0
0.0
0.0
0.0
0.0
0.0
0.0
0.0
0.0
0.0
0.0
0.0
0.0
0.0
0.0
0.0
0.0
0.0
0.0
0.0
0.0
0.0
0.0
0.0
0.0
0.0
0.0
0.0
0.0
0.0
0.0
0.0
0.0
0.0
0.0
0.0
0.0
0.0
0.0
0.0
0.0
0.0
0.0
0.0
0.0
0.0
0.0
0.0
0.0
0.0
0.0
0.0
0.0
0.0
0.0
0.0
0.0
0.0
0.0
0.0
0.0
0.0
0.0
0.0
1.0
3.0
7.0
11.0
14.0
18.0
22.0
25.0
28.0
29.0
29.0
29.0
30.0
29.0
30.0
30.0
29.0
28.0
28.0
29.0
33.0
40.0
49.0
56.0
61.0
63.0
65.0
65.0
63.0
59.0
52.0
43.0
33.0
27.0
23.0
19.0
19.0
21.0
22.0
23.0
24.0
25.0
25.0
27.0
29.0
34.0
42.0
50.0
59.0
70.0
82.0
97.0
115.0
131.0
147.0
160.0
171.0
181.0
190.0
198.0
205.0
210.0
214.0
214.0
213.0
210.0
206.0
201.0
196.0
191.0
186.0
183.0
183.0
182.0
181.0
179.0
179.0
179.0
177.0
175.0
174.0
173.0
172.0
171.0
170.0
169.0
168.0
167.0
166.0
166.0
165.0
164.0
164.0
164.0
163.0
164.0
165.0
166.0
168.0
170.0
172.0
175.0
177.0
180.0
182.0
182.0
183.0
184.0
184.0
183.0
183.0
183.0
182.0
181.0
179.0
176.0
172.0
168.0
163.0
158.0
153.0
150.0
148.0
145.0
143.0
144.0
150.0
152.0
154.0
156.0
158.0
161.0
163.0
165.0
166.0
168.0
169.0
170.0
170.0
171.0
171.0
171.0
172.0
173.0
174.0
175.0
177.0
177.0
178.0
178.0
179.0
180.0
182.0
183.0
183.0
184.0
183.0
183.0
181.0
180.0
181.0
182.0
182.0
183.0
182.0
182.0
182.0
181.0
181.0
180.0
180.0
179.0
179.0
179.0
180.0
180.0
181.0
183.0
184.0
185.0
186.0
187.0
188.0
189.0
190.0
191.0
190.0
188.0
183.0
175.0
163.0
153.0
145.0
137.0
153.0
180.0
194.0
197.0
194.0
189.0
186.0
183.0
182.0
182.0
184.0
188.0
193.0
197.0
200.0
203.0
207.0
212.0
215.0
216.0
216.0
218.0
214.0
212.0
212.0
211.0
211.0
209.0
208.0
206.0
203.0
201.0
199.0
198.0
197.0
198.0
199.0
202.0
204.0
208.0
210.0
212.0
213.0
213.0
212.0
210.0
207.0
202.0
196.0
191.0
186.0
184.0
183.0
183.0
185.0
191.0
197.0
204.0
211.0
213.0
210.0
204.0
197.0
191.0
187.0
185.0
183.0
180.0
175.0
168.0
162.0
159.0
158.0
158.0
159.0
159.0
159.0
160.0
160.0
160.0
159.0
160.0
160.0
161.0
161.0
162.0
163.0
164.0
165.0
165.0
167.0
168.0
170.0
171.0
173.0
175.0
177.0
178.0
180.0
182.0
184.0
186.0
188.0
190.0
192.0
194.0
196.0
197.0
199.0
200.0
201.0
202.0
203.0
204.0
205.0
205.0
206.0
206.0
207.0
207.0
207.0
207.0
207.0
206.0
205.0
205.0
204.0
204.0
205.0
205.0
206.0
207.0
208.0
209.0
210.0
212.0
213.0
213.0
213.0
213.0
213.0
212.0
212.0
214.0
218.0
223.0
229.0
235.0
240.0
244.0
247.0
249.0
251.0
251.0
252.0
252.0
253.0
252.0
251.0
249.0
246.0
242.0
237.0
231.0
225.0
221.0
217.0
214.0
213.0
212.0
211.0
210.0
209.0
204.0
204.0
204.0
204.0
204.0
204.0
204.0
204.0
204.0
204.0
204.0
205.0
206.0
207.0
208.0
209.0
210.0
211.0
213.0
214.0
216.0
219.0
222.0
225.0
229.0
233.0
237.0
241.0
243.0
244.0
244.0
244.0
244.0
244.0
244.0
244.0
244.0
244.0
244.0
243.0
242.0
239.0
236.0
232.0
228.0
225.0
223.0
220.0
218.0
216.0
215.0
214.0
215.0
215.0
216.0
217.0
217.0
215.0
212.0
211.0
211.0
211.0
212.0
212.0
212.0
213.0
214.0
216.0
218.0
219.0
220.0
220.0
219.0
218.0
216.0
215.0
213.0
212.0
210.0
207.0
204.0
201.0
197.0
193.0
189.0
185.0
181.0
176.0
171.0
166.0
162.0
161.0
161.0
161.0
161.0
162.0
164.0
166.0
170.0
174.0
179.0
184.0
189.0
192.0
192.0
190.0
186.0
182.0
178.0
173.0
169.0
164.0
159.0
154.0
150.0
146.0
143.0
140.0
137.0
133.0
128.0
124.0
121.0
121.0
123.0
125.0
129.0
131.0
134.0
137.0
142.0
146.0
150.0
153.0
156.0
159.0
159.0
157.0
154.0
149.0
143.0
137.0
131.0
127.0
123.0
123.0
124.0
125.0
123.0
122.0
121.0
122.0
122.0
120.0
119.0
117.0
115.0
113.0
112.0
110.0
109.0
109.0
110.0
110.0
112.0
114.0
115.0
117.0
119.0
121.0
122.0
122.0
122.0
121.0
121.0
120.0
119.0
118.0
116.0
114.0
114.0
114.0
114.0
112.0
108.0
103.0
97.0
91.0
85.0
80.0
75.0
71.0
67.0
63.0
62.0
60.0
59.0
58.0
57.0
57.0
56.0
55.0
54.0
52.0
52.0
52.0
52.0
52.0
52.0
54.0
56.0
58.0
61.0
65.0
69.0
74.0
78.0
82.0
85.0
87.0
88.0
89.0
88.0
87.0
86.0
84.0
83.0
81.0
79.0
77.0
75.0
74.0
72.0
71.0
70.0
69.0
69.0
68.0
68.0
68.0
67.0
67.0
66.0
64.0
63.0
62.0
61.0
62.0
63.0
65.0
66.0
67.0
68.0
67.0
66.0
64.0
63.0
61.0
59.0
56.0
55.0
53.0
52.0
50.0
47.0
45.0
43.0
40.0
38.0
36.0
34.0
32.0
31.0
30.0
29.0
28.0
26.0
22.0
21.0
24.0
26.0
29.0
31.0
47.0
58.0
65.0
67.0
68.0
67.0
65.0
63.0
61.0
59.0
59.0
60.0
62.0
63.0
64.0
64.0
63.0
63.0
63.0
63.0
63.0
63.0
63.0
63.0
63.0
63.0
63.0
63.0
62.0
61.0
61.0
61.0
61.0
61.0
60.0
61.0
61.0
60.0
58.0
57.0
56.0
55.0
55.0
56.0
57.0
58.0
60.0
60.0
60.0
59.0
60.0
60.0
61.0
60.0
59.0
55.0
51.0
47.0
43.0
41.0
40.0
39.0
40.0
41.0
43.0
45.0
46.0
47.0
47.0
47.0
45.0
43.0
41.0
38.0
36.0
34.0
32.0
31.0
30.0
28.0
27.0
24.0
22.0
19.0
16.0
14.0
12.0
10.0
8.0
7.0
6.0
8.0
9.0
10.0
12.0
14.0
16.0
18.0
21.0
24.0
27.0
29.0
30.0
29.0
27.0
23.0
19.0
16.0
28.0
32.0
33.0
32.0
30.0
29.0
28.0
28.0
28.0
29.0
29.0
29.0
29.0
29.0
29.0
29.0
29.0
29.0
29.0
29.0
28.0
26.0
23.0
19.0
15.0
10.0
5.0
0.0
0.0
0.0
0.0
0.0
0.0
0.0
0.0
0.0
0.0
0.0
0.0
0.0
0.0
0.0
0.0
0.0
0.0
0.0
0.0
0.0
0.0
0.0
0.0
0.0
5.0
15.0
26.0
30.0
30.0
25.0
18.0
10.0
5.0
0.0
0.0
1.0
2.0
4.0
13.0
26.0
33.0
35.0
32.0
23.0
10.0
0.0
0.0
0.0
0.0
4.0
12.0
18.0
22.0
25.0
26.0
26.0
24.0
22.0
20.0
19.0
19.0
20.0
22.0
24.0
27.0
30.0
34.0
35.0
35.0
33.0
30.0
24.0
24.0
24.0
24.0
24.0
24.0
24.0
24.0
19.0
19.0
19.0
20.0
22.0
24.0
26.0
28.0
29.0
29.0
30.0
30.0
30.0
30.0
30.0
30.0
30.0
28.0
23.0
16.0
10.0
4.0
0.0
0.0
0.0
0.0
0.0
0.0
0.0
0.0
0.0
0.0
0.0
0.0
0.0
0.0
0.0
0.0
0.0
0.0
0.0
0.0
0.0
0.0
0.0
0.0
0.0
0.0
0.0
0.0
0.0
0.0
0.0
0.0
0.0
0.0
1.0
1.0
2.0
1.0
2.0
2.0
4.0
5.0
7.0
9.0
12.0
14.0
16.0
16.0
16.0
21.0
22.0
24.0
25.0
26.0
27.0
28.0
29.0
29.0
30.0
30.0
30.0
30.0
31.0
30.0
30.0
29.0
27.0
26.0
24.0
23.0
22.0
21.0
21.0
21.0
22.0
24.0
25.0
27.0
28.0
26.0
9.0
1.0
1.0
1.0
1.0
0.0
0.0
0.0
0.0
0.0
0.0
0.0
0.0
0.0
3.0
11.0
19.0
22.0
17.0
11.0
5.0
0.0
0.0
0.0
1.0
0.0
0.0
0.0
0.0
0.0
0.0
0.0
0.0
0.0
0.0
0.0
0.0
0.0
0.0
0.0
0.0
0.0
0.0
0.0
0.0
0.0
0.0
0.0
0.0
0.0
0.0
0.0
0.0
0.0
0.0
0.0
0.0
0.0
0.0
0.0
0.0
0.0
0.0
0.0
0.0
0.0
0.0
0.0
0.0
0.0
3.0
5.0
7.0
9.0
9.0
8.0
7.0
5.0
2.0
0.0
0.0
0.0
0.0
0.0
0.0
0.0
0.0
0.0
0.0
0.0
0.0
0.0
0.0
0.0
0.0
0.0
0.0
0.0
0.0
0.0
0.0
0.0
0.0
0.0
0.0
0.0
0.0
0.0
0.0
0.0
0.0
0.0
0.0
0.0
0.0
0.0
0.0
0.0
0.0
0.0
0.0
0.0
0.0
0.0
0.0
0.0
0.0
0.0
0.0
0.0
0.0
0.0
0.0
0.0
0.0
0.0
0.0
0.0
0.0
0.0
0.0
0.0
0.0
0.0
0.0
0.0
0.0
0.0
0.0
0.0
0.0
0.0
0.0
0.0
0.0
0.0
0.0
0.0
0.0
0.0
0.0
0.0
0.0
0.0
0.0
0.0
0.0
0.0
0.0
0.0
0.0
0.0
0.0
0.0
0.0
0.0
0.0
0.0
0.0
0.0
0.0
0.0
0.0
0.0
0.0
0.0
0.0
0.0
0.0
0.0
0.0
0.0
0.0
0.0
0.0
0.0
0.0
0.0
0.0
0.0
0.0
0.0
0.0
0.0
0.0
0.0
0.0
0.0
0.0
0.0
0.0
0.0
0.0
0.0
0.0
0.0
0.0
0.0
0.0
0.0
0.0
0.0
0.0
0.0
0.0
0.0
0.0
0.0
0.0
0.0
0.0
0.0
0.0
0.0
0.0
0.0
0.0
0.0
0.0
0.0
0.0
0.0
0.0
0.0
0.0
0.0
0.0
0.0
0.0
0.0
0.0
0.0
0.0
0.0
0.0
0.0
0.0
0.0
0.0
0.0
0.0
0.0
0.0
0.0
0.0
0.0
0.0
0.0
0.0
0.0
0.0
0.0
0.0
0.0
0.0
0.0
0.0
0.0
0.0
0.0
0.0
0.0
0.0
0.0
0.0
0.0
0.0
0.0
0.0
0.0
0.0
0.0
0.0
0.0
0.0
0.0
0.0
0.0
0.0
0.0
0.0
0.0
0.0
0.0
0.0
0.0
0.0
0.0
0.0
0.0
0.0
0.0
0.0
0.0
0.0
0.0
0.0
0.0
0.0
0.0
0.0
0.0
0.0
0.0
0.0
0.0
0.0
0.0
0.0
0.0
0.0
0.0
0.0
0.0
0.0
0.0
0.0
0.0
0.0
0.0
0.0
0.0
0.0
0.0
0.0
0.0
0.0
0.0
0.0
0.0
0.0
0.0
0.0
0.0
0.0
0.0
0.0
0.0
0.0
0.0
0.0
0.0
0.0
0.0
0.0
0.0
0.0
0.0
0.0
0.0
0.0
0.0
0.0
0.0
0.0
0.0
0.0
0.0
0.0
0.0
0.0
0.0
0.0
0.0
0.0
0.0
0.0
0.0
0.0
0.0
0.0
0.0
0.0
0.0
0.0
0.0
0.0
0.0
0.0
0.0
0.0
0.0
0.0
0.0
0.0
0.0
0.0
0.0
0.0
0.0
0.0
0.0
0.0
0.0
0.0
0.0
0.0
0.0
0.0
0.0
0.0
0.0
0.0
0.0
0.0
0.0
0.0
0.0
0.0
0.0
0.0
0.0
0.0
0.0
0.0
0.0
0.0
0.0
0.0
0.0
0.0
0.0
0.0
0.0
0.0
0.0
0.0
0.0
0.0
0.0
0.0
0.0
0.0
0.0
0.0
0.0
0.0
0.0
0.0
0.0
0.0
0.0
0.0
0.0
0.0
0.0
0.0
0.0
0.0
0.0
0.0
0.0
0.0
0.0
0.0
0.0
0.0
0.0
0.0
0.0
0.0
0.0
0.0
0.0
0.0
0.0
0.0
0.0
0.0
0.0
0.0
0.0
0.0
0.0
0.0
0.0
0.0
0.0
0.0
0.0
0.0
0.0
0.0
0.0
0.0
0.0
0.0
0.0
0.0
0.0
0.0
0.0
0.0
0.0
0.0
0.0
0.0
0.0
0.0
0.0
0.0
0.0
0.0
0.0
0.0
0.0
0.0
0.0
0.0
0.0
0.0
0.0
0.0
0.0
0.0
0.0
0.0
0.0
0.0
0.0
0.0
0.0
0.0
0.0
0.0
0.0
0.0
0.0
0.0
0.0
0.0
0.0
0.0
0.0
0.0
0.0
0.0
0.0
0.0
0.0
0.0
0.0
0.0
0.0
0.0
0.0
0.0
0.0
0.0
0.0
0.0
0.0
0.0
0.0
0.0
0.0
0.0
0.0
0.0
0.0
0.0
0.0
0.0
0.0
0.0
0.0
0.0
0.0
0.0
0.0
0.0
0.0
0.0
0.0
0.0
0.0
0.0
0.0
0.0
0.0
0.0
0.0
0.0
0.0
0.0
0.0
0.0
0.0
0.0
0.0
0.0
0.0
0.0
0.0
0.0
0.0
0.0
0.0
0.0
0.0
0.0
0.0
0.0
0.0
0.0
0.0
0.0
0.0
0.0
0.0
0.0
0.0
0.0
0.0
0.0
0.0
0.0
0.0
0.0
0.0
0.0
0.0
0.0
0.0
0.0
0.0
0.0
0.0
0.0
0.0
0.0
0.0
0.0
0.0
0.0
0.0
0.0
0.0
0.0
0.0
0.0
0.0
0.0
0.0
0.0
0.0
0.0
0.0
0.0
0.0
0.0
0.0
0.0
0.0
0.0
0.0
0.0
0.0
0.0
0.0
0.0
0.0
0.0
0.0
0.0
0.0
0.0
0.0
0.0
0.0
0.0
0.0
0.0
0.0
0.0
0.0
0.0
0.0
0.0
0.0
0.0
0.0
0.0
0.0
0.0
0.0
0.0
0.0
