0.0
0.0
0.0
0.0
0.0
0.0
0.0
0.0
0.0
0.0
0.0
0.0
0.0
0.0
0.0
0.0
0.0
0.0
0.0
0.0
0.0
0.0
0.0
0.0
0.0
0.0
0.0
0.0
0.0
0.0
0.0
0.0
0.0
0.0
0.0
0.0
0.0
0.0
0.0
0.0
0.0
0.0
0.0
0.0
0.0
0.0
0.0
0.0
0.0
0.0
0.0
0.0
0.0
0.0
0.0
0.0
0.0
0.0
0.0
0.0
0.0
0.0
0.0
0.0
0.0
0.0
0.0
0.0
0.0
0.0
0.0
0.0
0.0
0.0
0.0
0.0
0.0
0.0
0.0
0.0
0.0
0.0
0.0
0.0
0.0
0.0
0.0
0.0
0.0
0.0
0.0
0.0
0.0
0.0
0.0
0.0
0.0
0.0
0.0
0.0
0.0
0.0
0.0
0.0
0.0
0.0
0.0
0.0
0.0
0.0
0.0
0.0
0.0
0.0
0.0
0.0
0.0
0.0
0.0
0.0
0.0
0.0
0.0
0.0
0.0
0.0
0.0
0.0
0.0
0.0
0.0
0.0
0.0
0.0
0.0
0.0
0.0
0.0
0.0
0.0
0.0
0.0
0.0
0.0
0.0
0.0
0.0
0.0
0.0
0.0
0.0
0.0
0.0
0.0
0.0
0.0
0.0
0.0
0.0
0.0
0.0
0.0
0.0
0.0
0.0
0.0
0.0
0.0
0.0
0.0
0.0
0.0
0.0
0.0
0.0
0.0
0.0
0.0
0.0
26.0
33.0
28.0
26.0
30.0
37.0
46.0
54.0
62.0
69.0
77.0
84.0
91.0
95.0
97.0
97.0
96.0
95.0
93.0
90.0
88.0
88.0
90.0
91.0
96.0
103.0
109.0
116.0
121.0
125.0
129.0
131.0
134.0
136.0
139.0
142.0
144.0
146.0
146.0
146.0
149.0
153.0
159.0
166.0
173.0
179.0
182.0
184.0
186.0
186.0
185.0
184.0
182.0
180.0
179.0
177.0
175.0
174.0
173.0
172.0
171.0
171.0
171.0
172.0
173.0
174.0
176.0
178.0
180.0
182.0
184.0
185.0
185.0
184.0
183.0
183.0
176.0
151.0
127.0
106.0
88.0
75.0
64.0
56.0
49.0
44.0
39.0
36.0
34.0
32.0
30.0
30.0
29.0
29.0
29.0
30.0
30.0
30.0
30.0
30.0
30.0
29.0
29.0
28.0
28.0
28.0
28.0
28.0
28.0
29.0
29.0
29.0
29.0
29.0
29.0
29.0
29.0
29.0
30.0
30.0
30.0
30.0
30.0
30.0
30.0
30.0
30.0
30.0
29.0
29.0
28.0
27.0
27.0
27.0
27.0
28.0
28.0
28.0
28.0
27.0
25.0
24.0
23.0
22.0
22.0
23.0
23.0
24.0
26.0
27.0
28.0
29.0
30.0
30.0
30.0
30.0
30.0
30.0
30.0
30.0
29.0
29.0
28.0
27.0
26.0
25.0
24.0
24.0
23.0
22.0
19.0
15.0
11.0
12.0
14.0
16.0
18.0
20.0
22.0
24.0
26.0
30.0
36.0
42.0
50.0
56.0
60.0
62.0
61.0
59.0
58.0
57.0
58.0
62.0
68.0
77.0
85.0
92.0
97.0
99.0
100.0
100.0
98.0
93.0
84.0
72.0
64.0
73.0
84.0
87.0
73.0
76.0
83.0
90.0
98.0
105.0
114.0
122.0
130.0
138.0
145.0
152.0
156.0
160.0
164.0
168.0
171.0
175.0
179.0
182.0
184.0
186.0
188.0
190.0
192.0
194.0
197.0
199.0
201.0
202.0
203.0
204.0
205.0
208.0
210.0
212.0
213.0
214.0
215.0
215.0
215.0
215.0
215.0
215.0
215.0
215.0
214.0
214.0
213.0
213.0
213.0
212.0
212.0
212.0
212.0
212.0
212.0
213.0
213.0
214.0
214.0
214.0
213.0
210.0
205.0
200.0
194.0
187.0
181.0
174.0
168.0
163.0
159.0
157.0
162.0
169.0
175.0
181.0
184.0
185.0
186.0
186.0
186.0
185.0
185.0
185.0
185.0
185.0
185.0
185.0
185.0
185.0
185.0
186.0
186.0
187.0
187.0
187.0
187.0
187.0
187.0
186.0
186.0
185.0
184.0
183.0
182.0
180.0
179.0
178.0
177.0
177.0
176.0
177.0
177.0
177.0
177.0
183.0
183.0
183.0
183.0
183.0
183.0
183.0
183.0
183.0
183.0
183.0
183.0
183.0
183.0
183.0
183.0
183.0
183.0
183.0
183.0
184.0
188.0
193.0
199.0
205.0
209.0
213.0
216.0
217.0
218.0
219.0
220.0
220.0
221.0
221.0
221.0
221.0
221.0
220.0
220.0
218.0
217.0
216.0
215.0
214.0
213.0
211.0
210.0
209.0
208.0
208.0
207.0
206.0
206.0
206.0
205.0
205.0
205.0
205.0
205.0
205.0
205.0
205.0
205.0
205.0
205.0
205.0
205.0
205.0
205.0
209.0
210.0
210.0
211.0
211.0
211.0
212.0
212.0
212.0
213.0
213.0
213.0
213.0
214.0
214.0
214.0
214.0
214.0
214.0
214.0
213.0
213.0
213.0
214.0
214.0
215.0
215.0
215.0
216.0
216.0
216.0
216.0
216.0
215.0
215.0
215.0
214.0
214.0
213.0
213.0
213.0
212.0
212.0
213.0
214.0
215.0
216.0
218.0
219.0
221.0
222.0
224.0
226.0
228.0
230.0
232.0
235.0
237.0
240.0
242.0
244.0
244.0
243.0
241.0
240.0
238.0
238.0
238.0
238.0
238.0
238.0
243.0
244.0
244.0
244.0
242.0
240.0
238.0
236.0
234.0
232.0
233.0
233.0
233.0
233.0
233.0
228.0
228.0
227.0
226.0
226.0
226.0
226.0
227.0
229.0
230.0
232.0
234.0
235.0
236.0
237.0
237.0
238.0
239.0
240.0
241.0
243.0
244.0
246.0
247.0
248.0
248.0
247.0
246.0
244.0
241.0
238.0
236.0
233.0
231.0
230.0
228.0
226.0
225.0
223.0
222.0
220.0
218.0
217.0
215.0
214.0
213.0
212.0
212.0
211.0
211.0
210.0
210.0
209.0
209.0
208.0
208.0
208.0
208.0
210.0
211.0
211.0
211.0
212.0
212.0
212.0
211.0
210.0
209.0
208.0
206.0
205.0
202.0
200.0
198.0
195.0
193.0
190.0
188.0
186.0
184.0
183.0
181.0
180.0
180.0
179.0
179.0
179.0
180.0
180.0
179.0
178.0
177.0
176.0
174.0
173.0
173.0
173.0
174.0
175.0
177.0
178.0
180.0
181.0
182.0
182.0
183.0
183.0
184.0
185.0
185.0
186.0
186.0
187.0
187.0
187.0
186.0
186.0
186.0
186.0
185.0
185.0
185.0
184.0
184.0
184.0
184.0
184.0
185.0
185.0
185.0
185.0
185.0
186.0
186.0
186.0
187.0
187.0
187.0
187.0
187.0
187.0
186.0
186.0
186.0
186.0
186.0
185.0
184.0
183.0
183.0
182.0
182.0
181.0
180.0
178.0
176.0
174.0
173.0
171.0
170.0
169.0
170.0
172.0
174.0
177.0
179.0
181.0
182.0
183.0
184.0
185.0
186.0
186.0
186.0
186.0
186.0
184.0
183.0
180.0
177.0
173.0
170.0
167.0
164.0
162.0
160.0
158.0
157.0
156.0
156.0
158.0
161.0
165.0
168.0
172.0
175.0
176.0
175.0
173.0
170.0
167.0
164.0
161.0
159.0
159.0
161.0
163.0
171.0
171.0
171.0
168.0
167.0
167.0
168.0
169.0
170.0
172.0
173.0
174.0
175.0
175.0
175.0
175.0
175.0
175.0
174.0
174.0
174.0
173.0
172.0
171.0
170.0
170.0
169.0
168.0
168.0
167.0
167.0
167.0
167.0
167.0
167.0
167.0
167.0
167.0
167.0
168.0
168.0
169.0
170.0
170.0
171.0
172.0
172.0
172.0
172.0
171.0
171.0
170.0
168.0
167.0
166.0
164.0
163.0
161.0
159.0
157.0
156.0
156.0
157.0
158.0
158.0
158.0
159.0
159.0
158.0
158.0
158.0
158.0
157.0
156.0
156.0
155.0
154.0
153.0
153.0
153.0
152.0
150.0
147.0
143.0
140.0
136.0
133.0
129.0
126.0
123.0
119.0
115.0
112.0
110.0
108.0
105.0
102.0
99.0
96.0
93.0
90.0
87.0
87.0
87.0
87.0
87.0
87.0
87.0
87.0
87.0
82.0
87.0
87.0
87.0
87.0
87.0
91.0
96.0
103.0
110.0
118.0
121.0
122.0
122.0
122.0
121.0
119.0
117.0
115.0
112.0
109.0
107.0
104.0
101.0
99.0
96.0
94.0
92.0
91.0
91.0
91.0
91.0
91.0
90.0
90.0
90.0
91.0
91.0
91.0
91.0
91.0
91.0
91.0
91.0
91.0
91.0
91.0
91.0
91.0
90.0
89.0
87.0
86.0
84.0
83.0
81.0
80.0
79.0
78.0
78.0
78.0
78.0
78.0
78.0
82.0
85.0
88.0
90.0
90.0
91.0
91.0
90.0
91.0
91.0
91.0
91.0
91.0
89.0
86.0
86.0
86.0
86.0
86.0
86.0
86.0
86.0
86.0
86.0
86.0
86.0
86.0
86.0
86.0
86.0
86.0
86.0
86.0
86.0
86.0
86.0
86.0
86.0
86.0
86.0
86.0
86.0
87.0
88.0
89.0
91.0
91.0
91.0
91.0
91.0
91.0
91.0
91.0
91.0
91.0
91.0
91.0
91.0
91.0
90.0
89.0
90.0
90.0
90.0
90.0
89.0
89.0
90.0
91.0
91.0
91.0
92.0
91.0
90.0
88.0
85.0
82.0
79.0
76.0
73.0
71.0
69.0
67.0
65.0
64.0
63.0
62.0
62.0
61.0
61.0
60.0
59.0
58.0
59.0
58.0
57.0
55.0
53.0
51.0
49.0
48.0
47.0
47.0
48.0
49.0
50.0
51.0
51.0
51.0
51.0
51.0
52.0
56.0
64.0
87.0
96.0
99.0
97.0
92.0
88.0
83.0
78.0
73.0
67.0
63.0
61.0
61.0
61.0
60.0
56.0
52.0
49.0
45.0
42.0
39.0
36.0
34.0
32.0
30.0
28.0
26.0
24.0
22.0
21.0
22.0
23.0
24.0
25.0
24.0
23.0
24.0
25.0
26.0
28.0
29.0
32.0
35.0
39.0
43.0
47.0
52.0
56.0
60.0
64.0
72.0
79.0
85.0
89.0
91.0
91.0
90.0
89.0
88.0
86.0
85.0
84.0
84.0
84.0
85.0
85.0
84.0
82.0
78.0
75.0
72.0
70.0
69.0
68.0
68.0
68.0
68.0
68.0
68.0
68.0
68.0
68.0
68.0
68.0
68.0
68.0
68.0
67.0
68.0
68.0
70.0
73.0
76.0
80.0
84.0
86.0
87.0
83.0
79.0
74.0
71.0
70.0
72.0
76.0
81.0
85.0
88.0
90.0
90.0
90.0
90.0
91.0
90.0
87.0
83.0
76.0
69.0
62.0
58.0
53.0
45.0
45.0
45.0
52.0
55.0
58.0
64.0
87.0
98.0
100.0
94.0
84.0
74.0
64.0
60.0
56.0
56.0
56.0
56.0
56.0
56.0
59.0
63.0
64.0
66.0
61.0
59.0
56.0
56.0
56.0
55.0
55.0
55.0
55.0
55.0
56.0
56.0
56.0
55.0
53.0
51.0
49.0
46.0
43.0
43.0
52.0
52.0
52.0
52.0
52.0
52.0
52.0
52.0
52.0
49.0
52.0
53.0
54.0
55.0
56.0
58.0
59.0
60.0
62.0
64.0
66.0
67.0
67.0
65.0
63.0
61.0
59.0
58.0
58.0
59.0
60.0
61.0
63.0
63.0
62.0
62.0
61.0
61.0
60.0
58.0
56.0
54.0
52.0
52.0
54.0
57.0
59.0
61.0
62.0
62.0
62.0
62.0
62.0
62.0
60.0
57.0
54.0
50.0
50.0
51.0
53.0
54.0
56.0
57.0
58.0
59.0
59.0
59.0
58.0
57.0
55.0
53.0
49.0
45.0
40.0
36.0
32.0
30.0
29.0
30.0
30.0
29.0
28.0
25.0
21.0
19.0
19.0
20.0
21.0
23.0
24.0
26.0
27.0
28.0
29.0
29.0
29.0
27.0
27.0
27.0
26.0
25.0
28.0
28.0
25.0
26.0
27.0
27.0
26.0
24.0
22.0
19.0
16.0
13.0
12.0
10.0
9.0
8.0
7.0
6.0
5.0
5.0
5.0
5.0
6.0
6.0
5.0
5.0
5.0
5.0
4.0
4.0
4.0
4.0
3.0
3.0
3.0
3.0
2.0
1.0
1.0
0.0
0.0
0.0
0.0
0.0
0.0
0.0
0.0
0.0
0.0
0.0
0.0
0.0
0.0
0.0
0.0
0.0
0.0
0.0
0.0
0.0
0.0
0.0
0.0
0.0
0.0
0.0
0.0
0.0
0.0
0.0
0.0
0.0
0.0
0.0
0.0
0.0
0.0
0.0
0.0
0.0
0.0
0.0
0.0
0.0
0.0
0.0
0.0
0.0
0.0
0.0
0.0
0.0
0.0
0.0
0.0
0.0
0.0
0.0
0.0
0.0
0.0
0.0
0.0
0.0
0.0
0.0
0.0
0.0
0.0
0.0
0.0
0.0
0.0
0.0
0.0
0.0
0.0
0.0
0.0
0.0
0.0
0.0
0.0
0.0
0.0
0.0
0.0
0.0
0.0
0.0
0.0
0.0
0.0
0.0
0.0
0.0
0.0
0.0
0.0
0.0
0.0
0.0
0.0
0.0
0.0
0.0
0.0
0.0
0.0
0.0
0.0
0.0
0.0
0.0
0.0
0.0
0.0
0.0
0.0
0.0
0.0
0.0
0.0
0.0
0.0
0.0
0.0
0.0
0.0
0.0
0.0
0.0
0.0
0.0
0.0
0.0
0.0
0.0
0.0
0.0
0.0
0.0
0.0
0.0
0.0
0.0
0.0
0.0
0.0
0.0
0.0
0.0
0.0
0.0
0.0
0.0
0.0
0.0
0.0
0.0
0.0
0.0
0.0
0.0
0.0
0.0
0.0
0.0
0.0
0.0
0.0
0.0
0.0
0.0
0.0
0.0
0.0
0.0
0.0
0.0
0.0
0.0
0.0
0.0
0.0
0.0
0.0
0.0
0.0
0.0
0.0
0.0
0.0
0.0
0.0
0.0
0.0
0.0
0.0
0.0
0.0
0.0
0.0
0.0
0.0
0.0
0.0
0.0
0.0
0.0
0.0
0.0
0.0
0.0
0.0
0.0
0.0
0.0
0.0
0.0
0.0
0.0
0.0
0.0
0.0
0.0
0.0
0.0
0.0
0.0
0.0
0.0
0.0
0.0
0.0
0.0
0.0
0.0
0.0
0.0
0.0
0.0
0.0
0.0
0.0
0.0
0.0
0.0
0.0
0.0
0.0
0.0
0.0
0.0
0.0
0.0
0.0
0.0
0.0
0.0
0.0
0.0
0.0
0.0
0.0
0.0
0.0
0.0
0.0
0.0
0.0
0.0
0.0
0.0
0.0
0.0
0.0
0.0
0.0
0.0
0.0
0.0
0.0
0.0
0.0
0.0
0.0
0.0
0.0
0.0
0.0
0.0
0.0
0.0
0.0
0.0
0.0
0.0
0.0
0.0
0.0
0.0
0.0
0.0
0.0
0.0
0.0
0.0
0.0
0.0
0.0
0.0
0.0
0.0
0.0
0.0
0.0
0.0
0.0
0.0
0.0
0.0
0.0
0.0
0.0
0.0
0.0
0.0
0.0
0.0
0.0
0.0
0.0
0.0
0.0
0.0
0.0
0.0
0.0
0.0
0.0
0.0
0.0
0.0
0.0
0.0
0.0
0.0
0.0
0.0
0.0
0.0
0.0
0.0
0.0
0.0
0.0
0.0
0.0
0.0
0.0
0.0
0.0
0.0
0.0
0.0
0.0
0.0
0.0
0.0
0.0
0.0
0.0
0.0
0.0
0.0
0.0
0.0
0.0
0.0
0.0
0.0
0.0
0.0
0.0
0.0
0.0
0.0
0.0
0.0
0.0
0.0
0.0
0.0
0.0
0.0
0.0
0.0
0.0
0.0
0.0
0.0
0.0
0.0
0.0
0.0
0.0
0.0
0.0
0.0
0.0
0.0
0.0
0.0
0.0
0.0
0.0
0.0
0.0
0.0
0.0
0.0
0.0
0.0
0.0
0.0
0.0
0.0
0.0
0.0
0.0
0.0
0.0
0.0
0.0
0.0
0.0
0.0
0.0
0.0
0.0
0.0
0.0
0.0
0.0
0.0
0.0
0.0
0.0
0.0
0.0
0.0
0.0
0.0
0.0
0.0
0.0
0.0
0.0
0.0
0.0
0.0
0.0
0.0
0.0
0.0
0.0
0.0
0.0
0.0
0.0
0.0
0.0
0.0
0.0
0.0
0.0
0.0
0.0
0.0
0.0
0.0
0.0
0.0
0.0
0.0
0.0
0.0
0.0
0.0
0.0
0.0
0.0
0.0
0.0
0.0
0.0
0.0
0.0
0.0
0.0
0.0
0.0
0.0
0.0
0.0
0.0
0.0
0.0
0.0
0.0
0.0
0.0
0.0
0.0
0.0
0.0
0.0
0.0
0.0
0.0
0.0
0.0
0.0
0.0
0.0
0.0
0.0
0.0
0.0
0.0
0.0
0.0
0.0
0.0
0.0
