0.0
0.0
0.0
0.0
0.0
0.0
0.0
0.0
0.0
0.0
0.0
0.0
0.0
0.0
0.0
0.0
0.0
0.0
0.0
0.0
0.0
0.0
0.0
0.0
0.0
0.0
0.0
0.0
0.0
0.0
0.0
0.0
0.0
0.0
0.0
0.0
0.0
0.0
0.0
0.0
0.0
0.0
0.0
0.0
0.0
0.0
0.0
0.0
0.0
0.0
0.0
0.0
0.0
0.0
0.0
0.0
0.0
0.0
46.0
99.0
121.0
122.0
111.0
97.0
84.0
71.0
56.0
34.0
13.0
0.0
0.0
0.0
0.0
0.0
0.0
0.0
0.0
0.0
0.0
0.0
0.0
0.0
0.0
0.0
0.0
0.0
0.0
0.0
0.0
0.0
0.0
0.0
0.0
0.0
0.0
0.0
0.0
0.0
0.0
0.0
0.0
0.0
0.0
0.0
0.0
0.0
0.0
0.0
0.0
0.0
0.0
0.0
0.0
0.0
0.0
0.0
0.0
0.0
0.0
0.0
0.0
0.0
0.0
0.0
0.0
0.0
0.0
0.0
0.0
0.0
0.0
0.0
0.0
0.0
0.0
0.0
0.0
0.0
0.0
0.0
0.0
0.0
0.0
0.0
0.0
0.0
0.0
0.0
0.0
0.0
0.0
0.0
0.0
0.0
9.0
14.0
17.0
15.0
26.0
32.0
37.0
39.0
39.0
38.0
33.0
46.0
60.0
77.0
91.0
103.0
114.0
122.0
128.0
131.0
132.0
129.0
127.0
129.0
132.0
137.0
142.0
146.0
148.0
149.0
149.0
148.0
146.0
148.0
151.0
155.0
159.0
164.0
168.0
173.0
177.0
180.0
183.0
187.0
191.0
195.0
197.0
200.0
201.0
202.0
201.0
200.0
198.0
196.0
195.0
195.0
197.0
199.0
202.0
206.0
209.0
213.0
214.0
214.0
214.0
211.0
205.0
199.0
194.0
190.0
187.0
183.0
176.0
164.0
147.0
125.0
96.0
67.0
54.0
43.0
33.0
28.0
24.0
23.0
22.0
22.0
21.0
27.0
30.0
31.0
32.0
31.0
29.0
26.0
21.0
16.0
12.0
12.0
13.0
13.0
13.0
13.0
13.0
12.0
11.0
10.0
8.0
7.0
6.0
4.0
3.0
2.0
2.0
1.0
1.0
1.0
1.0
1.0
1.0
1.0
2.0
2.0
3.0
5.0
6.0
7.0
7.0
7.0
7.0
7.0
7.0
8.0
8.0
9.0
9.0
9.0
9.0
9.0
9.0
9.0
9.0
9.0
8.0
8.0
9.0
9.0
9.0
9.0
9.0
9.0
9.0
9.0
9.0
9.0
9.0
9.0
9.0
9.0
9.0
10.0
12.0
13.0
14.0
15.0
15.0
16.0
19.0
21.0
24.0
26.0
27.0
29.0
30.0
30.0
30.0
30.0
30.0
30.0
31.0
31.0
32.0
32.0
33.0
34.0
34.0
35.0
36.0
36.0
37.0
37.0
38.0
38.0
37.0
37.0
35.0
32.0
28.0
23.0
17.0
13.0
9.0
6.0
6.0
10.0
13.0
16.0
19.0
21.0
24.0
26.0
29.0
32.0
35.0
39.0
42.0
46.0
49.0
52.0
56.0
59.0
62.0
68.0
75.0
82.0
89.0
93.0
99.0
107.0
114.0
121.0
127.0
132.0
136.0
139.0
143.0
147.0
153.0
162.0
172.0
180.0
185.0
187.0
189.0
189.0
189.0
188.0
187.0
186.0
186.0
186.0
185.0
185.0
185.0
184.0
183.0
183.0
180.0
178.0
173.0
164.0
146.0
115.0
64.0
53.0
54.0
60.0
74.0
94.0
121.0
145.0
152.0
155.0
154.0
155.0
165.0
176.0
186.0
197.0
207.0
214.0
217.0
219.0
220.0
220.0
220.0
220.0
221.0
221.0
221.0
221.0
220.0
220.0
219.0
218.0
217.0
215.0
212.0
212.0
211.0
211.0
210.0
210.0
209.0
208.0
207.0
209.0
209.0
209.0
209.0
209.0
211.0
212.0
213.0
212.0
211.0
210.0
208.0
207.0
206.0
204.0
207.0
207.0
207.0
202.0
202.0
202.0
202.0
202.0
202.0
202.0
202.0
201.0
201.0
200.0
199.0
198.0
194.0
194.0
194.0
194.0
197.0
196.0
196.0
195.0
195.0
194.0
194.0
194.0
193.0
193.0
192.0
192.0
191.0
191.0
190.0
190.0
189.0
189.0
191.0
194.0
196.0
199.0
202.0
204.0
208.0
211.0
215.0
219.0
225.0
230.0
235.0
240.0
243.0
246.0
247.0
248.0
248.0
248.0
248.0
247.0
245.0
244.0
241.0
239.0
236.0
234.0
232.0
231.0
229.0
229.0
228.0
227.0
227.0
226.0
226.0
225.0
224.0
223.0
222.0
221.0
220.0
219.0
217.0
216.0
215.0
214.0
214.0
213.0
212.0
211.0
210.0
209.0
207.0
206.0
206.0
205.0
206.0
206.0
208.0
210.0
213.0
219.0
222.0
221.0
216.0
213.0
210.0
209.0
208.0
208.0
208.0
208.0
208.0
208.0
208.0
207.0
207.0
207.0
206.0
206.0
207.0
208.0
209.0
210.0
211.0
213.0
215.0
216.0
215.0
213.0
210.0
206.0
204.0
202.0
202.0
202.0
203.0
205.0
206.0
208.0
209.0
209.0
208.0
207.0
206.0
205.0
204.0
204.0
204.0
205.0
206.0
207.0
209.0
210.0
211.0
211.0
211.0
211.0
209.0
208.0
206.0
203.0
202.0
200.0
199.0
199.0
200.0
201.0
202.0
203.0
204.0
206.0
207.0
208.0
209.0
210.0
211.0
212.0
213.0
214.0
213.0
213.0
212.0
211.0
210.0
209.0
209.0
209.0
210.0
211.0
212.0
213.0
214.0
213.0
212.0
208.0
204.0
200.0
196.0
193.0
191.0
189.0
188.0
188.0
187.0
187.0
187.0
188.0
189.0
191.0
193.0
195.0
198.0
200.0
202.0
204.0
206.0
207.0
208.0
209.0
209.0
207.0
204.0
199.0
195.0
190.0
186.0
181.0
176.0
170.0
165.0
159.0
155.0
153.0
156.0
159.0
165.0
171.0
177.0
182.0
186.0
191.0
196.0
203.0
209.0
212.0
213.0
211.0
207.0
202.0
197.0
192.0
188.0
185.0
183.0
182.0
182.0
183.0
183.0
182.0
181.0
180.0
178.0
177.0
175.0
174.0
172.0
171.0
170.0
169.0
167.0
164.0
159.0
148.0
125.0
120.0
121.0
123.0
125.0
125.0
125.0
124.0
122.0
121.0
120.0
119.0
118.0
118.0
117.0
117.0
117.0
117.0
116.0
116.0
117.0
116.0
116.0
115.0
117.0
118.0
118.0
119.0
119.0
120.0
120.0
121.0
121.0
122.0
121.0
121.0
118.0
114.0
110.0
108.0
108.0
108.0
108.0
108.0
109.0
112.0
115.0
117.0
118.0
119.0
120.0
120.0
121.0
122.0
124.0
127.0
130.0
133.0
136.0
138.0
139.0
141.0
141.0
141.0
140.0
140.0
139.0
138.0
137.0
136.0
135.0
134.0
133.0
132.0
131.0
130.0
128.0
127.0
125.0
124.0
123.0
122.0
121.0
118.0
115.0
110.0
106.0
102.0
97.0
95.0
95.0
94.0
94.0
94.0
94.0
93.0
93.0
93.0
93.0
93.0
94.0
95.0
96.0
96.0
96.0
96.0
95.0
94.0
93.0
92.0
90.0
89.0
88.0
90.0
90.0
90.0
89.0
88.0
87.0
87.0
87.0
88.0
89.0
92.0
97.0
102.0
107.0
113.0
118.0
123.0
126.0
128.0
128.0
128.0
128.0
128.0
128.0
129.0
130.0
131.0
131.0
132.0
132.0
132.0
132.0
133.0
133.0
133.0
134.0
134.0
134.0
134.0
134.0
134.0
135.0
135.0
136.0
136.0
136.0
136.0
137.0
137.0
137.0
138.0
139.0
139.0
140.0
140.0
141.0
141.0
142.0
143.0
143.0
144.0
145.0
146.0
147.0
148.0
149.0
150.0
151.0
152.0
152.0
153.0
154.0
154.0
155.0
156.0
157.0
157.0
158.0
159.0
159.0
160.0
160.0
160.0
160.0
159.0
159.0
157.0
156.0
153.0
151.0
147.0
143.0
138.0
134.0
129.0
126.0
123.0
120.0
119.0
117.0
118.0
119.0
121.0
121.0
120.0
115.0
110.0
105.0
101.0
96.0
93.0
91.0
90.0
90.0
90.0
91.0
92.0
93.0
94.0
95.0
96.0
97.0
97.0
98.0
99.0
100.0
100.0
100.0
99.0
98.0
96.0
94.0
92.0
91.0
89.0
88.0
86.0
85.0
84.0
83.0
82.0
81.0
81.0
80.0
78.0
76.0
74.0
72.0
70.0
74.0
76.0
77.0
77.0
76.0
75.0
73.0
72.0
70.0
66.0
66.0
66.0
66.0
66.0
66.0
64.0
66.0
67.0
68.0
70.0
71.0
73.0
74.0
75.0
77.0
78.0
78.0
78.0
77.0
76.0
74.0
72.0
70.0
68.0
67.0
65.0
63.0
62.0
61.0
61.0
60.0
60.0
60.0
60.0
60.0
60.0
60.0
60.0
60.0
60.0
61.0
61.0
61.0
61.0
61.0
61.0
61.0
61.0
61.0
61.0
61.0
61.0
61.0
64.0
67.0
69.0
69.0
68.0
66.0
64.0
62.0
61.0
60.0
59.0
57.0
54.0
52.0
51.0
51.0
55.0
64.0
80.0
87.0
86.0
82.0
76.0
69.0
61.0
55.0
55.0
55.0
55.0
55.0
55.0
55.0
63.0
79.0
87.0
88.0
85.0
80.0
75.0
70.0
66.0
63.0
61.0
61.0
62.0
67.0
72.0
78.0
84.0
89.0
94.0
98.0
101.0
102.0
102.0
100.0
97.0
94.0
92.0
90.0
88.0
87.0
86.0
85.0
84.0
84.0
84.0
83.0
83.0
83.0
83.0
84.0
84.0
83.0
83.0
83.0
86.0
86.0
86.0
86.0
86.0
86.0
86.0
86.0
86.0
89.0
90.0
91.0
91.0
91.0
91.0
90.0
91.0
91.0
91.0
91.0
91.0
90.0
91.0
91.0
90.0
87.0
84.0
79.0
75.0
72.0
69.0
67.0
65.0
64.0
62.0
60.0
58.0
55.0
52.0
50.0
47.0
44.0
41.0
38.0
35.0
32.0
30.0
29.0
30.0
30.0
30.0
30.0
29.0
28.0
26.0
25.0
23.0
22.0
20.0
17.0
15.0
15.0
15.0
15.0
16.0
16.0
17.0
19.0
20.0
22.0
24.0
27.0
29.0
30.0
30.0
30.0
30.0
30.0
30.0
30.0
30.0
29.0
29.0
29.0
29.0
30.0
30.0
30.0
30.0
30.0
30.0
30.0
29.0
29.0
29.0
29.0
30.0
30.0
32.0
35.0
37.0
39.0
40.0
40.0
40.0
40.0
41.0
43.0
45.0
47.0
50.0
53.0
55.0
57.0
59.0
61.0
62.0
64.0
66.0
66.0
67.0
67.0
67.0
67.0
67.0
66.0
64.0
62.0
60.0
58.0
56.0
54.0
53.0
56.0
60.0
62.0
65.0
68.0
72.0
75.0
78.0
80.0
82.0
84.0
85.0
84.0
84.0
82.0
81.0
79.0
78.0
76.0
75.0
74.0
73.0
71.0
69.0
68.0
66.0
65.0
65.0
64.0
64.0
64.0
64.0
64.0
61.0
57.0
50.0
41.0
33.0
31.0
30.0
30.0
30.0
29.0
29.0
29.0
30.0
31.0
31.0
32.0
32.0
32.0
33.0
33.0
32.0
32.0
31.0
31.0
32.0
31.0
31.0
30.0
29.0
27.0
25.0
23.0
20.0
17.0
16.0
15.0
15.0
14.0
13.0
13.0
12.0
11.0
10.0
9.0
8.0
7.0
6.0
5.0
4.0
4.0
7.0
16.0
26.0
35.0
43.0
50.0
57.0
57.0
57.0
55.0
53.0
52.0
51.0
51.0
51.0
51.0
52.0
54.0
56.0
58.0
59.0
60.0
60.0
60.0
61.0
61.0
60.0
60.0
59.0
57.0
52.0
48.0
43.0
38.0
34.0
31.0
30.0
29.0
28.0
26.0
25.0
23.0
22.0
21.0
19.0
18.0
16.0
15.0
13.0
12.0
11.0
9.0
8.0
7.0
6.0
4.0
3.0
2.0
2.0
0.0
0.0
0.0
0.0
0.0
0.0
0.0
0.0
0.0
0.0
0.0
0.0
0.0
0.0
0.0
0.0
0.0
0.0
0.0
0.0
0.0
0.0
0.0
0.0
0.0
0.0
0.0
0.0
0.0
0.0
0.0
0.0
0.0
0.0
0.0
0.0
0.0
0.0
0.0
0.0
0.0
0.0
0.0
0.0
0.0
0.0
0.0
0.0
0.0
0.0
0.0
0.0
0.0
0.0
0.0
0.0
0.0
0.0
0.0
0.0
0.0
0.0
0.0
0.0
0.0
0.0
0.0
0.0
0.0
0.0
0.0
0.0
0.0
0.0
0.0
0.0
0.0
0.0
0.0
0.0
0.0
0.0
0.0
0.0
0.0
0.0
0.0
0.0
0.0
0.0
0.0
0.0
0.0
0.0
0.0
0.0
0.0
0.0
0.0
0.0
0.0
0.0
0.0
0.0
0.0
0.0
0.0
0.0
0.0
0.0
0.0
0.0
0.0
0.0
0.0
0.0
0.0
0.0
0.0
0.0
0.0
0.0
0.0
0.0
0.0
0.0
0.0
0.0
0.0
0.0
0.0
0.0
0.0
0.0
0.0
0.0
0.0
0.0
0.0
0.0
0.0
0.0
0.0
0.0
0.0
0.0
0.0
0.0
0.0
0.0
0.0
0.0
0.0
0.0
0.0
0.0
0.0
0.0
0.0
0.0
0.0
0.0
0.0
0.0
0.0
0.0
0.0
0.0
0.0
0.0
0.0
0.0
0.0
0.0
0.0
0.0
0.0
0.0
0.0
0.0
0.0
0.0
0.0
0.0
0.0
0.0
0.0
0.0
0.0
0.0
0.0
0.0
0.0
0.0
0.0
0.0
0.0
0.0
0.0
0.0
0.0
0.0
0.0
0.0
0.0
0.0
0.0
0.0
0.0
0.0
0.0
0.0
0.0
0.0
0.0
0.0
0.0
0.0
0.0
0.0
0.0
0.0
0.0
0.0
0.0
0.0
0.0
0.0
0.0
0.0
0.0
0.0
0.0
0.0
0.0
0.0
0.0
0.0
0.0
0.0
0.0
0.0
0.0
0.0
0.0
0.0
0.0
0.0
0.0
0.0
0.0
0.0
0.0
0.0
0.0
0.0
0.0
0.0
0.0
0.0
0.0
0.0
0.0
0.0
0.0
0.0
0.0
0.0
0.0
0.0
0.0
0.0
0.0
0.0
0.0
0.0
0.0
0.0
0.0
0.0
0.0
0.0
0.0
0.0
0.0
0.0
0.0
0.0
0.0
0.0
0.0
0.0
0.0
0.0
0.0
0.0
0.0
0.0
0.0
0.0
0.0
0.0
0.0
0.0
0.0
0.0
0.0
0.0
0.0
0.0
0.0
0.0
0.0
0.0
0.0
0.0
0.0
0.0
0.0
0.0
0.0
0.0
0.0
0.0
0.0
0.0
0.0
0.0
0.0
0.0
0.0
0.0
0.0
0.0
0.0
0.0
0.0
0.0
0.0
0.0
0.0
0.0
0.0
0.0
0.0
0.0
0.0
0.0
0.0
0.0
0.0
0.0
0.0
0.0
0.0
0.0
0.0
0.0
0.0
0.0
0.0
0.0
0.0
0.0
0.0
0.0
0.0
0.0
0.0
0.0
0.0
0.0
0.0
0.0
0.0
0.0
0.0
0.0
0.0
0.0
0.0
0.0
0.0
0.0
0.0
0.0
0.0
0.0
0.0
0.0
0.0
0.0
0.0
0.0
0.0
0.0
0.0
0.0
0.0
0.0
0.0
0.0
0.0
0.0
0.0
0.0
0.0
0.0
0.0
0.0
0.0
0.0
0.0
0.0
0.0
0.0
0.0
0.0
0.0
0.0
0.0
0.0
0.0
0.0
0.0
0.0
0.0
0.0
0.0
0.0
0.0
0.0
0.0
0.0
0.0
0.0
0.0
0.0
0.0
0.0
0.0
0.0
0.0
0.0
0.0
0.0
0.0
0.0
0.0
0.0
0.0
0.0
0.0
0.0
0.0
0.0
0.0
0.0
0.0
0.0
0.0
0.0
0.0
0.0
0.0
0.0
0.0
0.0
0.0
0.0
0.0
0.0
0.0
0.0
0.0
0.0
0.0
0.0
0.0
0.0
0.0
0.0
0.0
0.0
0.0
0.0
0.0
0.0
0.0
0.0
0.0
0.0
0.0
0.0
0.0
0.0
0.0
0.0
0.0
0.0
0.0
0.0
0.0
0.0
0.0
0.0
0.0
0.0
0.0
0.0
0.0
0.0
0.0
0.0
0.0
0.0
0.0
0.0
0.0
0.0
0.0
0.0
0.0
0.0
0.0
0.0
0.0
0.0
0.0
0.0
0.0
0.0
0.0
0.0
0.0
0.0
0.0
0.0
0.0
0.0
0.0
0.0
0.0
0.0
0.0
0.0
0.0
0.0
0.0
0.0
0.0
0.0
0.0
0.0
0.0
0.0
0.0
0.0
0.0
0.0
0.0
0.0
0.0
0.0
0.0
0.0
0.0
0.0
0.0
0.0
0.0
0.0
0.0
0.0
0.0
0.0
