0.0
0.0
0.0
0.0
0.0
0.0
0.0
0.0
0.0
0.0
0.0
0.0
0.0
0.0
0.0
0.0
0.0
0.0
0.0
0.0
0.0
0.0
0.0
0.0
0.0
0.0
0.0
0.0
0.0
0.0
0.0
0.0
0.0
0.0
0.0
0.0
0.0
0.0
0.0
0.0
0.0
0.0
0.0
0.0
0.0
0.0
0.0
0.0
0.0
0.0
0.0
0.0
0.0
0.0
0.0
0.0
0.0
0.0
0.0
0.0
0.0
0.0
0.0
0.0
0.0
0.0
0.0
0.0
26.0
77.0
117.0
138.0
143.0
141.0
135.0
129.0
123.0
117.0
110.0
103.0
96.0
89.0
84.0
84.0
86.0
83.0
76.0
70.0
71.0
72.0
72.0
68.0
64.0
61.0
63.0
66.0
69.0
70.0
68.0
65.0
62.0
62.0
63.0
66.0
68.0
70.0
72.0
74.0
75.0
77.0
79.0
81.0
83.0
83.0
83.0
81.0
79.0
83.0
89.0
95.0
100.0
104.0
108.0
112.0
115.0
119.0
122.0
125.0
128.0
130.0
133.0
135.0
136.0
138.0
139.0
141.0
142.0
144.0
146.0
147.0
148.0
148.0
148.0
149.0
151.0
152.0
151.0
151.0
152.0
154.0
158.0
162.0
166.0
170.0
174.0
177.0
179.0
180.0
181.0
184.0
186.0
183.0
176.0
166.0
154.0
141.0
128.0
115.0
86.0
63.0
55.0
50.0
45.0
39.0
39.0
39.0
39.0
39.0
38.0
37.0
35.0
33.0
31.0
30.0
29.0
29.0
27.0
27.0
29.0
32.0
37.0
41.0
44.0
45.0
44.0
41.0
38.0
34.0
30.0
29.0
27.0
24.0
19.0
12.0
6.0
3.0
0.0
0.0
0.0
0.0
0.0
0.0
0.0
0.0
15.0
25.0
30.0
32.0
33.0
33.0
31.0
30.0
28.0
27.0
26.0
27.0
27.0
26.0
24.0
23.0
21.0
19.0
17.0
16.0
15.0
15.0
14.0
14.0
14.0
13.0
13.0
14.0
17.0
21.0
24.0
27.0
30.0
31.0
31.0
30.0
28.0
25.0
23.0
20.0
17.0
15.0
12.0
9.0
6.0
3.0
1.0
0.0
0.0
0.0
0.0
0.0
0.0
0.0
0.0
0.0
0.0
0.0
0.0
0.0
0.0
0.0
0.0
0.0
0.0
0.0
0.0
0.0
0.0
0.0
0.0
0.0
0.0
0.0
0.0
0.0
0.0
0.0
0.0
0.0
0.0
0.0
0.0
0.0
0.0
0.0
0.0
0.0
0.0
0.0
0.0
0.0
1.0
1.0
2.0
3.0
3.0
4.0
5.0
5.0
6.0
6.0
6.0
6.0
6.0
5.0
5.0
4.0
4.0
3.0
3.0
3.0
3.0
2.0
2.0
2.0
2.0
2.0
2.0
3.0
4.0
5.0
6.0
7.0
9.0
11.0
13.0
15.0
18.0
20.0
23.0
26.0
29.0
32.0
35.0
39.0
43.0
48.0
53.0
59.0
65.0
71.0
78.0
85.0
92.0
99.0
107.0
114.0
120.0
124.0
128.0
130.0
131.0
130.0
128.0
118.0
97.0
75.0
54.0
36.0
30.0
30.0
27.0
29.0
30.0
36.0
49.0
65.0
84.0
98.0
110.0
120.0
127.0
133.0
137.0
142.0
146.0
153.0
161.0
172.0
182.0
191.0
199.0
205.0
211.0
215.0
218.0
221.0
223.0
224.0
224.0
224.0
224.0
223.0
222.0
221.0
219.0
218.0
215.0
212.0
208.0
203.0
198.0
194.0
192.0
191.0
191.0
190.0
188.0
188.0
187.0
185.0
184.0
182.0
180.0
177.0
172.0
169.0
166.0
162.0
159.0
156.0
152.0
148.0
142.0
139.0
138.0
136.0
136.0
137.0
137.0
138.0
140.0
142.0
145.0
146.0
148.0
149.0
151.0
154.0
156.0
158.0
159.0
159.0
159.0
159.0
159.0
158.0
157.0
155.0
154.0
154.0
154.0
156.0
160.0
165.0
169.0
173.0
175.0
176.0
177.0
176.0
173.0
173.0
173.0
173.0
173.0
173.0
173.0
173.0
173.0
173.0
173.0
173.0
173.0
173.0
173.0
173.0
181.0
183.0
185.0
187.0
190.0
194.0
197.0
200.0
203.0
206.0
208.0
210.0
211.0
212.0
212.0
211.0
210.0
207.0
205.0
202.0
200.0
198.0
196.0
194.0
192.0
190.0
188.0
186.0
184.0
181.0
177.0
171.0
166.0
162.0
159.0
156.0
156.0
156.0
157.0
157.0
158.0
159.0
160.0
161.0
162.0
163.0
163.0
164.0
165.0
165.0
166.0
167.0
168.0
168.0
169.0
170.0
171.0
172.0
172.0
173.0
174.0
175.0
177.0
178.0
180.0
181.0
182.0
182.0
183.0
184.0
185.0
187.0
188.0
189.0
190.0
191.0
192.0
193.0
195.0
195.0
196.0
196.0
197.0
197.0
197.0
197.0
197.0
197.0
197.0
197.0
197.0
197.0
197.0
197.0
197.0
197.0
197.0
197.0
197.0
197.0
197.0
197.0
197.0
197.0
198.0
198.0
199.0
199.0
200.0
200.0
201.0
201.0
202.0
202.0
203.0
203.0
203.0
204.0
204.0
204.0
204.0
205.0
205.0
205.0
205.0
205.0
205.0
205.0
204.0
204.0
203.0
203.0
203.0
203.0
202.0
202.0
203.0
203.0
203.0
203.0
203.0
203.0
203.0
201.0
198.0
194.0
190.0
186.0
186.0
186.0
184.0
182.0
181.0
180.0
180.0
180.0
180.0
181.0
181.0
182.0
182.0
183.0
184.0
186.0
188.0
191.0
195.0
198.0
200.0
203.0
204.0
204.0
205.0
206.0
208.0
211.0
212.0
212.0
210.0
207.0
203.0
200.0
199.0
198.0
198.0
200.0
201.0
204.0
207.0
209.0
212.0
213.0
214.0
214.0
214.0
215.0
214.0
214.0
214.0
214.0
213.0
213.0
213.0
213.0
212.0
211.0
211.0
211.0
211.0
211.0
211.0
212.0
213.0
213.0
214.0
215.0
217.0
220.0
222.0
225.0
227.0
229.0
231.0
233.0
234.0
235.0
235.0
236.0
237.0
237.0
239.0
240.0
241.0
242.0
243.0
244.0
244.0
245.0
245.0
246.0
246.0
246.0
246.0
246.0
246.0
246.0
246.0
246.0
245.0
245.0
245.0
245.0
245.0
245.0
245.0
245.0
245.0
245.0
246.0
246.0
246.0
246.0
245.0
244.0
244.0
243.0
241.0
240.0
238.0
236.0
235.0
233.0
231.0
230.0
228.0
227.0
226.0
225.0
224.0
223.0
222.0
221.0
220.0
219.0
218.0
217.0
216.0
215.0
215.0
214.0
212.0
209.0
204.0
199.0
194.0
189.0
185.0
181.0
178.0
177.0
177.0
176.0
176.0
176.0
175.0
175.0
174.0
175.0
176.0
179.0
184.0
189.0
193.0
194.0
193.0
190.0
187.0
183.0
180.0
178.0
175.0
173.0
171.0
170.0
168.0
165.0
163.0
162.0
160.0
158.0
155.0
152.0
148.0
139.0
131.0
133.0
136.0
138.0
140.0
138.0
131.0
124.0
124.0
124.0
123.0
121.0
118.0
114.0
109.0
104.0
101.0
96.0
91.0
91.0
90.0
90.0
90.0
90.0
92.0
100.0
109.0
118.0
122.0
123.0
121.0
118.0
114.0
111.0
108.0
105.0
103.0
101.0
98.0
93.0
88.0
83.0
78.0
80.0
83.0
87.0
90.0
92.0
94.0
96.0
97.0
98.0
99.0
101.0
103.0
106.0
110.0
114.0
118.0
121.0
122.0
120.0
117.0
112.0
107.0
104.0
102.0
101.0
101.0
102.0
103.0
104.0
104.0
104.0
103.0
102.0
101.0
99.0
96.0
92.0
87.0
81.0
75.0
69.0
64.0
61.0
58.0
55.0
53.0
50.0
47.0
45.0
45.0
45.0
44.0
44.0
44.0
44.0
43.0
43.0
45.0
46.0
47.0
49.0
50.0
52.0
54.0
57.0
59.0
61.0
62.0
65.0
68.0
71.0
73.0
74.0
76.0
77.0
77.0
77.0
77.0
76.0
75.0
74.0
73.0
71.0
69.0
68.0
66.0
65.0
64.0
63.0
63.0
64.0
64.0
64.0
63.0
63.0
62.0
63.0
63.0
63.0
64.0
64.0
64.0
65.0
65.0
66.0
67.0
68.0
69.0
70.0
72.0
73.0
75.0
76.0
77.0
78.0
77.0
75.0
72.0
69.0
65.0
62.0
61.0
62.0
64.0
65.0
66.0
66.0
66.0
66.0
66.0
65.0
65.0
64.0
64.0
63.0
63.0
63.0
63.0
63.0
63.0
63.0
63.0
63.0
63.0
63.0
63.0
63.0
63.0
64.0
64.0
64.0
65.0
65.0
66.0
67.0
68.0
69.0
69.0
69.0
69.0
68.0
67.0
66.0
64.0
62.0
60.0
58.0
54.0
50.0
45.0
41.0
37.0
34.0
32.0
33.0
33.0
31.0
30.0
30.0
30.0
30.0
30.0
30.0
30.0
31.0
31.0
31.0
32.0
32.0
32.0
32.0
31.0
30.0
30.0
31.0
32.0
33.0
33.0
34.0
34.0
35.0
36.0
37.0
38.0
40.0
41.0
42.0
43.0
43.0
42.0
41.0
39.0
37.0
35.0
33.0
31.0
31.0
31.0
30.0
29.0
29.0
28.0
30.0
31.0
31.0
30.0
29.0
30.0
32.0
32.0
26.0
17.0
7.0
2.0
1.0
1.0
1.0
0.0
0.0
0.0
0.0
0.0
1.0
3.0
7.0
10.0
14.0
17.0
18.0
15.0
13.0
15.0
20.0
26.0
30.0
33.0
34.0
35.0
36.0
36.0
37.0
39.0
41.0
43.0
44.0
43.0
40.0
37.0
34.0
33.0
36.0
39.0
44.0
47.0
50.0
52.0
52.0
51.0
50.0
47.0
44.0
42.0
39.0
38.0
36.0
35.0
34.0
34.0
34.0
34.0
35.0
36.0
38.0
39.0
41.0
43.0
44.0
46.0
47.0
47.0
47.0
47.0
47.0
47.0
47.0
47.0
47.0
47.0
47.0
47.0
47.0
47.0
47.0
47.0
47.0
47.0
47.0
47.0
41.0
41.0
40.0
40.0
40.0
40.0
39.0
39.0
39.0
39.0
39.0
39.0
38.0
38.0
38.0
39.0
40.0
40.0
40.0
41.0
40.0
40.0
40.0
39.0
39.0
38.0
37.0
37.0
36.0
35.0
34.0
33.0
32.0
32.0
31.0
31.0
30.0
30.0
29.0
29.0
28.0
29.0
29.0
29.0
30.0
30.0
30.0
30.0
30.0
30.0
29.0
26.0
23.0
21.0
19.0
18.0
21.0
24.0
26.0
28.0
29.0
30.0
30.0
30.0
30.0
30.0
30.0
29.0
29.0
28.0
28.0
27.0
26.0
25.0
24.0
23.0
22.0
21.0
21.0
21.0
21.0
20.0
19.0
18.0
16.0
13.0
11.0
8.0
6.0
5.0
4.0
4.0
3.0
3.0
2.0
2.0
1.0
1.0
1.0
1.0
2.0
2.0
26.0
38.0
57.0
72.0
81.0
83.0
82.0
79.0
78.0
80.0
84.0
88.0
91.0
93.0
92.0
89.0
80.0
71.0
63.0
56.0
52.0
50.0
49.0
50.0
52.0
54.0
55.0
55.0
52.0
46.0
40.0
35.0
30.0
29.0
29.0
29.0
29.0
28.0
25.0
22.0
21.0
22.0
26.0
29.0
30.0
29.0
23.0
16.0
7.0
0.0
0.0
0.0
0.0
0.0
0.0
0.0
0.0
0.0
0.0
0.0
0.0
0.0
0.0
0.0
0.0
0.0
0.0
0.0
0.0
0.0
0.0
0.0
0.0
0.0
0.0
0.0
0.0
0.0
0.0
0.0
0.0
0.0
0.0
0.0
0.0
0.0
0.0
0.0
0.0
0.0
0.0
0.0
0.0
0.0
0.0
0.0
0.0
0.0
0.0
0.0
0.0
0.0
0.0
0.0
0.0
0.0
0.0
0.0
0.0
0.0
0.0
0.0
0.0
0.0
0.0
0.0
0.0
0.0
0.0
0.0
0.0
0.0
0.0
0.0
0.0
0.0
0.0
0.0
0.0
0.0
0.0
0.0
0.0
0.0
0.0
0.0
0.0
0.0
0.0
0.0
0.0
0.0
0.0
0.0
0.0
0.0
0.0
0.0
0.0
0.0
0.0
0.0
0.0
0.0
0.0
0.0
0.0
0.0
0.0
0.0
0.0
0.0
0.0
0.0
0.0
0.0
0.0
0.0
0.0
0.0
0.0
0.0
0.0
0.0
0.0
0.0
0.0
0.0
0.0
0.0
0.0
0.0
0.0
0.0
0.0
0.0
0.0
0.0
0.0
0.0
0.0
0.0
0.0
0.0
0.0
0.0
0.0
0.0
0.0
0.0
0.0
0.0
0.0
0.0
0.0
0.0
0.0
0.0
0.0
0.0
0.0
0.0
0.0
0.0
0.0
0.0
0.0
0.0
0.0
0.0
0.0
0.0
0.0
0.0
0.0
0.0
0.0
0.0
0.0
0.0
0.0
0.0
0.0
0.0
0.0
0.0
0.0
0.0
0.0
0.0
0.0
0.0
0.0
0.0
0.0
0.0
0.0
0.0
0.0
0.0
0.0
0.0
0.0
0.0
0.0
0.0
0.0
0.0
0.0
0.0
0.0
0.0
0.0
0.0
0.0
0.0
0.0
0.0
0.0
0.0
0.0
0.0
0.0
0.0
0.0
0.0
0.0
0.0
0.0
0.0
0.0
0.0
0.0
0.0
0.0
0.0
0.0
0.0
0.0
0.0
0.0
0.0
0.0
0.0
0.0
0.0
0.0
0.0
0.0
0.0
0.0
0.0
0.0
0.0
0.0
0.0
0.0
0.0
0.0
0.0
0.0
0.0
0.0
0.0
0.0
0.0
0.0
0.0
0.0
0.0
0.0
0.0
0.0
0.0
0.0
0.0
0.0
0.0
0.0
0.0
0.0
0.0
0.0
0.0
0.0
0.0
0.0
0.0
0.0
0.0
0.0
0.0
0.0
0.0
0.0
0.0
0.0
0.0
0.0
0.0
0.0
0.0
0.0
0.0
0.0
0.0
0.0
0.0
0.0
0.0
0.0
0.0
0.0
0.0
0.0
0.0
0.0
0.0
0.0
0.0
0.0
0.0
0.0
0.0
0.0
0.0
0.0
0.0
0.0
0.0
0.0
0.0
0.0
0.0
0.0
0.0
0.0
0.0
0.0
0.0
0.0
0.0
0.0
0.0
0.0
0.0
0.0
0.0
0.0
0.0
0.0
0.0
0.0
0.0
0.0
0.0
0.0
0.0
0.0
0.0
0.0
0.0
0.0
0.0
0.0
0.0
0.0
0.0
0.0
0.0
0.0
0.0
0.0
0.0
0.0
0.0
0.0
0.0
0.0
0.0
0.0
0.0
0.0
0.0
0.0
0.0
0.0
0.0
0.0
0.0
0.0
0.0
0.0
0.0
0.0
0.0
0.0
0.0
0.0
0.0
0.0
0.0
0.0
0.0
0.0
0.0
0.0
0.0
0.0
0.0
0.0
0.0
0.0
0.0
0.0
0.0
0.0
0.0
0.0
0.0
0.0
0.0
0.0
0.0
0.0
0.0
0.0
0.0
0.0
0.0
0.0
0.0
0.0
0.0
0.0
0.0
0.0
0.0
0.0
0.0
0.0
0.0
0.0
0.0
0.0
0.0
0.0
0.0
0.0
0.0
0.0
0.0
0.0
0.0
0.0
0.0
0.0
0.0
0.0
0.0
0.0
0.0
0.0
0.0
0.0
0.0
0.0
0.0
0.0
0.0
0.0
0.0
0.0
0.0
0.0
0.0
0.0
0.0
0.0
0.0
0.0
0.0
0.0
0.0
0.0
0.0
0.0
0.0
0.0
0.0
0.0
0.0
0.0
0.0
0.0
0.0
0.0
0.0
0.0
0.0
0.0
0.0
0.0
0.0
0.0
0.0
0.0
0.0
0.0
0.0
0.0
0.0
0.0
0.0
0.0
0.0
0.0
0.0
0.0
0.0
0.0
0.0
0.0
0.0
0.0
0.0
0.0
0.0
0.0
0.0
0.0
0.0
0.0
0.0
0.0
0.0
0.0
0.0
0.0
0.0
0.0
0.0
0.0
0.0
0.0
0.0
0.0
0.0
0.0
0.0
0.0
0.0
0.0
0.0
0.0
0.0
0.0
0.0
0.0
0.0
0.0
0.0
0.0
0.0
0.0
0.0
0.0
0.0
0.0
0.0
0.0
0.0
0.0
0.0
0.0
0.0
0.0
0.0
0.0
0.0
0.0
0.0
0.0
0.0
0.0
0.0
0.0
0.0
0.0
0.0
0.0
0.0
0.0
0.0
0.0
0.0
0.0
0.0
0.0
0.0
0.0
0.0
0.0
0.0
0.0
0.0
0.0
0.0
0.0
0.0
0.0
0.0
0.0
0.0
0.0
0.0
0.0
0.0
0.0
0.0
0.0
0.0
0.0
0.0
0.0
0.0
0.0
0.0
0.0
0.0
0.0
0.0
0.0
0.0
0.0
0.0
0.0
0.0
0.0
0.0
0.0
0.0
0.0
0.0
0.0
0.0
0.0
0.0
0.0
0.0
0.0
0.0
0.0
0.0
0.0
0.0
0.0
0.0
0.0
0.0
0.0
