0.0
0.0
0.0
0.0
0.0
0.0
0.0
0.0
0.0
0.0
0.0
0.0
0.0
0.0
0.0
0.0
0.0
0.0
0.0
0.0
0.0
0.0
0.0
0.0
0.0
0.0
0.0
0.0
0.0
0.0
0.0
0.0
0.0
0.0
0.0
0.0
0.0
0.0
0.0
0.0
0.0
0.0
0.0
0.0
0.0
0.0
0.0
0.0
0.0
0.0
0.0
0.0
0.0
0.0
0.0
0.0
0.0
0.0
0.0
0.0
0.0
0.0
0.0
0.0
0.0
0.0
0.0
0.0
0.0
0.0
0.0
0.0
0.0
0.0
0.0
0.0
0.0
0.0
28.0
74.0
120.0
144.0
151.0
149.0
144.0
139.0
133.0
128.0
123.0
118.0
111.0
114.0
120.0
123.0
124.0
123.0
118.0
111.0
115.0
121.0
126.0
128.0
129.0
129.0
127.0
125.0
125.0
126.0
126.0
127.0
127.0
127.0
126.0
125.0
124.0
123.0
122.0
122.0
121.0
120.0
120.0
121.0
123.0
124.0
124.0
125.0
125.0
125.0
126.0
127.0
126.0
124.0
119.0
110.0
102.0
94.0
89.0
82.0
76.0
72.0
67.0
67.0
67.0
68.0
67.0
67.0
58.0
54.0
36.0
26.0
21.0
19.0
17.0
14.0
12.0
10.0
8.0
5.0
4.0
3.0
2.0
1.0
0.0
0.0
1.0
3.0
5.0
6.0
6.0
6.0
5.0
4.0
3.0
2.0
1.0
0.0
0.0
0.0
0.0
0.0
0.0
0.0
0.0
0.0
0.0
0.0
0.0
0.0
0.0
0.0
0.0
0.0
0.0
0.0
0.0
0.0
0.0
0.0
0.0
0.0
0.0
0.0
0.0
0.0
0.0
0.0
0.0
0.0
0.0
0.0
0.0
0.0
0.0
0.0
0.0
0.0
0.0
0.0
0.0
0.0
0.0
0.0
0.0
0.0
0.0
0.0
0.0
0.0
0.0
0.0
0.0
0.0
0.0
0.0
0.0
0.0
0.0
0.0
0.0
0.0
0.0
0.0
1.0
1.0
2.0
3.0
4.0
5.0
6.0
6.0
5.0
4.0
2.0
1.0
0.0
0.0
0.0
0.0
0.0
0.0
0.0
0.0
0.0
0.0
0.0
0.0
0.0
0.0
0.0
0.0
0.0
0.0
0.0
0.0
0.0
0.0
0.0
0.0
0.0
0.0
0.0
0.0
0.0
0.0
0.0
0.0
0.0
0.0
0.0
0.0
0.0
0.0
0.0
0.0
0.0
0.0
0.0
0.0
0.0
0.0
0.0
0.0
0.0
0.0
0.0
0.0
0.0
0.0
0.0
0.0
0.0
0.0
0.0
0.0
0.0
0.0
0.0
0.0
0.0
0.0
0.0
0.0
0.0
0.0
0.0
0.0
0.0
0.0
0.0
0.0
0.0
0.0
0.0
0.0
1.0
2.0
3.0
3.0
6.0
9.0
13.0
18.0
22.0
27.0
32.0
38.0
45.0
53.0
60.0
66.0
72.0
78.0
83.0
87.0
91.0
94.0
96.0
97.0
98.0
97.0
96.0
88.0
71.0
55.0
42.0
33.0
28.0
26.0
25.0
24.0
24.0
24.0
25.0
29.0
34.0
41.0
48.0
55.0
62.0
70.0
80.0
91.0
104.0
120.0
135.0
150.0
162.0
172.0
182.0
189.0
195.0
200.0
204.0
209.0
212.0
215.0
218.0
220.0
221.0
221.0
221.0
221.0
220.0
219.0
217.0
215.0
212.0
208.0
204.0
204.0
206.0
209.0
212.0
214.0
215.0
215.0
215.0
214.0
212.0
209.0
206.0
204.0
200.0
196.0
191.0
186.0
183.0
180.0
178.0
178.0
178.0
179.0
179.0
180.0
181.0
183.0
184.0
185.0
186.0
187.0
187.0
187.0
186.0
184.0
183.0
180.0
178.0
175.0
172.0
168.0
164.0
161.0
158.0
155.0
153.0
152.0
152.0
151.0
150.0
149.0
149.0
149.0
150.0
152.0
156.0
161.0
168.0
176.0
184.0
194.0
203.0
211.0
211.0
203.0
195.0
186.0
182.0
182.0
182.0
183.0
183.0
182.0
182.0
182.0
184.0
189.0
194.0
200.0
205.0
211.0
217.0
225.0
232.0
237.0
240.0
237.0
232.0
226.0
220.0
215.0
210.0
204.0
199.0
194.0
190.0
187.0
184.0
182.0
179.0
176.0
174.0
172.0
171.0
169.0
168.0
168.0
167.0
167.0
166.0
165.0
164.0
162.0
160.0
157.0
153.0
154.0
155.0
157.0
159.0
160.0
162.0
164.0
165.0
166.0
168.0
169.0
171.0
172.0
173.0
174.0
174.0
175.0
176.0
178.0
181.0
186.0
200.0
209.0
205.0
202.0
197.0
192.0
188.0
187.0
186.0
186.0
189.0
193.0
198.0
203.0
208.0
212.0
214.0
216.0
218.0
219.0
221.0
223.0
226.0
228.0
230.0
233.0
235.0
237.0
239.0
241.0
243.0
244.0
243.0
240.0
234.0
228.0
222.0
217.0
213.0
211.0
210.0
208.0
206.0
205.0
203.0
202.0
201.0
200.0
199.0
198.0
196.0
195.0
194.0
193.0
192.0
191.0
190.0
189.0
188.0
187.0
186.0
185.0
184.0
183.0
182.0
181.0
181.0
180.0
179.0
178.0
178.0
178.0
178.0
178.0
178.0
179.0
181.0
183.0
183.0
182.0
181.0
178.0
176.0
174.0
173.0
172.0
199.0
217.0
221.0
220.0
219.0
218.0
216.0
214.0
211.0
207.0
202.0
198.0
194.0
192.0
190.0
190.0
191.0
194.0
197.0
200.0
202.0
203.0
204.0
206.0
209.0
211.0
213.0
214.0
213.0
213.0
212.0
211.0
210.0
210.0
210.0
211.0
212.0
213.0
213.0
212.0
212.0
212.0
212.0
211.0
211.0
210.0
210.0
209.0
209.0
209.0
209.0
209.0
209.0
210.0
210.0
210.0
210.0
209.0
209.0
211.0
216.0
228.0
240.0
246.0
250.0
253.0
253.0
253.0
252.0
251.0
250.0
249.0
249.0
248.0
247.0
247.0
247.0
246.0
246.0
245.0
244.0
243.0
242.0
240.0
239.0
240.0
242.0
243.0
244.0
244.0
243.0
243.0
242.0
242.0
242.0
243.0
243.0
243.0
243.0
242.0
241.0
241.0
241.0
241.0
241.0
241.0
242.0
242.0
243.0
243.0
243.0
244.0
244.0
244.0
244.0
244.0
243.0
242.0
243.0
240.0
236.0
233.0
231.0
228.0
225.0
222.0
218.0
215.0
213.0
212.0
210.0
207.0
204.0
201.0
198.0
195.0
193.0
190.0
189.0
187.0
186.0
186.0
186.0
186.0
186.0
186.0
186.0
186.0
187.0
188.0
190.0
192.0
193.0
195.0
196.0
196.0
196.0
195.0
193.0
192.0
190.0
188.0
186.0
185.0
183.0
182.0
180.0
176.0
173.0
169.0
167.0
164.0
161.0
158.0
155.0
153.0
150.0
148.0
148.0
148.0
148.0
148.0
147.0
147.0
145.0
141.0
137.0
131.0
125.0
120.0
116.0
112.0
110.0
110.0
115.0
119.0
123.0
126.0
128.0
130.0
131.0
131.0
132.0
132.0
133.0
134.0
136.0
139.0
141.0
142.0
142.0
141.0
138.0
133.0
128.0
123.0
122.0
121.0
120.0
118.0
117.0
115.0
114.0
113.0
112.0
111.0
110.0
109.0
107.0
106.0
105.0
105.0
104.0
103.0
102.0
101.0
99.0
98.0
96.0
94.0
92.0
89.0
87.0
77.0
69.0
74.0
83.0
90.0
94.0
96.0
95.0
94.0
91.0
89.0
87.0
85.0
83.0
81.0
81.0
81.0
82.0
83.0
85.0
86.0
87.0
87.0
87.0
87.0
87.0
88.0
89.0
91.0
91.0
91.0
91.0
92.0
94.0
95.0
95.0
92.0
86.0
77.0
71.0
67.0
65.0
63.0
63.0
62.0
60.0
58.0
55.0
51.0
51.0
51.0
51.0
52.0
52.0
52.0
52.0
50.0
50.0
50.0
50.0
52.0
52.0
52.0
52.0
52.0
52.0
59.0
61.0
62.0
63.0
63.0
64.0
64.0
64.0
64.0
64.0
65.0
65.0
64.0
64.0
62.0
60.0
57.0
53.0
49.0
45.0
42.0
39.0
37.0
34.0
33.0
33.0
34.0
36.0
37.0
39.0
40.0
42.0
43.0
45.0
47.0
48.0
50.0
52.0
54.0
56.0
57.0
59.0
59.0
60.0
60.0
60.0
61.0
61.0
62.0
62.0
63.0
63.0
63.0
62.0
62.0
62.0
61.0
61.0
61.0
61.0
59.0
59.0
59.0
59.0
59.0
59.0
59.0
59.0
59.0
59.0
59.0
59.0
59.0
59.0
59.0
59.0
59.0
59.0
59.0
59.0
60.0
61.0
61.0
62.0
62.0
62.0
63.0
63.0
63.0
62.0
62.0
62.0
62.0
62.0
62.0
62.0
61.0
60.0
56.0
51.0
46.0
40.0
35.0
30.0
29.0
29.0
28.0
27.0
26.0
26.0
25.0
24.0
24.0
23.0
22.0
21.0
20.0
19.0
18.0
19.0
20.0
22.0
23.0
25.0
28.0
30.0
35.0
41.0
45.0
49.0
50.0
50.0
47.0
42.0
37.0
32.0
30.0
30.0
30.0
30.0
32.0
34.0
37.0
41.0
45.0
50.0
54.0
58.0
61.0
62.0
57.0
33.0
23.0
23.0
23.0
23.0
23.0
23.0
23.0
23.0
23.0
23.0
29.0
28.0
25.0
20.0
15.0
11.0
7.0
3.0
0.0
0.0
0.0
0.0
0.0
0.0
0.0
0.0
0.0
0.0
13.0
31.0
36.0
34.0
30.0
26.0
21.0
17.0
15.0
13.0
12.0
12.0
14.0
16.0
17.0
19.0
21.0
23.0
25.0
26.0
29.0
35.0
46.0
54.0
57.0
53.0
46.0
39.0
33.0
30.0
29.0
28.0
28.0
27.0
26.0
26.0
28.0
31.0
38.0
47.0
55.0
59.0
59.0
56.0
49.0
42.0
34.0
25.0
25.0
25.0
25.0
25.0
27.0
29.0
32.0
34.0
35.0
36.0
35.0
35.0
34.0
33.0
33.0
33.0
33.0
34.0
34.0
35.0
35.0
35.0
34.0
33.0
32.0
31.0
30.0
30.0
30.0
30.0
30.0
31.0
31.0
31.0
30.0
29.0
26.0
25.0
26.0
28.0
29.0
26.0
19.0
26.0
29.0
32.0
33.0
33.0
33.0
32.0
31.0
30.0
30.0
29.0
28.0
27.0
26.0
25.0
24.0
24.0
23.0
22.0
21.0
20.0
19.0
18.0
16.0
15.0
14.0
13.0
12.0
11.0
10.0
9.0
9.0
9.0
10.0
11.0
13.0
14.0
16.0
17.0
19.0
20.0
22.0
23.0
24.0
26.0
27.0
28.0
29.0
29.0
29.0
30.0
30.0
30.0
30.0
30.0
30.0
30.0
30.0
30.0
30.0
30.0
29.0
29.0
29.0
29.0
30.0
30.0
30.0
28.0
23.0
18.0
13.0
9.0
5.0
3.0
2.0
2.0
2.0
1.0
1.0
0.0
0.0
0.0
0.0
0.0
0.0
4.0
9.0
13.0
16.0
18.0
19.0
18.0
16.0
14.0
11.0
8.0
6.0
4.0
3.0
2.0
2.0
3.0
3.0
4.0
3.0
2.0
1.0
0.0
0.0
0.0
0.0
0.0
0.0
0.0
0.0
0.0
0.0
0.0
0.0
0.0
0.0
0.0
0.0
0.0
0.0
0.0
0.0
0.0
0.0
0.0
0.0
0.0
0.0
0.0
0.0
0.0
0.0
0.0
0.0
0.0
0.0
0.0
0.0
0.0
0.0
0.0
0.0
0.0
0.0
0.0
0.0
0.0
0.0
0.0
0.0
0.0
0.0
0.0
0.0
0.0
0.0
0.0
0.0
0.0
0.0
0.0
0.0
0.0
0.0
0.0
0.0
0.0
0.0
0.0
0.0
0.0
0.0
0.0
0.0
0.0
0.0
0.0
0.0
0.0
0.0
0.0
0.0
0.0
0.0
0.0
0.0
0.0
0.0
0.0
0.0
0.0
0.0
0.0
0.0
0.0
0.0
0.0
0.0
0.0
0.0
0.0
0.0
0.0
0.0
0.0
0.0
0.0
0.0
0.0
0.0
0.0
0.0
0.0
0.0
0.0
0.0
0.0
0.0
0.0
0.0
0.0
0.0
0.0
0.0
0.0
0.0
0.0
0.0
0.0
0.0
0.0
0.0
0.0
0.0
0.0
0.0
0.0
0.0
0.0
0.0
0.0
0.0
0.0
0.0
0.0
0.0
0.0
0.0
0.0
0.0
0.0
0.0
0.0
0.0
0.0
0.0
0.0
0.0
0.0
0.0
0.0
0.0
0.0
0.0
0.0
0.0
0.0
0.0
0.0
0.0
0.0
0.0
0.0
0.0
0.0
0.0
0.0
0.0
0.0
0.0
0.0
0.0
0.0
0.0
0.0
0.0
0.0
0.0
0.0
0.0
0.0
0.0
0.0
0.0
0.0
0.0
0.0
0.0
0.0
0.0
0.0
0.0
0.0
0.0
0.0
0.0
0.0
0.0
0.0
0.0
0.0
0.0
0.0
0.0
0.0
0.0
0.0
0.0
0.0
0.0
0.0
0.0
0.0
0.0
0.0
0.0
0.0
0.0
0.0
0.0
0.0
0.0
0.0
0.0
0.0
0.0
0.0
0.0
0.0
0.0
0.0
0.0
0.0
0.0
0.0
0.0
0.0
0.0
0.0
0.0
0.0
0.0
0.0
0.0
0.0
0.0
0.0
0.0
0.0
0.0
0.0
0.0
0.0
0.0
0.0
0.0
0.0
0.0
0.0
0.0
0.0
0.0
0.0
0.0
0.0
0.0
0.0
0.0
0.0
0.0
0.0
0.0
0.0
0.0
0.0
0.0
0.0
0.0
0.0
0.0
0.0
0.0
0.0
0.0
0.0
0.0
0.0
0.0
0.0
0.0
0.0
0.0
0.0
0.0
0.0
0.0
0.0
0.0
0.0
0.0
0.0
0.0
0.0
0.0
0.0
0.0
0.0
0.0
0.0
0.0
0.0
0.0
0.0
0.0
0.0
0.0
0.0
0.0
0.0
0.0
0.0
0.0
0.0
0.0
0.0
0.0
0.0
0.0
0.0
0.0
0.0
0.0
0.0
0.0
0.0
0.0
0.0
0.0
0.0
0.0
0.0
0.0
0.0
0.0
0.0
0.0
0.0
0.0
0.0
0.0
0.0
0.0
0.0
0.0
0.0
0.0
0.0
0.0
0.0
0.0
0.0
0.0
0.0
0.0
0.0
0.0
0.0
0.0
0.0
0.0
0.0
0.0
0.0
0.0
0.0
0.0
0.0
0.0
0.0
0.0
0.0
0.0
0.0
0.0
0.0
0.0
0.0
0.0
0.0
0.0
0.0
0.0
0.0
0.0
0.0
0.0
0.0
0.0
0.0
0.0
0.0
0.0
0.0
0.0
0.0
0.0
0.0
0.0
0.0
0.0
0.0
0.0
0.0
0.0
0.0
0.0
0.0
0.0
0.0
0.0
0.0
0.0
0.0
0.0
0.0
0.0
0.0
0.0
0.0
0.0
0.0
0.0
0.0
0.0
0.0
0.0
0.0
0.0
0.0
0.0
0.0
0.0
0.0
0.0
0.0
0.0
0.0
0.0
0.0
0.0
0.0
0.0
0.0
0.0
0.0
0.0
0.0
0.0
0.0
0.0
0.0
0.0
0.0
0.0
0.0
0.0
0.0
0.0
0.0
0.0
0.0
0.0
0.0
0.0
0.0
0.0
0.0
0.0
0.0
0.0
0.0
0.0
0.0
0.0
0.0
0.0
0.0
0.0
0.0
0.0
0.0
0.0
0.0
0.0
0.0
0.0
0.0
0.0
0.0
0.0
0.0
0.0
0.0
0.0
0.0
0.0
0.0
0.0
0.0
0.0
0.0
0.0
0.0
0.0
0.0
0.0
0.0
0.0
0.0
0.0
0.0
0.0
0.0
0.0
0.0
0.0
0.0
0.0
0.0
0.0
0.0
0.0
0.0
0.0
0.0
0.0
0.0
0.0
0.0
0.0
0.0
0.0
0.0
0.0
0.0
0.0
0.0
0.0
0.0
0.0
0.0
0.0
0.0
0.0
0.0
0.0
0.0
0.0
0.0
0.0
0.0
0.0
0.0
0.0
0.0
0.0
0.0
0.0
0.0
0.0
0.0
0.0
0.0
0.0
0.0
0.0
0.0
0.0
0.0
0.0
0.0
0.0
0.0
0.0
0.0
0.0
0.0
0.0
0.0
0.0
0.0
0.0
0.0
0.0
0.0
0.0
0.0
0.0
0.0
0.0
0.0
0.0
0.0
0.0
0.0
0.0
0.0
0.0
0.0
0.0
0.0
0.0
0.0
0.0
0.0
0.0
0.0
0.0
0.0
0.0
0.0
0.0
0.0
0.0
0.0
0.0
0.0
0.0
0.0
0.0
0.0
0.0
0.0
0.0
0.0
0.0
0.0
0.0
0.0
0.0
0.0
0.0
0.0
0.0
0.0
0.0
0.0
0.0
0.0
0.0
0.0
0.0
0.0
0.0
0.0
0.0
0.0
0.0
0.0
0.0
0.0
0.0
0.0
0.0
0.0
0.0
0.0
0.0
0.0
0.0
0.0
0.0
