57.0
36.0
18.0
8.0
0.0
0.0
0.0
0.0
17.0
36.0
38.0
26.0
0.0
0.0
0.0
0.0
0.0
0.0
0.0
0.0
0.0
0.0
0.0
0.0
0.0
0.0
0.0
0.0
0.0
0.0
0.0
0.0
0.0
0.0
0.0
0.0
0.0
0.0
0.0
0.0
0.0
0.0
0.0
0.0
0.0
0.0
0.0
0.0
0.0
0.0
0.0
0.0
0.0
0.0
0.0
0.0
0.0
0.0
0.0
0.0
0.0
0.0
0.0
0.0
0.0
33.0
86.0
111.0
121.0
124.0
122.0
117.0
108.0
100.0
92.0
85.0
78.0
71.0
65.0
59.0
54.0
48.0
42.0
36.0
35.0
34.0
32.0
29.0
26.0
22.0
22.0
22.0
22.0
25.0
29.0
31.0
31.0
31.0
29.0
27.0
25.0
27.0
29.0
31.0
33.0
33.0
33.0
33.0
33.0
34.0
35.0
37.0
38.0
37.0
36.0
35.0
39.0
44.0
49.0
55.0
60.0
66.0
71.0
76.0
81.0
86.0
90.0
92.0
92.0
93.0
98.0
106.0
114.0
121.0
125.0
129.0
132.0
136.0
139.0
143.0
147.0
150.0
152.0
154.0
156.0
158.0
158.0
159.0
162.0
165.0
169.0
173.0
176.0
179.0
181.0
183.0
184.0
184.0
184.0
184.0
184.0
183.0
183.0
182.0
180.0
178.0
176.0
173.0
169.0
166.0
162.0
155.0
145.0
124.0
111.0
148.0
165.0
177.0
185.0
189.0
191.0
193.0
193.0
194.0
193.0
192.0
189.0
186.0
186.0
187.0
188.0
188.0
185.0
176.0
155.0
149.0
145.0
139.0
131.0
123.0
113.0
99.0
84.0
63.0
49.0
38.0
32.0
30.0
30.0
30.0
28.0
22.0
14.0
8.0
3.0
0.0
0.0
0.0
0.0
3.0
0.0
23.0
33.0
37.0
36.0
34.0
31.0
29.0
27.0
28.0
30.0
31.0
31.0
31.0
31.0
30.0
28.0
25.0
22.0
20.0
25.0
29.0
32.0
33.0
33.0
32.0
31.0
31.0
30.0
30.0
30.0
30.0
29.0
27.0
29.0
30.0
30.0
28.0
26.0
24.0
23.0
21.0
19.0
18.0
16.0
14.0
12.0
10.0
8.0
7.0
5.0
3.0
2.0
1.0
1.0
0.0
0.0
0.0
1.0
2.0
3.0
4.0
6.0
7.0
8.0
9.0
9.0
9.0
8.0
6.0
5.0
3.0
2.0
1.0
0.0
0.0
0.0
0.0
0.0
0.0
0.0
0.0
1.0
2.0
3.0
5.0
6.0
7.0
8.0
10.0
11.0
12.0
13.0
14.0
15.0
16.0
16.0
16.0
15.0
15.0
14.0
13.0
12.0
11.0
10.0
9.0
8.0
7.0
6.0
5.0
4.0
3.0
3.0
2.0
2.0
2.0
2.0
2.0
2.0
3.0
3.0
4.0
5.0
6.0
8.0
9.0
9.0
10.0
10.0
15.0
20.0
23.0
27.0
30.0
35.0
42.0
50.0
59.0
66.0
74.0
83.0
93.0
105.0
116.0
126.0
134.0
141.0
147.0
151.0
153.0
154.0
151.0
144.0
132.0
117.0
97.0
80.0
67.0
38.0
37.0
38.0
40.0
51.0
60.0
66.0
72.0
77.0
82.0
88.0
95.0
107.0
121.0
134.0
146.0
154.0
161.0
168.0
175.0
181.0
186.0
190.0
195.0
199.0
204.0
209.0
212.0
214.0
215.0
214.0
212.0
207.0
203.0
198.0
194.0
189.0
185.0
181.0
177.0
172.0
166.0
161.0
155.0
150.0
144.0
139.0
134.0
124.0
124.0
124.0
124.0
124.0
124.0
124.0
132.0
136.0
141.0
146.0
150.0
151.0
149.0
147.0
145.0
144.0
148.0
151.0
154.0
156.0
159.0
162.0
165.0
169.0
174.0
177.0
180.0
182.0
183.0
184.0
185.0
186.0
186.0
186.0
186.0
186.0
186.0
186.0
186.0
186.0
186.0
187.0
189.0
191.0
193.0
195.0
197.0
199.0
200.0
201.0
201.0
201.0
200.0
199.0
198.0
196.0
193.0
191.0
188.0
186.0
183.0
180.0
173.0
173.0
175.0
177.0
180.0
184.0
184.0
173.0
173.0
173.0
173.0
173.0
173.0
173.0
173.0
173.0
173.0
173.0
173.0
173.0
184.0
185.0
185.0
184.0
182.0
173.0
173.0
173.0
173.0
173.0
173.0
173.0
163.0
167.0
170.0
173.0
175.0
177.0
178.0
180.0
181.0
183.0
184.0
186.0
187.0
188.0
189.0
190.0
191.0
191.0
190.0
189.0
187.0
185.0
184.0
183.0
183.0
182.0
183.0
183.0
182.0
182.0
182.0
183.0
183.0
183.0
183.0
183.0
183.0
184.0
186.0
187.0
188.0
188.0
186.0
181.0
174.0
170.0
173.0
173.0
173.0
173.0
173.0
173.0
173.0
173.0
173.0
173.0
173.0
173.0
173.0
173.0
170.0
172.0
173.0
174.0
178.0
181.0
183.0
185.0
186.0
187.0
188.0
188.0
189.0
189.0
190.0
190.0
191.0
191.0
192.0
193.0
194.0
196.0
198.0
199.0
201.0
202.0
204.0
205.0
205.0
207.0
209.0
211.0
212.0
213.0
212.0
211.0
209.0
209.0
208.0
208.0
209.0
209.0
210.0
212.0
214.0
219.0
224.0
229.0
233.0
236.0
237.0
236.0
233.0
229.0
224.0
220.0
217.0
215.0
214.0
213.0
213.0
213.0
212.0
212.0
211.0
210.0
209.0
209.0
209.0
209.0
210.0
210.0
211.0
212.0
213.0
213.0
213.0
215.0
214.0
211.0
209.0
199.0
190.0
190.0
190.0
194.0
194.0
194.0
194.0
194.0
194.0
198.0
200.0
202.0
205.0
207.0
209.0
211.0
212.0
212.0
210.0
207.0
203.0
201.0
202.0
203.0
205.0
207.0
209.0
212.0
213.0
214.0
214.0
214.0
214.0
214.0
213.0
213.0
212.0
211.0
209.0
210.0
210.0
210.0
210.0
210.0
210.0
210.0
210.0
219.0
226.0
232.0
238.0
243.0
246.0
247.0
247.0
247.0
245.0
245.0
244.0
242.0
241.0
240.0
239.0
238.0
237.0
237.0
236.0
236.0
236.0
237.0
238.0
239.0
241.0
242.0
243.0
244.0
244.0
245.0
245.0
244.0
244.0
243.0
242.0
240.0
239.0
237.0
236.0
234.0
233.0
231.0
230.0
230.0
229.0
228.0
228.0
227.0
227.0
226.0
224.0
223.0
221.0
219.0
217.0
215.0
213.0
212.0
210.0
208.0
208.0
208.0
206.0
204.0
202.0
200.0
199.0
198.0
196.0
195.0
193.0
192.0
190.0
190.0
190.0
190.0
190.0
190.0
190.0
191.0
192.0
194.0
195.0
196.0
197.0
198.0
199.0
201.0
202.0
202.0
202.0
199.0
196.0
191.0
186.0
181.0
176.0
171.0
169.0
167.0
166.0
165.0
165.0
166.0
168.0
169.0
171.0
173.0
175.0
178.0
180.0
181.0
182.0
181.0
179.0
177.0
173.0
169.0
164.0
159.0
155.0
155.0
154.0
155.0
155.0
155.0
156.0
156.0
156.0
155.0
154.0
154.0
154.0
153.0
152.0
150.0
146.0
141.0
134.0
127.0
121.0
114.0
108.0
103.0
98.0
94.0
92.0
91.0
90.0
89.0
87.0
86.0
85.0
84.0
85.0
91.0
103.0
114.0
122.0
126.0
129.0
130.0
131.0
133.0
135.0
137.0
138.0
140.0
141.0
143.0
144.0
145.0
146.0
146.0
147.0
147.0
146.0
144.0
141.0
139.0
136.0
132.0
127.0
123.0
120.0
116.0
112.0
107.0
102.0
97.0
92.0
87.0
81.0
75.0
69.0
62.0
56.0
52.0
52.0
53.0
54.0
55.0
56.0
58.0
59.0
61.0
62.0
65.0
68.0
73.0
78.0
84.0
90.0
96.0
103.0
109.0
116.0
122.0
127.0
131.0
134.0
136.0
136.0
135.0
134.0
133.0
132.0
131.0
130.0
128.0
125.0
123.0
120.0
117.0
113.0
109.0
105.0
100.0
96.0
93.0
91.0
90.0
89.0
90.0
92.0
93.0
94.0
94.0
94.0
94.0
93.0
92.0
90.0
89.0
87.0
85.0
84.0
82.0
81.0
79.0
79.0
78.0
78.0
78.0
78.0
78.0
78.0
79.0
80.0
81.0
82.0
83.0
84.0
85.0
86.0
87.0
88.0
89.0
90.0
90.0
90.0
89.0
89.0
88.0
87.0
85.0
84.0
82.0
81.0
80.0
78.0
77.0
76.0
74.0
73.0
72.0
70.0
69.0
68.0
67.0
66.0
64.0
63.0
63.0
62.0
60.0
59.0
56.0
57.0
58.0
60.0
61.0
61.0
61.0
59.0
57.0
53.0
50.0
46.0
43.0
40.0
38.0
40.0
41.0
42.0
43.0
44.0
44.0
46.0
49.0
52.0
56.0
60.0
62.0
63.0
63.0
62.0
60.0
58.0
57.0
55.0
54.0
52.0
51.0
50.0
49.0
49.0
49.0
49.0
50.0
51.0
51.0
51.0
50.0
50.0
48.0
47.0
45.0
44.0
42.0
40.0
39.0
38.0
36.0
35.0
34.0
33.0
31.0
30.0
29.0
29.0
29.0
27.0
22.0
16.0
11.0
11.0
26.0
28.0
28.0
29.0
30.0
30.0
29.0
30.0
30.0
30.0
31.0
31.0
30.0
29.0
28.0
29.0
29.0
29.0
27.0
25.0
21.0
18.0
15.0
15.0
22.0
28.0
31.0
32.0
32.0
31.0
30.0
29.0
30.0
32.0
34.0
37.0
39.0
40.0
39.0
37.0
35.0
35.0
37.0
39.0
41.0
44.0
47.0
50.0
52.0
55.0
57.0
59.0
60.0
61.0
61.0
60.0
58.0
56.0
53.0
51.0
51.0
53.0
54.0
55.0
55.0
56.0
57.0
60.0
63.0
64.0
64.0
64.0
63.0
61.0
59.0
58.0
56.0
54.0
53.0
52.0
52.0
52.0
54.0
55.0
57.0
58.0
59.0
59.0
58.0
57.0
55.0
54.0
53.0
52.0
52.0
51.0
51.0
50.0
50.0
50.0
50.0
50.0
50.0
50.0
51.0
51.0
51.0
50.0
50.0
49.0
48.0
46.0
45.0
44.0
43.0
42.0
41.0
41.0
40.0
40.0
39.0
38.0
37.0
36.0
36.0
35.0
34.0
34.0
33.0
33.0
32.0
32.0
31.0
31.0
30.0
30.0
29.0
28.0
28.0
28.0
28.0
28.0
28.0
28.0
28.0
29.0
29.0
29.0
29.0
30.0
30.0
30.0
31.0
31.0
31.0
31.0
31.0
31.0
31.0
31.0
31.0
31.0
31.0
31.0
30.0
30.0
29.0
28.0
27.0
26.0
25.0
23.0
22.0
21.0
19.0
18.0
16.0
15.0
13.0
11.0
10.0
8.0
7.0
6.0
6.0
6.0
6.0
6.0
6.0
6.0
5.0
5.0
5.0
5.0
5.0
5.0
5.0
8.0
17.0
26.0
34.0
42.0
49.0
57.0
64.0
72.0
78.0
83.0
88.0
92.0
95.0
96.0
96.0
96.0
95.0
94.0
92.0
90.0
88.0
85.0
82.0
79.0
75.0
72.0
69.0
65.0
62.0
60.0
59.0
59.0
60.0
61.0
61.0
60.0
57.0
52.0
47.0
42.0
37.0
34.0
33.0
32.0
31.0
29.0
26.0
23.0
21.0
19.0
16.0
15.0
13.0
11.0
8.0
6.0
3.0
1.0
0.0
0.0
0.0
0.0
0.0
0.0
0.0
0.0
0.0
0.0
0.0
0.0
0.0
0.0
0.0
0.0
0.0
0.0
0.0
0.0
0.0
0.0
0.0
0.0
0.0
0.0
0.0
0.0
0.0
0.0
0.0
0.0
0.0
0.0
0.0
0.0
0.0
0.0
0.0
0.0
0.0
0.0
0.0
0.0
0.0
0.0
0.0
0.0
0.0
0.0
0.0
0.0
0.0
0.0
0.0
0.0
0.0
0.0
0.0
0.0
0.0
0.0
0.0
0.0
0.0
0.0
0.0
0.0
0.0
0.0
0.0
0.0
0.0
0.0
0.0
0.0
0.0
0.0
0.0
0.0
0.0
0.0
0.0
0.0
0.0
0.0
0.0
0.0
0.0
0.0
0.0
0.0
0.0
0.0
0.0
0.0
0.0
0.0
0.0
0.0
0.0
0.0
0.0
0.0
0.0
0.0
0.0
0.0
0.0
0.0
0.0
0.0
0.0
0.0
0.0
0.0
0.0
0.0
0.0
0.0
0.0
0.0
0.0
0.0
0.0
0.0
0.0
0.0
0.0
0.0
0.0
0.0
0.0
0.0
0.0
0.0
0.0
0.0
0.0
0.0
0.0
0.0
0.0
0.0
0.0
0.0
0.0
0.0
0.0
0.0
0.0
0.0
0.0
0.0
0.0
0.0
0.0
0.0
0.0
0.0
0.0
0.0
0.0
0.0
0.0
0.0
0.0
0.0
0.0
0.0
0.0
0.0
0.0
0.0
0.0
0.0
0.0
0.0
0.0
0.0
0.0
0.0
0.0
0.0
0.0
0.0
0.0
0.0
0.0
0.0
0.0
0.0
0.0
0.0
0.0
0.0
0.0
0.0
0.0
0.0
0.0
0.0
0.0
0.0
0.0
0.0
0.0
0.0
0.0
0.0
0.0
0.0
0.0
0.0
0.0
0.0
0.0
0.0
0.0
0.0
0.0
0.0
0.0
0.0
0.0
0.0
0.0
0.0
0.0
0.0
0.0
0.0
0.0
0.0
0.0
0.0
0.0
0.0
0.0
0.0
0.0
0.0
0.0
0.0
0.0
0.0
0.0
0.0
0.0
0.0
0.0
0.0
0.0
0.0
0.0
0.0
0.0
0.0
0.0
0.0
0.0
0.0
0.0
0.0
0.0
0.0
0.0
0.0
0.0
0.0
0.0
0.0
0.0
0.0
0.0
0.0
0.0
0.0
0.0
0.0
0.0
0.0
0.0
0.0
0.0
0.0
0.0
0.0
0.0
0.0
0.0
0.0
0.0
0.0
0.0
0.0
0.0
0.0
0.0
0.0
0.0
0.0
0.0
0.0
0.0
0.0
0.0
0.0
0.0
0.0
0.0
0.0
0.0
0.0
0.0
0.0
0.0
0.0
0.0
0.0
0.0
0.0
0.0
0.0
0.0
0.0
0.0
0.0
0.0
0.0
0.0
0.0
0.0
0.0
0.0
0.0
0.0
0.0
0.0
0.0
0.0
0.0
0.0
0.0
0.0
0.0
0.0
0.0
0.0
0.0
0.0
0.0
0.0
0.0
0.0
0.0
0.0
0.0
0.0
0.0
0.0
0.0
0.0
0.0
0.0
0.0
0.0
0.0
0.0
0.0
0.0
0.0
0.0
0.0
0.0
0.0
0.0
0.0
0.0
0.0
0.0
0.0
0.0
0.0
0.0
0.0
0.0
0.0
0.0
0.0
0.0
0.0
0.0
0.0
0.0
0.0
0.0
0.0
0.0
0.0
0.0
0.0
0.0
0.0
0.0
0.0
0.0
0.0
0.0
0.0
0.0
0.0
0.0
0.0
0.0
0.0
0.0
0.0
0.0
0.0
0.0
0.0
0.0
0.0
0.0
0.0
0.0
0.0
0.0
0.0
0.0
0.0
0.0
0.0
0.0
0.0
0.0
0.0
0.0
0.0
0.0
0.0
0.0
0.0
0.0
0.0
0.0
0.0
0.0
0.0
0.0
0.0
0.0
0.0
0.0
0.0
0.0
0.0
0.0
0.0
0.0
0.0
0.0
0.0
0.0
0.0
0.0
0.0
0.0
0.0
0.0
0.0
0.0
0.0
0.0
0.0
0.0
0.0
0.0
0.0
0.0
0.0
0.0
0.0
0.0
0.0
0.0
0.0
0.0
0.0
0.0
0.0
0.0
0.0
0.0
0.0
0.0
0.0
0.0
0.0
0.0
0.0
0.0
0.0
0.0
0.0
0.0
0.0
0.0
0.0
0.0
0.0
0.0
0.0
0.0
0.0
0.0
0.0
0.0
0.0
0.0
0.0
0.0
0.0
0.0
0.0
0.0
0.0
0.0
0.0
0.0
0.0
0.0
0.0
0.0
0.0
0.0
0.0
0.0
0.0
0.0
0.0
0.0
0.0
0.0
0.0
0.0
0.0
0.0
0.0
0.0
0.0
0.0
0.0
0.0
0.0
0.0
0.0
0.0
0.0
0.0
0.0
0.0
0.0
0.0
0.0
0.0
0.0
0.0
0.0
0.0
0.0
0.0
0.0
0.0
0.0
0.0
0.0
0.0
0.0
0.0
0.0
0.0
0.0
0.0
0.0
0.0
0.0
0.0
0.0
0.0
0.0
0.0
0.0
0.0
0.0
0.0
0.0
0.0
0.0
0.0
0.0
0.0
0.0
0.0
0.0
0.0
0.0
0.0
0.0
0.0
0.0
0.0
0.0
0.0
0.0
0.0
0.0
0.0
0.0
0.0
0.0
0.0
0.0
0.0
0.0
0.0
0.0
0.0
0.0
0.0
0.0
0.0
0.0
0.0
0.0
0.0
0.0
0.0
0.0
0.0
0.0
0.0
0.0
0.0
0.0
0.0
0.0
0.0
0.0
0.0
0.0
0.0
0.0
0.0
0.0
