9.0
6.0
3.0
0.0
0.0
0.0
0.0
26.0
40.0
42.0
26.0
0.0
0.0
0.0
0.0
0.0
0.0
0.0
0.0
0.0
0.0
0.0
0.0
0.0
0.0
0.0
0.0
0.0
0.0
0.0
0.0
0.0
0.0
0.0
0.0
0.0
0.0
0.0
0.0
0.0
0.0
0.0
0.0
0.0
0.0
0.0
0.0
0.0
0.0
0.0
0.0
0.0
0.0
0.0
0.0
0.0
0.0
0.0
0.0
0.0
0.0
0.0
0.0
0.0
0.0
0.0
0.0
0.0
0.0
0.0
0.0
0.0
0.0
0.0
0.0
0.0
0.0
0.0
0.0
0.0
0.0
0.0
0.0
0.0
0.0
0.0
0.0
0.0
8.0
25.0
56.0
115.0
158.0
176.0
185.0
187.0
185.0
181.0
176.0
170.0
165.0
166.0
166.0
166.0
165.0
164.0
163.0
162.0
162.0
165.0
169.0
173.0
176.0
177.0
176.0
175.0
175.0
177.0
180.0
182.0
183.0
182.0
181.0
179.0
179.0
182.0
187.0
189.0
187.0
179.0
169.0
164.0
146.0
115.0
57.0
0.0
0.0
0.0
0.0
0.0
0.0
0.0
0.0
0.0
0.0
0.0
0.0
0.0
0.0
0.0
0.0
0.0
0.0
0.0
0.0
0.0
0.0
0.0
0.0
0.0
0.0
0.0
0.0
0.0
0.0
0.0
0.0
0.0
0.0
0.0
0.0
0.0
0.0
0.0
0.0
0.0
0.0
0.0
0.0
0.0
0.0
0.0
0.0
0.0
0.0
0.0
0.0
0.0
0.0
0.0
0.0
0.0
0.0
0.0
0.0
0.0
0.0
0.0
0.0
0.0
0.0
0.0
0.0
0.0
0.0
0.0
0.0
0.0
0.0
0.0
0.0
0.0
0.0
0.0
0.0
0.0
0.0
0.0
0.0
0.0
0.0
0.0
0.0
0.0
0.0
0.0
0.0
0.0
0.0
0.0
0.0
0.0
0.0
0.0
0.0
0.0
0.0
0.0
0.0
0.0
0.0
0.0
0.0
0.0
0.0
0.0
0.0
0.0
0.0
0.0
0.0
0.0
0.0
0.0
0.0
0.0
0.0
0.0
0.0
0.0
0.0
0.0
0.0
0.0
0.0
0.0
0.0
0.0
0.0
0.0
0.0
0.0
0.0
0.0
0.0
0.0
0.0
0.0
0.0
0.0
0.0
0.0
0.0
0.0
0.0
0.0
0.0
0.0
0.0
0.0
0.0
0.0
0.0
0.0
0.0
0.0
0.0
0.0
0.0
0.0
0.0
0.0
0.0
0.0
0.0
0.0
0.0
0.0
0.0
0.0
0.0
0.0
1.0
2.0
3.0
3.0
3.0
2.0
2.0
2.0
1.0
1.0
0.0
0.0
0.0
2.0
6.0
9.0
13.0
17.0
21.0
24.0
27.0
30.0
32.0
34.0
34.0
35.0
37.0
38.0
39.0
39.0
39.0
40.0
44.0
49.0
55.0
59.0
61.0
60.0
60.0
59.0
57.0
53.0
46.0
37.0
30.0
26.0
23.0
21.0
18.0
19.0
20.0
22.0
23.0
24.0
26.0
27.0
29.0
31.0
37.0
45.0
54.0
62.0
74.0
87.0
102.0
118.0
134.0
149.0
162.0
174.0
184.0
193.0
201.0
208.0
212.0
214.0
213.0
211.0
208.0
205.0
201.0
197.0
194.0
191.0
188.0
186.0
184.0
182.0
179.0
178.0
177.0
178.0
180.0
183.0
185.0
186.0
187.0
186.0
185.0
183.0
182.0
180.0
177.0
175.0
172.0
169.0
165.0
162.0
159.0
158.0
158.0
159.0
159.0
160.0
161.0
162.0
165.0
168.0
171.0
173.0
176.0
177.0
177.0
176.0
176.0
175.0
173.0
172.0
170.0
167.0
164.0
160.0
155.0
151.0
145.0
141.0
141.0
144.0
148.0
154.0
157.0
161.0
164.0
167.0
169.0
171.0
172.0
174.0
175.0
176.0
177.0
178.0
178.0
177.0
177.0
176.0
176.0
176.0
177.0
177.0
177.0
176.0
174.0
173.0
175.0
180.0
183.0
184.0
184.0
183.0
181.0
179.0
177.0
177.0
177.0
178.0
179.0
180.0
180.0
179.0
179.0
179.0
180.0
180.0
181.0
181.0
181.0
181.0
182.0
182.0
183.0
183.0
184.0
185.0
186.0
187.0
189.0
190.0
191.0
191.0
187.0
179.0
167.0
151.0
143.0
140.0
134.0
153.0
179.0
191.0
192.0
187.0
180.0
176.0
177.0
182.0
186.0
190.0
195.0
199.0
204.0
209.0
216.0
228.0
240.0
244.0
242.0
236.0
229.0
223.0
217.0
213.0
210.0
207.0
205.0
203.0
200.0
198.0
196.0
194.0
193.0
193.0
195.0
198.0
202.0
205.0
209.0
211.0
212.0
213.0
212.0
209.0
206.0
203.0
200.0
196.0
192.0
188.0
185.0
183.0
183.0
183.0
184.0
186.0
192.0
199.0
204.0
205.0
203.0
201.0
198.0
194.0
191.0
188.0
184.0
179.0
167.0
155.0
155.0
156.0
157.0
157.0
157.0
158.0
158.0
159.0
160.0
161.0
162.0
163.0
163.0
163.0
164.0
164.0
165.0
165.0
166.0
166.0
167.0
169.0
171.0
174.0
177.0
179.0
181.0
183.0
184.0
185.0
186.0
188.0
189.0
190.0
192.0
194.0
195.0
196.0
197.0
198.0
199.0
199.0
200.0
200.0
201.0
201.0
201.0
201.0
201.0
201.0
201.0
201.0
201.0
200.0
200.0
201.0
202.0
204.0
206.0
209.0
211.0
212.0
213.0
213.0
212.0
213.0
213.0
213.0
213.0
213.0
214.0
216.0
219.0
224.0
229.0
234.0
239.0
243.0
246.0
248.0
249.0
250.0
251.0
252.0
252.0
253.0
252.0
251.0
248.0
243.0
238.0
231.0
225.0
219.0
215.0
212.0
211.0
210.0
209.0
209.0
208.0
207.0
204.0
204.0
204.0
204.0
204.0
204.0
204.0
204.0
204.0
204.0
204.0
204.0
204.0
204.0
204.0
204.0
204.0
208.0
209.0
210.0
211.0
213.0
215.0
217.0
220.0
223.0
227.0
231.0
234.0
237.0
239.0
240.0
241.0
242.0
242.0
243.0
243.0
244.0
244.0
243.0
242.0
239.0
236.0
233.0
230.0
226.0
223.0
220.0
218.0
215.0
213.0
212.0
212.0
212.0
212.0
212.0
213.0
213.0
212.0
211.0
209.0
209.0
209.0
209.0
209.0
210.0
211.0
212.0
213.0
215.0
217.0
217.0
215.0
214.0
213.0
212.0
210.0
209.0
208.0
206.0
204.0
201.0
198.0
195.0
191.0
187.0
184.0
180.0
176.0
173.0
169.0
167.0
164.0
162.0
160.0
157.0
155.0
156.0
155.0
154.0
154.0
155.0
165.0
179.0
189.0
186.0
178.0
170.0
164.0
159.0
154.0
150.0
145.0
140.0
135.0
131.0
130.0
130.0
127.0
126.0
125.0
131.0
134.0
136.0
141.0
148.0
148.0
148.0
149.0
150.0
151.0
153.0
155.0
158.0
160.0
161.0
162.0
161.0
159.0
156.0
152.0
148.0
145.0
142.0
140.0
137.0
133.0
129.0
125.0
122.0
121.0
122.0
122.0
121.0
119.0
115.0
112.0
110.0
108.0
106.0
105.0
105.0
106.0
107.0
109.0
111.0
113.0
116.0
118.0
120.0
121.0
122.0
122.0
121.0
119.0
114.0
109.0
104.0
101.0
99.0
98.0
97.0
95.0
92.0
90.0
88.0
84.0
79.0
74.0
69.0
65.0
62.0
60.0
59.0
58.0
57.0
57.0
56.0
55.0
55.0
54.0
53.0
53.0
53.0
52.0
52.0
52.0
52.0
52.0
52.0
53.0
56.0
60.0
63.0
68.0
73.0
78.0
83.0
87.0
90.0
92.0
93.0
93.0
92.0
92.0
91.0
90.0
88.0
86.0
84.0
82.0
81.0
80.0
79.0
78.0
77.0
76.0
75.0
74.0
73.0
73.0
71.0
70.0
69.0
68.0
67.0
66.0
67.0
68.0
69.0
70.0
72.0
73.0
73.0
73.0
72.0
71.0
70.0
69.0
67.0
65.0
63.0
61.0
58.0
56.0
53.0
50.0
48.0
45.0
42.0
39.0
37.0
34.0
30.0
26.0
22.0
19.0
21.0
27.0
31.0
34.0
38.0
43.0
48.0
54.0
59.0
62.0
65.0
65.0
65.0
63.0
61.0
58.0
56.0
55.0
54.0
54.0
54.0
55.0
56.0
57.0
58.0
59.0
60.0
61.0
61.0
61.0
61.0
61.0
60.0
60.0
59.0
58.0
59.0
60.0
61.0
61.0
61.0
60.0
60.0
59.0
57.0
56.0
54.0
54.0
53.0
54.0
54.0
55.0
56.0
57.0
55.0
54.0
54.0
57.0
59.0
60.0
60.0
59.0
57.0
53.0
49.0
46.0
42.0
40.0
39.0
39.0
40.0
41.0
42.0
44.0
44.0
44.0
43.0
41.0
39.0
36.0
33.0
31.0
30.0
29.0
28.0
27.0
25.0
23.0
21.0
18.0
16.0
13.0
11.0
9.0
7.0
6.0
5.0
5.0
5.0
5.0
6.0
7.0
9.0
12.0
15.0
19.0
23.0
26.0
28.0
28.0
26.0
22.0
17.0
14.0
21.0
27.0
30.0
30.0
29.0
29.0
28.0
27.0
27.0
27.0
28.0
27.0
27.0
27.0
27.0
30.0
29.0
29.0
29.0
29.0
28.0
27.0
24.0
20.0
16.0
10.0
5.0
2.0
0.0
0.0
0.0
0.0
0.0
0.0
0.0
0.0
0.0
0.0
0.0
0.0
0.0
0.0
0.0
0.0
0.0
0.0
0.0
0.0
0.0
0.0
0.0
0.0
0.0
0.0
0.0
8.0
14.0
10.0
5.0
0.0
0.0
0.0
0.0
0.0
0.0
0.0
0.0
0.0
7.0
15.0
15.0
9.0
2.0
0.0
0.0
0.0
0.0
1.0
26.0
31.0
30.0
30.0
31.0
31.0
29.0
27.0
24.0
22.0
20.0
19.0
19.0
20.0
21.0
24.0
26.0
28.0
28.0
27.0
26.0
25.0
24.0
24.0
24.0
24.0
21.0
21.0
21.0
20.0
21.0
21.0
23.0
24.0
26.0
27.0
28.0
29.0
29.0
30.0
30.0
29.0
29.0
29.0
28.0
28.0
27.0
25.0
21.0
17.0
12.0
8.0
4.0
1.0
0.0
0.0
0.0
0.0
0.0
0.0
0.0
0.0
0.0
0.0
0.0
0.0
0.0
0.0
0.0
0.0
0.0
0.0
0.0
0.0
0.0
0.0
0.0
0.0
0.0
0.0
0.0
0.0
0.0
0.0
0.0
0.0
0.0
0.0
0.0
0.0
0.0
16.0
16.0
16.0
16.0
16.0
16.0
16.0
16.0
16.0
16.0
16.0
16.0
16.0
27.0
29.0
30.0
31.0
33.0
34.0
34.0
35.0
35.0
34.0
34.0
32.0
31.0
30.0
28.0
27.0
25.0
25.0
25.0
27.0
29.0
33.0
36.0
40.0
42.0
43.0
40.0
31.0
14.0
1.0
1.0
1.0
1.0
0.0
0.0
0.0
0.0
0.0
0.0
0.0
0.0
0.0
1.0
5.0
9.0
11.0
10.0
5.0
0.0
0.0
2.0
4.0
6.0
8.0
8.0
6.0
3.0
0.0
0.0
0.0
0.0
0.0
0.0
0.0
0.0
0.0
0.0
0.0
0.0
0.0
0.0
0.0
0.0
0.0
0.0
0.0
0.0
0.0
0.0
0.0
0.0
0.0
0.0
0.0
0.0
0.0
0.0
0.0
0.0
0.0
0.0
0.0
0.0
0.0
0.0
0.0
0.0
3.0
10.0
15.0
18.0
18.0
17.0
13.0
9.0
5.0
1.0
0.0
0.0
0.0
0.0
0.0
0.0
0.0
0.0
0.0
0.0
0.0
0.0
0.0
0.0
0.0
0.0
0.0
0.0
0.0
0.0
0.0
0.0
0.0
0.0
0.0
0.0
0.0
0.0
0.0
0.0
0.0
0.0
0.0
0.0
0.0
0.0
0.0
0.0
0.0
0.0
0.0
0.0
0.0
0.0
0.0
0.0
0.0
0.0
0.0
0.0
0.0
0.0
0.0
0.0
0.0
0.0
0.0
0.0
0.0
0.0
0.0
0.0
0.0
0.0
0.0
0.0
0.0
0.0
0.0
0.0
0.0
0.0
0.0
0.0
0.0
0.0
0.0
0.0
0.0
0.0
0.0
0.0
0.0
0.0
0.0
0.0
0.0
0.0
0.0
0.0
0.0
0.0
0.0
0.0
0.0
0.0
0.0
0.0
0.0
0.0
0.0
0.0
0.0
0.0
0.0
0.0
0.0
0.0
0.0
0.0
0.0
0.0
0.0
0.0
0.0
0.0
0.0
0.0
0.0
0.0
0.0
0.0
0.0
0.0
0.0
0.0
0.0
0.0
0.0
0.0
0.0
0.0
0.0
0.0
0.0
0.0
0.0
0.0
0.0
0.0
0.0
0.0
0.0
0.0
0.0
0.0
0.0
0.0
0.0
0.0
0.0
0.0
0.0
0.0
0.0
0.0
0.0
0.0
0.0
0.0
0.0
0.0
0.0
0.0
0.0
0.0
0.0
0.0
0.0
0.0
0.0
0.0
0.0
0.0
0.0
0.0
0.0
0.0
0.0
0.0
0.0
0.0
0.0
0.0
0.0
0.0
0.0
0.0
0.0
0.0
0.0
0.0
0.0
0.0
0.0
0.0
0.0
0.0
0.0
0.0
0.0
0.0
0.0
0.0
0.0
0.0
0.0
0.0
0.0
0.0
0.0
0.0
0.0
0.0
0.0
0.0
0.0
0.0
0.0
0.0
0.0
0.0
0.0
0.0
0.0
0.0
0.0
0.0
0.0
0.0
0.0
0.0
0.0
0.0
0.0
0.0
0.0
0.0
0.0
0.0
0.0
0.0
0.0
0.0
0.0
0.0
0.0
0.0
0.0
0.0
0.0
0.0
0.0
0.0
0.0
0.0
0.0
0.0
0.0
0.0
0.0
0.0
0.0
0.0
0.0
0.0
0.0
0.0
0.0
0.0
0.0
0.0
0.0
0.0
0.0
0.0
0.0
0.0
0.0
0.0
0.0
0.0
0.0
0.0
0.0
0.0
0.0
0.0
0.0
0.0
0.0
0.0
0.0
0.0
0.0
0.0
0.0
0.0
0.0
0.0
0.0
0.0
0.0
0.0
0.0
0.0
0.0
0.0
0.0
0.0
0.0
0.0
0.0
0.0
0.0
0.0
0.0
0.0
0.0
0.0
0.0
0.0
0.0
0.0
0.0
0.0
0.0
0.0
0.0
0.0
0.0
0.0
0.0
0.0
0.0
0.0
0.0
0.0
0.0
0.0
0.0
0.0
0.0
0.0
0.0
0.0
0.0
0.0
0.0
0.0
0.0
0.0
0.0
0.0
0.0
0.0
0.0
0.0
0.0
0.0
0.0
0.0
0.0
0.0
0.0
0.0
0.0
0.0
0.0
0.0
0.0
0.0
0.0
0.0
0.0
0.0
0.0
0.0
0.0
0.0
0.0
0.0
0.0
0.0
0.0
0.0
0.0
0.0
0.0
0.0
0.0
0.0
0.0
0.0
0.0
0.0
0.0
0.0
0.0
0.0
0.0
0.0
0.0
0.0
0.0
0.0
0.0
0.0
0.0
0.0
0.0
0.0
0.0
0.0
0.0
0.0
0.0
0.0
0.0
0.0
0.0
0.0
0.0
0.0
0.0
0.0
0.0
0.0
0.0
0.0
0.0
0.0
0.0
0.0
0.0
0.0
0.0
0.0
0.0
0.0
0.0
0.0
0.0
0.0
0.0
0.0
0.0
0.0
0.0
0.0
0.0
0.0
0.0
0.0
0.0
0.0
0.0
0.0
0.0
0.0
0.0
0.0
0.0
0.0
0.0
0.0
0.0
0.0
0.0
0.0
0.0
0.0
0.0
0.0
0.0
0.0
0.0
0.0
0.0
0.0
0.0
0.0
0.0
0.0
0.0
0.0
0.0
0.0
0.0
0.0
0.0
0.0
0.0
0.0
0.0
0.0
0.0
0.0
0.0
0.0
0.0
0.0
0.0
0.0
0.0
0.0
0.0
0.0
0.0
0.0
0.0
0.0
0.0
0.0
0.0
0.0
0.0
0.0
0.0
0.0
0.0
0.0
0.0
0.0
0.0
0.0
0.0
0.0
0.0
0.0
0.0
0.0
0.0
0.0
0.0
0.0
0.0
0.0
0.0
0.0
0.0
0.0
0.0
0.0
0.0
0.0
0.0
0.0
0.0
0.0
0.0
0.0
0.0
0.0
0.0
0.0
0.0
0.0
0.0
0.0
0.0
0.0
0.0
0.0
0.0
0.0
0.0
0.0
0.0
0.0
0.0
0.0
0.0
0.0
0.0
0.0
0.0
0.0
0.0
0.0
0.0
0.0
0.0
0.0
0.0
0.0
0.0
0.0
0.0
0.0
0.0
0.0
0.0
0.0
0.0
0.0
0.0
0.0
0.0
0.0
0.0
0.0
0.0
0.0
0.0
0.0
0.0
0.0
0.0
0.0
0.0
0.0
0.0
0.0
0.0
0.0
0.0
0.0
0.0
0.0
0.0
0.0
0.0
0.0
0.0
0.0
0.0
0.0
