0.0
0.0
0.0
0.0
0.0
0.0
0.0
0.0
0.0
0.0
0.0
0.0
0.0
0.0
0.0
0.0
0.0
0.0
0.0
0.0
0.0
0.0
0.0
0.0
0.0
0.0
0.0
0.0
0.0
0.0
0.0
0.0
0.0
0.0
0.0
0.0
0.0
0.0
0.0
0.0
0.0
0.0
0.0
0.0
0.0
0.0
0.0
0.0
0.0
0.0
0.0
0.0
0.0
0.0
0.0
0.0
0.0
0.0
0.0
0.0
0.0
0.0
0.0
0.0
0.0
0.0
0.0
0.0
0.0
0.0
15.0
36.0
101.0
140.0
156.0
157.0
151.0
144.0
137.0
131.0
126.0
122.0
117.0
112.0
108.0
104.0
101.0
98.0
94.0
94.0
94.0
93.0
93.0
96.0
97.0
98.0
97.0
95.0
93.0
90.0
89.0
91.0
93.0
97.0
99.0
101.0
103.0
104.0
106.0
107.0
109.0
110.0
110.0
108.0
106.0
102.0
100.0
97.0
96.0
98.0
101.0
105.0
108.0
113.0
120.0
123.0
126.0
128.0
131.0
133.0
135.0
137.0
139.0
141.0
144.0
148.0
152.0
157.0
168.0
178.0
184.0
186.0
185.0
181.0
173.0
166.0
158.0
152.0
147.0
140.0
133.0
126.0
118.0
107.0
94.0
90.0
84.0
64.0
60.0
58.0
57.0
56.0
56.0
56.0
56.0
55.0
54.0
51.0
47.0
43.0
38.0
34.0
29.0
26.0
23.0
22.0
26.0
30.0
32.0
34.0
34.0
34.0
34.0
33.0
31.0
30.0
27.0
25.0
22.0
17.0
11.0
7.0
3.0
3.0
0.0
0.0
0.0
0.0
0.0
0.0
0.0
0.0
0.0
0.0
0.0
0.0
0.0
0.0
0.0
0.0
0.0
0.0
0.0
12.0
22.0
28.0
30.0
30.0
29.0
28.0
27.0
27.0
29.0
31.0
32.0
33.0
34.0
34.0
34.0
33.0
32.0
30.0
26.0
22.0
18.0
14.0
10.0
7.0
8.0
10.0
12.0
14.0
16.0
19.0
22.0
24.0
26.0
28.0
28.0
28.0
27.0
25.0
24.0
21.0
19.0
16.0
13.0
10.0
7.0
4.0
1.0
0.0
0.0
0.0
0.0
0.0
0.0
0.0
0.0
0.0
0.0
0.0
0.0
0.0
0.0
0.0
0.0
0.0
0.0
0.0
0.0
0.0
0.0
0.0
0.0
0.0
0.0
0.0
0.0
0.0
0.0
0.0
0.0
0.0
0.0
0.0
0.0
0.0
0.0
0.0
0.0
0.0
0.0
0.0
0.0
1.0
1.0
1.0
1.0
1.0
1.0
2.0
2.0
1.0
1.0
1.0
1.0
1.0
1.0
1.0
1.0
1.0
1.0
1.0
1.0
1.0
1.0
1.0
1.0
1.0
1.0
2.0
3.0
4.0
6.0
8.0
9.0
12.0
14.0
16.0
19.0
22.0
25.0
28.0
30.0
32.0
32.0
32.0
32.0
36.0
45.0
56.0
65.0
73.0
80.0
85.0
89.0
94.0
101.0
108.0
114.0
119.0
121.0
121.0
118.0
112.0
100.0
84.0
61.0
47.0
38.0
32.0
29.0
25.0
25.0
24.0
26.0
31.0
43.0
57.0
72.0
86.0
96.0
106.0
115.0
123.0
130.0
138.0
146.0
155.0
167.0
180.0
192.0
204.0
212.0
217.0
219.0
220.0
219.0
218.0
218.0
217.0
217.0
216.0
215.0
214.0
211.0
207.0
203.0
201.0
198.0
196.0
193.0
191.0
190.0
190.0
190.0
191.0
191.0
190.0
188.0
185.0
183.0
182.0
180.0
178.0
177.0
177.0
175.0
173.0
170.0
166.0
163.0
161.0
159.0
157.0
157.0
155.0
153.0
151.0
149.0
148.0
150.0
152.0
151.0
149.0
147.0
145.0
143.0
142.0
142.0
141.0
141.0
142.0
143.0
144.0
145.0
146.0
148.0
149.0
149.0
147.0
148.0
151.0
155.0
161.0
168.0
175.0
181.0
186.0
189.0
191.0
191.0
191.0
190.0
189.0
187.0
186.0
184.0
183.0
173.0
173.0
173.0
173.0
182.0
182.0
183.0
184.0
186.0
188.0
190.0
193.0
195.0
197.0
199.0
201.0
202.0
204.0
205.0
207.0
209.0
210.0
211.0
212.0
212.0
212.0
213.0
213.0
213.0
213.0
213.0
211.0
209.0
205.0
201.0
197.0
193.0
189.0
186.0
184.0
182.0
181.0
178.0
175.0
172.0
168.0
165.0
162.0
160.0
158.0
156.0
156.0
155.0
155.0
154.0
156.0
157.0
158.0
160.0
162.0
164.0
166.0
169.0
172.0
175.0
178.0
181.0
183.0
183.0
182.0
182.0
181.0
179.0
178.0
177.0
176.0
176.0
177.0
177.0
178.0
178.0
179.0
179.0
180.0
181.0
182.0
183.0
185.0
188.0
191.0
194.0
198.0
201.0
204.0
206.0
208.0
209.0
210.0
210.0
210.0
209.0
209.0
208.0
208.0
207.0
206.0
206.0
205.0
204.0
204.0
203.0
203.0
202.0
202.0
201.0
200.0
200.0
199.0
198.0
198.0
197.0
197.0
198.0
198.0
198.0
198.0
198.0
197.0
196.0
195.0
194.0
194.0
194.0
194.0
194.0
195.0
195.0
195.0
194.0
194.0
193.0
192.0
192.0
192.0
191.0
191.0
190.0
190.0
189.0
189.0
188.0
188.0
187.0
186.0
186.0
185.0
184.0
183.0
182.0
179.0
176.0
177.0
178.0
178.0
179.0
179.0
179.0
179.0
180.0
180.0
181.0
183.0
186.0
189.0
192.0
193.0
194.0
193.0
193.0
194.0
195.0
198.0
201.0
204.0
207.0
209.0
211.0
212.0
212.0
210.0
208.0
205.0
201.0
199.0
207.0
200.0
202.0
204.0
207.0
209.0
211.0
212.0
213.0
213.0
213.0
213.0
213.0
212.0
212.0
212.0
212.0
212.0
212.0
213.0
213.0
213.0
212.0
212.0
213.0
216.0
223.0
230.0
236.0
240.0
241.0
242.0
243.0
244.0
243.0
241.0
237.0
233.0
230.0
227.0
225.0
224.0
224.0
224.0
225.0
227.0
229.0
232.0
234.0
237.0
239.0
241.0
243.0
244.0
245.0
245.0
245.0
245.0
245.0
245.0
245.0
245.0
245.0
244.0
244.0
245.0
245.0
244.0
243.0
242.0
240.0
238.0
236.0
235.0
235.0
235.0
235.0
236.0
236.0
236.0
235.0
235.0
233.0
231.0
228.0
225.0
221.0
218.0
215.0
213.0
211.0
211.0
210.0
211.0
212.0
212.0
213.0
213.0
213.0
214.0
213.0
213.0
213.0
213.0
214.0
214.0
214.0
215.0
216.0
216.0
217.0
217.0
217.0
216.0
212.0
205.0
195.0
184.0
181.0
178.0
176.0
173.0
171.0
168.0
166.0
164.0
164.0
166.0
167.0
167.0
167.0
166.0
164.0
162.0
160.0
157.0
155.0
153.0
152.0
152.0
151.0
150.0
147.0
143.0
137.0
131.0
125.0
120.0
117.0
114.0
112.0
109.0
106.0
104.0
104.0
103.0
103.0
98.0
98.0
98.0
98.0
98.0
98.0
98.0
98.0
98.0
98.0
98.0
97.0
100.0
104.0
108.0
112.0
115.0
119.0
121.0
124.0
126.0
128.0
129.0
130.0
130.0
130.0
130.0
129.0
128.0
127.0
126.0
123.0
120.0
115.0
111.0
106.0
102.0
97.0
92.0
87.0
81.0
75.0
76.0
77.0
79.0
81.0
82.0
85.0
87.0
89.0
91.0
93.0
95.0
97.0
100.0
102.0
104.0
105.0
106.0
106.0
104.0
102.0
99.0
97.0
94.0
92.0
90.0
89.0
87.0
85.0
85.0
86.0
88.0
90.0
91.0
92.0
92.0
91.0
88.0
84.0
79.0
74.0
68.0
63.0
60.0
59.0
59.0
60.0
61.0
61.0
61.0
60.0
58.0
56.0
53.0
50.0
48.0
46.0
45.0
44.0
44.0
43.0
43.0
42.0
42.0
41.0
41.0
40.0
40.0
39.0
39.0
39.0
40.0
41.0
42.0
45.0
48.0
49.0
50.0
51.0
51.0
51.0
50.0
50.0
49.0
49.0
49.0
49.0
49.0
50.0
50.0
50.0
51.0
51.0
52.0
53.0
54.0
55.0
56.0
57.0
58.0
58.0
59.0
59.0
60.0
60.0
61.0
63.0
65.0
67.0
69.0
70.0
71.0
72.0
72.0
70.0
68.0
65.0
63.0
61.0
61.0
61.0
61.0
61.0
61.0
61.0
61.0
60.0
60.0
60.0
60.0
60.0
60.0
60.0
61.0
61.0
61.0
61.0
62.0
62.0
62.0
63.0
63.0
63.0
63.0
64.0
64.0
65.0
65.0
66.0
66.0
67.0
67.0
67.0
67.0
68.0
68.0
67.0
67.0
67.0
66.0
66.0
65.0
65.0
64.0
64.0
64.0
64.0
64.0
62.0
60.0
56.0
51.0
46.0
42.0
37.0
33.0
30.0
28.0
27.0
26.0
27.0
30.0
33.0
38.0
42.0
47.0
52.0
56.0
60.0
62.0
62.0
60.0
57.0
51.0
44.0
36.0
30.0
30.0
34.0
40.0
49.0
57.0
60.0
59.0
56.0
50.0
44.0
39.0
36.0
34.0
33.0
33.0
33.0
32.0
31.0
31.0
30.0
29.0
29.0
28.0
26.0
23.0
23.0
23.0
23.0
23.0
30.0
30.0
30.0
30.0
30.0
31.0
33.0
34.0
32.0
29.0
26.0
13.0
0.0
0.0
0.0
0.0
0.0
2.0
10.0
19.0
26.0
29.0
29.0
29.0
28.0
26.0
25.0
25.0
26.0
27.0
27.0
28.0
29.0
30.0
30.0
31.0
32.0
33.0
33.0
32.0
31.0
30.0
30.0
29.0
29.0
29.0
29.0
30.0
30.0
30.0
31.0
30.0
30.0
30.0
29.0
27.0
25.0
23.0
21.0
23.0
33.0
42.0
47.0
49.0
50.0
51.0
52.0
47.0
47.0
47.0
47.0
47.0
47.0
47.0
47.0
47.0
47.0
47.0
47.0
47.0
47.0
47.0
42.0
42.0
43.0
45.0
47.0
50.0
52.0
52.0
51.0
48.0
44.0
40.0
37.0
35.0
33.0
33.0
33.0
32.0
32.0
32.0
33.0
33.0
33.0
33.0
33.0
33.0
33.0
32.0
31.0
30.0
30.0
29.0
30.0
30.0
31.0
32.0
32.0
32.0
32.0
32.0
31.0
31.0
30.0
30.0
30.0
29.0
28.0
26.0
25.0
24.0
23.0
23.0
22.0
21.0
21.0
20.0
19.0
18.0
16.0
15.0
15.0
16.0
17.0
18.0
20.0
21.0
23.0
24.0
25.0
26.0
26.0
27.0
28.0
29.0
30.0
30.0
30.0
30.0
30.0
30.0
30.0
30.0
30.0
30.0
31.0
31.0
31.0
31.0
31.0
30.0
30.0
30.0
29.0
30.0
30.0
31.0
28.0
20.0
11.0
3.0
3.0
3.0
2.0
2.0
1.0
1.0
1.0
0.0
0.0
1.0
1.0
1.0
16.0
26.0
32.0
39.0
45.0
52.0
58.0
63.0
67.0
69.0
69.0
67.0
64.0
60.0
55.0
49.0
44.0
39.0
35.0
31.0
28.0
26.0
25.0
24.0
24.0
24.0
24.0
23.0
22.0
20.0
19.0
17.0
16.0
14.0
13.0
11.0
9.0
7.0
5.0
3.0
2.0
0.0
0.0
1.0
3.0
0.0
0.0
0.0
0.0
0.0
0.0
0.0
0.0
0.0
0.0
0.0
0.0
0.0
0.0
0.0
0.0
0.0
0.0
0.0
0.0
0.0
0.0
0.0
0.0
0.0
0.0
0.0
0.0
0.0
0.0
0.0
0.0
0.0
0.0
0.0
0.0
0.0
0.0
0.0
0.0
0.0
0.0
0.0
0.0
0.0
0.0
0.0
0.0
0.0
0.0
0.0
0.0
0.0
0.0
0.0
0.0
0.0
0.0
0.0
0.0
0.0
0.0
0.0
0.0
0.0
0.0
0.0
0.0
0.0
0.0
0.0
0.0
0.0
0.0
0.0
0.0
0.0
0.0
0.0
0.0
0.0
0.0
0.0
0.0
0.0
0.0
0.0
0.0
0.0
0.0
0.0
0.0
0.0
0.0
0.0
0.0
0.0
0.0
0.0
0.0
0.0
0.0
0.0
0.0
0.0
0.0
0.0
0.0
0.0
0.0
0.0
0.0
0.0
0.0
0.0
0.0
0.0
0.0
0.0
0.0
0.0
0.0
0.0
0.0
0.0
0.0
0.0
0.0
0.0
0.0
0.0
0.0
0.0
0.0
0.0
0.0
0.0
0.0
0.0
0.0
0.0
0.0
0.0
0.0
0.0
0.0
0.0
0.0
0.0
0.0
0.0
0.0
0.0
0.0
0.0
0.0
0.0
0.0
0.0
0.0
0.0
0.0
0.0
0.0
0.0
0.0
0.0
0.0
0.0
0.0
0.0
0.0
0.0
0.0
0.0
0.0
0.0
0.0
0.0
0.0
0.0
0.0
0.0
0.0
0.0
0.0
0.0
0.0
0.0
0.0
0.0
0.0
0.0
0.0
0.0
0.0
0.0
0.0
0.0
0.0
0.0
0.0
0.0
0.0
0.0
0.0
0.0
0.0
0.0
0.0
0.0
0.0
0.0
0.0
0.0
0.0
0.0
0.0
0.0
0.0
0.0
0.0
0.0
0.0
0.0
0.0
0.0
0.0
0.0
0.0
0.0
0.0
0.0
0.0
0.0
0.0
0.0
0.0
0.0
0.0
0.0
0.0
0.0
0.0
0.0
0.0
0.0
0.0
0.0
0.0
0.0
0.0
0.0
0.0
0.0
0.0
0.0
0.0
0.0
0.0
0.0
0.0
0.0
0.0
0.0
0.0
0.0
0.0
0.0
0.0
0.0
0.0
0.0
0.0
0.0
0.0
0.0
0.0
0.0
0.0
0.0
0.0
0.0
0.0
0.0
0.0
0.0
0.0
0.0
0.0
0.0
0.0
0.0
0.0
0.0
0.0
0.0
0.0
0.0
0.0
0.0
0.0
0.0
0.0
0.0
0.0
0.0
0.0
0.0
0.0
0.0
0.0
0.0
0.0
0.0
0.0
0.0
0.0
0.0
0.0
0.0
0.0
0.0
0.0
0.0
0.0
0.0
0.0
0.0
0.0
0.0
0.0
0.0
0.0
0.0
0.0
0.0
0.0
0.0
0.0
0.0
0.0
0.0
0.0
0.0
0.0
0.0
0.0
0.0
0.0
0.0
0.0
0.0
0.0
0.0
0.0
0.0
0.0
0.0
0.0
0.0
0.0
0.0
0.0
0.0
0.0
0.0
0.0
0.0
0.0
0.0
0.0
0.0
0.0
0.0
0.0
0.0
0.0
0.0
0.0
0.0
0.0
0.0
0.0
0.0
0.0
0.0
0.0
0.0
0.0
0.0
0.0
0.0
0.0
0.0
0.0
0.0
0.0
0.0
0.0
0.0
0.0
0.0
0.0
0.0
0.0
0.0
0.0
0.0
0.0
0.0
0.0
0.0
0.0
0.0
0.0
0.0
0.0
0.0
0.0
0.0
0.0
0.0
0.0
0.0
0.0
0.0
0.0
0.0
0.0
0.0
0.0
0.0
0.0
0.0
0.0
0.0
0.0
0.0
0.0
0.0
0.0
0.0
0.0
0.0
0.0
0.0
0.0
0.0
0.0
0.0
0.0
0.0
0.0
0.0
0.0
0.0
0.0
0.0
0.0
0.0
0.0
0.0
0.0
0.0
0.0
0.0
0.0
0.0
0.0
0.0
0.0
0.0
0.0
0.0
0.0
0.0
0.0
0.0
0.0
0.0
0.0
0.0
0.0
0.0
0.0
0.0
0.0
0.0
0.0
0.0
0.0
0.0
0.0
0.0
0.0
0.0
0.0
0.0
0.0
0.0
0.0
0.0
0.0
0.0
0.0
0.0
0.0
0.0
0.0
0.0
0.0
0.0
0.0
0.0
0.0
0.0
0.0
0.0
0.0
0.0
0.0
0.0
0.0
0.0
0.0
0.0
0.0
0.0
0.0
0.0
0.0
0.0
0.0
0.0
0.0
0.0
0.0
0.0
0.0
0.0
0.0
0.0
0.0
0.0
0.0
0.0
0.0
0.0
0.0
0.0
0.0
0.0
0.0
0.0
0.0
0.0
0.0
0.0
0.0
0.0
0.0
0.0
0.0
0.0
0.0
0.0
0.0
0.0
0.0
0.0
0.0
0.0
0.0
0.0
0.0
0.0
0.0
0.0
0.0
0.0
0.0
0.0
0.0
0.0
0.0
0.0
0.0
0.0
0.0
0.0
0.0
0.0
0.0
0.0
0.0
0.0
0.0
0.0
0.0
0.0
0.0
0.0
0.0
0.0
0.0
0.0
0.0
0.0
0.0
0.0
0.0
0.0
0.0
0.0
0.0
0.0
0.0
0.0
0.0
0.0
0.0
0.0
0.0
0.0
0.0
0.0
0.0
0.0
0.0
0.0
0.0
0.0
0.0
0.0
0.0
0.0
0.0
0.0
0.0
0.0
0.0
0.0
0.0
0.0
0.0
0.0
0.0
0.0
0.0
0.0
0.0
0.0
0.0
0.0
0.0
0.0
0.0
0.0
0.0
0.0
0.0
0.0
