0.0
0.0
0.0
0.0
0.0
0.0
0.0
0.0
0.0
0.0
0.0
0.0
0.0
0.0
0.0
0.0
0.0
0.0
0.0
0.0
0.0
0.0
0.0
0.0
0.0
0.0
0.0
0.0
0.0
0.0
0.0
0.0
0.0
0.0
0.0
0.0
0.0
0.0
0.0
0.0
0.0
0.0
0.0
0.0
0.0
0.0
0.0
0.0
0.0
0.0
0.0
0.0
0.0
0.0
0.0
0.0
0.0
0.0
0.0
0.0
0.0
0.0
0.0
0.0
0.0
0.0
0.0
0.0
0.0
0.0
0.0
0.0
0.0
0.0
0.0
0.0
0.0
0.0
0.0
0.0
0.0
0.0
0.0
0.0
0.0
0.0
0.0
0.0
0.0
0.0
0.0
0.0
0.0
0.0
0.0
0.0
0.0
0.0
0.0
0.0
0.0
0.0
0.0
0.0
0.0
0.0
0.0
0.0
0.0
0.0
0.0
0.0
0.0
0.0
0.0
0.0
0.0
0.0
0.0
0.0
0.0
0.0
0.0
0.0
0.0
0.0
0.0
0.0
0.0
0.0
0.0
0.0
0.0
0.0
0.0
0.0
0.0
0.0
0.0
0.0
0.0
0.0
0.0
0.0
0.0
0.0
0.0
0.0
0.0
0.0
0.0
0.0
0.0
0.0
0.0
0.0
0.0
0.0
0.0
0.0
0.0
0.0
0.0
0.0
0.0
0.0
0.0
0.0
0.0
0.0
0.0
11.0
31.0
45.0
53.0
57.0
59.0
60.0
61.0
61.0
61.0
60.0
60.0
64.0
72.0
80.0
88.0
92.0
95.0
98.0
100.0
103.0
105.0
108.0
111.0
113.0
116.0
119.0
121.0
122.0
122.0
122.0
121.0
122.0
122.0
124.0
126.0
133.0
141.0
150.0
156.0
160.0
165.0
169.0
172.0
176.0
180.0
183.0
185.0
186.0
186.0
187.0
187.0
186.0
186.0
185.0
184.0
184.0
183.0
183.0
183.0
185.0
190.0
197.0
204.0
210.0
213.0
214.0
214.0
213.0
212.0
212.0
213.0
214.0
214.0
206.0
187.0
166.0
145.0
122.0
102.0
84.0
64.0
57.0
50.0
45.0
41.0
39.0
36.0
36.0
37.0
38.0
40.0
40.0
39.0
35.0
30.0
28.0
26.0
25.0
23.0
22.0
22.0
22.0
22.0
24.0
25.0
27.0
29.0
30.0
30.0
30.0
30.0
31.0
31.0
31.0
31.0
32.0
31.0
31.0
31.0
30.0
30.0
29.0
28.0
27.0
27.0
27.0
27.0
27.0
26.0
26.0
25.0
25.0
24.0
23.0
23.0
22.0
22.0
22.0
22.0
22.0
21.0
21.0
20.0
20.0
19.0
19.0
18.0
18.0
18.0
18.0
18.0
18.0
18.0
18.0
18.0
18.0
18.0
18.0
18.0
19.0
19.0
20.0
20.0
21.0
21.0
21.0
20.0
19.0
18.0
16.0
14.0
12.0
11.0
10.0
9.0
9.0
8.0
8.0
8.0
8.0
9.0
9.0
9.0
13.0
18.0
23.0
30.0
38.0
46.0
54.0
60.0
61.0
60.0
61.0
66.0
73.0
79.0
83.0
85.0
84.0
79.0
72.0
63.0
54.0
45.0
36.0
33.0
31.0
32.0
32.0
33.0
40.0
47.0
56.0
62.0
72.0
82.0
92.0
103.0
113.0
117.0
117.0
115.0
113.0
112.0
110.0
110.0
112.0
116.0
120.0
126.0
132.0
138.0
145.0
151.0
156.0
163.0
171.0
179.0
188.0
195.0
202.0
208.0
212.0
215.0
217.0
218.0
218.0
218.0
217.0
216.0
215.0
213.0
210.0
208.0
204.0
201.0
198.0
194.0
192.0
194.0
198.0
202.0
206.0
209.0
209.0
209.0
208.0
209.0
211.0
213.0
214.0
214.0
214.0
215.0
215.0
215.0
214.0
214.0
212.0
210.0
207.0
204.0
201.0
198.0
196.0
194.0
192.0
189.0
187.0
184.0
181.0
176.0
171.0
166.0
161.0
156.0
152.0
152.0
151.0
151.0
151.0
150.0
149.0
147.0
144.0
142.0
140.0
137.0
136.0
135.0
135.0
136.0
138.0
141.0
145.0
149.0
154.0
157.0
157.0
161.0
171.0
179.0
184.0
186.0
187.0
185.0
184.0
182.0
182.0
181.0
179.0
178.0
179.0
180.0
182.0
184.0
185.0
185.0
185.0
185.0
185.0
185.0
185.0
185.0
185.0
185.0
185.0
185.0
185.0
185.0
184.0
184.0
184.0
184.0
186.0
186.0
186.0
186.0
186.0
186.0
186.0
186.0
188.0
188.0
186.0
189.0
189.0
190.0
190.0
190.0
191.0
191.0
191.0
191.0
191.0
192.0
192.0
192.0
192.0
193.0
193.0
194.0
194.0
194.0
195.0
195.0
195.0
195.0
196.0
196.0
196.0
196.0
196.0
197.0
197.0
197.0
197.0
198.0
198.0
198.0
198.0
199.0
199.0
199.0
200.0
200.0
200.0
201.0
201.0
201.0
201.0
201.0
202.0
202.0
202.0
202.0
202.0
202.0
203.0
203.0
203.0
203.0
203.0
203.0
204.0
204.0
204.0
205.0
206.0
206.0
207.0
207.0
208.0
208.0
209.0
209.0
210.0
210.0
211.0
211.0
211.0
211.0
212.0
213.0
213.0
214.0
215.0
217.0
218.0
219.0
221.0
223.0
225.0
226.0
228.0
230.0
231.0
233.0
234.0
236.0
237.0
238.0
239.0
239.0
240.0
240.0
240.0
240.0
239.0
238.0
236.0
235.0
234.0
232.0
231.0
230.0
230.0
231.0
231.0
231.0
232.0
232.0
231.0
228.0
223.0
218.0
213.0
209.0
206.0
205.0
206.0
210.0
212.0
213.0
213.0
213.0
211.0
210.0
208.0
206.0
204.0
207.0
207.0
207.0
202.0
202.0
202.0
203.0
203.0
204.0
204.0
205.0
205.0
205.0
206.0
209.0
209.0
209.0
209.0
209.0
209.0
209.0
209.0
213.0
213.0
213.0
213.0
213.0
213.0
211.0
210.0
209.0
207.0
205.0
204.0
202.0
201.0
199.0
198.0
197.0
196.0
196.0
197.0
198.0
199.0
199.0
200.0
200.0
200.0
200.0
199.0
199.0
198.0
197.0
193.0
193.0
193.0
193.0
185.0
183.0
182.0
182.0
181.0
181.0
181.0
181.0
181.0
182.0
182.0
183.0
183.0
182.0
180.0
177.0
173.0
170.0
166.0
166.0
166.0
166.0
166.0
165.0
165.0
164.0
163.0
161.0
160.0
159.0
158.0
158.0
159.0
159.0
159.0
159.0
160.0
160.0
161.0
161.0
162.0
162.0
162.0
161.0
160.0
158.0
157.0
156.0
157.0
159.0
162.0
165.0
167.0
168.0
169.0
169.0
169.0
169.0
168.0
168.0
167.0
165.0
163.0
162.0
160.0
157.0
155.0
153.0
151.0
151.0
151.0
151.0
152.0
152.0
150.0
147.0
145.0
145.0
145.0
146.0
147.0
149.0
151.0
152.0
152.0
152.0
152.0
152.0
152.0
152.0
153.0
154.0
154.0
155.0
155.0
155.0
155.0
155.0
155.0
155.0
155.0
155.0
156.0
156.0
156.0
156.0
156.0
155.0
153.0
152.0
150.0
148.0
145.0
144.0
142.0
141.0
140.0
140.0
141.0
141.0
141.0
140.0
140.0
139.0
138.0
136.0
135.0
133.0
141.0
141.0
141.0
148.0
154.0
156.0
155.0
154.0
154.0
154.0
153.0
153.0
152.0
151.0
150.0
149.0
148.0
146.0
145.0
143.0
141.0
140.0
138.0
136.0
135.0
133.0
131.0
130.0
128.0
125.0
123.0
122.0
122.0
123.0
126.0
128.0
130.0
131.0
128.0
124.0
123.0
121.0
120.0
120.0
120.0
122.0
124.0
126.0
128.0
130.0
132.0
133.0
136.0
138.0
140.0
144.0
147.0
150.0
151.0
152.0
152.0
151.0
149.0
148.0
148.0
150.0
151.0
152.0
153.0
153.0
153.0
153.0
151.0
149.0
145.0
141.0
137.0
134.0
130.0
127.0
125.0
122.0
118.0
110.0
105.0
106.0
107.0
102.0
97.0
95.0
93.0
92.0
92.0
92.0
93.0
94.0
95.0
98.0
101.0
106.0
112.0
118.0
125.0
133.0
139.0
141.0
142.0
141.0
140.0
138.0
136.0
135.0
133.0
131.0
130.0
127.0
125.0
124.0
122.0
120.0
117.0
115.0
112.0
109.0
106.0
102.0
99.0
96.0
93.0
92.0
91.0
89.0
89.0
89.0
89.0
89.0
89.0
89.0
89.0
87.0
87.0
87.0
87.0
87.0
87.0
87.0
86.0
86.0
86.0
86.0
86.0
85.0
85.0
85.0
84.0
84.0
83.0
83.0
83.0
83.0
83.0
78.0
78.0
78.0
78.0
78.0
78.0
78.0
78.0
78.0
78.0
78.0
78.0
78.0
78.0
78.0
78.0
78.0
78.0
78.0
78.0
78.0
78.0
78.0
78.0
78.0
78.0
78.0
78.0
75.0
79.0
84.0
88.0
91.0
92.0
92.0
91.0
91.0
91.0
91.0
91.0
91.0
91.0
91.0
91.0
91.0
91.0
90.0
90.0
90.0
90.0
91.0
91.0
91.0
86.0
86.0
86.0
86.0
87.0
88.0
89.0
90.0
90.0
91.0
91.0
91.0
91.0
92.0
94.0
95.0
96.0
95.0
93.0
90.0
85.0
81.0
80.0
80.0
82.0
84.0
85.0
87.0
89.0
90.0
91.0
91.0
91.0
91.0
91.0
90.0
91.0
91.0
91.0
90.0
86.0
82.0
77.0
73.0
70.0
68.0
66.0
64.0
63.0
63.0
64.0
61.0
58.0
58.0
58.0
59.0
61.0
61.0
62.0
61.0
61.0
61.0
61.0
63.0
72.0
82.0
91.0
94.0
92.0
90.0
87.0
83.0
80.0
77.0
75.0
73.0
72.0
72.0
72.0
73.0
74.0
75.0
76.0
78.0
79.0
81.0
82.0
84.0
85.0
87.0
88.0
89.0
90.0
91.0
91.0
91.0
91.0
91.0
91.0
90.0
90.0
89.0
89.0
89.0
89.0
89.0
89.0
89.0
90.0
90.0
90.0
89.0
78.0
64.0
55.0
48.0
45.0
43.0
41.0
40.0
39.0
37.0
36.0
34.0
32.0
30.0
27.0
25.0
22.0
20.0
19.0
20.0
26.0
32.0
38.0
45.0
52.0
59.0
60.0
61.0
61.0
62.0
64.0
67.0
71.0
75.0
79.0
83.0
86.0
89.0
90.0
91.0
91.0
91.0
91.0
91.0
91.0
91.0
90.0
90.0
90.0
90.0
90.0
91.0
91.0
91.0
90.0
89.0
89.0
88.0
87.0
87.0
86.0
86.0
86.0
85.0
85.0
85.0
84.0
84.0
84.0
84.0
84.0
86.0
87.0
87.0
88.0
88.0
88.0
88.0
88.0
88.0
89.0
89.0
90.0
90.0
90.0
90.0
88.0
87.0
84.0
81.0
79.0
76.0
74.0
71.0
69.0
66.0
63.0
61.0
59.0
58.0
57.0
55.0
54.0
53.0
51.0
50.0
48.0
47.0
46.0
44.0
43.0
42.0
41.0
41.0
40.0
39.0
38.0
37.0
36.0
36.0
36.0
46.0
57.0
61.0
62.0
61.0
58.0
56.0
55.0
55.0
55.0
57.0
58.0
60.0
61.0
61.0
61.0
61.0
61.0
62.0
62.0
62.0
59.0
55.0
47.0
40.0
36.0
36.0
38.0
41.0
44.0
47.0
50.0
53.0
56.0
58.0
60.0
61.0
61.0
61.0
61.0
61.0
60.0
58.0
55.0
52.0
50.0
52.0
55.0
58.0
60.0
61.0
61.0
61.0
61.0
60.0
59.0
56.0
53.0
50.0
48.0
46.0
44.0
42.0
40.0
38.0
37.0
35.0
34.0
33.0
33.0
33.0
33.0
34.0
35.0
35.0
36.0
37.0
38.0
39.0
40.0
41.0
42.0
43.0
44.0
45.0
46.0
47.0
47.0
47.0
47.0
46.0
45.0
43.0
41.0
40.0
38.0
36.0
34.0
33.0
32.0
31.0
30.0
29.0
28.0
27.0
27.0
28.0
29.0
30.0
32.0
33.0
35.0
35.0
34.0
32.0
30.0
29.0
28.0
28.0
29.0
30.0
31.0
31.0
31.0
31.0
31.0
30.0
30.0
30.0
29.0
25.0
25.0
25.0
25.0
25.0
25.0
23.0
22.0
21.0
21.0
20.0
20.0
19.0
19.0
19.0
18.0
19.0
19.0
18.0
18.0
17.0
16.0
15.0
14.0
13.0
12.0
11.0
10.0
9.0
8.0
7.0
5.0
4.0
3.0
2.0
1.0
0.0
0.0
0.0
0.0
0.0
0.0
0.0
0.0
0.0
0.0
0.0
0.0
0.0
0.0
0.0
0.0
0.0
0.0
0.0
0.0
0.0
0.0
0.0
0.0
0.0
0.0
0.0
0.0
0.0
0.0
0.0
0.0
0.0
0.0
0.0
0.0
0.0
0.0
0.0
0.0
0.0
0.0
0.0
0.0
0.0
0.0
0.0
0.0
0.0
0.0
0.0
0.0
0.0
0.0
0.0
0.0
0.0
0.0
0.0
0.0
0.0
0.0
0.0
0.0
0.0
0.0
0.0
0.0
0.0
0.0
0.0
0.0
0.0
0.0
0.0
0.0
0.0
0.0
0.0
0.0
0.0
0.0
0.0
0.0
0.0
0.0
0.0
0.0
0.0
0.0
0.0
0.0
0.0
0.0
0.0
0.0
0.0
0.0
0.0
0.0
0.0
0.0
0.0
0.0
0.0
0.0
0.0
0.0
0.0
0.0
0.0
0.0
0.0
0.0
0.0
0.0
0.0
0.0
0.0
0.0
0.0
0.0
0.0
0.0
0.0
0.0
0.0
0.0
0.0
0.0
0.0
0.0
0.0
0.0
0.0
0.0
0.0
0.0
0.0
0.0
0.0
0.0
0.0
0.0
0.0
0.0
0.0
0.0
0.0
0.0
0.0
0.0
0.0
0.0
0.0
0.0
0.0
0.0
0.0
0.0
0.0
0.0
0.0
0.0
0.0
0.0
0.0
0.0
0.0
0.0
0.0
0.0
0.0
0.0
0.0
0.0
0.0
0.0
0.0
0.0
0.0
0.0
0.0
0.0
0.0
0.0
0.0
0.0
0.0
0.0
0.0
0.0
0.0
0.0
0.0
0.0
0.0
0.0
0.0
0.0
0.0
0.0
0.0
0.0
0.0
0.0
0.0
0.0
0.0
0.0
0.0
0.0
0.0
0.0
0.0
0.0
0.0
0.0
0.0
0.0
0.0
0.0
0.0
0.0
0.0
0.0
0.0
0.0
0.0
0.0
0.0
0.0
0.0
0.0
0.0
0.0
0.0
0.0
0.0
0.0
0.0
0.0
0.0
0.0
0.0
0.0
0.0
0.0
0.0
0.0
0.0
0.0
0.0
0.0
0.0
0.0
0.0
0.0
0.0
0.0
0.0
0.0
0.0
0.0
0.0
0.0
0.0
0.0
0.0
0.0
0.0
0.0
0.0
0.0
0.0
0.0
0.0
0.0
0.0
0.0
0.0
0.0
0.0
0.0
0.0
0.0
0.0
0.0
0.0
0.0
0.0
0.0
0.0
0.0
0.0
0.0
0.0
0.0
0.0
0.0
0.0
0.0
0.0
0.0
0.0
0.0
0.0
0.0
0.0
0.0
0.0
0.0
0.0
0.0
0.0
0.0
0.0
0.0
0.0
0.0
0.0
0.0
0.0
0.0
0.0
0.0
0.0
0.0
0.0
0.0
0.0
0.0
0.0
0.0
0.0
0.0
0.0
0.0
0.0
0.0
0.0
0.0
0.0
0.0
0.0
0.0
0.0
0.0
0.0
0.0
0.0
0.0
0.0
0.0
0.0
0.0
0.0
0.0
0.0
0.0
0.0
0.0
0.0
0.0
0.0
0.0
0.0
0.0
0.0
0.0
0.0
0.0
0.0
0.0
0.0
0.0
0.0
0.0
0.0
0.0
0.0
0.0
0.0
0.0
0.0
0.0
0.0
0.0
0.0
0.0
0.0
0.0
0.0
0.0
0.0
0.0
0.0
0.0
0.0
0.0
0.0
0.0
0.0
0.0
0.0
0.0
0.0
0.0
0.0
0.0
0.0
0.0
0.0
0.0
0.0
0.0
0.0
0.0
0.0
0.0
0.0
0.0
0.0
0.0
0.0
0.0
0.0
0.0
0.0
0.0
0.0
0.0
0.0
0.0
0.0
0.0
0.0
0.0
0.0
0.0
0.0
0.0
0.0
0.0
0.0
0.0
0.0
0.0
0.0
0.0
0.0
0.0
0.0
0.0
0.0
0.0
0.0
0.0
0.0
0.0
0.0
0.0
0.0
0.0
0.0
0.0
0.0
0.0
0.0
0.0
0.0
0.0
0.0
0.0
0.0
0.0
0.0
0.0
0.0
0.0
0.0
0.0
0.0
0.0
0.0
0.0
0.0
0.0
0.0
0.0
0.0
0.0
0.0
0.0
0.0
0.0
0.0
0.0
0.0
0.0
0.0
0.0
0.0
0.0
0.0
0.0
0.0
0.0
0.0
0.0
0.0
0.0
0.0
0.0
0.0
0.0
0.0
0.0
0.0
0.0
0.0
0.0
0.0
0.0
0.0
0.0
0.0
0.0
