0.0
0.0
0.0
0.0
0.0
0.0
0.0
0.0
0.0
0.0
0.0
0.0
0.0
0.0
0.0
0.0
0.0
0.0
0.0
0.0
0.0
0.0
0.0
0.0
0.0
0.0
0.0
0.0
0.0
0.0
0.0
0.0
0.0
0.0
0.0
0.0
0.0
0.0
0.0
0.0
0.0
0.0
0.0
0.0
0.0
0.0
0.0
0.0
0.0
0.0
0.0
0.0
0.0
0.0
0.0
0.0
0.0
0.0
57.0
115.0
125.0
120.0
112.0
102.0
92.0
80.0
66.0
49.0
27.0
0.0
0.0
0.0
0.0
0.0
0.0
0.0
0.0
0.0
0.0
0.0
0.0
0.0
0.0
0.0
0.0
0.0
0.0
0.0
0.0
0.0
0.0
0.0
0.0
0.0
0.0
0.0
0.0
0.0
0.0
0.0
0.0
0.0
0.0
0.0
0.0
0.0
0.0
0.0
0.0
0.0
0.0
0.0
0.0
0.0
0.0
0.0
0.0
0.0
0.0
0.0
0.0
0.0
0.0
0.0
0.0
0.0
0.0
0.0
0.0
0.0
0.0
0.0
0.0
0.0
0.0
0.0
0.0
0.0
0.0
0.0
0.0
0.0
0.0
0.0
0.0
0.0
0.0
0.0
0.0
0.0
0.0
0.0
10.0
23.0
30.0
34.0
34.0
32.0
30.0
33.0
40.0
47.0
55.0
63.0
70.0
73.0
70.0
59.0
54.0
55.0
64.0
84.0
104.0
118.0
119.0
115.0
97.0
96.0
97.0
108.0
115.0
132.0
145.0
152.0
157.0
158.0
156.0
155.0
157.0
157.0
160.0
164.0
168.0
173.0
178.0
183.0
188.0
193.0
198.0
203.0
206.0
209.0
211.0
212.0
213.0
213.0
211.0
208.0
205.0
203.0
202.0
201.0
201.0
201.0
202.0
204.0
206.0
207.0
209.0
212.0
212.0
207.0
200.0
190.0
176.0
151.0
120.0
94.0
84.0
72.0
64.0
58.0
50.0
42.0
34.0
29.0
26.0
25.0
24.0
24.0
24.0
26.0
28.0
29.0
30.0
30.0
29.0
26.0
22.0
18.0
14.0
16.0
18.0
20.0
22.0
23.0
24.0
24.0
23.0
21.0
19.0
16.0
14.0
11.0
9.0
7.0
5.0
4.0
3.0
2.0
1.0
1.0
3.0
5.0
8.0
12.0
17.0
22.0
26.0
28.0
26.0
22.0
18.0
14.0
11.0
9.0
9.0
9.0
9.0
9.0
9.0
9.0
9.0
9.0
9.0
9.0
8.0
8.0
8.0
8.0
8.0
8.0
8.0
8.0
8.0
8.0
8.0
8.0
8.0
8.0
8.0
9.0
10.0
11.0
13.0
14.0
15.0
15.0
16.0
16.0
17.0
19.0
21.0
22.0
24.0
25.0
26.0
27.0
28.0
28.0
29.0
30.0
30.0
31.0
32.0
33.0
34.0
34.0
35.0
35.0
35.0
35.0
35.0
35.0
34.0
32.0
29.0
25.0
20.0
14.0
5.0
6.0
8.0
13.0
18.0
23.0
27.0
28.0
28.0
27.0
26.0
25.0
24.0
25.0
27.0
30.0
33.0
37.0
41.0
45.0
50.0
54.0
59.0
63.0
67.0
74.0
81.0
88.0
93.0
97.0
102.0
108.0
114.0
120.0
124.0
127.0
131.0
137.0
144.0
153.0
163.0
173.0
182.0
188.0
191.0
192.0
192.0
191.0
190.0
190.0
189.0
189.0
189.0
188.0
187.0
186.0
185.0
185.0
184.0
182.0
179.0
175.0
171.0
165.0
153.0
127.0
87.0
53.0
58.0
85.0
121.0
154.0
176.0
183.0
190.0
195.0
200.0
204.0
208.0
212.0
216.0
219.0
221.0
223.0
224.0
224.0
224.0
223.0
223.0
223.0
223.0
223.0
222.0
222.0
221.0
220.0
219.0
218.0
216.0
214.0
213.0
212.0
209.0
209.0
209.0
209.0
209.0
209.0
209.0
209.0
209.0
209.0
211.0
212.0
211.0
211.0
210.0
210.0
209.0
208.0
207.0
207.0
207.0
207.0
207.0
207.0
207.0
207.0
207.0
207.0
207.0
207.0
203.0
202.0
202.0
201.0
201.0
201.0
201.0
202.0
202.0
202.0
202.0
202.0
202.0
201.0
200.0
199.0
198.0
197.0
196.0
194.0
193.0
192.0
192.0
192.0
191.0
191.0
190.0
189.0
188.0
187.0
187.0
189.0
191.0
194.0
197.0
200.0
204.0
208.0
213.0
219.0
225.0
231.0
236.0
240.0
242.0
244.0
246.0
247.0
247.0
247.0
247.0
247.0
247.0
246.0
245.0
244.0
243.0
242.0
240.0
238.0
237.0
236.0
235.0
233.0
232.0
231.0
230.0
229.0
227.0
226.0
224.0
222.0
220.0
218.0
216.0
214.0
213.0
212.0
213.0
212.0
211.0
210.0
209.0
207.0
205.0
204.0
202.0
201.0
201.0
202.0
206.0
216.0
240.0
249.0
249.0
245.0
237.0
227.0
218.0
212.0
209.0
209.0
209.0
210.0
211.0
212.0
212.0
212.0
213.0
213.0
213.0
213.0
213.0
213.0
212.0
212.0
211.0
210.0
209.0
208.0
207.0
206.0
205.0
204.0
203.0
204.0
204.0
206.0
207.0
209.0
211.0
213.0
213.0
213.0
213.0
212.0
211.0
210.0
209.0
208.0
208.0
208.0
208.0
208.0
207.0
207.0
207.0
206.0
205.0
204.0
203.0
202.0
201.0
199.0
198.0
197.0
196.0
196.0
196.0
196.0
197.0
197.0
198.0
199.0
199.0
200.0
201.0
202.0
203.0
204.0
204.0
205.0
204.0
204.0
203.0
203.0
202.0
202.0
202.0
202.0
203.0
205.0
207.0
208.0
210.0
210.0
209.0
206.0
202.0
198.0
195.0
192.0
190.0
189.0
189.0
189.0
190.0
191.0
193.0
194.0
195.0
196.0
198.0
200.0
201.0
203.0
205.0
206.0
208.0
209.0
210.0
210.0
208.0
204.0
198.0
192.0
186.0
179.0
173.0
168.0
162.0
158.0
155.0
155.0
155.0
155.0
156.0
159.0
163.0
167.0
171.0
175.0
178.0
180.0
182.0
186.0
194.0
200.0
205.0
207.0
207.0
206.0
204.0
201.0
198.0
195.0
193.0
192.0
191.0
191.0
190.0
190.0
189.0
188.0
187.0
186.0
185.0
184.0
183.0
181.0
179.0
177.0
174.0
169.0
164.0
159.0
154.0
150.0
146.0
144.0
142.0
140.0
138.0
136.0
133.0
131.0
129.0
127.0
126.0
124.0
122.0
121.0
119.0
120.0
120.0
120.0
121.0
122.0
122.0
122.0
121.0
118.0
115.0
115.0
115.0
115.0
115.0
115.0
115.0
115.0
115.0
114.0
113.0
111.0
110.0
109.0
108.0
108.0
108.0
108.0
108.0
107.0
108.0
109.0
109.0
110.0
110.0
110.0
110.0
110.0
110.0
111.0
111.0
112.0
113.0
114.0
115.0
117.0
117.0
118.0
117.0
117.0
117.0
117.0
117.0
118.0
118.0
118.0
119.0
119.0
118.0
118.0
117.0
117.0
116.0
116.0
117.0
117.0
117.0
116.0
114.0
111.0
107.0
103.0
99.0
96.0
96.0
97.0
96.0
96.0
96.0
96.0
96.0
96.0
96.0
100.0
104.0
108.0
111.0
114.0
116.0
116.0
115.0
113.0
111.0
109.0
106.0
103.0
100.0
97.0
94.0
92.0
90.0
88.0
86.0
84.0
83.0
83.0
83.0
82.0
84.0
86.0
88.0
91.0
94.0
98.0
103.0
107.0
110.0
112.0
114.0
115.0
116.0
117.0
118.0
119.0
119.0
119.0
120.0
121.0
122.0
123.0
124.0
125.0
126.0
127.0
128.0
128.0
129.0
129.0
130.0
130.0
131.0
131.0
132.0
132.0
133.0
134.0
135.0
135.0
136.0
136.0
137.0
138.0
139.0
140.0
141.0
142.0
143.0
144.0
145.0
145.0
146.0
147.0
148.0
149.0
150.0
151.0
151.0
152.0
153.0
154.0
155.0
155.0
156.0
157.0
158.0
158.0
159.0
159.0
160.0
160.0
159.0
159.0
158.0
156.0
154.0
152.0
148.0
145.0
141.0
137.0
132.0
128.0
125.0
122.0
120.0
119.0
119.0
120.0
121.0
121.0
119.0
115.0
109.0
103.0
98.0
93.0
91.0
90.0
89.0
89.0
89.0
90.0
91.0
91.0
92.0
92.0
92.0
92.0
93.0
95.0
96.0
98.0
100.0
102.0
104.0
105.0
105.0
105.0
104.0
102.0
100.0
97.0
95.0
93.0
91.0
91.0
91.0
91.0
92.0
93.0
95.0
95.0
95.0
94.0
94.0
93.0
92.0
90.0
89.0
87.0
85.0
82.0
80.0
77.0
74.0
71.0
68.0
66.0
64.0
62.0
62.0
63.0
63.0
64.0
65.0
66.0
67.0
68.0
70.0
71.0
72.0
74.0
75.0
75.0
75.0
74.0
73.0
71.0
70.0
68.0
67.0
65.0
63.0
62.0
61.0
60.0
60.0
60.0
60.0
60.0
59.0
59.0
59.0
59.0
60.0
61.0
61.0
61.0
61.0
61.0
61.0
61.0
61.0
61.0
61.0
61.0
61.0
61.0
61.0
62.0
64.0
64.0
65.0
64.0
64.0
64.0
65.0
70.0
79.0
89.0
89.0
81.0
64.0
54.0
50.0
51.0
56.0
64.0
80.0
89.0
93.0
94.0
98.0
97.0
87.0
64.0
55.0
55.0
55.0
55.0
55.0
61.0
65.0
69.0
71.0
72.0
72.0
69.0
65.0
61.0
59.0
60.0
61.0
63.0
66.0
70.0
74.0
78.0
82.0
85.0
88.0
90.0
91.0
91.0
90.0
91.0
91.0
91.0
90.0
90.0
89.0
89.0
89.0
89.0
89.0
89.0
89.0
88.0
89.0
90.0
91.0
91.0
91.0
90.0
89.0
88.0
88.0
86.0
86.0
86.0
86.0
86.0
86.0
86.0
89.0
90.0
91.0
91.0
91.0
90.0
87.0
87.0
88.0
87.0
86.0
84.0
84.0
85.0
87.0
87.0
83.0
78.0
73.0
69.0
66.0
63.0
61.0
59.0
58.0
56.0
55.0
54.0
53.0
52.0
50.0
48.0
45.0
42.0
38.0
35.0
32.0
31.0
30.0
29.0
29.0
29.0
30.0
30.0
30.0
30.0
30.0
29.0
27.0
25.0
23.0
21.0
18.0
17.0
15.0
14.0
15.0
16.0
17.0
18.0
19.0
20.0
21.0
22.0
23.0
24.0
24.0
24.0
25.0
25.0
25.0
25.0
25.0
25.0
25.0
25.0
25.0
25.0
26.0
26.0
26.0
26.0
26.0
26.0
26.0
27.0
27.0
28.0
28.0
29.0
30.0
32.0
32.0
33.0
33.0
32.0
31.0
31.0
34.0
38.0
42.0
45.0
49.0
53.0
56.0
58.0
61.0
63.0
66.0
68.0
70.0
72.0
73.0
74.0
74.0
73.0
72.0
70.0
68.0
66.0
63.0
60.0
56.0
53.0
52.0
55.0
57.0
59.0
62.0
64.0
67.0
69.0
71.0
73.0
74.0
75.0
76.0
76.0
77.0
78.0
80.0
82.0
84.0
86.0
87.0
85.0
81.0
75.0
69.0
64.0
61.0
60.0
59.0
57.0
54.0
51.0
46.0
39.0
35.0
32.0
32.0
31.0
30.0
29.0
29.0
29.0
31.0
31.0
30.0
31.0
31.0
30.0
28.0
26.0
26.0
27.0
27.0
28.0
27.0
27.0
26.0
25.0
24.0
23.0
22.0
21.0
19.0
21.0
23.0
23.0
23.0
23.0
22.0
21.0
20.0
19.0
18.0
17.0
17.0
16.0
14.0
13.0
11.0
9.0
8.0
6.0
5.0
4.0
3.0
8.0
17.0
26.0
33.0
41.0
48.0
52.0
55.0
56.0
55.0
54.0
53.0
52.0
50.0
50.0
50.0
51.0
53.0
56.0
59.0
60.0
61.0
60.0
57.0
52.0
46.0
41.0
36.0
33.0
30.0
29.0
27.0
26.0
26.0
26.0
25.0
24.0
23.0
22.0
20.0
19.0
17.0
16.0
14.0
13.0
11.0
10.0
8.0
7.0
6.0
5.0
4.0
3.0
2.0
1.0
0.0
0.0
0.0
0.0
0.0
0.0
0.0
0.0
0.0
0.0
0.0
0.0
0.0
0.0
0.0
0.0
0.0
0.0
0.0
0.0
0.0
0.0
0.0
0.0
0.0
0.0
0.0
0.0
0.0
0.0
0.0
0.0
0.0
0.0
0.0
0.0
0.0
0.0
0.0
0.0
0.0
0.0
0.0
0.0
0.0
0.0
0.0
0.0
0.0
0.0
0.0
0.0
0.0
0.0
0.0
0.0
0.0
0.0
0.0
0.0
0.0
0.0
0.0
0.0
0.0
0.0
0.0
0.0
0.0
0.0
0.0
0.0
0.0
0.0
0.0
0.0
0.0
0.0
0.0
0.0
0.0
0.0
0.0
0.0
0.0
0.0
0.0
0.0
0.0
0.0
0.0
0.0
0.0
0.0
0.0
0.0
0.0
0.0
0.0
0.0
0.0
0.0
0.0
0.0
0.0
0.0
0.0
0.0
0.0
0.0
0.0
0.0
0.0
0.0
0.0
0.0
0.0
0.0
0.0
0.0
0.0
0.0
0.0
0.0
0.0
0.0
0.0
0.0
0.0
0.0
0.0
0.0
0.0
0.0
0.0
0.0
0.0
0.0
0.0
0.0
0.0
0.0
0.0
0.0
0.0
0.0
0.0
0.0
0.0
0.0
0.0
0.0
0.0
0.0
0.0
0.0
0.0
0.0
0.0
0.0
0.0
0.0
0.0
0.0
0.0
0.0
0.0
0.0
0.0
0.0
0.0
0.0
0.0
0.0
0.0
0.0
0.0
0.0
0.0
0.0
0.0
0.0
0.0
0.0
0.0
0.0
0.0
0.0
0.0
0.0
0.0
0.0
0.0
0.0
0.0
0.0
0.0
0.0
0.0
0.0
0.0
0.0
0.0
0.0
0.0
0.0
0.0
0.0
0.0
0.0
0.0
0.0
0.0
0.0
0.0
0.0
0.0
0.0
0.0
0.0
0.0
0.0
0.0
0.0
0.0
0.0
0.0
0.0
0.0
0.0
0.0
0.0
0.0
0.0
0.0
0.0
0.0
0.0
0.0
0.0
0.0
0.0
0.0
0.0
0.0
0.0
0.0
0.0
0.0
0.0
0.0
0.0
0.0
0.0
0.0
0.0
0.0
0.0
0.0
0.0
0.0
0.0
0.0
0.0
0.0
0.0
0.0
0.0
0.0
0.0
0.0
0.0
0.0
0.0
0.0
0.0
0.0
0.0
0.0
0.0
0.0
0.0
0.0
0.0
0.0
0.0
0.0
0.0
0.0
0.0
0.0
0.0
0.0
0.0
0.0
0.0
0.0
0.0
0.0
0.0
0.0
0.0
0.0
0.0
0.0
0.0
0.0
0.0
0.0
0.0
0.0
0.0
0.0
0.0
0.0
0.0
0.0
0.0
0.0
0.0
0.0
0.0
0.0
0.0
0.0
0.0
0.0
0.0
0.0
0.0
0.0
0.0
0.0
0.0
0.0
0.0
0.0
0.0
0.0
0.0
0.0
0.0
0.0
0.0
0.0
0.0
0.0
0.0
0.0
0.0
0.0
0.0
0.0
0.0
0.0
0.0
0.0
0.0
0.0
0.0
0.0
0.0
0.0
0.0
0.0
0.0
0.0
0.0
0.0
0.0
0.0
0.0
0.0
0.0
0.0
0.0
0.0
0.0
0.0
0.0
0.0
0.0
0.0
0.0
0.0
0.0
0.0
0.0
0.0
0.0
0.0
0.0
0.0
0.0
0.0
0.0
0.0
0.0
0.0
0.0
0.0
0.0
0.0
0.0
0.0
0.0
0.0
0.0
0.0
0.0
0.0
0.0
0.0
0.0
0.0
0.0
0.0
0.0
0.0
0.0
0.0
0.0
0.0
0.0
0.0
0.0
0.0
0.0
0.0
0.0
0.0
0.0
0.0
0.0
0.0
0.0
0.0
0.0
0.0
0.0
0.0
0.0
0.0
0.0
0.0
0.0
0.0
0.0
0.0
0.0
0.0
0.0
0.0
0.0
0.0
0.0
0.0
0.0
0.0
0.0
0.0
0.0
0.0
0.0
0.0
0.0
0.0
0.0
0.0
0.0
0.0
0.0
0.0
0.0
0.0
0.0
0.0
0.0
0.0
0.0
0.0
0.0
0.0
0.0
0.0
0.0
0.0
0.0
0.0
0.0
0.0
0.0
0.0
0.0
0.0
0.0
0.0
0.0
0.0
0.0
0.0
0.0
0.0
0.0
0.0
0.0
0.0
0.0
0.0
0.0
0.0
0.0
0.0
0.0
0.0
0.0
0.0
0.0
0.0
0.0
0.0
0.0
0.0
0.0
0.0
0.0
0.0
0.0
0.0
0.0
0.0
0.0
0.0
0.0
0.0
0.0
0.0
0.0
0.0
0.0
0.0
0.0
0.0
0.0
0.0
0.0
0.0
0.0
0.0
0.0
0.0
0.0
0.0
0.0
0.0
0.0
0.0
0.0
0.0
0.0
0.0
0.0
0.0
0.0
0.0
0.0
0.0
0.0
0.0
0.0
0.0
0.0
0.0
0.0
0.0
0.0
0.0
0.0
