0.0
0.0
0.0
0.0
0.0
0.0
0.0
0.0
0.0
0.0
0.0
0.0
0.0
0.0
0.0
0.0
0.0
0.0
0.0
0.0
0.0
0.0
0.0
0.0
0.0
0.0
0.0
0.0
0.0
0.0
0.0
0.0
0.0
0.0
0.0
0.0
0.0
0.0
0.0
0.0
0.0
0.0
0.0
0.0
0.0
0.0
0.0
0.0
0.0
0.0
0.0
0.0
0.0
0.0
0.0
0.0
0.0
0.0
0.0
0.0
0.0
0.0
0.0
0.0
0.0
0.0
0.0
0.0
0.0
0.0
0.0
0.0
0.0
0.0
0.0
0.0
0.0
0.0
0.0
0.0
0.0
0.0
0.0
0.0
0.0
0.0
0.0
0.0
0.0
0.0
0.0
0.0
0.0
0.0
0.0
0.0
0.0
0.0
0.0
0.0
0.0
0.0
0.0
0.0
0.0
0.0
0.0
0.0
0.0
0.0
0.0
0.0
0.0
0.0
0.0
0.0
0.0
0.0
0.0
0.0
0.0
0.0
0.0
0.0
0.0
0.0
0.0
0.0
0.0
0.0
0.0
0.0
0.0
0.0
0.0
0.0
0.0
0.0
0.0
0.0
0.0
0.0
0.0
0.0
0.0
0.0
0.0
0.0
0.0
0.0
0.0
0.0
0.0
0.0
0.0
0.0
0.0
0.0
0.0
0.0
0.0
0.0
0.0
0.0
0.0
0.0
0.0
0.0
0.0
0.0
0.0
0.0
0.0
0.0
0.0
0.0
0.0
0.0
0.0
0.0
0.0
0.0
0.0
0.0
0.0
13.0
24.0
33.0
40.0
44.0
48.0
57.0
63.0
66.0
69.0
72.0
73.0
74.0
75.0
74.0
74.0
73.0
73.0
73.0
75.0
82.0
89.0
93.0
97.0
101.0
105.0
108.0
112.0
115.0
117.0
118.0
119.0
121.0
124.0
127.0
131.0
134.0
135.0
135.0
134.0
132.0
131.0
131.0
133.0
137.0
144.0
148.0
150.0
149.0
149.0
151.0
154.0
156.0
157.0
157.0
159.0
161.0
164.0
167.0
171.0
174.0
180.0
183.0
184.0
185.0
186.0
186.0
186.0
185.0
185.0
185.0
186.0
185.0
182.0
176.0
168.0
158.0
145.0
124.0
103.0
89.0
80.0
72.0
65.0
60.0
55.0
50.0
46.0
43.0
40.0
37.0
34.0
32.0
30.0
30.0
30.0
29.0
29.0
30.0
30.0
30.0
30.0
30.0
30.0
30.0
29.0
29.0
29.0
28.0
27.0
27.0
27.0
27.0
27.0
27.0
28.0
28.0
29.0
29.0
29.0
30.0
30.0
30.0
30.0
30.0
30.0
29.0
30.0
29.0
29.0
28.0
28.0
27.0
27.0
26.0
25.0
25.0
25.0
25.0
25.0
24.0
23.0
22.0
21.0
20.0
19.0
18.0
18.0
18.0
18.0
19.0
21.0
23.0
26.0
28.0
29.0
28.0
24.0
21.0
17.0
15.0
13.0
12.0
11.0
12.0
12.0
12.0
12.0
13.0
14.0
14.0
14.0
15.0
17.0
21.0
24.0
27.0
29.0
30.0
30.0
29.0
30.0
33.0
37.0
42.0
46.0
51.0
55.0
59.0
61.0
61.0
61.0
61.0
61.0
60.0
57.0
54.0
51.0
50.0
68.0
86.0
101.0
114.0
125.0
137.0
149.0
160.0
170.0
179.0
184.0
185.0
187.0
189.0
191.0
188.0
176.0
150.0
126.0
111.0
118.0
134.0
145.0
153.0
156.0
155.0
152.0
152.0
156.0
161.0
168.0
175.0
181.0
187.0
194.0
200.0
205.0
208.0
209.0
210.0
210.0
209.0
208.0
207.0
206.0
206.0
206.0
206.0
206.0
206.0
206.0
207.0
207.0
208.0
210.0
211.0
212.0
211.0
210.0
208.0
205.0
202.0
199.0
196.0
192.0
189.0
187.0
185.0
183.0
182.0
182.0
182.0
183.0
184.0
184.0
183.0
182.0
179.0
175.0
170.0
166.0
183.0
183.0
183.0
183.0
183.0
183.0
183.0
183.0
183.0
183.0
183.0
183.0
183.0
183.0
183.0
183.0
183.0
183.0
183.0
183.0
183.0
183.0
183.0
183.0
183.0
183.0
183.0
183.0
183.0
183.0
183.0
183.0
183.0
183.0
183.0
183.0
183.0
183.0
183.0
183.0
183.0
183.0
183.0
188.0
192.0
197.0
202.0
207.0
212.0
218.0
222.0
227.0
232.0
236.0
240.0
243.0
245.0
245.0
244.0
243.0
242.0
242.0
242.0
242.0
242.0
243.0
244.0
245.0
246.0
247.0
247.0
248.0
248.0
248.0
247.0
247.0
245.0
244.0
241.0
239.0
236.0
233.0
230.0
227.0
224.0
221.0
219.0
217.0
216.0
215.0
214.0
213.0
213.0
213.0
213.0
214.0
215.0
216.0
218.0
220.0
222.0
225.0
228.0
231.0
234.0
236.0
239.0
242.0
244.0
245.0
246.0
246.0
245.0
244.0
241.0
239.0
236.0
234.0
231.0
228.0
226.0
224.0
222.0
221.0
220.0
220.0
219.0
220.0
220.0
221.0
222.0
222.0
223.0
224.0
225.0
226.0
227.0
227.0
228.0
228.0
229.0
229.0
229.0
229.0
229.0
229.0
229.0
229.0
230.0
230.0
230.0
231.0
231.0
232.0
233.0
234.0
236.0
237.0
239.0
240.0
241.0
241.0
242.0
242.0
242.0
242.0
242.0
243.0
243.0
243.0
243.0
243.0
243.0
237.0
237.0
237.0
237.0
237.0
237.0
237.0
237.0
237.0
237.0
237.0
237.0
237.0
237.0
237.0
237.0
237.0
237.0
237.0
237.0
237.0
237.0
237.0
237.0
237.0
237.0
237.0
237.0
237.0
237.0
237.0
237.0
237.0
237.0
237.0
237.0
237.0
238.0
236.0
235.0
235.0
235.0
236.0
239.0
242.0
244.0
246.0
247.0
247.0
246.0
245.0
243.0
241.0
239.0
237.0
235.0
232.0
230.0
228.0
226.0
225.0
224.0
223.0
222.0
222.0
221.0
221.0
221.0
220.0
219.0
218.0
217.0
216.0
214.0
213.0
212.0
210.0
208.0
205.0
202.0
200.0
197.0
194.0
193.0
193.0
193.0
192.0
192.0
191.0
191.0
191.0
190.0
190.0
191.0
191.0
191.0
191.0
192.0
192.0
193.0
193.0
193.0
193.0
193.0
193.0
192.0
192.0
191.0
191.0
190.0
190.0
189.0
189.0
188.0
188.0
188.0
187.0
186.0
186.0
185.0
185.0
184.0
184.0
183.0
183.0
183.0
183.0
183.0
183.0
183.0
183.0
183.0
183.0
183.0
183.0
183.0
183.0
183.0
183.0
183.0
183.0
183.0
183.0
183.0
184.0
184.0
184.0
184.0
185.0
185.0
186.0
186.0
187.0
187.0
188.0
189.0
189.0
190.0
191.0
192.0
193.0
194.0
195.0
196.0
198.0
199.0
199.0
200.0
199.0
198.0
196.0
194.0
193.0
191.0
190.0
190.0
189.0
189.0
188.0
187.0
187.0
186.0
186.0
185.0
185.0
184.0
184.0
184.0
184.0
184.0
184.0
184.0
184.0
184.0
184.0
184.0
184.0
184.0
184.0
184.0
184.0
184.0
184.0
184.0
184.0
184.0
183.0
183.0
183.0
183.0
183.0
183.0
182.0
182.0
182.0
183.0
183.0
183.0
183.0
183.0
182.0
181.0
179.0
178.0
177.0
176.0
175.0
175.0
174.0
174.0
173.0
173.0
173.0
173.0
173.0
173.0
173.0
173.0
173.0
172.0
170.0
169.0
167.0
165.0
164.0
162.0
161.0
159.0
158.0
157.0
156.0
155.0
153.0
152.0
150.0
149.0
149.0
150.0
151.0
153.0
153.0
154.0
155.0
156.0
159.0
162.0
168.0
174.0
179.0
183.0
185.0
185.0
185.0
185.0
184.0
182.0
181.0
178.0
175.0
171.0
168.0
163.0
159.0
154.0
151.0
150.0
151.0
152.0
155.0
157.0
158.0
159.0
160.0
160.0
160.0
159.0
158.0
156.0
153.0
150.0
147.0
143.0
139.0
136.0
133.0
132.0
131.0
131.0
131.0
131.0
130.0
129.0
127.0
125.0
122.0
118.0
114.0
109.0
104.0
98.0
93.0
90.0
87.0
87.0
87.0
87.0
87.0
87.0
87.0
91.0
91.0
91.0
91.0
92.0
92.0
92.0
92.0
91.0
91.0
91.0
91.0
90.0
90.0
90.0
87.0
87.0
87.0
87.0
87.0
90.0
91.0
92.0
94.0
96.0
98.0
101.0
104.0
107.0
111.0
114.0
116.0
117.0
116.0
113.0
108.0
102.0
97.0
88.0
88.0
88.0
88.0
88.0
88.0
88.0
88.0
88.0
88.0
88.0
88.0
88.0
88.0
88.0
88.0
88.0
88.0
88.0
88.0
88.0
88.0
88.0
88.0
88.0
88.0
86.0
86.0
86.0
87.0
89.0
90.0
91.0
90.0
89.0
86.0
88.0
88.0
88.0
88.0
88.0
87.0
86.0
86.0
86.0
86.0
86.0
86.0
86.0
86.0
86.0
86.0
86.0
86.0
86.0
86.0
87.0
86.0
87.0
87.0
86.0
86.0
86.0
86.0
86.0
86.0
86.0
86.0
87.0
88.0
89.0
91.0
93.0
94.0
94.0
93.0
92.0
92.0
93.0
94.0
94.0
94.0
93.0
92.0
90.0
88.0
86.0
84.0
82.0
81.0
80.0
80.0
81.0
83.0
85.0
87.0
87.0
84.0
81.0
79.0
79.0
83.0
86.0
90.0
91.0
91.0
89.0
88.0
87.0
85.0
83.0
80.0
76.0
73.0
70.0
68.0
66.0
65.0
64.0
62.0
61.0
57.0
52.0
47.0
45.0
48.0
50.0
51.0
51.0
52.0
54.0
57.0
60.0
62.0
64.0
64.0
64.0
64.0
62.0
61.0
61.0
60.0
61.0
61.0
59.0
54.0
49.0
44.0
39.0
34.0
30.0
29.0
27.0
28.0
30.0
30.0
30.0
31.0
31.0
32.0
33.0
33.0
33.0
33.0
25.0
22.0
23.0
25.0
27.0
29.0
32.0
36.0
40.0
45.0
49.0
53.0
56.0
59.0
61.0
62.0
61.0
60.0
56.0
53.0
50.0
49.0
49.0
49.0
49.0
48.0
53.0
56.0
60.0
62.0
66.0
68.0
70.0
72.0
73.0
74.0
75.0
77.0
79.0
82.0
85.0
88.0
90.0
91.0
92.0
91.0
91.0
90.0
89.0
87.0
85.0
83.0
80.0
77.0
75.0
72.0
70.0
67.0
65.0
69.0
69.0
62.0
61.0
69.0
69.0
69.0
61.0
61.0
61.0
61.0
61.0
60.0
60.0
60.0
60.0
60.0
60.0
61.0
60.0
60.0
54.0
54.0
54.0
54.0
54.0
54.0
54.0
54.0
54.0
54.0
54.0
54.0
54.0
54.0
59.0
54.0
54.0
54.0
54.0
54.0
54.0
54.0
54.0
54.0
54.0
54.0
54.0
54.0
54.0
54.0
49.0
60.0
67.0
72.0
76.0
79.0
83.0
86.0
90.0
94.0
97.0
97.0
94.0
87.0
72.0
62.0
59.0
60.0
62.0
63.0
65.0
66.0
66.0
63.0
61.0
60.0
60.0
60.0
60.0
61.0
60.0
60.0
60.0
60.0
59.0
52.0
52.0
52.0
52.0
60.0
60.0
60.0
60.0
61.0
61.0
60.0
59.0
58.0
56.0
55.0
55.0
52.0
52.0
52.0
52.0
52.0
59.0
64.0
69.0
73.0
73.0
70.0
64.0
61.0
60.0
60.0
60.0
60.0
60.0
60.0
60.0
60.0
60.0
60.0
60.0
60.0
60.0
60.0
60.0
60.0
60.0
61.0
61.0
61.0
61.0
62.0
62.0
62.0
62.0
62.0
62.0
63.0
63.0
64.0
65.0
66.0
68.0
69.0
71.0
72.0
72.0
72.0
70.0
69.0
67.0
66.0
66.0
66.0
66.0
66.0
65.0
65.0
64.0
63.0
62.0
60.0
59.0
57.0
50.0
43.0
36.0
31.0
30.0
29.0
28.0
28.0
28.0
28.0
28.0
28.0
28.0
28.0
28.0
28.0
28.0
26.0
26.0
26.0
26.0
25.0
26.0
27.0
29.0
33.0
44.0
54.0
61.0
65.0
59.0
47.0
33.0
27.0
23.0
23.0
23.0
23.0
23.0
26.0
28.0
29.0
30.0
31.0
32.0
32.0
31.0
31.0
31.0
31.0
31.0
30.0
28.0
26.0
23.0
21.0
19.0
16.0
14.0
12.0
10.0
8.0
7.0
6.0
4.0
3.0
1.0
0.0
0.0
0.0
0.0
0.0
0.0
0.0
0.0
0.0
0.0
0.0
0.0
0.0
0.0
0.0
0.0
0.0
0.0
0.0
0.0
0.0
0.0
0.0
0.0
0.0
0.0
0.0
0.0
0.0
0.0
0.0
0.0
0.0
0.0
0.0
0.0
0.0
0.0
0.0
0.0
0.0
0.0
0.0
0.0
0.0
0.0
0.0
0.0
0.0
0.0
0.0
0.0
0.0
0.0
1.0
1.0
2.0
2.0
2.0
2.0
2.0
2.0
1.0
1.0
0.0
0.0
0.0
0.0
0.0
0.0
0.0
0.0
0.0
0.0
0.0
0.0
0.0
0.0
0.0
0.0
0.0
0.0
0.0
0.0
0.0
0.0
0.0
0.0
0.0
0.0
0.0
0.0
0.0
0.0
0.0
0.0
0.0
0.0
0.0
0.0
0.0
0.0
0.0
0.0
0.0
0.0
0.0
0.0
0.0
0.0
0.0
0.0
0.0
0.0
0.0
0.0
0.0
0.0
0.0
0.0
0.0
0.0
0.0
0.0
0.0
0.0
0.0
0.0
0.0
0.0
0.0
0.0
0.0
0.0
0.0
0.0
0.0
0.0
0.0
0.0
0.0
0.0
0.0
0.0
0.0
0.0
0.0
0.0
0.0
0.0
0.0
0.0
0.0
0.0
0.0
0.0
0.0
0.0
0.0
0.0
0.0
0.0
0.0
0.0
0.0
0.0
0.0
0.0
0.0
0.0
0.0
0.0
0.0
0.0
0.0
0.0
0.0
0.0
0.0
0.0
0.0
0.0
0.0
0.0
0.0
0.0
0.0
0.0
0.0
0.0
0.0
0.0
0.0
0.0
0.0
0.0
0.0
0.0
0.0
0.0
0.0
0.0
0.0
0.0
0.0
0.0
0.0
0.0
0.0
0.0
0.0
0.0
0.0
0.0
0.0
0.0
0.0
0.0
0.0
0.0
0.0
0.0
0.0
0.0
0.0
0.0
0.0
0.0
0.0
0.0
0.0
0.0
0.0
0.0
0.0
0.0
0.0
0.0
0.0
0.0
0.0
0.0
0.0
0.0
0.0
0.0
0.0
0.0
0.0
0.0
0.0
0.0
0.0
0.0
0.0
0.0
0.0
0.0
0.0
0.0
0.0
0.0
0.0
0.0
0.0
0.0
0.0
0.0
0.0
0.0
0.0
0.0
0.0
0.0
0.0
0.0
0.0
0.0
0.0
0.0
0.0
0.0
0.0
0.0
0.0
0.0
0.0
0.0
0.0
0.0
0.0
0.0
0.0
0.0
0.0
0.0
0.0
0.0
0.0
0.0
0.0
0.0
0.0
0.0
0.0
0.0
0.0
0.0
0.0
0.0
0.0
0.0
0.0
0.0
0.0
0.0
0.0
0.0
0.0
0.0
0.0
0.0
0.0
0.0
0.0
0.0
0.0
0.0
0.0
0.0
0.0
0.0
0.0
0.0
0.0
0.0
0.0
0.0
0.0
0.0
0.0
0.0
0.0
0.0
0.0
0.0
0.0
0.0
0.0
0.0
0.0
0.0
0.0
0.0
0.0
0.0
0.0
0.0
0.0
0.0
0.0
0.0
0.0
0.0
0.0
0.0
0.0
0.0
0.0
0.0
0.0
0.0
0.0
0.0
0.0
0.0
0.0
0.0
0.0
0.0
0.0
0.0
0.0
0.0
0.0
0.0
0.0
0.0
0.0
0.0
0.0
0.0
0.0
0.0
0.0
0.0
0.0
0.0
0.0
0.0
0.0
0.0
0.0
0.0
0.0
0.0
0.0
0.0
0.0
0.0
0.0
0.0
0.0
0.0
0.0
0.0
0.0
0.0
0.0
0.0
0.0
0.0
0.0
0.0
0.0
0.0
0.0
0.0
0.0
0.0
0.0
0.0
0.0
0.0
0.0
0.0
0.0
0.0
0.0
0.0
0.0
0.0
0.0
0.0
0.0
0.0
0.0
0.0
0.0
0.0
0.0
0.0
0.0
0.0
0.0
0.0
0.0
0.0
0.0
0.0
0.0
0.0
0.0
0.0
0.0
0.0
0.0
0.0
0.0
0.0
0.0
0.0
0.0
0.0
0.0
0.0
0.0
0.0
0.0
0.0
0.0
0.0
0.0
0.0
0.0
0.0
0.0
0.0
0.0
0.0
0.0
0.0
0.0
0.0
0.0
0.0
0.0
0.0
0.0
0.0
0.0
0.0
0.0
0.0
0.0
0.0
0.0
0.0
0.0
0.0
0.0
0.0
0.0
0.0
0.0
0.0
0.0
0.0
0.0
0.0
0.0
0.0
0.0
0.0
0.0
0.0
0.0
0.0
0.0
0.0
0.0
0.0
0.0
0.0
0.0
0.0
