0.0
0.0
0.0
0.0
0.0
0.0
0.0
0.0
0.0
0.0
0.0
0.0
0.0
0.0
0.0
0.0
0.0
0.0
0.0
0.0
0.0
0.0
0.0
0.0
0.0
0.0
0.0
0.0
0.0
0.0
0.0
0.0
0.0
0.0
0.0
0.0
0.0
0.0
0.0
0.0
0.0
0.0
0.0
0.0
0.0
0.0
0.0
0.0
0.0
0.0
0.0
0.0
16.0
54.0
68.0
67.0
54.0
32.0
11.0
0.0
0.0
0.0
0.0
0.0
0.0
0.0
0.0
0.0
0.0
0.0
0.0
0.0
0.0
0.0
0.0
0.0
0.0
0.0
0.0
0.0
0.0
0.0
0.0
0.0
0.0
0.0
0.0
0.0
0.0
0.0
0.0
0.0
0.0
0.0
0.0
0.0
0.0
0.0
0.0
0.0
0.0
0.0
0.0
0.0
0.0
0.0
0.0
0.0
0.0
0.0
0.0
0.0
0.0
0.0
0.0
0.0
0.0
0.0
0.0
0.0
0.0
0.0
0.0
0.0
0.0
0.0
0.0
0.0
0.0
0.0
0.0
0.0
0.0
0.0
0.0
0.0
0.0
0.0
0.0
0.0
0.0
0.0
0.0
0.0
0.0
0.0
0.0
0.0
0.0
0.0
0.0
0.0
0.0
0.0
0.0
0.0
0.0
0.0
0.0
0.0
0.0
0.0
0.0
0.0
0.0
0.0
4.0
26.0
33.0
38.0
43.0
46.0
48.0
50.0
59.0
69.0
80.0
89.0
97.0
103.0
108.0
112.0
116.0
120.0
122.0
122.0
122.0
119.0
116.0
117.0
121.0
124.0
127.0
130.0
132.0
134.0
136.0
138.0
139.0
142.0
145.0
148.0
151.0
153.0
156.0
159.0
162.0
165.0
167.0
168.0
170.0
172.0
173.0
173.0
174.0
174.0
177.0
180.0
183.0
184.0
184.0
185.0
185.0
186.0
187.0
188.0
190.0
191.0
193.0
193.0
193.0
192.0
190.0
189.0
186.0
179.0
155.0
126.0
97.0
77.0
61.0
50.0
44.0
45.0
45.0
43.0
40.0
36.0
30.0
26.0
25.0
25.0
24.0
22.0
20.0
18.0
17.0
15.0
14.0
14.0
13.0
13.0
12.0
12.0
11.0
11.0
11.0
11.0
11.0
12.0
13.0
15.0
17.0
19.0
20.0
22.0
23.0
25.0
26.0
27.0
27.0
26.0
25.0
24.0
24.0
23.0
22.0
22.0
21.0
21.0
21.0
21.0
20.0
19.0
19.0
19.0
18.0
18.0
18.0
18.0
18.0
17.0
17.0
17.0
17.0
17.0
17.0
17.0
17.0
17.0
17.0
17.0
17.0
16.0
16.0
16.0
16.0
17.0
17.0
17.0
18.0
18.0
19.0
19.0
20.0
20.0
21.0
21.0
22.0
23.0
23.0
24.0
25.0
26.0
27.0
28.0
30.0
30.0
30.0
30.0
30.0
31.0
35.0
39.0
43.0
47.0
51.0
53.0
53.0
51.0
47.0
41.0
33.0
24.0
16.0
9.0
9.0
9.0
10.0
12.0
14.0
17.0
21.0
25.0
30.0
35.0
42.0
48.0
55.0
60.0
62.0
64.0
65.0
67.0
68.0
70.0
71.0
72.0
72.0
74.0
75.0
77.0
79.0
82.0
85.0
88.0
91.0
98.0
106.0
115.0
120.0
121.0
123.0
125.0
128.0
131.0
134.0
141.0
149.0
156.0
164.0
171.0
178.0
185.0
191.0
198.0
203.0
206.0
208.0
209.0
209.0
208.0
207.0
206.0
204.0
203.0
201.0
200.0
198.0
197.0
196.0
195.0
194.0
194.0
193.0
193.0
193.0
192.0
192.0
192.0
192.0
199.0
207.0
213.0
216.0
218.0
218.0
218.0
217.0
215.0
214.0
213.0
211.0
211.0
210.0
208.0
207.0
205.0
203.0
201.0
199.0
196.0
193.0
190.0
187.0
185.0
182.0
179.0
173.0
166.0
158.0
150.0
140.0
153.0
179.0
186.0
186.0
185.0
184.0
182.0
179.0
177.0
177.0
178.0
179.0
181.0
182.0
182.0
183.0
184.0
185.0
185.0
186.0
186.0
187.0
187.0
188.0
188.0
189.0
189.0
190.0
190.0
191.0
191.0
192.0
192.0
192.0
192.0
192.0
192.0
192.0
193.0
194.0
194.0
195.0
195.0
195.0
194.0
194.0
193.0
193.0
193.0
193.0
192.0
192.0
192.0
192.0
192.0
192.0
192.0
193.0
193.0
194.0
194.0
195.0
196.0
196.0
197.0
198.0
199.0
201.0
202.0
203.0
204.0
205.0
206.0
207.0
208.0
209.0
209.0
210.0
211.0
211.0
212.0
213.0
213.0
213.0
213.0
212.0
213.0
213.0
213.0
213.0
212.0
212.0
211.0
211.0
210.0
210.0
210.0
210.0
210.0
210.0
210.0
210.0
210.0
210.0
210.0
211.0
212.0
213.0
215.0
217.0
219.0
220.0
222.0
223.0
224.0
225.0
227.0
228.0
230.0
232.0
235.0
237.0
238.0
239.0
240.0
239.0
238.0
237.0
235.0
234.0
233.0
233.0
233.0
233.0
233.0
232.0
230.0
227.0
225.0
223.0
224.0
229.0
237.0
244.0
246.0
244.0
240.0
233.0
224.0
215.0
210.0
208.0
207.0
206.0
206.0
206.0
206.0
206.0
206.0
206.0
202.0
201.0
202.0
202.0
202.0
202.0
202.0
202.0
203.0
204.0
204.0
205.0
205.0
206.0
206.0
205.0
205.0
205.0
204.0
204.0
203.0
202.0
201.0
200.0
199.0
198.0
197.0
196.0
194.0
193.0
193.0
192.0
191.0
191.0
191.0
190.0
190.0
189.0
189.0
188.0
188.0
187.0
186.0
186.0
185.0
185.0
185.0
185.0
185.0
185.0
185.0
185.0
186.0
186.0
186.0
186.0
186.0
186.0
185.0
185.0
184.0
183.0
183.0
182.0
181.0
181.0
181.0
180.0
179.0
178.0
178.0
178.0
177.0
177.0
177.0
176.0
176.0
175.0
175.0
175.0
175.0
175.0
175.0
175.0
175.0
176.0
177.0
179.0
181.0
183.0
186.0
187.0
189.0
191.0
192.0
193.0
194.0
195.0
195.0
195.0
195.0
194.0
194.0
193.0
193.0
193.0
193.0
194.0
194.0
195.0
195.0
195.0
192.0
186.0
186.0
189.0
191.0
195.0
198.0
201.0
204.0
206.0
207.0
208.0
208.0
208.0
207.0
207.0
206.0
205.0
204.0
203.0
202.0
202.0
203.0
204.0
206.0
206.0
206.0
203.0
201.0
198.0
196.0
193.0
191.0
188.0
186.0
184.0
185.0
185.0
186.0
185.0
183.0
182.0
179.0
180.0
181.0
182.0
182.0
182.0
180.0
180.0
180.0
181.0
182.0
182.0
182.0
182.0
181.0
179.0
176.0
173.0
170.0
167.0
164.0
161.0
158.0
154.0
148.0
138.0
129.0
123.0
120.0
120.0
121.0
123.0
125.0
127.0
129.0
131.0
134.0
136.0
139.0
142.0
145.0
147.0
147.0
146.0
144.0
141.0
137.0
134.0
132.0
135.0
139.0
144.0
148.0
150.0
151.0
152.0
152.0
152.0
152.0
152.0
152.0
151.0
151.0
152.0
153.0
155.0
157.0
160.0
163.0
166.0
168.0
170.0
172.0
173.0
173.0
172.0
172.0
170.0
169.0
167.0
165.0
162.0
159.0
156.0
151.0
146.0
140.0
133.0
126.0
121.0
119.0
119.0
121.0
122.0
122.0
122.0
123.0
125.0
134.0
148.0
159.0
161.0
160.0
157.0
150.0
151.0
148.0
140.0
135.0
132.0
130.0
127.0
127.0
126.0
125.0
124.0
122.0
121.0
119.0
117.0
113.0
113.0
113.0
113.0
113.0
113.0
113.0
132.0
148.0
155.0
159.0
160.0
160.0
158.0
156.0
155.0
153.0
152.0
152.0
152.0
152.0
151.0
152.0
152.0
153.0
153.0
154.0
154.0
154.0
155.0
155.0
156.0
156.0
156.0
155.0
154.0
152.0
149.0
145.0
140.0
134.0
129.0
123.0
117.0
111.0
106.0
101.0
95.0
95.0
95.0
95.0
95.0
92.0
91.0
91.0
91.0
90.0
89.0
89.0
88.0
88.0
87.0
87.0
82.0
82.0
82.0
82.0
82.0
82.0
82.0
82.0
82.0
82.0
82.0
83.0
84.0
84.0
85.0
86.0
86.0
86.0
87.0
87.0
87.0
87.0
86.0
86.0
87.0
87.0
87.0
87.0
87.0
87.0
88.0
88.0
89.0
89.0
90.0
91.0
94.0
98.0
102.0
106.0
110.0
115.0
119.0
122.0
124.0
125.0
126.0
125.0
125.0
124.0
123.0
121.0
120.0
118.0
117.0
115.0
114.0
113.0
113.0
112.0
111.0
110.0
109.0
107.0
105.0
103.0
100.0
97.0
95.0
93.0
91.0
90.0
88.0
87.0
86.0
85.0
84.0
83.0
82.0
81.0
80.0
79.0
78.0
78.0
78.0
78.0
78.0
78.0
78.0
78.0
78.0
78.0
78.0
78.0
78.0
78.0
78.0
73.0
76.0
80.0
83.0
86.0
89.0
91.0
91.0
91.0
90.0
90.0
90.0
91.0
91.0
91.0
91.0
90.0
90.0
91.0
91.0
91.0
91.0
91.0
91.0
91.0
91.0
91.0
91.0
91.0
91.0
91.0
91.0
91.0
91.0
91.0
91.0
91.0
91.0
91.0
91.0
91.0
91.0
91.0
91.0
91.0
91.0
91.0
91.0
91.0
91.0
91.0
91.0
91.0
91.0
91.0
91.0
91.0
90.0
88.0
85.0
82.0
80.0
80.0
80.0
80.0
80.0
80.0
80.0
80.0
87.0
90.0
92.0
96.0
98.0
97.0
89.0
71.0
52.0
52.0
52.0
52.0
52.0
52.0
52.0
52.0
52.0
52.0
52.0
52.0
52.0
52.0
52.0
52.0
52.0
56.0
59.0
60.0
61.0
61.0
61.0
62.0
62.0
62.0
61.0
61.0
60.0
58.0
56.0
54.0
52.0
52.0
51.0
51.0
51.0
51.0
50.0
50.0
50.0
50.0
50.0
51.0
52.0
53.0
54.0
56.0
56.0
57.0
57.0
57.0
55.0
54.0
52.0
50.0
47.0
44.0
42.0
40.0
38.0
36.0
34.0
33.0
31.0
30.0
28.0
26.0
24.0
22.0
21.0
20.0
19.0
18.0
17.0
19.0
21.0
23.0
27.0
33.0
45.0
61.0
77.0
87.0
87.0
80.0
78.0
78.0
79.0
81.0
82.0
84.0
86.0
88.0
90.0
91.0
90.0
91.0
91.0
91.0
91.0
91.0
91.0
91.0
91.0
91.0
91.0
91.0
91.0
91.0
91.0
91.0
90.0
90.0
91.0
92.0
92.0
92.0
90.0
88.0
85.0
84.0
84.0
84.0
83.0
83.0
82.0
80.0
79.0
77.0
74.0
72.0
70.0
67.0
64.0
61.0
60.0
60.0
60.0
60.0
61.0
60.0
60.0
59.0
60.0
60.0
61.0
61.0
61.0
61.0
61.0
61.0
61.0
61.0
61.0
61.0
61.0
61.0
61.0
61.0
61.0
62.0
63.0
65.0
67.0
68.0
70.0
70.0
69.0
67.0
64.0
62.0
60.0
60.0
60.0
62.0
63.0
64.0
64.0
64.0
62.0
61.0
60.0
60.0
60.0
59.0
56.0
53.0
52.0
51.0
50.0
49.0
47.0
45.0
42.0
40.0
37.0
35.0
33.0
31.0
30.0
33.0
39.0
47.0
57.0
61.0
61.0
54.0
44.0
33.0
29.0
27.0
27.0
28.0
29.0
30.0
31.0
31.0
32.0
31.0
30.0
28.0
24.0
22.0
21.0
20.0
20.0
20.0
20.0
21.0
20.0
22.0
25.0
28.0
30.0
30.0
29.0
29.0
28.0
28.0
29.0
30.0
30.0
29.0
29.0
29.0
30.0
29.0
29.0
29.0
29.0
29.0
29.0
29.0
30.0
30.0
30.0
30.0
29.0
29.0
28.0
28.0
27.0
26.0
26.0
25.0
24.0
24.0
23.0
22.0
21.0
20.0
18.0
17.0
16.0
14.0
13.0
14.0
17.0
19.0
20.0
20.0
20.0
20.0
19.0
18.0
15.0
13.0
10.0
7.0
5.0
7.0
12.0
19.0
26.0
30.0
31.0
31.0
30.0
28.0
26.0
24.0
23.0
23.0
22.0
20.0
19.0
17.0
15.0
14.0
13.0
12.0
12.0
11.0
10.0
10.0
9.0
8.0
7.0
6.0
6.0
6.0
5.0
5.0
5.0
5.0
5.0
6.0
5.0
5.0
4.0
3.0
1.0
0.0
0.0
0.0
0.0
0.0
0.0
0.0
0.0
0.0
0.0
0.0
0.0
0.0
0.0
0.0
0.0
0.0
0.0
0.0
0.0
0.0
0.0
0.0
0.0
0.0
0.0
0.0
0.0
0.0
0.0
0.0
0.0
0.0
0.0
0.0
0.0
0.0
0.0
0.0
0.0
0.0
0.0
0.0
0.0
0.0
0.0
0.0
0.0
0.0
0.0
0.0
0.0
0.0
0.0
0.0
0.0
0.0
0.0
0.0
0.0
0.0
0.0
0.0
0.0
0.0
0.0
0.0
0.0
0.0
0.0
0.0
0.0
0.0
0.0
0.0
0.0
0.0
0.0
0.0
0.0
0.0
0.0
0.0
0.0
0.0
0.0
0.0
0.0
0.0
0.0
0.0
0.0
0.0
0.0
0.0
0.0
0.0
0.0
0.0
0.0
0.0
0.0
0.0
0.0
0.0
0.0
0.0
0.0
0.0
0.0
0.0
0.0
0.0
0.0
0.0
0.0
0.0
0.0
0.0
0.0
0.0
0.0
0.0
0.0
0.0
0.0
0.0
0.0
0.0
0.0
0.0
0.0
0.0
0.0
0.0
0.0
0.0
0.0
0.0
0.0
0.0
0.0
0.0
0.0
0.0
0.0
0.0
0.0
0.0
0.0
0.0
0.0
0.0
0.0
0.0
0.0
0.0
0.0
0.0
0.0
0.0
0.0
0.0
0.0
0.0
0.0
0.0
0.0
0.0
0.0
0.0
0.0
0.0
0.0
0.0
0.0
0.0
0.0
0.0
0.0
0.0
0.0
0.0
0.0
0.0
0.0
0.0
0.0
0.0
0.0
0.0
0.0
0.0
0.0
0.0
0.0
0.0
0.0
0.0
0.0
0.0
0.0
0.0
0.0
0.0
0.0
0.0
0.0
0.0
0.0
0.0
0.0
0.0
0.0
0.0
0.0
0.0
0.0
0.0
0.0
0.0
0.0
0.0
0.0
0.0
0.0
0.0
0.0
0.0
0.0
0.0
0.0
0.0
0.0
0.0
0.0
0.0
0.0
0.0
0.0
0.0
0.0
0.0
0.0
0.0
0.0
0.0
0.0
0.0
0.0
0.0
0.0
0.0
0.0
0.0
0.0
0.0
0.0
0.0
0.0
0.0
0.0
0.0
0.0
0.0
0.0
0.0
0.0
0.0
0.0
0.0
0.0
0.0
0.0
0.0
0.0
0.0
0.0
0.0
0.0
0.0
0.0
0.0
0.0
0.0
0.0
0.0
0.0
0.0
0.0
0.0
0.0
0.0
0.0
0.0
0.0
0.0
0.0
0.0
0.0
0.0
0.0
0.0
0.0
0.0
0.0
0.0
0.0
0.0
0.0
0.0
0.0
0.0
0.0
0.0
0.0
0.0
0.0
0.0
0.0
0.0
0.0
0.0
0.0
0.0
0.0
0.0
0.0
0.0
0.0
0.0
0.0
0.0
0.0
0.0
0.0
0.0
0.0
0.0
0.0
0.0
0.0
0.0
0.0
0.0
0.0
0.0
0.0
0.0
0.0
0.0
0.0
0.0
0.0
0.0
0.0
0.0
0.0
0.0
0.0
0.0
0.0
0.0
0.0
0.0
0.0
0.0
0.0
0.0
0.0
0.0
0.0
0.0
0.0
0.0
0.0
0.0
0.0
0.0
0.0
0.0
0.0
0.0
0.0
0.0
0.0
0.0
0.0
0.0
0.0
0.0
0.0
0.0
0.0
0.0
0.0
0.0
0.0
0.0
0.0
0.0
0.0
0.0
0.0
0.0
0.0
0.0
0.0
0.0
0.0
0.0
0.0
0.0
0.0
0.0
0.0
0.0
0.0
0.0
0.0
0.0
0.0
0.0
0.0
0.0
0.0
0.0
0.0
0.0
0.0
0.0
0.0
0.0
0.0
0.0
0.0
0.0
0.0
0.0
0.0
0.0
0.0
0.0
0.0
0.0
0.0
0.0
0.0
0.0
0.0
0.0
0.0
0.0
0.0
0.0
0.0
0.0
0.0
0.0
0.0
0.0
0.0
0.0
0.0
0.0
0.0
0.0
0.0
0.0
0.0
0.0
0.0
0.0
0.0
0.0
0.0
0.0
0.0
0.0
0.0
0.0
0.0
0.0
0.0
0.0
0.0
0.0
0.0
0.0
0.0
0.0
0.0
0.0
0.0
0.0
0.0
0.0
0.0
0.0
0.0
0.0
0.0
0.0
0.0
0.0
0.0
0.0
0.0
0.0
0.0
0.0
0.0
0.0
0.0
0.0
0.0
0.0
0.0
0.0
0.0
0.0
0.0
0.0
0.0
0.0
0.0
0.0
0.0
0.0
0.0
0.0
0.0
0.0
