0.0
0.0
0.0
0.0
0.0
0.0
0.0
0.0
0.0
0.0
0.0
0.0
0.0
0.0
0.0
0.0
0.0
0.0
0.0
0.0
0.0
0.0
0.0
0.0
0.0
0.0
0.0
0.0
0.0
0.0
0.0
0.0
0.0
0.0
0.0
0.0
0.0
0.0
0.0
0.0
0.0
0.0
0.0
0.0
0.0
0.0
0.0
0.0
0.0
0.0
0.0
0.0
0.0
0.0
0.0
0.0
0.0
0.0
0.0
0.0
0.0
0.0
0.0
0.0
0.0
0.0
0.0
0.0
0.0
0.0
0.0
0.0
0.0
0.0
0.0
0.0
0.0
0.0
0.0
0.0
0.0
0.0
0.0
0.0
0.0
0.0
0.0
0.0
0.0
0.0
0.0
0.0
0.0
0.0
0.0
0.0
0.0
0.0
0.0
0.0
0.0
0.0
0.0
0.0
0.0
0.0
0.0
0.0
0.0
0.0
0.0
0.0
0.0
0.0
0.0
0.0
0.0
0.0
0.0
0.0
0.0
0.0
0.0
0.0
0.0
0.0
0.0
0.0
0.0
0.0
0.0
0.0
0.0
0.0
0.0
0.0
0.0
0.0
0.0
0.0
0.0
0.0
0.0
0.0
0.0
0.0
0.0
0.0
0.0
0.0
0.0
0.0
0.0
0.0
0.0
0.0
0.0
0.0
0.0
0.0
0.0
0.0
0.0
0.0
0.0
0.0
0.0
0.0
0.0
0.0
0.0
0.0
0.0
0.0
0.0
0.0
0.0
0.0
0.0
0.0
0.0
0.0
0.0
0.0
0.0
0.0
0.0
0.0
0.0
0.0
0.0
0.0
0.0
0.0
0.0
0.0
0.0
0.0
0.0
0.0
26.0
31.0
32.0
35.0
37.0
42.0
48.0
53.0
58.0
62.0
68.0
76.0
83.0
89.0
91.0
93.0
96.0
99.0
101.0
104.0
106.0
109.0
111.0
113.0
115.0
117.0
119.0
120.0
122.0
124.0
127.0
130.0
133.0
136.0
138.0
141.0
145.0
148.0
151.0
152.0
153.0
154.0
154.0
154.0
153.0
152.0
152.0
151.0
151.0
152.0
153.0
155.0
157.0
159.0
161.0
163.0
164.0
165.0
166.0
166.0
166.0
164.0
161.0
157.0
152.0
145.0
136.0
124.0
111.0
101.0
94.0
90.0
88.0
84.0
78.0
72.0
66.0
61.0
57.0
53.0
50.0
48.0
45.0
43.0
41.0
40.0
40.0
40.0
40.0
40.0
40.0
40.0
40.0
39.0
38.0
37.0
35.0
34.0
32.0
31.0
30.0
29.0
27.0
26.0
25.0
23.0
22.0
22.0
22.0
22.0
23.0
23.0
24.0
25.0
26.0
27.0
28.0
28.0
28.0
28.0
27.0
26.0
25.0
25.0
24.0
23.0
22.0
22.0
21.0
20.0
20.0
19.0
18.0
18.0
18.0
17.0
17.0
16.0
16.0
16.0
16.0
15.0
15.0
15.0
15.0
15.0
15.0
15.0
15.0
15.0
16.0
18.0
19.0
21.0
23.0
25.0
27.0
29.0
29.0
30.0
30.0
29.0
28.0
28.0
27.0
25.0
25.0
25.0
25.0
26.0
26.0
27.0
30.0
29.0
27.0
28.0
30.0
32.0
35.0
39.0
43.0
47.0
50.0
54.0
57.0
60.0
60.0
63.0
69.0
75.0
82.0
89.0
94.0
99.0
104.0
110.0
115.0
120.0
125.0
133.0
144.0
156.0
169.0
180.0
185.0
186.0
185.0
183.0
182.0
183.0
185.0
186.0
189.0
191.0
194.0
197.0
199.0
202.0
204.0
206.0
207.0
208.0
208.0
208.0
208.0
207.0
206.0
204.0
202.0
200.0
199.0
198.0
197.0
198.0
199.0
200.0
201.0
203.0
204.0
205.0
206.0
207.0
208.0
209.0
209.0
210.0
210.0
210.0
209.0
208.0
207.0
205.0
203.0
201.0
200.0
198.0
196.0
194.0
193.0
192.0
187.0
192.0
193.0
194.0
195.0
197.0
199.0
201.0
203.0
205.0
207.0
209.0
211.0
213.0
214.0
213.0
212.0
209.0
205.0
201.0
197.0
192.0
188.0
184.0
180.0
177.0
174.0
172.0
171.0
183.0
183.0
183.0
183.0
183.0
183.0
183.0
183.0
183.0
183.0
183.0
183.0
183.0
183.0
183.0
183.0
179.0
182.0
183.0
184.0
183.0
183.0
182.0
181.0
179.0
176.0
174.0
175.0
179.0
184.0
188.0
191.0
193.0
194.0
196.0
197.0
198.0
197.0
197.0
196.0
196.0
197.0
198.0
199.0
201.0
202.0
203.0
203.0
204.0
204.0
205.0
205.0
206.0
207.0
207.0
208.0
209.0
209.0
210.0
210.0
210.0
211.0
211.0
211.0
211.0
212.0
212.0
211.0
211.0
210.0
209.0
209.0
208.0
207.0
205.0
204.0
202.0
202.0
201.0
201.0
201.0
201.0
200.0
200.0
200.0
201.0
202.0
203.0
204.0
204.0
205.0
205.0
206.0
207.0
209.0
211.0
212.0
212.0
213.0
213.0
212.0
212.0
212.0
213.0
213.0
213.0
213.0
213.0
213.0
213.0
213.0
214.0
214.0
215.0
215.0
215.0
217.0
218.0
220.0
222.0
224.0
228.0
232.0
236.0
240.0
244.0
246.0
247.0
247.0
246.0
245.0
245.0
244.0
244.0
244.0
244.0
244.0
244.0
244.0
244.0
244.0
244.0
244.0
244.0
244.0
245.0
245.0
246.0
247.0
248.0
250.0
251.0
253.0
254.0
256.0
258.0
259.0
261.0
262.0
264.0
265.0
266.0
266.0
266.0
265.0
264.0
263.0
262.0
261.0
260.0
260.0
259.0
259.0
258.0
257.0
256.0
255.0
254.0
253.0
251.0
250.0
249.0
247.0
246.0
245.0
244.0
243.0
242.0
241.0
240.0
239.0
238.0
237.0
236.0
235.0
234.0
233.0
232.0
231.0
230.0
229.0
228.0
227.0
227.0
228.0
229.0
230.0
232.0
233.0
235.0
236.0
237.0
238.0
239.0
239.0
240.0
240.0
240.0
241.0
241.0
240.0
240.0
236.0
236.0
236.0
236.0
236.0
236.0
236.0
232.0
231.0
230.0
229.0
228.0
227.0
226.0
226.0
225.0
224.0
223.0
222.0
222.0
222.0
223.0
224.0
227.0
230.0
234.0
238.0
240.0
238.0
233.0
228.0
223.0
219.0
215.0
213.0
210.0
207.0
204.0
201.0
198.0
195.0
191.0
188.0
185.0
183.0
182.0
183.0
183.0
184.0
184.0
183.0
181.0
177.0
172.0
166.0
161.0
156.0
153.0
152.0
151.0
151.0
152.0
156.0
161.0
166.0
169.0
169.0
167.0
163.0
159.0
157.0
158.0
161.0
165.0
170.0
173.0
176.0
177.0
177.0
178.0
180.0
182.0
184.0
185.0
185.0
185.0
185.0
186.0
186.0
186.0
185.0
184.0
183.0
180.0
176.0
173.0
169.0
166.0
164.0
162.0
160.0
158.0
156.0
155.0
153.0
152.0
151.0
152.0
153.0
155.0
156.0
157.0
158.0
159.0
160.0
161.0
161.0
162.0
163.0
164.0
165.0
166.0
167.0
168.0
169.0
169.0
169.0
169.0
169.0
169.0
169.0
169.0
169.0
168.0
167.0
166.0
165.0
164.0
162.0
161.0
159.0
158.0
157.0
155.0
154.0
153.0
152.0
151.0
150.0
146.0
146.0
147.0
148.0
149.0
149.0
150.0
150.0
151.0
152.0
155.0
157.0
159.0
160.0
160.0
157.0
154.0
149.0
144.0
138.0
131.0
123.0
108.0
108.0
108.0
108.0
108.0
108.0
108.0
108.0
108.0
108.0
108.0
108.0
108.0
108.0
108.0
108.0
108.0
118.0
125.0
134.0
139.0
144.0
149.0
151.0
151.0
152.0
152.0
152.0
152.0
152.0
152.0
152.0
152.0
151.0
150.0
150.0
149.0
149.0
147.0
147.0
147.0
151.0
152.0
152.0
152.0
152.0
152.0
151.0
152.0
152.0
152.0
152.0
152.0
152.0
152.0
151.0
149.0
151.0
152.0
153.0
153.0
152.0
152.0
151.0
150.0
149.0
147.0
146.0
144.0
142.0
140.0
138.0
135.0
133.0
130.0
127.0
124.0
121.0
118.0
116.0
115.0
115.0
116.0
119.0
121.0
123.0
124.0
124.0
124.0
124.0
123.0
123.0
122.0
122.0
122.0
121.0
118.0
118.0
118.0
118.0
118.0
122.0
122.0
121.0
121.0
122.0
125.0
135.0
143.0
150.0
155.0
159.0
163.0
168.0
172.0
175.0
176.0
175.0
172.0
170.0
167.0
165.0
164.0
162.0
159.0
155.0
148.0
136.0
125.0
120.0
116.0
117.0
117.0
117.0
117.0
116.0
117.0
118.0
119.0
119.0
118.0
117.0
114.0
111.0
107.0
103.0
99.0
96.0
93.0
92.0
91.0
91.0
90.0
89.0
88.0
88.0
88.0
88.0
88.0
87.0
87.0
86.0
86.0
86.0
86.0
86.0
86.0
86.0
86.0
86.0
86.0
86.0
86.0
86.0
86.0
86.0
89.0
89.0
88.0
86.0
86.0
86.0
86.0
86.0
86.0
86.0
86.0
86.0
86.0
89.0
91.0
92.0
92.0
92.0
91.0
91.0
91.0
91.0
91.0
91.0
90.0
89.0
88.0
87.0
85.0
83.0
81.0
79.0
77.0
75.0
72.0
70.0
67.0
64.0
62.0
59.0
56.0
54.0
56.0
59.0
64.0
75.0
87.0
92.0
92.0
88.0
78.0
69.0
62.0
57.0
54.0
51.0
49.0
47.0
45.0
43.0
40.0
37.0
34.0
30.0
29.0
28.0
27.0
26.0
25.0
27.0
28.0
30.0
33.0
39.0
46.0
55.0
62.0
69.0
75.0
79.0
82.0
84.0
86.0
89.0
94.0
102.0
110.0
115.0
111.0
103.0
94.0
86.0
81.0
79.0
81.0
83.0
85.0
88.0
90.0
91.0
90.0
88.0
84.0
79.0
73.0
68.0
64.0
64.0
65.0
65.0
66.0
68.0
71.0
75.0
79.0
83.0
87.0
89.0
89.0
86.0
82.0
78.0
75.0
73.0
71.0
71.0
71.0
71.0
71.0
71.0
71.0
71.0
71.0
72.0
72.0
72.0
72.0
73.0
73.0
73.0
73.0
80.0
80.0
80.0
80.0
80.0
73.0
73.0
73.0
73.0
72.0
72.0
72.0
73.0
73.0
73.0
73.0
73.0
73.0
73.0
73.0
73.0
72.0
72.0
72.0
72.0
71.0
71.0
71.0
71.0
69.0
69.0
69.0
69.0
69.0
69.0
69.0
69.0
69.0
69.0
69.0
69.0
69.0
69.0
69.0
69.0
69.0
69.0
69.0
69.0
66.0
66.0
66.0
67.0
67.0
67.0
67.0
67.0
67.0
68.0
68.0
68.0
69.0
69.0
70.0
70.0
71.0
71.0
72.0
72.0
73.0
73.0
74.0
74.0
75.0
76.0
77.0
78.0
79.0
81.0
82.0
84.0
85.0
87.0
88.0
90.0
90.0
91.0
91.0
90.0
90.0
90.0
90.0
91.0
91.0
90.0
90.0
90.0
90.0
91.0
91.0
91.0
91.0
91.0
91.0
90.0
89.0
82.0
82.0
82.0
82.0
82.0
82.0
81.0
81.0
86.0
86.0
86.0
86.0
86.0
86.0
86.0
86.0
86.0
86.0
86.0
86.0
86.0
86.0
86.0
86.0
86.0
90.0
90.0
91.0
91.0
90.0
90.0
90.0
89.0
89.0
88.0
87.0
86.0
86.0
85.0
85.0
85.0
84.0
82.0
81.0
79.0
76.0
76.0
76.0
76.0
76.0
76.0
76.0
76.0
76.0
76.0
66.0
66.0
66.0
66.0
66.0
66.0
65.0
65.0
65.0
64.0
64.0
64.0
64.0
64.0
64.0
63.0
63.0
63.0
63.0
63.0
63.0
63.0
63.0
64.0
65.0
66.0
68.0
70.0
73.0
75.0
77.0
80.0
82.0
84.0
86.0
88.0
89.0
90.0
90.0
90.0
90.0
90.0
89.0
88.0
86.0
83.0
80.0
77.0
73.0
70.0
66.0
63.0
62.0
61.0
62.0
61.0
59.0
58.0
57.0
56.0
56.0
56.0
56.0
56.0
56.0
54.0
50.0
45.0
40.0
38.0
36.0
35.0
35.0
34.0
32.0
31.0
29.0
27.0
23.0
20.0
17.0
16.0
17.0
17.0
17.0
17.0
17.0
17.0
17.0
16.0
16.0
15.0
14.0
13.0
12.0
12.0
10.0
9.0
8.0
6.0
5.0
3.0
2.0
2.0
0.0
0.0
0.0
0.0
0.0
0.0
0.0
0.0
0.0
0.0
0.0
0.0
0.0
0.0
0.0
0.0
0.0
0.0
0.0
0.0
0.0
0.0
0.0
0.0
0.0
0.0
0.0
0.0
0.0
0.0
0.0
0.0
0.0
0.0
0.0
1.0
1.0
1.0
1.0
1.0
1.0
1.0
1.0
2.0
2.0
3.0
4.0
5.0
6.0
6.0
6.0
5.0
4.0
4.0
4.0
4.0
4.0
4.0
5.0
5.0
5.0
5.0
4.0
4.0
3.0
3.0
3.0
3.0
3.0
3.0
3.0
3.0
3.0
3.0
3.0
3.0
3.0
4.0
5.0
6.0
8.0
9.0
11.0
12.0
14.0
15.0
16.0
16.0
17.0
17.0
16.0
16.0
15.0
14.0
13.0
12.0
11.0
10.0
10.0
9.0
8.0
7.0
7.0
6.0
6.0
5.0
4.0
4.0
3.0
2.0
2.0
1.0
0.0
0.0
0.0
0.0
0.0
0.0
0.0
0.0
0.0
0.0
0.0
0.0
0.0
0.0
0.0
0.0
0.0
0.0
0.0
0.0
0.0
0.0
0.0
0.0
0.0
0.0
0.0
0.0
0.0
0.0
0.0
0.0
0.0
0.0
0.0
0.0
0.0
0.0
0.0
0.0
0.0
0.0
0.0
0.0
0.0
0.0
0.0
0.0
0.0
0.0
0.0
0.0
0.0
0.0
0.0
0.0
0.0
0.0
0.0
0.0
0.0
0.0
0.0
0.0
0.0
0.0
0.0
0.0
0.0
0.0
0.0
0.0
0.0
0.0
0.0
0.0
0.0
0.0
0.0
0.0
0.0
0.0
0.0
0.0
0.0
0.0
0.0
0.0
0.0
0.0
0.0
0.0
0.0
0.0
0.0
0.0
0.0
0.0
0.0
0.0
0.0
0.0
0.0
0.0
0.0
0.0
0.0
0.0
0.0
0.0
0.0
0.0
0.0
0.0
0.0
0.0
0.0
0.0
0.0
0.0
0.0
0.0
0.0
0.0
0.0
0.0
0.0
0.0
0.0
0.0
0.0
0.0
0.0
0.0
0.0
0.0
0.0
0.0
0.0
0.0
0.0
0.0
0.0
0.0
0.0
0.0
0.0
0.0
0.0
0.0
0.0
0.0
0.0
0.0
0.0
0.0
0.0
0.0
0.0
0.0
0.0
0.0
0.0
0.0
0.0
0.0
0.0
0.0
0.0
0.0
0.0
0.0
0.0
0.0
0.0
0.0
0.0
0.0
0.0
0.0
0.0
0.0
0.0
0.0
0.0
0.0
0.0
0.0
0.0
0.0
0.0
0.0
0.0
0.0
0.0
0.0
0.0
0.0
0.0
0.0
0.0
0.0
0.0
0.0
0.0
0.0
0.0
0.0
0.0
0.0
0.0
0.0
0.0
0.0
0.0
0.0
0.0
0.0
0.0
0.0
0.0
0.0
0.0
0.0
0.0
0.0
0.0
0.0
0.0
0.0
0.0
0.0
0.0
0.0
0.0
0.0
0.0
0.0
0.0
0.0
0.0
0.0
0.0
0.0
0.0
0.0
0.0
0.0
0.0
0.0
0.0
0.0
0.0
0.0
0.0
0.0
0.0
0.0
0.0
0.0
0.0
0.0
0.0
0.0
0.0
0.0
0.0
0.0
0.0
0.0
0.0
0.0
0.0
0.0
0.0
0.0
0.0
0.0
0.0
0.0
0.0
0.0
0.0
0.0
0.0
0.0
0.0
0.0
0.0
0.0
0.0
0.0
0.0
0.0
0.0
0.0
0.0
0.0
0.0
0.0
0.0
0.0
0.0
0.0
0.0
0.0
0.0
0.0
0.0
0.0
0.0
0.0
0.0
0.0
0.0
0.0
0.0
0.0
0.0
0.0
0.0
0.0
0.0
0.0
0.0
0.0
0.0
0.0
0.0
0.0
0.0
0.0
0.0
0.0
0.0
0.0
0.0
0.0
0.0
0.0
0.0
0.0
0.0
0.0
0.0
0.0
0.0
0.0
0.0
0.0
0.0
0.0
0.0
0.0
0.0
0.0
0.0
0.0
0.0
0.0
0.0
0.0
0.0
0.0
0.0
0.0
0.0
0.0
0.0
0.0
0.0
0.0
0.0
0.0
0.0
0.0
0.0
0.0
0.0
0.0
0.0
0.0
0.0
0.0
0.0
0.0
0.0
0.0
0.0
0.0
0.0
0.0
0.0
0.0
0.0
0.0
0.0
0.0
0.0
0.0
0.0
0.0
0.0
0.0
0.0
0.0
0.0
0.0
0.0
0.0
0.0
0.0
0.0
0.0
0.0
0.0
0.0
0.0
0.0
0.0
0.0
0.0
0.0
0.0
