0.0
0.0
0.0
0.0
0.0
0.0
0.0
0.0
0.0
0.0
0.0
0.0
0.0
0.0
0.0
0.0
0.0
0.0
0.0
0.0
0.0
0.0
0.0
0.0
0.0
0.0
0.0
0.0
0.0
0.0
0.0
0.0
0.0
0.0
0.0
0.0
0.0
0.0
0.0
0.0
0.0
0.0
0.0
0.0
0.0
0.0
0.0
0.0
0.0
0.0
0.0
0.0
0.0
0.0
0.0
0.0
49.0
87.0
85.0
90.0
91.0
87.0
74.0
59.0
40.0
23.0
9.0
0.0
0.0
0.0
0.0
0.0
0.0
0.0
0.0
0.0
0.0
0.0
0.0
0.0
0.0
0.0
0.0
0.0
0.0
0.0
0.0
0.0
0.0
0.0
0.0
0.0
0.0
0.0
0.0
0.0
0.0
0.0
0.0
0.0
0.0
0.0
0.0
0.0
0.0
0.0
0.0
0.0
0.0
0.0
0.0
0.0
0.0
0.0
0.0
0.0
0.0
0.0
0.0
0.0
0.0
0.0
0.0
0.0
0.0
0.0
0.0
0.0
0.0
0.0
0.0
0.0
0.0
0.0
0.0
0.0
0.0
0.0
0.0
0.0
0.0
0.0
0.0
0.0
0.0
0.0
0.0
0.0
0.0
0.0
0.0
0.0
0.0
0.0
0.0
0.0
0.0
0.0
0.0
0.0
0.0
11.0
29.0
41.0
49.0
56.0
61.0
64.0
67.0
69.0
70.0
72.0
80.0
93.0
106.0
117.0
121.0
121.0
118.0
114.0
113.0
119.0
123.0
126.0
128.0
131.0
133.0
136.0
139.0
142.0
145.0
148.0
152.0
155.0
159.0
163.0
165.0
167.0
168.0
168.0
169.0
169.0
169.0
169.0
169.0
175.0
180.0
184.0
187.0
189.0
192.0
194.0
197.0
200.0
202.0
205.0
207.0
208.0
208.0
207.0
208.0
209.0
210.0
211.0
212.0
213.0
215.0
219.0
221.0
220.0
213.0
200.0
180.0
152.0
121.0
90.0
67.0
54.0
45.0
38.0
31.0
27.0
24.0
23.0
25.0
26.0
24.0
19.0
13.0
7.0
7.0
6.0
6.0
6.0
6.0
6.0
6.0
6.0
5.0
5.0
5.0
4.0
4.0
4.0
3.0
3.0
3.0
3.0
3.0
3.0
2.0
2.0
2.0
2.0
3.0
4.0
5.0
6.0
8.0
9.0
11.0
13.0
16.0
18.0
20.0
23.0
25.0
28.0
29.0
30.0
30.0
30.0
28.0
27.0
25.0
24.0
22.0
20.0
18.0
17.0
15.0
14.0
13.0
12.0
12.0
12.0
12.0
12.0
12.0
12.0
12.0
12.0
12.0
12.0
12.0
13.0
13.0
14.0
15.0
16.0
18.0
19.0
20.0
21.0
22.0
22.0
23.0
24.0
25.0
25.0
26.0
26.0
26.0
27.0
29.0
31.0
32.0
33.0
34.0
35.0
37.0
38.0
39.0
40.0
41.0
41.0
40.0
39.0
38.0
37.0
35.0
33.0
29.0
22.0
15.0
8.0
7.0
8.0
8.0
10.0
12.0
15.0
21.0
27.0
30.0
30.0
30.0
30.0
30.0
33.0
36.0
40.0
43.0
47.0
50.0
54.0
57.0
60.0
63.0
69.0
75.0
82.0
88.0
92.0
93.0
95.0
102.0
112.0
120.0
123.0
124.0
123.0
121.0
122.0
123.0
127.0
131.0
138.0
146.0
153.0
160.0
167.0
175.0
181.0
186.0
188.0
189.0
188.0
187.0
186.0
184.0
183.0
183.0
187.0
198.0
208.0
214.0
216.0
216.0
213.0
211.0
208.0
204.0
201.0
201.0
204.0
208.0
209.0
207.0
197.0
176.0
136.0
77.0
61.0
63.0
84.0
116.0
151.0
180.0
200.0
211.0
216.0
216.0
213.0
208.0
203.0
198.0
194.0
191.0
189.0
187.0
202.0
202.0
202.0
202.0
201.0
200.0
198.0
196.0
194.0
191.0
188.0
188.0
187.0
187.0
187.0
186.0
186.0
185.0
184.0
184.0
184.0
184.0
184.0
184.0
185.0
185.0
186.0
187.0
187.0
188.0
189.0
194.0
194.0
194.0
194.0
194.0
191.0
194.0
194.0
194.0
194.0
194.0
194.0
194.0
194.0
194.0
197.0
197.0
197.0
198.0
198.0
199.0
199.0
200.0
200.0
201.0
201.0
202.0
203.0
203.0
204.0
204.0
205.0
205.0
206.0
206.0
206.0
206.0
206.0
206.0
205.0
205.0
205.0
205.0
204.0
204.0
204.0
203.0
203.0
203.0
203.0
203.0
203.0
203.0
202.0
202.0
202.0
202.0
202.0
202.0
203.0
203.0
203.0
203.0
204.0
204.0
204.0
205.0
206.0
207.0
208.0
209.0
209.0
209.0
209.0
209.0
209.0
209.0
209.0
209.0
209.0
210.0
210.0
210.0
211.0
211.0
213.0
215.0
217.0
220.0
222.0
223.0
225.0
227.0
235.0
243.0
247.0
247.0
245.0
244.0
243.0
242.0
241.0
239.0
237.0
235.0
232.0
230.0
230.0
231.0
232.0
234.0
236.0
238.0
239.0
240.0
242.0
243.0
245.0
246.0
246.0
246.0
245.0
244.0
241.0
237.0
231.0
226.0
221.0
218.0
216.0
214.0
212.0
210.0
208.0
205.0
203.0
201.0
197.0
197.0
197.0
196.0
195.0
195.0
195.0
194.0
194.0
194.0
194.0
194.0
194.0
195.0
195.0
195.0
195.0
195.0
196.0
196.0
197.0
197.0
198.0
199.0
200.0
202.0
203.0
205.0
206.0
208.0
209.0
211.0
212.0
213.0
214.0
214.0
214.0
214.0
214.0
214.0
213.0
213.0
213.0
212.0
211.0
209.0
207.0
204.0
201.0
199.0
197.0
195.0
195.0
194.0
195.0
195.0
194.0
194.0
192.0
190.0
186.0
182.0
175.0
165.0
154.0
153.0
152.0
152.0
152.0
152.0
152.0
152.0
151.0
151.0
152.0
152.0
152.0
152.0
152.0
152.0
152.0
152.0
152.0
152.0
150.0
148.0
141.0
141.0
141.0
141.0
141.0
141.0
141.0
141.0
141.0
141.0
141.0
141.0
141.0
141.0
141.0
141.0
156.0
158.0
158.0
155.0
152.0
149.0
134.0
134.0
134.0
134.0
134.0
134.0
134.0
137.0
148.0
155.0
158.0
159.0
161.0
166.0
169.0
169.0
167.0
162.0
160.0
158.0
155.0
153.0
150.0
148.0
148.0
145.0
143.0
142.0
142.0
143.0
143.0
144.0
145.0
148.0
150.0
152.0
153.0
155.0
156.0
157.0
158.0
159.0
160.0
160.0
160.0
160.0
159.0
158.0
158.0
157.0
156.0
155.0
154.0
153.0
155.0
157.0
156.0
153.0
155.0
155.0
155.0
153.0
150.0
144.0
137.0
129.0
124.0
121.0
120.0
120.0
121.0
121.0
122.0
122.0
124.0
125.0
126.0
128.0
131.0
134.0
137.0
139.0
140.0
139.0
137.0
133.0
129.0
125.0
122.0
120.0
118.0
117.0
116.0
115.0
114.0
113.0
111.0
110.0
109.0
108.0
107.0
107.0
109.0
112.0
117.0
121.0
124.0
127.0
130.0
132.0
134.0
136.0
136.0
137.0
137.0
136.0
135.0
134.0
133.0
132.0
132.0
132.0
133.0
135.0
139.0
145.0
151.0
154.0
154.0
152.0
149.0
145.0
141.0
136.0
130.0
103.0
103.0
103.0
103.0
103.0
94.0
97.0
99.0
99.0
103.0
103.0
103.0
103.0
120.0
137.0
149.0
155.0
159.0
159.0
158.0
156.0
154.0
153.0
153.0
153.0
153.0
153.0
152.0
151.0
149.0
147.0
144.0
142.0
140.0
138.0
137.0
136.0
136.0
135.0
135.0
135.0
134.0
134.0
134.0
133.0
133.0
134.0
134.0
135.0
135.0
136.0
137.0
138.0
139.0
139.0
140.0
140.0
141.0
141.0
141.0
142.0
142.0
142.0
142.0
142.0
141.0
141.0
141.0
140.0
139.0
138.0
137.0
136.0
135.0
134.0
132.0
131.0
130.0
129.0
128.0
126.0
124.0
122.0
120.0
119.0
119.0
118.0
118.0
117.0
116.0
115.0
114.0
111.0
109.0
107.0
104.0
102.0
99.0
96.0
93.0
91.0
89.0
86.0
84.0
84.0
84.0
85.0
85.0
86.0
86.0
87.0
87.0
86.0
84.0
82.0
80.0
82.0
82.0
82.0
77.0
76.0
76.0
76.0
76.0
77.0
77.0
77.0
76.0
75.0
75.0
74.0
74.0
76.0
79.0
83.0
87.0
90.0
92.0
94.0
95.0
95.0
93.0
89.0
81.0
66.0
66.0
66.0
66.0
66.0
66.0
66.0
66.0
70.0
73.0
76.0
78.0
80.0
83.0
85.0
86.0
87.0
88.0
88.0
88.0
88.0
88.0
89.0
89.0
89.0
88.0
87.0
86.0
84.0
82.0
80.0
78.0
77.0
75.0
74.0
72.0
71.0
69.0
67.0
66.0
64.0
63.0
62.0
61.0
60.0
60.0
60.0
60.0
61.0
61.0
61.0
60.0
60.0
60.0
60.0
60.0
61.0
61.0
61.0
62.0
62.0
66.0
73.0
82.0
89.0
93.0
95.0
96.0
95.0
94.0
94.0
93.0
92.0
91.0
88.0
84.0
79.0
73.0
67.0
62.0
59.0
57.0
56.0
56.0
56.0
57.0
58.0
61.0
65.0
70.0
77.0
83.0
89.0
91.0
90.0
90.0
90.0
92.0
97.0
100.0
99.0
94.0
77.0
77.0
77.0
77.0
77.0
77.0
77.0
77.0
77.0
77.0
72.0
73.0
75.0
80.0
87.0
93.0
93.0
89.0
86.0
83.0
81.0
79.0
77.0
75.0
73.0
71.0
69.0
66.0
65.0
63.0
62.0
62.0
61.0
61.0
61.0
61.0
63.0
66.0
69.0
72.0
75.0
78.0
80.0
82.0
84.0
86.0
87.0
89.0
90.0
91.0
91.0
92.0
91.0
89.0
87.0
86.0
89.0
91.0
92.0
93.0
93.0
93.0
92.0
91.0
90.0
88.0
85.0
82.0
79.0
76.0
74.0
71.0
69.0
66.0
64.0
63.0
59.0
67.0
77.0
85.0
87.0
80.0
73.0
65.0
57.0
50.0
43.0
36.0
31.0
29.0
28.0
27.0
25.0
24.0
22.0
20.0
19.0
17.0
16.0
17.0
18.0
18.0
20.0
21.0
22.0
23.0
24.0
26.0
28.0
33.0
42.0
57.0
65.0
70.0
71.0
70.0
68.0
66.0
63.0
61.0
59.0
57.0
56.0
54.0
54.0
54.0
56.0
58.0
61.0
65.0
68.0
70.0
72.0
74.0
76.0
79.0
81.0
82.0
81.0
77.0
71.0
64.0
61.0
59.0
58.0
59.0
60.0
61.0
61.0
61.0
61.0
61.0
61.0
61.0
61.0
61.0
61.0
59.0
59.0
59.0
59.0
59.0
59.0
59.0
59.0
59.0
59.0
59.0
59.0
59.0
60.0
60.0
60.0
60.0
60.0
61.0
61.0
62.0
64.0
66.0
69.0
72.0
75.0
78.0
82.0
85.0
88.0
89.0
90.0
89.0
85.0
79.0
72.0
67.0
62.0
59.0
58.0
59.0
60.0
61.0
63.0
63.0
64.0
63.0
63.0
62.0
61.0
61.0
59.0
58.0
57.0
56.0
56.0
56.0
56.0
58.0
59.0
59.0
58.0
56.0
54.0
51.0
48.0
45.0
42.0
40.0
38.0
36.0
35.0
34.0
33.0
33.0
33.0
32.0
32.0
32.0
31.0
31.0
31.0
31.0
31.0
31.0
31.0
32.0
33.0
34.0
34.0
34.0
32.0
28.0
22.0
14.0
9.0
14.0
21.0
26.0
29.0
31.0
36.0
41.0
43.0
42.0
39.0
36.0
32.0
29.0
27.0
27.0
28.0
29.0
30.0
30.0
30.0
31.0
32.0
33.0
34.0
35.0
35.0
35.0
36.0
36.0
37.0
37.0
38.0
38.0
37.0
37.0
36.0
35.0
33.0
32.0
32.0
31.0
31.0
31.0
31.0
32.0
32.0
32.0
32.0
32.0
32.0
31.0
29.0
28.0
27.0
26.0
26.0
26.0
26.0
27.0
27.0
27.0
26.0
24.0
20.0
17.0
13.0
10.0
7.0
5.0
3.0
2.0
1.0
0.0
0.0
0.0
0.0
0.0
0.0
0.0
0.0
0.0
0.0
0.0
0.0
0.0
0.0
0.0
0.0
0.0
0.0
0.0
0.0
0.0
0.0
0.0
0.0
0.0
0.0
0.0
0.0
0.0
0.0
0.0
0.0
0.0
0.0
0.0
0.0
0.0
0.0
0.0
0.0
0.0
0.0
0.0
0.0
0.0
0.0
0.0
0.0
0.0
0.0
0.0
0.0
0.0
0.0
0.0
0.0
0.0
0.0
0.0
0.0
0.0
0.0
0.0
0.0
0.0
0.0
0.0
0.0
0.0
0.0
0.0
0.0
0.0
0.0
0.0
0.0
0.0
0.0
0.0
0.0
0.0
0.0
0.0
0.0
0.0
0.0
0.0
0.0
0.0
0.0
0.0
0.0
0.0
0.0
0.0
0.0
0.0
0.0
0.0
0.0
0.0
0.0
0.0
0.0
0.0
0.0
0.0
0.0
0.0
0.0
0.0
0.0
0.0
0.0
0.0
0.0
0.0
0.0
0.0
0.0
0.0
0.0
0.0
0.0
0.0
0.0
0.0
0.0
0.0
0.0
0.0
0.0
0.0
0.0
0.0
0.0
0.0
0.0
0.0
0.0
0.0
0.0
0.0
0.0
0.0
0.0
0.0
0.0
0.0
0.0
0.0
0.0
0.0
0.0
0.0
0.0
0.0
0.0
0.0
0.0
0.0
0.0
0.0
0.0
0.0
0.0
0.0
0.0
0.0
0.0
0.0
0.0
0.0
0.0
0.0
0.0
0.0
0.0
0.0
0.0
0.0
0.0
0.0
0.0
0.0
0.0
0.0
0.0
0.0
0.0
0.0
0.0
0.0
0.0
0.0
0.0
0.0
0.0
0.0
0.0
0.0
0.0
0.0
0.0
0.0
0.0
0.0
0.0
0.0
0.0
0.0
0.0
0.0
0.0
0.0
0.0
0.0
0.0
0.0
0.0
0.0
0.0
0.0
0.0
0.0
0.0
0.0
0.0
0.0
0.0
0.0
0.0
0.0
0.0
0.0
0.0
0.0
0.0
0.0
0.0
0.0
0.0
0.0
0.0
0.0
0.0
0.0
0.0
0.0
0.0
0.0
0.0
0.0
0.0
0.0
0.0
0.0
0.0
0.0
0.0
0.0
0.0
0.0
0.0
0.0
0.0
0.0
0.0
0.0
0.0
0.0
0.0
0.0
0.0
0.0
0.0
0.0
0.0
0.0
0.0
0.0
0.0
0.0
0.0
0.0
0.0
0.0
0.0
0.0
0.0
0.0
0.0
0.0
0.0
0.0
0.0
0.0
0.0
0.0
0.0
0.0
0.0
0.0
0.0
0.0
0.0
0.0
0.0
0.0
0.0
0.0
0.0
0.0
0.0
0.0
0.0
0.0
0.0
0.0
0.0
0.0
0.0
0.0
0.0
0.0
0.0
0.0
0.0
0.0
0.0
0.0
0.0
0.0
0.0
0.0
0.0
0.0
0.0
0.0
0.0
0.0
0.0
0.0
0.0
0.0
0.0
0.0
0.0
0.0
0.0
0.0
0.0
0.0
0.0
0.0
0.0
0.0
0.0
0.0
0.0
0.0
0.0
0.0
0.0
0.0
0.0
0.0
0.0
0.0
0.0
0.0
0.0
0.0
0.0
0.0
0.0
0.0
0.0
0.0
0.0
0.0
0.0
0.0
0.0
0.0
0.0
0.0
0.0
0.0
0.0
0.0
0.0
0.0
0.0
0.0
0.0
0.0
0.0
0.0
0.0
0.0
0.0
0.0
0.0
0.0
0.0
0.0
0.0
0.0
0.0
0.0
0.0
0.0
0.0
0.0
0.0
0.0
0.0
0.0
0.0
0.0
0.0
0.0
0.0
0.0
0.0
0.0
0.0
0.0
0.0
0.0
0.0
0.0
0.0
0.0
0.0
0.0
0.0
0.0
0.0
0.0
0.0
0.0
0.0
0.0
0.0
0.0
0.0
0.0
0.0
0.0
0.0
0.0
0.0
0.0
0.0
0.0
0.0
0.0
0.0
0.0
0.0
0.0
0.0
0.0
0.0
0.0
0.0
0.0
0.0
0.0
0.0
0.0
0.0
0.0
0.0
0.0
0.0
0.0
0.0
0.0
0.0
0.0
0.0
0.0
0.0
0.0
0.0
0.0
0.0
0.0
0.0
0.0
0.0
0.0
0.0
0.0
0.0
0.0
0.0
0.0
0.0
0.0
0.0
0.0
0.0
0.0
0.0
0.0
0.0
0.0
0.0
0.0
0.0
0.0
0.0
0.0
0.0
0.0
0.0
0.0
0.0
0.0
0.0
0.0
0.0
0.0
0.0
0.0
0.0
0.0
0.0
0.0
0.0
0.0
0.0
0.0
0.0
0.0
0.0
0.0
0.0
0.0
0.0
0.0
0.0
0.0
0.0
0.0
0.0
0.0
0.0
0.0
0.0
0.0
0.0
0.0
0.0
0.0
0.0
0.0
0.0
0.0
0.0
0.0
0.0
0.0
