633.091771754
900.489310839
74.7804980797
26.8228449543
707.90154344
889.70270277
260.751165338
422.558876244
77.9140638866
985.862516671
712.619239342
263.790343496
845.745004145
182.516932411
948.175656619
228.267379039
225.989187984
552.27235668
689.040141059
559.637854072
115.052414801
803.752732038
950.510329363
797.36190153
291.273502437
195.876874424
577.455926075
776.054072971
173.634541826
906.937160735
250.669734034
280.777084468
439.950847419
567.17858736
725.936809547
471.008924781
600.819245412
894.244425672
476.699376053
419.226873023
170.121589215
61.4558801891
846.214915386
154.92069494
268.322387163
720.596091339
884.888777751
536.271876582
271.251607941
722.571822834
772.151356917
300.681526121
178.912510135
137.693507344
302.239356547
679.950262663
168.702039577
695.071563996
506.165022513
899.153409744
682.712719336
188.98048533
128.037331854
457.570185771
305.231447318
200.715986163
783.167969742
260.045722383
652.431965867
245.74802647
124.671767959
311.661151702
950.719948464
80.7278468406
754.160851709
326.563933533
131.020052832
106.431096041
827.998931615
336.043741747
219.25556465
526.200588185
19.2715478595
295.787779544
744.930594217
866.909393829
311.780155817
360.101129429
875.676279981
871.638683184
467.966058685
832.693493714
908.748740588
763.272366318
363.017868613
491.80920515
698.017095884
303.143629692
928.21546543
468.6488043
593.622095373
781.093875018
394.879712371
481.402911564
566.790148953
57.816998366
325.741889916
73.5165903118
747.654329307
632.129186707
520.985553876
242.03456788
198.041339954
294.677806855
837.363650035
866.318142454
71.072144135
764.801821792
643.376936611
948.005510662
693.379377758
48.2983980588
521.183892233
738.683909952
922.656259762
227.365778801
231.542235778
779.484743053
819.656051982
566.243063778
308.701088709
315.904843425
372.998002975
716.53128147
49.9949742142
404.151468771
12.941384087
615.261865977
80.0146245369
216.767061472
313.027033737
499.563724887
537.458183154
171.722182369
997.923877928
702.172350803
944.449811843
649.009803059
364.000236898
364.452106151
887.54540645
178.29197746
454.415406805
463.077080032
507.938050335
77.6541334572
185.246264204
270.705646156
665.715211971
210.165679413
261.027191916
155.623511256
639.683815026
486.39226781
191.165052261
429.074944405
272.428976597
459.180114686
296.037610965
980.999297774
866.479086114
220.915129387
937.55524144
872.522518266
985.790315151
941.975723689
770.963504164
363.916327156
332.39097524
782.638679774
706.394709635
201.036856774
107.203814381
507.600115546
98.9139899347
649.332886526
625.952149245
541.732746662
670.825049028
926.289535016
936.253419078
677.433744163
971.721944185
448.0851283
192.812525032
699.154132462
780.473920447
485.170532604
283.550217068
358.325629426
530.404547541
274.107197483
15.8539209782
35.3591626557
597.671458417
226.995560754
706.886370814
222.806199726
759.338864116
568.784278302
379.858275812
142.004311291
479.305595282
78.0129852145
616.564021463
838.240729712
196.11439035
53.5845235804
79.8214034072
660.128156289
717.82396663
80.7177199632
804.14180681
510.032078839
839.048323713
556.614942664
910.367478355
777.617336012
54.3241904722
396.313994921
384.164180546
767.839401723
156.490105029
872.834358605
563.072400447
222.036871695
996.783289097
788.780179323
839.587303125
635.821771144
524.569711296
772.851571095
848.305768997
320.121263274
64.4339787893
920.558170823
884.831458225
714.490156176
559.972553512
1.52978787878
868.210622734
966.786558904
609.860703038
455.140016986
215.703492167
790.286115573
516.951779039
544.552971265
380.916661669
836.431998994
990.776681151
969.91461686
649.734282148
474.695729818
644.458977899
396.084871472
853.47618085
661.429383611
278.485501557
748.432408252
781.31966081
557.276935334
933.094075391
853.399597199
155.979043015
421.628593238
997.393663948
260.479209365
209.297725924
488.346122126
270.080915639
495.885733348
396.123318493
522.591311577
50.3964560899
750.28039428
770.260861114
393.769994938
244.481747479
133.353631105
881.9444279
742.081340109
473.762530507
377.84373249
316.373805286
326.130561712
17.9037438211
178.053851254
465.799650307
14.5341249469
187.677455226
615.367766081
282.844179097
735.205311877
662.874372938
631.434873856
692.455695194
5.17859390286
225.936823966
297.659324854
138.902641626
178.580709439
654.638964794
317.509093173
374.320997439
654.557598299
314.165441402
123.77656267
9.47214290685
51.5382427625
344.654575953
413.479397706
568.11734724
268.346862753
514.293427109
624.15821566
998.594229585
429.99971501
300.826440635
646.137944509
354.589340378
957.169152535
133.545797224
547.389971455
713.673927376
426.849742533
453.777297753
50.4587674635
331.787312761
531.835752698
497.574854895
502.126430048
766.448424154
202.878173683
241.034410932
322.507980639
482.68095099
556.246459494
148.365332194
8.92869797827
326.606661543
591.904538143
432.257103349
341.595463131
512.620882048
178.798903046
997.706084951
125.631717203
366.740877926
336.290829228
868.917470832
340.537606754
811.363731857
980.126046925
188.115563523
459.158552086
258.855332952
825.185721776
866.803108379
665.980568845
805.486470374
195.779009244
108.446054466
338.295469185
710.546903934
665.244515488
425.693325064
341.70626447
177.218754064
951.643590739
291.661267257
74.8365326125
164.228736576
767.489671734
367.040117779
317.718384193
760.884692142
2.46387528498
356.392212757
195.600463779
360.881723776
858.136135528
30.9824385781
69.7004304394
749.309704185
923.868983929
226.293774437
224.206781595
323.09091496
739.302158995
586.926700771
533.478803475
106.205799134
719.430669272
515.654710438
765.762495822
329.904047174
61.085235625
210.133592077
701.986435681
920.620630022
893.361792721
731.533650482
303.465653833
584.179431933
756.919812885
25.6052991414
290.708399187
159.092333236
683.801709113
209.679769478
66.8397681944
932.754802155
617.788767584
0.896861711382
86.0777561753
1.92239632829
848.746059358
164.874210972
788.61977702
660.675876745
429.835828989
201.074554844
232.935199468
126.396421481
358.790658735
989.257265708
603.314006215
839.427932456
489.217103603
457.787732505
940.43329164
97.4866466062
317.976174409
632.158358565
410.83774659
122.556027057
58.8503599553
546.988737209
507.637497867
876.753794524
558.245076455
171.838295268
330.196231675
572.454104719
212.18615406
556.764905238
710.002934299
943.63497985
117.180131601
363.374694415
487.242886766
891.52824188
369.321015965
734.888796594
447.343956506
331.835306515
913.730836764
52.6107536472
567.391791494
749.290036093
970.357505486
899.375178662
763.907167627
639.413366623
698.504863137
223.365177479
625.576945813
369.922079995
185.819588225
449.218415213
582.697916839
254.393460236
631.698304516
767.81689539
153.825479207
251.078126777
934.249067021
619.845010251
418.447350698
15.6167075145
89.0429443126
721.913531283
937.222196146
580.310265796
882.946694453
149.937959145
249.549754106
491.884059174
401.732513758
759.430090424
794.164255119
822.57627238
794.749758068
138.669686929
746.487034137
984.731402448
855.154022867
31.7757751747
345.455346399
375.011471482
440.443798926
546.699032256
259.180482917
751.916830693
986.428165829
976.846407895
808.8610445
651.241091535
763.40854309
859.330408291
915.147282375
336.871276574
19.9762234828
86.053722883
154.708205683
509.790208387
233.988670889
184.335487757
915.642503288
663.775767563
210.350323712
264.391209827
114.772495128
353.085310091
616.060100355
848.239544612
508.552910507
786.711694251
613.480183932
277.367868802
350.517900248
400.02702971
91.7686707151
124.423682027
324.94371652
45.8822645235
430.049029234
650.739528063
547.877051008
792.432078554
436.808252747
563.220092205
29.5226357747
504.001392831
252.574259082
715.383943711
882.737341096
435.34661915
12.7718204178
520.446852503
450.072741242
455.745608074
373.616739814
874.175604223
549.157272364
683.356492272
499.58977092
646.867393189
751.389480938
522.924612104
819.043363974
727.310602342
294.393254807
133.746240189
266.835286815
740.362692178
791.9909503
457.029159805
832.696408259
472.760339464
579.782826043
744.430826665
99.423177528
452.656345197
410.395018035
324.787604075
949.329030009
173.638064201
337.175160001
949.12463802
771.536028138
445.994218618
339.363312434
404.908141047
60.9999613926
256.611120238
316.394099184
815.427459152
307.429574143
31.8492897293
786.849911572
648.487117675
495.741853948
687.833659557
123.451097577
384.177291332
752.30781199
596.440057334
569.365264302
805.569164038
473.473911813
472.264309777
184.138059017
104.562618254
597.555358958
90.1962482488
805.785196658
327.262277417
149.479550966
205.413970181
843.667439868
181.428755229
849.219351395
309.613276282
637.491436424
433.300588834
375.912112707
520.270813219
864.171353304
82.7801271709
602.139256698
310.189067274
765.129768943
649.623755162
827.348673305
848.571760259
364.244355187
67.1731584099
352.142768645
467.282437344
991.799325067
24.4336894465
618.62127061
267.991283687
768.89366784
207.677451025
906.599809864
833.10361945
784.061341213
450.797524102
883.923160094
857.53563914
999.220239348
628.061129408
358.116484043
365.239323226
915.581005197
865.468836439
955.17282575
677.54130007
522.062461057
356.743161873
936.006254192
194.034646182
405.796484771
896.358562019
163.94842402
959.725970589
80.7556552951
754.112810567
463.493882969
962.168101728
933.84966184
459.306289283
153.168459688
56.4661868354
586.499377016
97.574457089
401.766553945
585.18050777
448.718714378
301.612498914
17.6975762632
160.134983458
373.313644155
30.5901701063
613.157888819
840.164456185
852.209599106
632.487171461
725.992381367
660.426116011
790.38796835
591.697659384
408.36218914
994.362281444
518.09007385
179.89583334
552.358855542
218.335536178
97.1921037012
848.908757022
60.7165775127
405.247818608
641.790854484
863.680100637
562.179506695
22.6662475252
92.0606746729
211.212606107
808.457218124
438.899374272
131.228412236
20.983687133
497.464059807
53.430269194
28.2201632423
397.8228237
416.309888064
595.19631933
529.253570795
130.359215088
404.516080526
815.328016855
774.875336735
278.805021189
572.719533346
239.3509474
366.801374825
265.65424012
30.3697631161
600.595026854
11.2997168613
997.79510926
9.50205083925
778.726596953
349.187688167
668.971252141
520.748360098
316.903767169
500.877213859
722.278334941
920.067295403
976.039401703
540.388843838
197.151723301
962.106791777
508.393397852
986.865072922
782.133926101
850.375606496
395.330691999
585.246016551
136.387301825
50.0664036165
356.584141472
946.063791341
198.751694511
674.199370042
354.319880301
701.142262618
651.127505437
792.030383472
64.016347454
287.357119118
698.141939552
995.213975028
127.323173597
704.690906384
336.848733126
471.102145379
90.6746421449
794.265852244
720.026767115
462.659160937
526.300181109
841.097511969
66.974174007
966.167634727
727.166535361
269.663109981
716.664522424
41.6885671126
819.913006333
611.03730034
719.588222164
180.771856458
780.295267861
111.720696569
48.1603252807
964.393831639
905.681490304
682.850546712
749.734277409
718.396193163
466.000080999
521.118530772
505.465539809
597.287566404
939.796978359
953.580884278
546.949112684
131.815197232
885.165355686
317.846947709
420.347130592
880.672178563
811.848485721
246.318987203
421.825623928
332.694359713
611.088922332
775.348325985
244.584546151
888.244769746
101.076499948
242.815108085
546.347727068
589.059052957
687.778690792
948.784763797
726.569942561
477.501761771
977.797623126
390.27405438
248.190329186
399.66982172
545.975173788
383.713319773
273.358629469
603.330026714
740.382209542
786.015009219
874.10553116
115.219947409
487.496738958
876.22074928
366.914007729
729.587226912
752.730326122
223.339338349
203.797890124
137.44249186
475.057164639
647.551348208
151.772086734
859.68857672
73.4430021764
555.238534557
365.617578906
168.319378526
247.335117435
184.932989757
734.108844706
745.873282255
419.961150145
740.810125852
560.267895882
504.801745582
509.989219072
733.929441465
485.713480801
504.673820437
339.191223835
674.401018507
22.3617128254
855.220605835
906.876251456
7.07135730996
867.809286545
29.5361750218
792.08909145
487.492225113
870.980252381
250.011505982
951.84651078
920.960374836
184.122145239
611.951413995
145.101028985
429.601562369
15.1858992898
511.371028102
799.525768519
143.627325291
754.985818486
831.891522446
530.567288827
483.650478211
133.120293773
703.684382428
510.754308236
344.294465323
176.151889532
245.322914245
322.778392409
180.638785117
439.17350988
351.829527119
69.0261154232
385.373786525
124.193894917
13.2097583434
541.923246866
825.346638839
236.156043805
989.523062205
661.980539996
768.595405615
394.295145907
993.693555876
958.244955029
444.960781643
694.145681053
584.198940893
78.5698875779
488.042514524
289.504810136
905.547845545
633.568985443
281.931709591
60.7841360272
295.168013688
354.93844159
467.688275944
684.096920725
385.168784152
270.575707418
730.7341767
261.287566863
667.72609524
534.088920689
81.7223068061
685.115312534
596.313065018
61.9598295667
623.095374499
439.054534576
639.641769453
741.334249146
940.675142057
54.1949518435
946.716928969
813.860349073
630.397624547
70.4695025932
770.805373172
127.359870957
444.478482231
514.713878351
44.956713408
825.776286264
730.958641248
176.907522669
975.680037862
966.178738088
923.129811234
196.944593134
666.330547227
771.377974634
551.92997352
648.740154145
262.725698531
549.019993507
550.28372917
630.856482303
529.333970544
417.082999123
281.715631047
163.359840226
219.592467672
937.428335232
757.337423456
228.711193857
678.080061282
349.007183637
564.865411742
878.679527487
850.806171152
546.117780298
50.2346013598
292.472073017
269.881121881
210.033295061
316.584103591
3.9915864216
986.072562533
396.011521895
298.024818725
523.355731664
328.814339822
653.336782591
734.41485705
515.820659166
837.458536622
198.918665943
190.563061999
493.302034525
134.064240183
