890.978490932
226.737883677
23.5821236035
541.167855179
727.370673755
202.13683103
433.833683636
908.143387745
324.823884244
593.710901772
123.494001569
311.577487772
163.141781893
321.829923932
30.2374110876
830.767181329
370.324878593
367.454992366
636.18651467
351.501927638
650.405682684
358.324106605
716.433036022
520.317832411
940.418924026
727.649300417
941.547103963
620.153428125
779.195292301
431.245688652
123.259975828
685.693575235
297.898026271
791.048035759
487.479242424
901.540223282
807.710462571
930.690983144
517.501934925
245.177411888
381.645559569
593.627125466
155.597776671
247.208835593
146.205499574
926.910149765
932.630303308
869.521735459
408.439803137
593.084560344
348.066573569
71.354240397
208.580887227
969.32471851
832.782953389
404.136733438
949.164493021
409.932159458
0.815068314846
881.635362786
909.766418305
449.079332151
438.461980057
168.354575664
683.431951544
24.6301372458
217.243796078
963.324921693
260.044179316
962.442013985
630.177866633
530.688920272
746.456588543
127.535759221
133.734423927
675.93656383
87.158190242
459.13273532
440.665235471
920.772482
166.72519601
315.289771195
42.3716419949
121.498725665
22.5946892914
746.613846655
299.069185993
968.570009902
967.58705105
579.242690189
310.793576732
33.0789966936
466.374438603
682.561043373
35.1474538225
661.786046901
408.869851971
844.735836438
850.738029416
981.807184773
329.367504051
520.349903831
287.506769416
735.278224097
18.5294326898
933.746991712
207.149861171
175.447065338
602.305651414
503.683731681
480.441191141
286.884031601
181.803417058
779.340915166
198.067653572
616.828639648
262.155179942
887.824726159
216.103102308
872.163840676
19.2896635365
964.289019091
884.142983332
913.634918677
479.801486049
345.463022902
890.698608718
944.600380418
208.981419682
417.401530021
896.36923097
466.969102513
951.330618486
81.9547550888
155.258638073
27.1545122998
572.408287125
215.864896883
981.500616465
813.257445683
722.865016041
524.331736016
513.962037869
794.336159016
50.7446011608
105.312624349
391.577894886
615.720051585
632.239109112
159.741575091
8.07640470055
766.27765778
931.901018458
187.681937093
143.503153077
456.853115772
685.571203692
714.629927829
168.391046591
717.221640327
724.448504015
862.578741195
936.879733683
321.11275492
210.098234933
410.321734496
297.598394137
238.502492694
528.969766482
815.561808163
969.336557302
375.705233281
39.1509690488
624.659993975
1000.07368049
999.049001943
647.405226112
501.054668105
615.684945136
350.063940908
812.600665675
752.361700991
191.712134222
695.941729726
314.884696157
790.916087558
589.230458327
28.4853139381
719.658661006
939.965522607
327.768295658
577.316339183
122.748516298
930.611162474
673.064196351
948.255483033
72.3717115002
931.613876139
836.758288456
37.7875418852
885.836356754
540.47662556
651.223976232
95.7599666996
844.857933881
246.19012177
95.8154477906
539.509772946
967.319074541
379.760105669
35.5815536896
560.147141324
51.1851049135
529.933401375
643.020421898
851.053453237
511.010030442
532.997904372
363.664077213
358.854585056
979.674715228
641.428596488
49.131640388
780.155934578
447.0049109
543.962551393
859.490719779
560.056198955
886.012726116
573.165663698
784.800373842
716.448132964
372.70773864
262.008200539
894.591463161
872.113618653
829.980189879
944.092558823
303.806728921
878.012390306
813.33219045
760.609904771
7.27789999986
56.4710336093
95.4121087127
904.871636923
916.815290336
954.610735161
897.842114963
976.66395945
403.265154687
891.696518403
719.312449544
833.151978242
770.918270772
390.632030502
763.512748222
598.103650339
641.455636356
327.89598134
149.640942551
685.904370866
641.856037497
263.080681759
434.209950711
629.016743119
929.851475416
546.825034271
277.326775487
173.688631365
691.155327991
817.557941892
276.006833085
775.660841377
364.116600516
233.895812059
388.699712317
188.466865805
188.818007547
311.8415651
333.224862201
545.021114174
1.80181030472
598.605326078
74.5033142048
676.146230924
775.692365877
410.910277513
295.880209332
383.60897416
905.172111343
505.779880582
365.326737462
595.769855254
56.0559220721
508.682977296
422.635614878
979.05576683
172.610312665
682.226711688
174.477199912
307.299404858
138.192308203
983.135471736
108.636801419
446.749171106
871.960548875
331.630062419
104.994248828
915.215586749
686.568115787
784.752317111
459.467935444
359.775257516
733.911193774
173.844184522
866.827807499
733.983036056
431.257011619
523.773164915
918.875870987
772.976864383
159.282011943
297.991330993
805.770137347
607.307069488
405.446596259
943.600964323
458.589984915
256.13663823
97.8858857086
358.804431539
238.658610139
401.440131064
422.90800396
25.6950688482
685.081468693
982.096992532
298.921202146
164.049115823
753.260647371
961.002756703
575.634540519
397.867080378
183.328391671
549.12139601
865.104521661
515.308085947
232.399816788
631.641139456
646.22431416
244.514064583
82.6588722559
50.6387817155
951.023782794
7.70755246547
570.043049234
652.190410701
66.0143253023
172.309192653
710.190274232
144.780553974
818.037521244
541.475868015
293.156317832
772.439896717
998.315817657
369.081513451
982.264011159
792.177600881
830.36874119
728.619319433
869.660699664
598.530445325
145.638090241
719.020560007
741.387026647
24.0322034775
294.846828148
245.304788805
615.873940226
531.051379674
359.029993869
629.665989445
792.606044692
904.012361455
547.070876964
248.30266347
421.854123043
246.097488538
173.68544683
477.756395028
38.54812742
801.224669131
708.367757843
884.950178461
168.199141409
656.109143515
955.252137461
299.953461422
961.295755475
674.061537214
297.010607081
62.5420978162
876.571885185
583.099916978
276.988993101
223.393346186
380.274878738
206.250304255
603.45551021
601.993434963
866.823740448
906.300711467
307.155078069
189.418281644
896.319209508
532.546896965
209.534793497
964.661898989
431.266820341
172.498398764
165.451970464
279.612358511
738.346035527
428.412440196
555.018791624
636.210326439
439.508989387
642.1302699
262.95993734
86.4144902824
665.657739422
658.917079218
275.569603318
117.029089016
851.804157515
259.316133476
920.942426739
31.0746866567
190.724132865
517.257158431
237.992759359
150.669049065
700.363895594
645.879515185
133.88655942
151.242786239
955.396245808
164.457961188
778.318838202
724.689252335
53.7436474051
979.206127718
774.387588569
780.408942902
304.51990622
669.809053586
581.871032657
969.010191226
354.777919524
475.58027168
448.198329522
948.771135721
606.203243326
523.118079772
722.163480904
717.40485721
663.672915365
429.653887087
537.228643281
390.845182743
261.908544429
872.398318086
240.578374715
831.133910626
624.366307537
91.3977432869
52.8913427315
396.5416192
743.596856822
366.241236595
734.337611483
528.479005706
862.374910107
126.391760357
64.7630439687
991.940501133
324.087944156
786.108281269
528.621921069
416.286104813
99.6214857578
723.733528406
335.37319373
92.5673630266
931.977839895
937.033800995
770.598968543
245.641645969
873.066641621
532.293909259
488.244244959
963.847809813
203.765584184
946.845762276
651.578308756
316.623173475
678.256847802
325.758163821
137.442467929
93.3049198775
568.76941939
637.964089494
64.3895033943
394.313592324
753.841646099
205.115962589
73.2164473819
706.051291669
1000.44691844
398.817947242
884.414260739
305.574818179
893.052691377
604.08940031
57.1519380464
548.02105839
541.20572591
197.494603871
539.26271442
969.847055426
594.671270672
949.644555989
511.981088437
520.730421496
881.081864985
975.301972186
4.98880339689
324.941557235
390.67960046
921.450166842
765.785264811
615.655814207
312.766971491
98.6649534906
368.89030929
99.7641635398
757.610861539
433.564320619
918.603789554
357.37104725
894.870289889
936.808209844
523.482125606
920.141582001
910.809434613
356.017468012
749.614885692
304.380193727
672.938446736
519.169585703
475.661434676
187.342566798
558.401154151
922.987025047
134.99293339
288.503871073
961.351970143
813.956183983
896.363764363
177.831395337
462.186554079
580.3129514
94.1768438406
282.325136472
606.71963026
738.811386806
650.090873993
867.120386979
138.467515763
584.782158649
961.182973026
155.39026862
619.861142164
284.992909151
695.826892429
798.619185498
473.414909645
441.333351087
564.440896531
170.300268529
502.265067596
111.46646671
780.879613026
878.01331947
475.573518415
253.942943909
344.176699749
111.314278706
625.836429447
407.17764002
955.444130177
56.8574134345
281.39556848
900.983520141
904.207177397
510.725181536
713.951987648
286.695929712
381.128250748
144.575386109
834.924989976
675.080565899
549.683688171
430.378951005
70.4030301631
574.50567803
928.793649216
771.600104488
302.1896164
746.067127399
597.833676022
978.880218307
850.511025029
50.6580138333
970.032800215
915.221976743
935.313651229
284.581695962
602.881866889
755.675568977
801.611243936
218.297464668
334.576978616
253.5092537
481.08002466
701.122825326
239.44838288
30.0991662306
809.798424341
608.841625545
875.049553418
527.545876131
781.562042511
652.203999113
884.014640695
68.4957749771
479.688718922
880.265599085
364.57524257
740.89053724
423.783232321
220.191129825
781.71261444
954.76473274
10.7215619712
946.676416281
716.745992746
223.1249987
38.4405631584
905.003348958
259.110146641
427.842564801
40.7588049233
854.212888961
69.559080153
712.495338006
183.34514493
36.7364647246
520.071669051
973.080609172
179.654811728
944.114332414
253.672227741
482.790492643
694.164347309
312.124985023
809.628236712
254.456265576
403.880234378
212.335421212
934.345244994
570.585056075
767.379770735
632.780560441
251.402742264
572.631254161
475.104885106
130.216398531
810.04391974
375.750269725
263.284273649
956.918190396
262.807002341
782.596014493
424.195824431
891.096910505
265.905541677
496.30038377
909.219044497
780.161064218
211.570428734
364.898547899
573.761058932
241.083274003
165.981659808
742.538865889
44.8654292364
540.272037873
714.889451227
294.534538512
117.925860875
475.782408786
193.373318619
819.04720746
494.438246865
704.190279964
876.693727895
712.943236546
631.67317774
596.688052553
607.189320995
74.4508260064
889.0393345
149.959987585
384.472173065
628.419047313
694.211648112
119.264517285
42.3072212394
566.369432986
7.42010161563
209.646804672
974.695083241
498.663565214
181.703169905
530.242134424
332.294440986
86.9411792773
129.889882734
35.4473601242
376.641423586
497.948500583
525.520149862
67.4504338728
586.115710669
999.768745193
585.001480566
368.70128125
554.713264013
559.74418861
885.56364595
637.342074028
652.133864028
357.74453589
845.40837074
225.217660513
212.08749422
332.965066179
810.289295205
749.96656756
993.548244951
345.373772052
458.742950519
626.831578362
371.113427522
760.120154125
833.744247518
973.562752566
385.296712854
728.900294852
689.097751448
734.894960042
24.8763173293
808.634107366
507.383540192
757.343032793
298.097726391
455.668831465
950.966940678
721.497827395
216.978756789
109.95540303
97.9855854622
647.404902336
326.657462173
29.1699090153
274.995798049
997.811975741
266.503386689
437.678019228
145.994305028
445.253735393
295.165269664
503.226254031
524.958899577
128.295636109
370.631274364
18.1632680121
334.04791109
353.828453428
55.0631713497
108.631840802
364.943373486
224.35512922
873.205214967
855.287039633
318.879874196
674.14955437
564.345454325
763.682534935
100.613559554
936.699982965
152.094179954
629.592633399
868.459496999
72.515478241
742.909779689
581.135931605
378.457628201
990.865884975
137.984935574
186.565863945
423.466678536
853.314115851
12.3506770616
216.691164191
786.907772125
85.9105620531
17.0270941379
875.196184316
112.556458392
737.62290838
20.3691295584
243.497902055
206.866801603
843.317838167
430.728718606
616.253155904
834.784560427
172.400549061
466.438375526
50.4802263801
57.2465030648
80.9763643632
556.835749356
104.96290208
721.481844201
891.330840344
341.671358393
885.669836798
584.675171835
608.901728681
533.35585036
772.258971573
462.704666789
43.9256211213
597.087009307
5.16801617908
194.229390872
544.05505098
744.686064139
790.06494428
419.696042015
689.661220037
468.020236158
685.644856894
372.978016816
356.28405753
175.138984635
205.049842493
902.219088231
566.6992996
918.989812921
517.811658112
368.76460031
913.453924692
158.853844832
511.635692671
221.256356796
576.047579111
386.355794737
646.299432818
230.560905667
513.132128346
548.318097448
450.124164607
521.215713148
496.772162385
729.435328311
868.163315515
493.676220964
109.07004587
703.76067818
41.5756108922
942.777266936
320.302020285
897.763644654
331.173524829
178.669330616
641.078193894
2.07469935753
703.065052431
885.703661192
878.15077944
219.559587943
459.08399689
571.202830649
209.743433894
841.159233179
256.167924485
758.687010784
634.377722547
764.360724559
881.094644658
839.869970559
336.676661726
250.608139616
267.583987918
884.816628275
845.885851507
20.0957916593
704.221136221
22.5673825646
730.842555771
483.768029827
689.98877819
321.981620268
966.215952136
260.073620569
466.661444584
980.388943203
608.547290688
616.982074776
631.387155646
450.900876129
291.573924752
199.19090822
431.095174078
70.565052553
428.007551694
27.6368766238
804.240003959
767.252339263
162.263458224
277.480694221
753.838876673
347.766142441
632.058723461
627.491203572
592.448873749
296.380508282
939.194341983
872.471478433
103.658368731
125.229412557
823.832888239
308.503557358
150.051026117
437.921522942
365.6035809
573.528970844
913.988442569
328.529718253
45.0925889709
192.230784079
317.739985509
855.116862389
172.058533262
941.611729025
131.852335226
49.990777223
590.844288218
841.187166026
562.26281628
362.904697135
739.673065436
502.731500585
82.9786641892
814.971052175
954.626680452
46.5347468435
588.474337544
64.5080700966
611.466613396
266.593486381
131.051126875
889.032520431
185.943054309
430.917344528
395.084339236
527.460844024
131.908518488
962.339687081
99.3856265154
169.41391733
829.418550065
116.264151936
975.996427706
