716.960474858
652.098445078
759.647896632
920.804622964
13.3231459418
45.9234982103
769.272144121
68.420938342
44.8767283868
676.057058363
188.627486957
758.04918354
840.474075706
625.404138069
806.305498735
742.004718371
248.256840559
37.6977283904
288.707285403
153.487979106
479.831593289
747.509857942
329.921814273
115.914972332
312.526957252
949.302946709
365.671369583
703.559199626
365.142990106
371.7874141
887.485729665
493.004270308
578.167287987
505.818984983
472.976378446
493.83739911
597.252895753
8.75538437658
983.730384074
427.416904001
43.2071539514
12.4243373371
532.958652986
273.355161631
511.249248039
343.873033966
353.127687788
540.840720186
105.702716977
182.835786641
353.166976415
583.734394778
945.935622549
378.271376514
726.607151279
698.697927507
471.172416025
366.024531121
784.706817666
456.170975223
762.455754999
132.603047224
168.911439693
281.679271491
71.2458733139
802.712723619
930.821919065
284.001875328
792.134069559
694.561162473
611.394351991
225.344143688
823.23014113
687.016050793
400.537226491
511.044707644
670.604549595
379.585496615
349.575029364
18.9533089385
117.122429429
902.102476591
361.851930479
951.563133973
96.1900522542
233.878763992
929.729177461
549.440050624
633.236452696
121.053208905
919.585253164
736.188020948
681.665415856
848.506182413
380.615634118
44.8092275219
577.806587313
257.511787812
968.16516999
634.927410409
496.485007215
704.00030528
261.044523541
129.331821477
412.592441445
987.971715577
409.673088377
893.890267147
494.002982853
551.568832774
201.90516528
117.178422772
502.072167612
845.025918245
789.847717505
842.08425168
433.754010677
291.45774059
941.687913707
322.111266671
245.383907921
583.378674257
742.705539613
614.070413657
411.855119454
194.15848272
175.337554992
990.438135029
298.190875487
180.966398036
39.167366486
765.749970649
96.6413913045
367.244135816
875.947278461
73.8321160407
7.30921284779
590.040437214
412.36817842
3.61467827705
931.978000685
953.604677174
39.4519474817
220.339453839
739.283508013
614.094538235
353.597384115
195.58219404
347.563980188
335.349564347
172.073154817
719.611642744
7.5668454702
736.068394297
806.993869217
764.825711072
267.53748103
138.394590425
505.125838624
693.972898982
69.5350252783
409.034388994
54.1837188327
51.1153289851
585.856105919
964.099366145
448.367733461
345.368632151
768.500125626
608.482754774
975.50265877
323.074501406
659.187119048
689.128491237
656.692923769
122.868041484
860.348168552
372.899190598
655.660555757
363.305223299
274.452293611
520.737738087
46.2617219937
897.425860322
749.012937394
648.731573649
517.476829225
357.962598285
815.805554556
973.460477827
607.738162156
665.138185374
126.136552807
577.794316206
655.268007414
404.127364969
301.790294607
437.638766513
789.617737865
854.048930844
776.190870416
313.715183306
126.383067556
947.697481088
209.747342456
543.690533824
884.642871958
125.301950748
85.1282094712
508.836023077
72.4880380107
894.019227958
831.311226133
726.325091584
95.6438836964
38.0961864985
181.820811332
434.988282036
278.292504129
668.197273033
572.283017492
937.689518893
124.024559806
307.824741798
150.402811686
533.84362031
306.043689947
332.712673076
935.10113492
398.444785317
252.110302998
874.651595413
386.055795807
268.984357126
247.710658861
652.863991108
453.439014275
665.951982148
832.162409815
874.192657071
488.792213434
529.379669849
665.785658425
762.537126451
662.679054387
727.884780818
435.608185175
99.6770376106
934.695345718
643.493971746
475.1964659
419.653854003
6.84161171432
642.503019973
372.672414013
702.36843538
618.217777534
969.127202269
931.795749553
791.352966176
23.1110190257
771.095268855
776.351801681
576.198204905
680.870966796
659.151750586
307.945689679
373.695587015
735.229211254
306.642030036
457.36629225
589.621533094
347.30435251
393.078679473
77.1535158569
766.320651532
757.649480033
167.286940213
187.361853447
327.17170765
416.694264883
607.173819514
379.025750317
506.650804722
356.819065255
846.423623035
651.701120328
192.554049823
261.026314459
844.559909317
34.0698666946
97.8293283202
865.138103595
789.38295545
308.737471105
124.55421448
244.952039176
344.660140656
419.107317274
21.094367067
160.166587332
271.603074625
415.959970611
224.996653464
19.0319850091
838.375667712
2.89309053974
753.769163548
392.369256109
309.637331227
407.509160445
769.156052789
268.398304331
536.423413504
33.2802857649
96.0583732599
597.01549851
544.363770617
517.454729237
714.474916858
607.12022002
30.6265810179
303.09500704
825.783743044
993.456354342
931.308471134
183.874314404
929.793003231
120.417001445
550.417022546
933.242039622
338.259522359
95.1529711469
694.789235516
68.513244408
719.233204683
350.108041805
698.482012383
267.148333515
459.461240072
530.547820729
583.933132673
658.115334609
839.770601749
41.9851491975
679.972784609
967.603167863
345.062195594
756.881176582
831.834629381
751.443905861
462.507225354
695.898145328
757.477853789
778.42678688
768.02426145
28.2746292697
202.940598106
719.985504951
975.92619172
626.575609138
663.418851359
613.806937029
351.46378916
73.1953571514
445.618982894
761.8876864
845.766679177
668.992139659
992.566639601
211.646957094
233.728614015
716.479278937
279.49589666
67.7240024102
394.860828982
10.044091319
749.331893842
168.657360319
405.15302298
90.6519157745
817.066049863
3.87262124095
879.919252255
983.690147152
604.32037037
711.773907023
947.780362533
977.520890664
6.82212742039
744.413932674
38.805150051
728.552886576
352.499911088
995.835371332
655.75127282
520.151903242
942.835112196
221.156304719
722.382344722
722.504943338
18.4700850379
366.599657862
282.936247684
112.95096655
72.9907006586
15.3027282521
700.016840709
502.211728898
559.255262995
437.503767623
103.397587845
235.910360601
871.950474917
357.113181136
268.510115274
167.000715827
559.683046585
880.480029171
518.256561272
456.275950469
221.772649972
319.014225609
567.811226744
14.0798984582
386.84591647
72.7322471536
901.57700685
28.1122125146
171.712802695
267.812494368
99.8820285677
646.416120274
385.452800786
512.172925818
696.376771584
214.956773749
308.277534672
826.612703956
747.968677707
671.761431192
801.648528994
979.741080838
18.9804684251
941.691363806
185.185824707
886.801343287
192.730193497
980.272672811
160.80118949
238.757540324
220.288557843
326.753248182
930.998030852
738.865083746
726.971751579
420.5726026
202.353231324
878.80553908
485.87505326
331.217838692
685.735085381
655.488049772
724.314559034
299.244638279
65.1631841166
676.633685167
860.999259687
586.603581664
815.356682574
766.704049358
836.665356482
886.182956084
166.690621316
262.456932482
471.954356449
903.42363821
220.870061131
71.2917982349
247.729146629
298.574966991
666.296133697
358.821910303
649.509021882
391.170418446
582.737785087
978.354043384
196.14539636
383.720346338
562.453629664
393.447276281
119.838457137
592.303000182
238.841067393
367.177905123
864.73181938
850.180745638
313.912926621
703.974987913
10.2476856538
370.093835261
716.591835734
866.041353072
51.6020539403
197.039275477
50.2121263224
918.455023245
338.463055639
179.711406081
879.209309766
296.418788839
209.246738301
902.715885314
993.880946878
836.690650238
824.096388771
584.297013546
81.0506685776
358.986791225
217.690554625
571.097115651
306.498541258
418.349997138
704.474819598
207.254728777
115.415280511
992.596085824
562.700988577
996.097701215
972.130843631
236.359554651
425.839323738
666.669521231
532.652902921
699.106920378
562.382222871
108.96318478
729.641466227
543.835848948
25.9320668841
570.867733788
134.359328492
381.909302069
669.200151142
393.992065666
40.1525925917
42.5540923455
1.293100368
12.5735082193
570.764160937
142.150509601
312.740197197
289.44664665
812.837244573
444.494824545
956.307856149
433.337140782
108.348591319
318.439133669
713.519014164
998.916886691
350.417848997
925.134598136
72.2607781972
858.24568162
12.0347434966
649.407441078
210.469337066
55.8151737097
14.3667232636
851.323847831
695.719729093
763.335166609
830.853358531
50.6669788953
381.328778991
403.27188245
454.580861883
443.315604113
972.21131818
426.369255713
438.535384569
105.745400693
976.908889358
67.9483604056
563.110605207
498.084760963
682.359609597
215.602503637
301.141174746
305.26761581
564.396693538
403.009572461
460.241887638
275.592213498
0.936505283819
94.1351890195
883.719241259
943.741136887
207.250854745
184.297387053
248.873805605
566.208025927
756.584116915
808.169419507
92.0146413012
875.560108789
797.958036064
233.29860491
953.38843208
799.262323994
257.15574068
95.6482965373
371.426004087
96.1246276856
657.987530341
511.820610127
421.665633813
566.027727931
844.452580604
800.378652553
501.11595996
335.729653283
57.7744028169
693.249406038
333.822794603
94.5517434275
877.799569044
18.5398206369
737.07072317
537.953875907
492.411014785
3.85078835521
206.517475797
580.850945474
176.14281424
270.055409071
697.805851596
947.063843501
661.429922673
611.815103259
881.937919377
179.424425998
106.633663364
687.456029301
792.214549804
894.49450397
867.616589317
282.998466667
853.48402636
353.762733813
984.939011899
206.7534174
696.147760181
524.155000387
939.186430727
950.015692102
13.8198687611
879.965627098
970.340566318
48.0369299431
553.217313671
706.962052715
208.173587265
267.102669246
854.71307469
489.337070467
367.764718411
240.151441247
898.586522486
48.5511737329
240.504089618
690.461233495
509.349398514
574.045049871
212.099032904
356.520521288
129.632202672
213.453384938
449.799237053
449.39133219
778.277234961
644.752509962
79.0897449977
889.020674148
236.845023644
839.215720455
880.149566159
837.506054855
672.061738048
491.49696402
27.2625509435
389.459067812
674.693576981
937.614600444
747.090854232
663.818934601
672.879263506
61.7799810313
906.609142408
987.61722816
102.668518327
489.696880876
979.354603846
686.942695659
2.82095545956
489.937878739
237.87411154
608.346588452
39.9069366661
220.466921116
366.095794947
400.536392615
503.354667457
347.164544796
111.495015667
94.3173629611
849.375637785
505.649267853
396.74806294
398.374384732
482.350749988
758.5996416
947.408636808
694.460434142
820.864894604
408.457235894
710.857273284
912.099553935
285.601340804
202.804336353
494.286989205
347.917528162
650.282628225
965.366017673
421.707064643
744.603210155
459.283477481
104.876150916
70.0379590158
300.642446911
655.583945446
207.315086621
604.190173232
221.433889384
919.184449336
798.586404771
452.092014671
185.723618302
852.451348253
225.522645446
150.292699303
400.96223468
104.854633137
803.556851069
304.012954061
976.99019958
879.18583843
944.297262033
764.028552497
748.142547845
119.30461731
996.38732996
188.614749811
499.65217615
875.184877688
540.706922743
909.031496555
563.93187988
888.197125473
217.042853007
845.05088565
406.692812087
733.463893344
260.562150839
280.060675134
869.777097466
330.21685862
880.397588479
717.841538771
588.112294749
931.999603754
396.414177085
755.743899866
691.955718885
148.381991661
199.218432762
623.116885364
404.010865749
675.211557901
663.799356659
790.619299732
946.021032414
961.08769405
591.335875818
539.018684114
826.945804068
256.416866965
100.576374035
454.380981257
898.302758445
959.878452132
979.299732801
785.813584544
289.138190741
203.040720658
579.822162703
955.135348812
827.463538364
821.019340869
804.455691892
527.388820474
817.562860812
213.565028922
51.2898617652
50.4125465435
498.660516931
363.17407711
71.5282518873
907.705199458
482.325587868
216.304737418
613.46953675
24.9635321077
619.066299798
816.320106224
703.712395025
429.534505077
831.74030252
125.896596859
6.49339101843
374.521775635
910.534624185
757.938190117
110.652731356
128.805924112
353.72497806
731.352298545
253.741026131
948.146668611
823.934262667
818.771062675
771.910000363
793.056241124
631.941923433
591.610778009
237.717059011
880.144974329
533.141913788
646.018205447
247.373637078
298.275346058
15.881494875
541.588198261
523.918547333
451.829658823
542.642384681
315.618834041
296.471388255
879.43519442
540.405889121
228.564480948
294.862027664
710.361707372
201.166255684
85.6296698013
640.632029698
394.426684487
79.0022556776
874.675771312
168.368842708
123.839094897
313.773001105
506.35531114
590.443880344
846.274153836
851.356721049
48.8236041619
990.104247126
419.632149664
763.322888173
386.057243909
902.147457439
959.83780573
615.217847284
892.983284575
896.352534263
787.236885959
664.37846492
139.354301283
467.232944818
614.419362952
385.186732481
733.074461085
20.8169923757
856.010161835
504.267786304
214.557389023
60.3127053245
321.114931884
74.2874578176
930.172741082
969.65887597
594.794047654
307.311941181
211.816202472
457.551572638
747.803223488
951.337100788
762.369773768
429.424206321
207.213533996
323.617009384
91.2650284881
303.092015915
940.899694368
152.859953299
730.968535594
969.843123422
986.714687619
322.442161974
507.874581894
842.851339676
181.630120831
389.672200914
973.563712997
289.224570414
877.354271508
314.220324705
963.522596761
430.57964892
451.842232496
242.485706303
352.255041423
967.345274393
466.945953882
306.830165895
787.417100347
241.967868113
236.521591614
164.7301335
672.111412795
830.47426414
559.079022389
566.710856942
775.097289033
113.575427936
915.032817209
400.276362834
752.002270547
144.169983349
20.3776464458
734.928222731
537.348447401
813.53728965
883.566594018
535.502073632
136.142235072
619.747958156
694.245125986
80.495539907
128.685767632
830.363446672
722.425741232
375.853480719
935.577394582
14.3292678658
882.515146459
470.4002668
530.570410395
536.183079394
545.08903378
471.005715233
508.860051186
701.978385918
836.100741684
247.463295053
556.868348429
630.048933316
868.837742688
146.609008715
156.144162389
852.101955397
644.558423793
627.283451485
229.454566465
36.0360724983
8.00695410216
386.362386991
165.488626752
575.20496289
559.889318674
85.4361777771
20.0449632703
50.3570632261
928.007374035
863.557930308
259.160102896
569.267779147
743.593485384
