336.936905123
491.102293204
243.809651041
286.842503223
310.94363222
959.096553078
159.795449159
710.014651795
597.136099018
689.368105929
964.296221731
97.0958528346
973.555324961
877.015578791
786.098860565
550.393828451
298.874211436
82.7668734178
923.69963604
176.346696464
412.819243714
591.230952913
404.141545331
270.454217988
14.9909736436
913.635161797
468.561365018
719.81159184
123.269359139
827.006934532
572.618226423
87.3877361364
951.640380347
602.556659615
389.082762847
221.033914651
663.48215314
152.001634672
510.163748356
160.232992608
749.353055498
529.427950529
400.111196028
743.406455174
635.642481703
447.222361132
306.890998248
780.34985361
353.077061944
176.652649191
977.760536277
411.41352873
171.280131355
225.435282144
999.952588218
523.871354162
787.060772684
34.8598716674
461.664071465
246.406501373
733.431684363
508.748222667
629.022609843
809.385810561
171.753079608
673.620412277
645.652741771
938.868218416
765.353614682
423.832432237
321.17132586
320.379937983
356.780830752
247.752484117
185.414573872
680.77405769
813.58072715
222.475022489
214.550760627
763.524100034
939.214059142
753.223628156
944.558768171
916.589878421
606.278236302
31.8195708563
678.043020674
163.375322797
802.337872447
498.956253616
467.33777449
313.397536735
808.422946994
454.495613644
718.595483432
648.074914088
239.93655122
742.383199872
24.4133651
617.625564962
306.420843224
589.357135074
615.852112978
69.6889571191
938.373189641
271.359366695
184.795509063
397.278751871
765.655542039
432.888248084
633.929278502
15.8090290636
543.007493287
162.595906215
971.482260283
460.353653321
874.045083912
962.507982517
861.692678783
643.064359387
949.990066526
378.557496071
61.584736305
912.942562724
927.726668556
710.03465921
158.57270744
695.764770284
321.03422082
391.780535588
767.183969184
940.685301695
833.972926578
332.507033237
98.6299093901
650.159873678
646.786419152
633.787623834
71.0061866766
957.67384841
494.798537988
85.145857719
649.534487663
680.503548032
808.185211223
479.7954221
985.910863472
809.715471064
215.571916816
769.129276463
498.67140198
210.575306342
292.911975203
201.961982543
487.300225965
511.738507537
379.707671612
699.647150578
18.3823431175
936.985878177
960.386087474
477.318178416
934.773142917
11.1653906085
100.468815599
153.044823825
154.825517125
623.833413832
822.865948872
187.951177011
817.052490754
783.675305652
286.713564825
324.620143724
53.2157588
826.457500803
609.270154416
471.849796115
756.106308263
831.760633036
599.873920562
190.273049322
911.874042844
125.864594592
167.662267868
602.382967483
233.83506393
757.07337731
977.127375062
107.407478604
137.660329258
3.80634807437
332.913862992
621.660358929
635.831384001
35.3504664001
388.715785645
153.330769803
507.010103533
647.312206228
672.767392499
859.302974564
54.1247189321
369.052689301
964.837741233
726.107543839
49.6828768571
689.648026499
674.911013001
183.341581484
818.832685703
333.587704433
46.2745133137
898.468234243
424.855231847
461.923550878
130.204165118
250.518169693
631.766987401
766.433992111
61.4592725722
724.221774752
366.407549112
505.751693782
534.793749591
18.9327534431
349.561938483
648.492328543
363.564916263
598.908372857
240.50161153
285.555411924
156.752249686
47.8858122016
163.535638139
239.203843868
471.807902798
93.90606336
670.418177867
448.710345578
509.841978449
604.860692122
262.032439555
936.473419425
150.618295901
676.320818715
840.19331049
641.150323183
66.1792360659
311.395570128
34.9934514415
725.338226719
970.145141239
31.7009811716
276.431627861
777.594153353
12.7114096696
680.966945037
154.640951759
724.669704913
213.123172076
351.00341704
696.21131389
104.87504998
287.433803637
332.305051965
689.012510734
613.712525
6.79367660185
362.568510755
91.0981029872
892.779227176
465.491853315
207.893432878
263.761375147
843.16124504
243.560122486
928.458462038
375.144212571
229.198586703
667.015341615
362.166841867
354.685331609
49.5649796056
291.390604402
896.578182267
289.60898403
664.747308901
669.980197355
934.876651154
782.938838149
30.6768352637
202.999110062
176.100682648
713.616392827
364.617839345
523.975185276
951.702565368
188.975032244
294.617844848
606.928583894
920.723857618
926.449811934
156.625278254
661.142057215
907.616298499
113.184690568
989.262464282
508.614562696
218.784294654
56.7671321212
728.715802415
729.664778956
683.508156898
127.343250007
614.21081153
718.689509097
641.940972067
431.035091029
393.467439802
303.45554619
93.9567666855
237.358446524
590.187614238
541.930743784
705.253161653
275.133133299
523.9065061
864.417220488
907.106061798
698.379605518
577.569861582
662.113195994
384.158784257
268.142281822
687.151782595
308.124087356
49.956803523
674.683381193
809.350624185
233.516253249
793.763824318
691.638476943
327.523146386
491.304097212
376.150224562
421.818483352
568.204373288
16.0812990401
917.729878447
70.5177700729
701.893442173
153.437910723
374.835146983
143.584985725
871.923246114
243.587156129
229.068137359
61.2083022487
3.86844888679
434.404034176
909.641490049
958.722605219
606.179732021
137.146680528
842.677167941
362.115186506
150.350377278
381.891028264
948.019408318
51.2139382242
195.161877541
755.219731414
215.50918532
682.288161375
467.556209529
859.868099984
861.722304064
149.807649121
478.307896277
389.092324055
820.497273386
597.346666565
634.738333735
769.118935071
774.108679224
33.1399796992
308.939718366
988.528340547
740.766920774
998.880917347
819.057183409
330.38286396
124.55718914
735.851763369
418.053333703
632.762869589
942.438877343
805.743436643
391.110117564
639.870985852
637.11791012
167.756765617
507.986606131
216.461387352
191.534031232
226.635312719
343.250336373
235.775329564
526.725737667
324.630113075
922.070583296
869.252682396
772.991558922
595.549025005
667.817149574
705.007723507
920.95357039
260.942906111
40.9303957979
9.92739003739
134.616211023
664.74960953
760.886424602
151.876769412
562.626892123
835.489998953
358.191849379
305.117229218
530.237047714
976.449015885
411.60066199
183.254780504
708.130078344
636.935512878
708.647714563
547.429978397
694.905976509
916.098976987
842.429861345
279.207501503
127.601367771
570.866935451
939.324035359
789.994610334
89.2496365103
16.5708690186
421.874837302
793.934065091
665.811400149
389.36994639
672.667062575
215.133909253
682.788256463
870.61538454
496.244494316
962.610989731
810.190694686
147.334688423
891.657511984
447.208507232
681.934346733
273.975079933
626.039073958
19.3302758025
545.488978412
723.75275184
932.751152948
638.123164878
153.418806443
296.159895857
903.743963852
802.338059186
663.029111845
93.8432555478
414.876623407
384.287202281
565.745390347
342.532115504
146.633190742
307.729290688
680.069761342
633.378640642
794.731398053
744.39182458
896.486189429
776.821594132
180.429230154
865.127215164
482.705435222
624.581378553
15.403058722
657.015467846
533.36383096
856.493696092
150.807673301
931.905567914
748.012440261
300.938711647
329.771390903
376.769467069
345.376633878
237.210256065
177.164842778
689.862250932
956.722398925
391.699717061
553.011558737
330.043505525
586.509156277
23.1507468244
296.910130375
486.228627415
901.426613704
996.340405088
55.3266595285
746.833571867
189.588090145
931.490617448
309.604087931
596.372749867
35.2574322738
413.464059044
503.49534366
660.707679345
505.396127061
297.658492627
543.204777435
509.485237424
123.956193796
792.097509925
766.08147678
110.030286314
528.122923245
908.697278824
308.647572534
405.132106311
897.333862722
553.539229755
288.310267192
838.579262821
198.668496071
287.115084008
949.134455328
2.01146307055
407.140911741
832.125959785
620.679707872
960.335097662
502.027207838
379.944415612
857.266243814
302.86901041
657.370460193
744.998847688
377.91858683
453.319092669
950.857775325
987.389871033
271.646542962
130.778463176
395.628468548
986.640151784
51.4044661043
228.927340356
696.988837514
11.0136988924
767.607689728
291.904427798
287.494701838
944.555383018
574.895280274
431.245813846
60.2516777446
666.808092535
907.294313976
601.227159953
566.259600484
206.813827307
717.315709738
392.273440323
240.230683267
843.041778162
191.843063582
160.127418727
712.383719409
990.542354956
743.933117011
20.4446485291
663.246577606
727.297494614
680.518693008
503.791340413
912.620985367
744.395084139
455.265337756
340.413737162
121.308832175
470.213569761
31.0990211756
119.15858753
685.913569664
103.808257711
810.059063564
744.639950751
264.500683846
509.799421939
14.0726977567
610.576841671
652.568506333
308.099523306
100.518143615
495.407150101
27.0900544456
548.506647626
399.866551697
952.202795687
461.516375185
285.14347848
510.027314825
258.951770405
142.200194121
493.73677024
712.549658497
361.906856584
123.785809992
99.9969009524
984.723455478
263.076291056
94.6416807579
355.056757013
401.606513167
141.361806152
27.184554953
161.773179
82.3362833034
431.350839022
419.164843237
245.274373605
162.375772944
800.169349935
597.176743652
85.184216345
821.081275914
458.865413379
841.389163762
901.882028845
285.227445325
292.959086152
403.815729319
930.907280259
567.773033098
981.62190109
28.411804625
575.521037057
663.250163563
495.215160487
473.239679944
778.293534654
790.959800763
351.241545826
101.595851154
200.453172608
588.126426954
844.536037356
601.539748911
918.678441122
103.713998182
512.481802066
221.940408264
445.048640171
777.510506904
44.4672277423
764.475808659
428.907278012
828.982026183
312.906819569
22.0115532885
168.186319103
846.885362111
481.780435189
973.100719269
235.375339939
800.249223724
492.654909781
485.884337466
551.144789201
493.991246514
687.069532377
976.040360026
814.039428154
251.49522129
671.336968488
224.246741297
102.791158415
22.4382357789
768.362485318
863.775376834
824.484393737
32.1169489027
725.012601611
963.539017405
528.582381908
850.190413942
164.660759982
765.059227121
839.50990585
312.964409521
11.0222488857
103.04176816
939.783710408
853.313992716
879.232531404
606.304149527
916.143797194
100.706093857
78.0993473778
631.926212253
205.911320852
540.442770828
769.919473969
561.650877123
283.179002542
786.207006893
378.74315117
172.322834602
928.239388244
70.9133634971
599.618244692
497.819402617
769.84451754
134.605785578
854.550415041
742.525420977
954.554719647
348.36906777
154.198986562
854.50061587
327.489672503
5.4212595717
703.125618733
692.401460808
192.302681375
194.029065368
701.084358006
297.969402676
523.09303946
590.031706359
24.1572122124
437.494746816
243.968274115
85.6160929889
955.926712316
414.303673766
120.589239931
853.150334538
318.245780937
582.689969206
760.789087517
221.736741728
195.168034663
584.970608416
639.856566102
212.188940155
925.776071384
848.150493834
123.669455135
558.269272175
64.0044905415
413.974200245
460.708092581
8.75980881948
170.515047693
893.35939568
239.731399795
800.351008531
969.482858781
189.96436475
806.225597942
507.826615924
600.306951445
73.7314567574
347.552222477
719.580499429
904.215714111
603.136656699
111.99780771
565.451194178
712.984937836
43.7122712278
161.490182309
927.776437175
677.544135397
352.49757811
856.771888125
794.816539592
3.37896585646
539.735562769
84.2283431973
65.841688353
722.669936899
481.060186139
607.077080837
947.655230571
881.328124312
759.02772824
749.257298752
303.441684504
607.035751042
826.14087613
169.208053734
428.841076518
53.0049425165
36.2001429364
245.034895001
998.559189601
397.873231229
943.372651591
680.53115344
368.822601267
31.6798442518
431.401838275
11.0484336338
545.644365841
158.559748305
963.218321001
310.591353099
492.385650865
175.274674808
342.522147445
910.394416481
726.560528306
156.447893796
468.462684221
180.586037279
604.70921376
255.011102992
104.508129059
783.639961929
856.482425216
553.283661495
603.004932971
131.175267299
484.300449165
837.541950807
975.693668788
817.752479812
69.8098912211
903.662242138
791.830593605
514.385675434
217.374229885
470.325615482
460.388813884
245.778188767
210.123043173
322.167769035
114.359528243
860.534185266
835.238635312
373.04261814
582.089146718
756.542322792
98.5324066221
807.205298278
91.949020772
695.712019015
474.476359871
406.813955089
749.582677205
771.335499945
596.420747686
56.0634687194
368.449925985
636.718066877
813.975998961
934.979985743
935.896720167
843.919388339
70.3626775002
64.5044614598
4.81898055552
402.251142472
790.154677073
762.288187049
919.967737186
596.846330642
334.520254282
155.066683768
230.242471496
420.278371602
993.879902782
966.409274179
764.944866085
758.125687864
944.461192177
98.7160137508
253.002262578
838.615475257
390.966331163
628.416939025
566.538538009
23.7696410102
611.461871382
395.0640124
625.881639682
762.683668564
872.389458517
836.630900429
845.482500715
217.561392413
443.139119798
873.696424322
129.0520054
398.016537241
918.497368979
751.721875166
367.101456718
876.81863723
63.2208313552
410.712090646
125.710535372
305.060531444
368.459679057
205.827894801
910.885412119
674.082233337
433.810651038
900.082804684
762.09960294
106.446859328
779.115431131
259.937604867
380.701352667
544.168632037
890.08240015
230.31446276
28.0513596963
169.873420623
608.444928321
923.125481128
684.2654411
71.4807152675
298.182961642
403.035963011
182.061608906
671.916019549
260.104319085
900.981944517
611.116193584
266.094845871
670.111064522
556.42362886
753.260144378
375.605765752
118.485946608
32.7992345059
250.236227699
958.768221135
32.4949714679
921.364196627
345.531749533
195.722933543
646.104233481
184.971415122
209.476465806
66.1282243289
891.060751252
820.76008411
839.017247141
63.4222233999
535.618686819
126.983367421
620.00902182
896.783555223
808.45687734
951.554707166
526.930141979
908.412046415
225.602208536
152.269185171
507.886947151
38.5638235406
219.622645868
90.8252089643
45.7376446286
223.72072814
228.954568024
93.626943447
788.694639206
820.415286582
52.6734367391
32.2267251388
780.413715741
656.003872632
889.058797167
64.9254641877
403.398906284
895.043416145
29.9179528373
