301.84139205
875.982758822
907.644714295
720.53988404
583.953045285
84.8182533225
448.081489647
717.010647662
326.094042205
175.749262129
829.476908482
774.239814299
993.62607426
598.693168819
555.470018547
862.903805167
992.396723874
260.899221827
926.678957615
859.58187061
287.236057343
513.115266743
845.421519911
621.683769557
825.808713726
895.300444556
594.728089066
404.187008972
634.279568809
429.140818511
484.920384334
304.38477692
301.382354867
495.806272269
125.342389938
685.032769491
597.771750142
655.324748233
665.020485805
611.160579588
11.3183848475
695.674209749
422.11559808
816.566488802
333.486995925
676.811223581
343.955909314
334.934862857
317.617123031
27.3712790915
195.928049963
158.994392654
713.458541528
555.817672036
929.666432513
368.247682666
83.7117697592
324.828990654
725.862314725
364.799449593
462.384488906
381.242672177
653.528952691
964.543468546
760.522807245
378.837061241
168.302602961
824.295447986
283.727456798
246.293226006
378.589007313
643.413204277
799.738665652
556.444722582
200.447600646
903.19063328
241.232940741
948.292236694
808.165415322
892.460682254
484.639754459
48.6765767032
350.946278829
972.900842846
373.036794963
90.6204875827
42.1717810352
157.552747535
836.257272614
569.568530167
739.603992635
851.097727799
706.155382686
32.4211638474
418.097780636
397.893364708
347.112822135
147.78788684
315.086044809
29.0417289921
185.162346585
956.481362864
710.245703352
733.199912426
267.238622037
47.1298358167
76.4418103845
473.436085561
181.171008429
327.591573299
272.665140115
811.585587013
205.778825907
188.094857619
153.304872933
844.490383005
177.604198637
880.972216634
432.412505538
340.789092216
773.571892696
584.588051486
272.267688284
541.764464427
809.675641538
775.762622726
684.634919758
108.301450056
334.618159061
483.924688344
322.259990897
808.659877227
240.855121471
859.791919573
536.240386157
383.204698718
107.151067589
521.733921639
343.995993928
771.386354031
437.112614462
412.943154823
451.819575533
32.468147447
487.256654007
656.686543
212.882588436
399.531368177
520.422424763
170.668683861
265.667384933
815.762143636
390.899859312
211.520623336
798.733784041
270.37265663
43.7888032632
216.117787188
951.16516002
590.16098335
747.371154021
387.616978904
843.446680032
114.304102105
614.474490939
176.895551404
5.38199721598
926.35690111
273.884528036
569.640368086
275.573384606
178.117366637
574.891178996
989.028559413
285.969630112
133.480133751
167.299264484
536.067990197
158.60324906
801.394507703
92.5304188466
181.271800649
341.095113928
369.727339217
942.597985397
831.31540879
772.766368385
305.644849648
799.819626536
894.946796717
368.248581469
900.184954755
997.251762315
508.721169456
867.406436566
794.663654636
880.858044406
894.918787072
128.514208182
685.394912034
80.3498884395
927.986120649
206.250705409
392.086343837
845.457166352
261.807116023
653.686972065
300.22387383
863.30705324
949.052441229
228.37869609
750.875374659
879.850015729
202.240247364
275.760154779
222.950720616
763.473251549
963.291486424
407.43836752
308.317126309
774.941344916
422.515291941
350.846572536
555.505143006
785.51501117
595.701082566
594.993383375
879.4378163
245.535166272
635.208904865
954.823021584
220.106311408
748.602727713
766.896359378
1000.60266825
738.696001185
316.217647717
545.480556388
803.100122418
885.139328605
470.481090029
176.937195146
967.796633738
847.044076824
960.632774393
664.264983931
484.926441468
278.682966711
995.281138256
313.179786854
520.16085207
189.831326493
536.33075234
365.303937285
739.819139199
372.65617302
142.462976034
537.276354932
870.209768978
440.170171356
721.989914045
705.825094406
68.1445354631
730.91269118
814.177775517
677.248913077
35.2488132501
259.294751341
558.219959288
426.951149168
196.026105971
593.125048556
859.281771179
960.544921395
967.700655185
669.454238347
320.053550281
479.420166851
178.705647228
367.283576048
83.8931138964
384.159509967
582.314983895
732.253309443
776.813354278
108.606145401
188.087324331
947.751431311
492.473713721
355.4507552
569.43356554
974.937354803
939.943263593
338.721055618
418.69549535
749.388818071
565.257367594
485.111599804
991.998933046
265.944788012
384.231693885
205.74126547
346.138985996
701.519600976
183.739381508
521.271537602
245.773527715
652.37315085
658.049053889
425.16359772
205.626849556
107.171147343
58.299234634
921.846597425
173.513482304
402.558238293
931.094679822
19.3661911002
302.869625293
367.367790505
789.024584264
993.252167763
413.307754487
497.91440699
157.214792669
196.853925028
889.622664982
71.1591776558
716.382303566
127.416166308
252.033032751
830.347440749
453.941411669
887.485400729
740.023767805
685.711367059
725.760717902
685.31967843
786.751140705
682.15647189
440.404798304
561.116602051
545.155642197
266.970158236
547.135224021
333.562095023
582.023073772
62.7448829807
4.88008561536
35.5693187889
393.305616775
142.189106904
463.565205958
640.730792866
263.833488806
686.44884018
38.298847713
449.408126295
408.947059878
12.9826448158
345.076057393
433.138565624
326.99064288
631.178331783
68.8468315924
51.6851946378
832.10930627
466.569565374
157.408921753
639.525189865
499.79590598
696.112794305
533.181788793
614.848037647
503.503846996
136.951142062
997.215478976
655.791794695
236.790020746
70.3083937705
347.014504907
47.6481234773
110.301354716
427.336976221
959.182141151
917.729208394
57.5216125602
148.608511481
339.133227243
141.133481995
545.668622184
606.365751159
934.922298667
424.552786732
944.535887368
307.841270067
646.473247701
499.132370889
509.614207264
114.327094883
203.958340777
202.08964671
372.434978324
969.77482281
881.142074457
838.2236288
334.051403214
809.893729239
707.343161931
494.951236925
318.592292465
842.538483307
226.835734307
20.2235467094
409.47744012
541.007537453
721.151780682
869.832383689
538.89318934
275.562694361
891.582788475
589.958603816
437.53764038
267.885922763
759.033410419
971.151805487
907.224503032
434.377190863
372.049018421
286.347149901
60.2730883263
958.486563729
763.344680203
533.670465931
337.400428147
34.1074444411
273.078743862
732.142185789
55.4806494589
638.248558218
650.887303275
212.731263462
929.896077515
106.978624931
845.726212647
789.156779386
528.441172011
138.746727788
730.357674343
124.354421681
910.152240492
443.739461442
86.1165603876
850.010717382
899.914462113
295.180162299
735.15588155
32.6540230332
581.263296542
397.404304997
822.087447322
213.31069227
48.8516884202
932.362109039
208.255261372
834.678773497
856.07249971
188.608623083
535.172744083
210.242255424
86.1768211626
558.348142649
774.866987582
670.388427958
792.974394421
719.554959854
502.204969305
97.3186559028
659.768370517
553.710733235
625.123611027
28.5980266043
386.300273718
245.265620642
475.878420467
85.4238618328
994.668680431
70.892413419
989.113974637
983.807570582
373.729445643
805.077599723
660.702143434
610.506387313
677.309150095
818.36540978
606.257913877
412.045243573
907.703817355
858.597034627
438.221461591
795.802124863
276.236975908
78.6936993865
457.663156262
323.861227741
209.78970149
206.689318728
404.607426284
862.670182414
671.940989015
75.0404818184
623.691918803
352.951699088
734.019820044
779.235001581
554.935282017
384.778537958
972.968212042
499.032079358
540.927974217
75.522782821
310.945766314
470.102170121
423.374894799
569.311467759
896.077977313
345.63985566
529.822717462
849.918455475
463.231602805
28.5401418035
610.94048065
814.273645984
731.75451719
67.4540826891
625.889241328
251.122643739
179.72258406
136.125658224
972.253705182
807.790676264
37.9796683969
988.259838797
121.205426576
949.935404473
984.417219196
303.644054737
330.753074264
128.314900349
357.292791308
351.07212892
446.206871749
776.27969217
218.700174036
26.875894593
907.090431171
882.936762865
887.549880865
493.875962619
185.156547676
562.41169889
947.860917124
189.741946676
303.24074637
309.020423252
525.781355987
701.955484356
97.7894697812
375.368392765
137.210134897
298.159571904
157.242576129
798.360618164
783.182028994
76.6296525541
719.399599342
887.178385235
489.494425864
70.6248663508
93.8775116105
169.161642368
126.240643336
397.407373538
528.408972387
598.797524443
761.203101241
425.904521115
772.825184916
876.512116227
821.382556978
158.390723957
155.166487165
677.661424976
624.9953839
203.500911472
409.752082712
867.643494128
457.949588389
597.216042868
742.352043866
829.137535734
57.9454913007
720.989212605
354.484842242
862.008756756
764.9354424
397.242765814
878.684377882
981.997347054
208.650011453
445.449648802
220.242910545
864.966248921
599.548370553
108.062652576
593.839215778
269.884582476
693.474248424
670.89063332
481.796612424
276.20903331
561.833603201
979.075579952
97.2226544106
220.360911874
964.165534761
790.292334233
531.522514759
877.11563189
949.765383581
162.406771482
185.236842607
906.854136944
62.1150573253
927.855832485
165.579570767
800.276067244
98.8558013493
342.371212007
657.851768555
676.648001172
411.821203599
555.894368791
971.04000545
607.045044271
156.349931527
357.765283366
130.878944333
787.155029673
917.130235472
780.284944303
842.426469721
396.00216403
958.103107191
407.809926988
546.685652601
119.517026599
431.163180296
808.089457957
391.463073768
86.4857836683
692.64197549
369.037099635
613.132919605
495.647850481
297.234350874
511.052305328
836.232308744
218.16104655
640.456890344
277.918842859
270.963676896
853.626974732
349.876106917
64.0424222668
143.988056675
263.675119421
591.173637934
319.803529228
306.587527506
402.554890696
401.388914653
300.002447877
714.368570888
14.1685776288
593.284794537
508.57188498
893.793182192
119.968675995
743.290920413
836.777310072
5.46555646347
991.202357973
302.945345483
125.086335115
742.398476539
580.501626522
584.778795673
138.256476608
927.404931083
886.416277926
1.20646541431
712.108128559
662.818030354
455.238070428
350.455996756
875.75784471
134.711663962
443.024610844
392.947629699
915.358371138
960.354968658
759.752592615
970.631832424
583.569469263
569.452152244
370.022818565
390.602418383
226.544734441
212.793881399
531.023810079
429.017307283
866.931170441
98.6818709643
511.883720409
416.947312814
559.316345015
961.829466657
924.258188085
840.511469939
872.081002497
862.411433711
188.305820823
132.830172072
363.63454367
533.946846702
671.6798917
150.390852879
947.47688768
725.268816824
152.329734002
251.272722938
597.977469353
344.952762107
387.123657688
483.704203803
502.580521013
59.8233051962
938.997123342
571.910141354
31.1496714114
318.335009857
396.609094418
673.54915983
110.295139573
479.268660388
585.90974801
77.0488387874
574.992879382
447.610677324
731.813001536
932.472717339
903.318445702
72.8931030766
4.73036216167
307.149833482
607.429880468
336.672889156
342.113962712
694.462327198
625.843840137
99.1336146098
991.42777673
404.196164643
219.28614548
840.686031614
998.310698456
164.717778136
955.524041065
451.444567429
228.33118161
206.044447494
419.668181291
758.047539604
602.681527055
969.60480691
824.692147157
676.20497342
838.440865444
132.937832702
705.185700873
815.132601428
983.988672613
110.955557141
454.338437409
231.192940926
686.422763727
938.931961259
317.04725111
978.202945299
83.3276713895
316.136388129
265.751211394
469.066724655
49.5801757391
17.1994004402
985.303638838
877.800858378
916.877769298
304.905702939
795.21811728
639.420341574
459.121900144
611.79681457
420.47729128
27.4295032188
916.479273641
776.468873419
590.402741448
110.454635803
585.003598914
742.043415414
208.109043132
677.720221819
385.657789565
744.553642737
702.424221016
84.0951236393
332.237122797
869.654229248
565.374682897
520.002809382
632.263776964
226.791544222
798.57664359
703.999994551
420.832648008
321.498558343
698.679740888
697.735020017
35.3027228059
932.197648679
967.66951916
235.804246641
203.684703876
654.146261414
983.343618743
633.625487653
651.934340959
622.621586035
594.955654008
898.675940912
648.289715448
464.754717007
717.01786155
130.747488513
294.926081433
960.508838086
87.5080521988
753.770661599
234.848832772
723.64015171
368.623813593
761.719572982
533.11798703
653.508171445
221.138114631
571.97776629
265.205706242
318.562025622
45.0788781912
796.190884107
352.00683662
145.012938704
209.563840174
286.066586218
943.532272463
6.88444029961
525.519217641
875.213886153
85.1982109014
808.274719479
320.785328761
742.480433195
550.416229998
325.270840565
264.737247217
144.76941847
777.797724165
575.239659419
359.767818101
643.950153811
669.088784605
177.647814821
507.677732729
707.114202229
891.96225292
48.7977680602
647.311178515
711.38127282
748.483420062
555.693584515
221.462762309
308.603655235
997.616574445
545.181418497
667.874783796
7.66529854183
386.939472833
28.7983610911
955.71146662
599.462463757
499.05319256
277.677885948
542.028269194
34.7393971144
730.312725343
762.306736317
159.269767881
807.583554176
620.332495926
38.0378307445
439.731809591
898.080276377
697.526727822
495.578480178
783.957409143
67.4081016725
238.565966551
413.257564248
151.061481202
984.583205423
165.968913701
651.570263921
532.307023072
640.095223833
222.247388045
436.217314432
235.411682434
400.007967958
96.0491506397
605.297180998
619.614071855
522.212094448
805.669497011
995.177575542
825.355635168
650.914859565
151.799915272
116.233595699
864.767813994
444.290593523
854.015010551
937.566227649
265.130686467
374.987281168
856.737168641
647.798720724
83.6497191886
816.10821914
464.74919379
540.605412481
122.075894132
926.332972651
264.834655972
869.978234754
679.755088587
350.506207097
964.561713578
620.486701666
459.504534604
670.014542679
120.47351885
322.894217768
56.9607515059
96.0375311236
420.133855037
570.602029288
945.447766294
684.497563408
618.553014268
379.521656296
155.622948387
239.869078115
272.506298394
472.175106889
981.571297641
568.389660788
216.134006224
529.602256847
431.712861703
32.1859436007
300.924708094
47.6368836713
452.960029529
90.3035497871
758.023229778
721.168357074
387.858749106
