360.621513273
130.961465734
193.78017033
335.296623398
575.017400957
482.738498324
485.005932156
617.470347895
76.8542883465
222.087979477
929.773341204
205.397337515
832.613128211
277.874820277
761.852127644
822.523088736
352.004496462
597.381951421
393.056012883
493.05230178
688.162641883
682.991422617
966.658379005
886.210030564
784.115468516
785.33021935
291.376081915
498.068041891
121.419400452
110.73145846
644.957349284
156.063448109
769.351968508
384.179074764
977.673537004
215.005911932
993.967822886
491.264892426
506.410351607
640.459849645
878.085585383
607.832036412
112.104886137
307.459378045
720.196142362
659.174409491
137.285807235
71.8119137459
654.671881339
65.0518108128
329.349618897
389.268994467
356.479810204
15.8211030365
693.464411609
278.936291622
839.661768278
622.026954911
569.700420924
398.363826579
404.249509163
983.65862933
53.3067040812
36.008330191
72.6409902241
216.88755559
191.416122521
823.877877534
317.283894687
866.673698769
632.41198141
124.151132345
149.475276258
171.130142193
316.858489147
911.635510786
566.362060179
87.1182246488
161.977229357
104.139571239
273.032153365
388.78376516
768.185320916
84.8234595396
322.369713031
719.063807234
553.663056507
344.914603341
635.90240461
232.776091161
683.316636006
920.848649246
320.985806405
210.954744068
715.868290156
180.707134834
430.122849541
171.436151975
86.721679523
192.59842537
317.319596006
596.69612851
739.037196891
215.886582281
205.20941964
557.816443236
871.267097084
552.240456852
915.585199276
954.380253325
892.571005419
65.6336013328
968.117520772
560.587682779
664.880905186
332.455379543
896.666077122
531.144686182
591.976926462
776.327865754
379.652675801
908.255052769
547.322829692
181.724667741
515.705397714
82.0786679575
606.679064416
852.074595614
360.688044902
845.446918896
537.500254614
940.507334918
936.587501642
235.910092368
318.447308457
378.331706811
12.6800381489
57.2519217272
204.225698553
727.597646409
213.604303058
691.618148098
462.732225606
514.701119589
730.490351684
435.929809992
418.807613242
168.782202554
376.715731234
493.01986877
569.113053794
903.66446557
62.3522088268
609.090319428
149.984616754
199.056326561
359.368833122
144.457604748
730.080075898
242.84109813
69.9751772302
670.723105034
778.076290061
302.409073835
743.552930658
613.720905652
302.557426828
944.783987306
655.444811657
542.875536239
537.03724385
111.458946928
817.798259797
338.310609904
912.495039619
882.817365649
522.333752912
906.498816394
36.6657199461
623.42718357
22.4922942649
512.763578198
530.623000915
493.297166959
161.501064668
927.768381411
660.758484529
659.458992074
780.071691572
727.467392049
278.062152003
365.514505373
54.8956109801
377.015222821
784.314712667
561.285932606
785.048365555
513.025708728
579.567927618
509.877649525
136.209816872
90.3813213116
735.122043581
916.19749689
224.354096193
254.25336769
946.307861146
30.902654588
983.437951778
927.253663596
496.659138334
653.20816224
904.041517943
180.322764572
809.017447605
198.190261946
687.735958489
964.793081124
48.7772932706
54.4333706637
431.238837329
228.264907702
658.474025198
948.937215385
862.850532786
916.841298011
175.248028117
361.550673523
666.036827303
243.868627621
609.562197829
750.769545787
357.324125424
329.674393649
499.088153867
170.541742504
551.311774811
908.187657139
936.410535667
7.44526467461
223.752859911
298.93969806
41.1551186809
638.853399074
263.010546394
268.774164255
677.749893944
882.821389192
788.904488727
561.447032468
675.691143433
890.85681415
28.8114008991
587.906308669
163.999441087
230.799853068
429.567355097
728.968547549
897.147491403
466.426456508
564.895598325
929.353457209
592.352803294
606.938872103
1.68084731064
920.866228425
742.201835823
262.602153601
99.3516274676
244.44504119
750.569343327
489.869490441
153.902770164
451.414565612
622.641261262
955.794718076
943.123570361
177.711363073
549.718241009
355.656011606
102.314276145
847.812594137
127.07282426
311.591420006
1000.14250434
708.357209145
746.028060364
325.465371929
187.263978631
187.33255773
992.152936456
414.591339289
501.946365006
100.529075245
273.121310426
55.6717894886
164.559893485
502.418668698
886.128773422
115.836308026
908.32232771
329.243553407
977.149511357
698.121384018
758.248611524
502.289878812
436.613952852
204.149151641
647.050570001
155.156836533
726.532185148
235.241648094
269.925924688
891.629356818
345.350857228
585.664058935
157.08638933
910.930466211
826.053211679
317.876898794
914.901290722
939.164199749
755.638591626
767.751180681
311.334891162
559.658982467
388.942577454
779.562364897
764.036742003
986.205212718
85.5725620896
533.321730677
66.009515169
797.026462892
924.350540541
511.498121164
149.811540686
421.225847044
300.380003157
367.172799309
210.448073203
668.439210964
353.819324391
776.084520215
334.73735271
85.1861697323
12.857951293
976.140923707
826.50029248
594.156225929
979.829574273
104.899983514
763.974926234
842.040958844
279.060133973
588.907271995
584.106888458
467.218791826
614.640102937
314.364408578
228.510147004
607.928389877
869.964485321
501.968525408
187.548989832
62.0699661001
582.090566063
56.0630435537
948.979669308
299.528329835
586.48795356
746.247705026
660.894682242
181.170339812
474.901048418
415.594923181
409.759612129
91.4827974355
239.400067304
509.626044077
424.864211147
317.144577438
423.915404964
742.708912244
201.372649003
635.308959264
324.514263652
970.36082267
714.76737282
623.579113214
783.692566668
584.564209019
898.198441239
761.956634146
938.252998364
87.5494543151
394.532215068
214.027421902
918.337873486
861.832807398
940.637985388
294.780758806
341.479433882
902.087157082
510.257061139
901.959376888
594.297803695
193.927805967
454.37602867
453.30633405
951.510976976
428.18617188
292.335390418
631.205187449
186.988388392
18.6291472114
501.802813565
682.976903559
688.118913725
183.987794012
38.284058306
183.710105948
705.96792848
427.15876433
511.005256898
716.256472187
116.311059131
558.164172669
923.415759299
409.88002792
920.571863903
217.941972379
86.0012194668
854.901732162
640.767411664
297.090150445
468.669138096
197.092125948
355.357043336
69.300970666
90.562830787
485.272274557
71.7951298295
356.730717667
535.084425037
824.121896124
772.859285588
263.174453943
978.535238716
592.817806866
777.134686383
896.316619982
280.383087868
970.150233589
500.619576834
200.038539139
573.752490638
719.864529422
745.42451188
742.546746647
214.234862281
48.8736150834
495.10583208
501.946195821
596.553881053
354.645212902
233.274719687
197.514578965
897.140159569
329.37301124
938.856680009
456.094001228
757.985685346
850.225373266
851.067075918
567.273935082
913.37792236
191.19770427
203.062964268
622.752193878
675.343170631
206.348331308
878.618877897
495.808047413
132.201424547
755.436940894
38.2299436581
966.631216213
612.312794627
744.258647433
866.396268998
675.1348614
822.432877183
298.074354996
77.2168256408
371.32372447
167.389526318
740.468443389
543.912387759
64.7903577116
745.363301369
797.503239726
172.70635992
597.471032409
237.094381338
522.882309823
889.829164457
121.181055838
165.283155411
263.571297026
873.602424854
668.153784299
951.938057989
378.795313789
708.229211543
392.975487107
748.64886934
755.901490114
724.384172955
524.835710211
422.800646793
432.668452399
274.869825921
355.867965837
17.3140939979
55.4432725258
82.112226339
548.138047153
653.564626478
145.3859919
872.861847406
653.412512549
282.776249327
456.193625696
370.255518993
610.663521139
149.250171628
645.911961519
576.701937162
509.700783051
972.769770299
33.4448588481
243.121851414
86.4118487886
480.676740228
141.29427302
784.364844737
752.314671577
377.800273512
265.621281409
271.093275236
894.554437006
864.608558567
939.275218187
935.700613871
107.024818552
52.2942631561
218.241515347
804.708148533
952.78574326
797.667482058
142.136643648
548.859592888
197.625000224
667.86047159
719.538319711
576.904218737
196.994560572
760.64447018
554.866503793
995.958798673
905.127836155
557.057586701
323.544539298
454.453184621
598.36733308
200.689206606
642.262611107
105.31804388
438.324545513
231.517081235
948.47625181
962.494719503
606.516117262
620.446568728
507.346629824
212.058122272
390.145448875
943.375067226
857.813814568
614.262067759
821.573993604
595.538660519
532.858910296
899.89257075
813.806908472
887.10635346
930.609843165
872.25288906
862.772699609
976.96433555
576.309219676
304.335900055
566.660600869
747.418812388
386.882836159
888.751337544
218.968907671
171.280819563
800.612485997
716.911363949
669.159528892
935.662617822
473.731129727
329.384758923
618.033397362
90.0619626918
546.845994089
292.765710847
915.486960296
898.434423163
229.731538746
711.648624044
425.086460439
576.824863341
246.356821365
893.248046608
82.4163064113
403.829529173
679.783591883
804.747723002
349.112801072
535.69984346
639.356471741
457.501228369
573.719570881
483.738361638
967.215473409
151.828744895
347.55292715
914.955725367
757.847920799
67.3954815989
610.917195898
837.264920949
918.07291925
99.0174193888
435.026522866
551.104248433
969.408762664
362.290945414
389.640791262
226.218947754
635.284142386
908.713845339
563.317632183
830.19396085
434.471920806
485.801454303
885.166540176
168.108327951
723.910114588
109.13634655
946.950091477
816.359674607
251.083406949
918.014716511
469.891270923
666.86479727
387.238462465
89.4505864779
839.089706935
421.790996762
459.493668147
309.133310184
289.896086489
271.130565623
459.501213713
574.583765604
228.943463662
443.906763065
830.134966734
77.5148613501
613.317051493
23.3522411216
418.076759935
98.4491109999
224.795738642
260.406085419
724.389007513
841.508560859
817.884263608
271.870048564
462.022730258
716.110010138
63.1329976911
941.929617271
903.664115767
208.661524268
272.208191481
218.02864982
458.573090364
260.877544211
841.319669338
199.398583437
984.27192062
501.725206637
247.242753053
795.239714043
518.371598067
97.332812801
740.563145798
947.799571492
487.271895628
136.404128556
848.312454587
381.220722714
722.441647683
335.012195101
273.747654038
209.568174573
287.064336132
897.237258734
38.1901299928
746.675813291
62.8505884421
926.103562015
134.658732401
412.772828395
157.398519197
932.686464356
567.510363536
27.5121809894
669.577423916
844.133935438
78.2220022948
40.5007650289
546.283713418
408.670173355
551.805318723
41.6629930103
33.581506541
242.795944394
725.069406741
595.309347279
728.918574826
58.928880427
740.542969754
929.28876836
216.691147783
506.84390016
9.87473222398
979.718962535
172.576422314
268.968317985
939.813758016
486.564389165
413.471340282
921.658227393
286.858490491
376.940309287
321.430222579
489.518628388
742.458499371
431.865813143
65.0411961493
481.577620811
268.015267076
437.282096077
632.20987795
364.403924129
548.662628452
640.204046779
724.643736983
363.267846876
189.635930759
247.607749719
737.973974884
944.266649414
569.113401107
925.518006249
976.947057413
317.081921415
35.5265833519
390.665269381
560.373414165
413.383481975
194.319499513
620.334132904
965.390447209
587.494714051
159.634654152
471.799660481
949.758765787
112.753884205
572.389323356
178.532552142
33.403765904
136.529936687
306.854256903
837.460556796
830.385950213
435.643591301
272.593381421
572.538909811
874.420447687
900.449816444
25.685888476
275.697796994
589.865515707
943.66407504
144.53806268
232.800740606
911.786073836
839.751203886
382.86945478
988.582586019
505.97601044
39.6319632055
241.48147736
584.894075834
895.656759316
136.473798409
228.142508341
468.324142603
794.768832611
611.378588521
225.437568211
905.415149006
942.819249398
610.241946388
610.369013395
751.803649887
122.789105187
404.237880571
312.302514773
566.143920129
904.581475272
605.456589021
113.195874443
989.261360401
59.163740957
482.49802023
340.636333554
426.765856686
560.133882759
559.070682273
292.10591456
370.46385654
165.872458773
201.556775822
346.657542836
701.60836421
179.398423459
487.525396826
127.094253333
19.2887843169
237.416495141
774.752625927
581.993296882
672.660930417
657.080664691
85.4169922932
688.965553386
301.651507517
81.0879784827
550.824362353
432.367031057
680.00532752
154.620368548
146.898384387
243.307002264
222.017620113
606.305696992
171.987113802
767.509535508
537.50536667
110.789986901
775.635119828
995.349542532
318.390585098
409.443093851
267.564005126
149.010767377
373.456083979
446.76327529
610.361915872
256.794198133
860.153169696
407.912269813
24.0203435868
977.030903815
803.395880555
489.609623085
775.909059978
11.3489111646
132.405775003
933.404556714
402.483105743
92.6227721597
141.176734608
834.778796811
213.861136596
235.720251937
851.262403102
645.690870147
722.645517625
987.38704879
379.254488501
426.142715921
728.724615405
300.497239954
897.048460065
477.462042853
890.018289102
728.826225349
803.633163398
934.529160047
558.018084718
976.755801378
830.546918336
925.42870702
330.47911922
603.349805762
552.904070395
854.224503082
292.148318072
313.451021556
40.4320712444
154.196185963
704.711115011
918.869982263
435.504964565
90.5182891668
444.185965956
627.875871662
88.6645318974
985.428146611
270.737041132
866.699281603
234.284658732
948.86982068
659.274896165
267.950793824
466.487336117
263.472308853
937.750713656
19.0435630534
367.146675909
953.212442141
205.734471256
101.592031448
312.821665291
307.401974212
72.7509180329
511.366275216
166.794084229
265.071909691
856.713058934
247.442008417
705.286366525
678.884354494
168.893365777
205.071088648
808.637175206
23.936741286
994.98247547
830.839540729
203.517139665
876.858987266
618.643668287
146.216109841
779.961754881
752.175039736
609.618690984
685.865493304
483.775168249
692.557604611
663.121300285
206.558527451
618.600466398
382.455640346
437.659319462
247.203745445
607.885243871
743.681011374
62.3946911614
807.53354616
305.122022751
914.263944514
339.551117437
917.96768664
45.4374046199
63.9833017347
509.595408755
24.2216894758
218.943935435
445.161836752
574.081612089
528.416612502
