936.791865302
185.33947449
388.397514992
343.560406023
564.365652226
540.446839416
368.603233176
495.951027143
949.164169865
634.467280863
671.831945964
353.63819267
212.634572585
699.579065588
36.0874356462
168.90106302
27.2919600572
895.613605099
28.9722387426
80.1210914135
385.328617139
626.482380862
663.207789331
315.855322465
959.364843057
171.123073461
215.913074731
334.913665646
192.780825662
806.118320759
644.779759624
458.881963052
376.251695314
394.890053006
447.263948593
412.817140024
63.0694254064
206.294296031
303.856349258
722.27551964
189.457691097
963.891330395
103.167223533
496.938494365
957.126584376
959.913744292
558.531804362
351.352488182
709.490858398
552.322123833
296.61037859
110.467226855
985.428591846
920.340261619
207.983506812
981.396040849
615.055163455
312.366319746
281.355048597
277.089201106
401.318747688
758.622285693
259.116845411
676.369755245
317.952672096
791.550101926
109.329940131
14.6957600111
398.133778359
862.114276748
973.053090393
905.321097251
761.626466
530.635240618
304.498134251
746.604251864
825.720931697
105.779383074
17.1662174388
494.507355267
368.039817029
491.37402355
427.237800784
233.521506995
997.195485619
291.856977271
384.964660303
272.482851442
637.232423652
758.20470234
469.199288417
486.583161013
92.8361435384
392.738321765
171.622854339
893.320532237
642.665492979
238.963512164
83.2208410049
92.563772905
115.635437198
634.596968498
233.154118871
760.485922922
704.277761931
410.612712323
913.134822204
172.485428116
154.897463362
479.344244161
641.989220508
371.913465811
440.363542562
89.2176707879
40.3454422235
666.977674844
919.928498319
128.822282129
307.970294341
367.498770955
494.512862329
631.197051268
530.642399376
14.5712044588
238.929109185
758.611824764
129.060700481
459.933454206
716.955928303
721.634028238
508.261736841
873.395333327
819.777498952
97.8835945794
305.340260157
166.522691062
196.450869394
911.424157573
341.123701369
145.252524843
696.259025437
114.696611823
17.1920728998
75.7983739003
948.123951834
293.231766652
26.9498958791
642.448934381
581.44414599
967.181153389
543.738348434
218.185029001
929.512021197
670.837990669
921.502397358
818.047889179
241.101546889
288.484622179
544.442925988
238.376658639
979.895304312
103.559339161
554.3415417
520.344243243
82.3335872896
566.573543896
667.189689407
389.051052386
667.511897418
53.1981032301
586.169227465
511.39874922
985.550423138
559.255136676
440.870558941
239.256588902
903.161145174
439.475508334
699.600353122
601.871451462
998.682843233
607.04861108
488.44312459
76.4523808036
969.900507112
740.071455357
980.457365735
431.849525121
151.644320219
763.987487348
46.9388376567
814.480409787
8.15557984396
135.414877806
73.6568255735
506.212042286
116.645783388
750.527859129
615.849508953
926.127517887
384.020599837
930.712899993
798.684816272
243.167757522
132.926230256
74.6121910682
805.387768495
962.013786664
957.419377878
915.909939533
4.71235136034
411.87750477
242.363172159
568.88795475
883.090328073
33.5821591102
305.335775141
876.626620789
966.597312145
606.29152684
895.831354993
421.01262363
550.540601352
892.465559962
960.446057863
181.667954346
809.961191808
790.064025587
14.0639295627
62.1899981794
70.9762567827
8.18297582379
747.868494767
141.840971821
919.452929214
227.281135858
988.92020614
552.77179171
149.500329233
653.426515024
632.573217379
329.69240233
213.320745444
81.2309732068
373.095034386
975.410011861
279.603790783
977.605552136
917.738157459
985.124076313
294.740108975
761.349962023
118.876160103
27.4083657642
339.824414333
108.235440001
404.51388228
15.8588136521
677.838125863
629.338652319
28.051691081
905.37592178
175.759873765
821.94314556
780.782809699
124.504570845
935.80519759
284.324135492
855.210127187
948.917498943
83.6217394438
427.429367068
2.56055390907
823.480430762
840.462006301
119.173494507
587.590604049
67.8398839645
953.375001724
151.091012084
993.085867786
701.97850347
163.64797171
642.804242833
214.625467201
328.749547697
517.713358833
131.223474013
184.078903292
928.82670108
799.722146687
407.213391556
462.725775056
383.299374084
492.928603904
550.964691128
982.637703123
162.209716518
965.695495975
816.152413633
258.414342575
939.845652648
668.765548978
52.6221186556
229.191388248
195.532579769
780.617770737
638.355811664
401.873449165
119.061223723
431.153336624
679.634357819
876.3873555
738.397054459
868.373050784
458.770272991
219.007829504
719.704641046
35.5509533464
822.360598556
188.369765151
96.0010005307
395.919599164
706.679502668
715.208915249
502.017744638
268.199243546
324.528583287
489.382039105
490.211052678
247.705602238
233.741974072
110.995476115
673.902184551
115.057105409
224.648217939
685.733377536
860.018106305
788.128738438
680.594650797
606.725769129
785.145631648
205.444744655
155.071646597
999.823304021
528.486761377
8.82126493982
86.0725384452
872.719041538
825.756428972
830.64754198
779.942161046
507.542303594
367.254216487
338.497963395
816.357948086
111.684064676
858.096187556
336.467088987
510.443005008
199.835303963
225.995400007
538.78077971
382.529512558
851.454324101
440.08529575
502.34040623
696.666281304
832.618570347
343.346989742
582.463241068
873.137231758
400.843696419
156.883465747
72.4275885399
328.616106042
850.957583532
235.984970365
111.641263185
982.271223893
683.997578816
87.8810489205
369.862014802
176.39147966
73.234646523
446.19185507
304.197678105
465.765449054
643.326515944
879.415985257
253.929390339
962.543531899
42.6854282334
154.552303371
862.5231816
977.542050036
688.739831293
193.077512665
349.313684202
831.130591969
853.172176348
713.172355956
641.744535738
734.652885843
82.8851025977
88.607826265
592.575693213
415.604713438
923.786453865
624.891462084
417.103732701
289.446026264
344.89318309
823.27904419
901.001615428
757.721666767
647.56853046
600.167302354
119.88299991
957.87026444
233.663225545
768.447691983
637.671158094
512.381178424
195.555386084
778.665434902
992.786644576
792.807846153
732.380926737
791.348593929
808.23476018
696.323810736
65.3357894484
832.523075177
6.58685932269
672.718091411
874.339926635
142.84331605
756.927143526
750.411829407
65.6717648312
598.722030824
673.168676814
100.958027144
656.482503907
1.44372481758
229.912609087
681.92380457
114.160917884
50.5079858618
413.959890414
757.773710057
62.0946818827
348.602897734
498.724406094
670.856192595
829.235985583
707.534969147
226.502677231
255.942337807
158.995418859
610.999572921
814.026469488
601.095795181
230.626058854
16.4584125489
228.037431508
628.697388883
322.707005872
438.485534581
857.912772506
7.79416956675
496.782587306
491.050775963
188.299554746
343.811666905
833.43151276
381.896023833
925.240901253
768.93416626
939.287643255
55.4432809424
771.649136432
103.971571798
145.453633376
163.924897147
56.6991925072
279.53415196
128.614029203
127.430928685
186.486551715
5.04511194972
654.161967449
1000.44955457
517.604882298
275.623102287
245.182899839
949.75071769
928.9040581
151.873976885
173.321886482
122.599637552
247.970468521
717.241469336
783.465989701
514.302521785
936.479256721
695.15630713
835.336910912
53.1657415549
688.672405494
572.9996051
524.404979082
927.931151594
913.366199954
360.677748795
991.850418531
779.341402497
65.3159847446
482.181944691
479.748169728
926.601666282
244.802585332
120.867296474
661.771417353
360.926396916
469.887390934
162.807446343
215.035609937
763.863747536
156.280031788
453.665665721
275.557331097
21.2833032799
556.7546839
242.338766902
816.569188329
801.513553173
58.5010015658
442.504338091
78.3754319765
217.14951631
509.662078295
893.145495321
168.734844261
752.20427358
76.8950215467
570.540817702
543.393647568
778.970385388
147.240898769
708.053949601
246.860984632
686.497826411
26.5781869013
917.268796182
164.49238583
208.168981751
490.344835412
655.419959204
764.317222568
322.658983065
292.062017494
994.288478225
816.712948656
956.597090989
289.143499003
734.17684166
100.005700069
471.094181328
311.820558668
911.390885759
976.057284179
748.449314962
113.92113825
56.3000107884
215.994220148
280.088984541
60.6396781529
478.654107497
371.406454928
773.737531522
785.367444426
586.376538003
992.547118533
594.167351649
766.635552326
356.389382972
39.4180788447
718.855706541
801.223762174
18.0979528603
138.190599068
866.886073072
602.524348144
836.178856234
370.866355038
441.046660417
610.586909293
554.588283372
965.620870137
185.761855409
391.91446278
144.080831478
628.907447714
641.027676417
446.678743351
251.721011884
726.395601511
84.2177799917
688.315688891
787.978025929
797.697984802
811.724318608
626.996966426
804.055568435
691.722419625
203.87224865
651.552780402
478.081449707
365.25891668
610.863737271
414.274959083
993.90066921
580.655672012
27.8129039023
59.9601890345
647.371074404
559.416554682
662.456494789
47.2144687637
319.385325163
402.177579713
625.292508442
979.074381298
935.44127632
818.704632865
526.703145957
96.5352299274
320.864040013
620.421295626
984.869143989
946.973336877
355.60870168
341.62588848
996.918180924
699.88080468
499.348251842
151.311322972
64.2384662315
254.341166824
90.8467294706
150.11171721
864.992337084
977.907501893
740.30273464
990.724073874
483.034211321
835.845025883
687.452738406
334.251014376
841.403962344
341.392514954
401.229973305
301.113876585
745.441115447
677.891127673
592.809611098
95.0559697814
775.179371899
73.0114599273
135.676562798
704.595786654
581.000721323
732.8554423
362.823793312
564.581438053
972.715581506
811.433379711
179.575278939
721.980626194
504.752174434
327.058470525
748.64112395
259.873388283
737.154112494
585.25720896
646.952026296
942.347296975
555.235246767
65.0964992938
487.402029462
325.474867403
942.828988279
507.645324721
870.783481495
307.758374874
237.638929563
322.777343871
441.775555987
371.312776659
896.900143848
277.435925888
244.700865698
418.513794531
442.977038007
159.065306933
583.339293783
346.273142691
757.157010424
679.31381803
963.107756083
774.067093377
863.147839811
887.149569144
63.6687646763
349.253000838
228.297454681
676.479443087
247.405629284
211.923746642
531.734488597
855.969194105
274.320973225
981.062113448
145.405431296
265.321927063
342.1297061
104.743854059
950.800455761
732.360269397
681.978130115
45.4812879609
563.990708211
549.854614744
701.634031596
387.603474665
924.407073161
771.263478694
63.0959356726
121.942167226
562.332285666
843.186903625
727.1395313
163.48885655
734.748758558
309.208927479
119.33143123
136.52736177
726.88837529
780.260627079
309.133922458
362.941752852
640.137734677
767.197312446
913.080344426
641.063481807
265.807585773
127.566966933
938.398067411
761.068044557
151.900761634
945.189571757
426.203435614
859.651799035
940.130734506
420.613769801
379.17889137
443.850869587
190.5228024
524.754226263
617.831747395
464.911008909
534.081582517
159.042696086
81.411821633
534.649661345
748.452135686
657.573976378
821.689391889
14.8395179203
921.698787465
330.392964815
912.674382925
549.01219734
767.659445932
742.180326257
537.161988494
304.974125529
718.81232813
950.305679972
70.1169368078
129.617808076
130.693983468
979.216521112
100.374613135
481.402590585
271.252197673
253.05848533
848.709181114
884.816130459
577.352072848
973.730555231
163.212334427
961.414459312
475.865628673
331.82319192
421.83254432
582.527612294
593.731303343
443.980196562
663.276447689
840.08596592
532.324576984
187.222416536
898.956234421
975.930266652
971.246458411
996.054112612
631.328942303
263.242150869
962.526585337
683.693882195
547.99038321
341.646153883
639.650224746
134.205500969
453.775140137
331.188241804
869.691318421
993.521053532
666.509836727
320.278303856
204.725461063
967.586082942
263.501878946
689.825630283
658.489127663
594.290111004
287.943462176
71.1312314065
220.733150544
225.029155546
782.131688477
462.630983077
149.199574143
229.525174021
522.13866651
841.481145575
0.139998939959
359.859237766
404.641692133
976.697997711
660.590268074
995.940496668
116.437352377
338.290105905
154.816437411
775.611974329
106.43834207
696.377299144
993.632653557
779.362675824
398.818364896
757.494717148
170.712464919
871.240102583
733.725227497
5.86505803481
177.332523759
426.335719946
874.407881945
777.14341719
441.191786902
253.719582836
467.039229394
392.640548913
174.866436747
849.617761228
183.006010527
370.433819399
449.564387971
761.752887284
369.993151898
28.861157065
533.362100557
453.365299143
435.521083529
848.889400072
773.045358082
571.366507493
586.014868701
845.884404768
147.737098701
392.985567314
388.890928125
576.080086578
878.508685139
662.434073755
836.569438161
873.177031083
811.113773354
993.049290921
31.4869097042
766.421744114
825.768130916
292.575553194
699.941403756
114.968928517
260.17579046
951.141206814
100.547369028
747.288533802
423.556057296
97.0652837875
474.399581417
593.617487835
412.654500846
843.024293214
870.377511596
47.2631763721
209.812200978
162.217041204
878.984006916
869.9087106
499.208031033
228.783693585
335.144072091
727.472081587
316.214469634
426.827951977
864.098724871
871.950966892
175.868376928
117.502610513
266.468933568
545.997127823
964.883277931
535.711430174
285.380313415
67.7187367445
162.171768559
902.002969698
457.76681692
979.672856375
119.176992404
379.917812867
419.17866944
830.212067415
406.430461762
341.873636085
802.497193391
423.019589108
676.921984983
194.12402168
115.567317345
941.165430248
786.161606664
382.847068079
56.5431908362
832.816846957
277.803763847
566.48741589
387.787798961
676.96635775
377.961158148
815.702602188
120.117755169
642.38336514
972.920215692
965.346528198
587.394302502
557.782702236
264.075209712
895.885198333
983.734924338
994.819514938
551.235382519
163.327871251
393.660903034
599.77595756
857.388931384
682.890492006
539.057416865
828.615281642
41.6549153472
882.144323453
321.212349609
228.21304626
518.94456361
52.8189101425
629.098090826
14.3337596687
569.503434667
957.455405877
677.447026479
722.711618118
142.09284699
786.498102224
592.563536969
