526.904023327
292.902517488
788.314722816
987.315708812
37.7456924481
548.506810778
389.056799368
740.825715599
855.481112021
719.378501283
357.058231966
801.170729681
938.9082287
396.624565663
10.8313542107
827.046290096
59.6995963936
636.63385118
640.263755518
66.9936063551
646.081816252
933.065971164
236.284161046
704.362386132
79.9123847112
694.82301842
914.771909144
304.754173978
371.751074623
333.94951446
179.884596298
683.265224969
64.5827675864
459.772357211
420.963469699
792.966721736
44.7537030189
908.662401165
579.863146098
55.5817995562
268.745529201
831.943539915
59.4937873581
190.800544383
67.0384691303
417.518319349
622.534607777
950.058338742
784.419359454
769.113165146
373.91284408
497.378421444
108.820177986
67.1530200688
931.273493532
357.085818587
868.966750883
644.956374273
297.431590034
747.280416919
364.873088783
771.953172412
880.178229685
782.870678657
123.27259396
173.343360051
548.632527783
547.225221864
930.584975807
759.412755776
132.845944886
573.943579584
136.074133555
773.251052648
636.501134905
265.331408773
89.2293686988
749.651913064
199.947439213
370.85816022
911.422977117
790.527629869
628.749378171
167.359411671
416.149601033
747.398595873
864.861896867
835.828349457
211.619466184
457.70824189
289.683732325
460.420794109
147.548516235
546.656894637
336.374104143
776.687542094
727.451434427
23.258500578
935.008965838
241.282138492
101.248923987
935.937759386
529.748535331
571.934278398
197.427900424
475.929048859
199.466143495
44.2224611615
436.312871232
917.289789518
263.934275102
332.453718486
116.255406255
186.051191073
443.438838498
65.8225807173
493.205306865
226.441259554
226.127981074
623.239416396
107.546834538
470.693632991
386.037909341
734.118312292
701.352753959
866.315953818
360.126420031
598.911314008
895.018297569
145.369711147
535.409513451
290.338977131
814.540583759
58.8563489182
922.686867297
884.823496762
7.77871397839
468.608408222
162.172184764
412.051774494
983.270445973
662.410101152
187.57915545
848.690277928
801.630372821
942.046948121
983.625715784
28.9124692009
579.944286673
277.241775683
13.4704007817
408.094035765
487.896864402
101.73807457
886.194186961
900.895837106
568.396947159
59.6194901595
562.336110266
210.077070087
460.881320282
535.258654457
883.050328968
664.688083817
29.1239760862
487.529737707
961.812723505
104.754471414
699.630442399
304.627354398
339.509952664
3.41932784937
337.041615009
143.02533608
814.490508942
766.682738621
905.861735093
914.577859649
311.206301361
67.3478420442
890.338449708
861.485251397
480.210068921
604.06856189
794.270918546
273.18767195
255.85139562
380.629224308
917.620877035
120.756553403
977.893737227
270.283342886
244.136476929
855.967211375
535.281574179
260.995176825
647.96999367
938.012716726
115.25112668
800.353960652
222.891125217
139.03353363
792.616347667
133.949599886
13.0481344897
311.257803001
18.9193748921
120.239758591
646.559426966
172.807220626
856.799591419
392.13547874
834.459222228
342.886213158
668.495830876
564.048881087
675.431641474
479.828004029
630.77442543
205.198741549
69.2164648885
254.578817113
34.0080468053
37.5034808478
363.03801874
971.683983196
397.034859441
282.414444333
28.286629928
671.98683504
701.436795954
979.905540908
387.743887688
173.206204931
75.5191811542
736.651389321
367.752218154
67.3986581126
632.229297868
637.988365748
551.035716557
901.122117583
347.401091668
634.961286009
829.598163116
636.484323244
907.96055173
161.540212853
724.798599353
799.757892292
587.91468726
188.02477753
128.640916509
689.256799027
245.963015346
441.967530739
528.96900336
68.1170742168
405.31507038
701.180331001
932.762957933
711.153564685
140.5857087
904.859976595
512.992898981
698.139954806
193.432030644
957.082114628
882.449283434
104.55388529
482.87556679
696.828650187
737.460009743
778.115963809
400.336905432
60.8714850842
614.534277816
67.9568605951
784.712483973
325.008715747
434.339090946
974.288505445
668.351573889
539.86863919
273.012166309
834.954959957
172.893969686
790.147750873
641.260463765
563.312376442
996.30743545
831.800623716
548.856671676
319.16753785
310.538927679
14.2712525173
756.043049867
778.505040578
359.472809286
928.911205897
432.126315209
845.981240061
532.769964414
299.892558209
358.907401323
699.022700214
623.873851457
842.713273698
57.3603067257
90.7548322882
494.814694795
911.461073601
123.068239189
80.7389952119
405.649608384
823.943215468
262.217655647
485.733031569
386.072089724
236.180475753
989.744848703
693.307848508
159.353030013
370.993326854
79.765963551
452.643956792
628.642732329
234.947427402
52.8019934917
232.102641547
40.2166513196
648.767044705
976.573122369
201.588076471
396.331197844
989.986440623
291.804516364
957.103050188
970.051330675
889.181729753
732.98326884
588.18597858
359.014967851
377.633854902
95.3667010218
691.872566971
201.698054434
394.354870297
540.182475381
659.369210624
433.377704732
159.84984555
247.184664834
663.154831584
869.115355858
718.878707459
223.993246185
18.2390912407
77.3829683493
890.347464912
502.400567632
544.367970118
761.418886137
223.195644509
727.544354001
803.338267312
231.000605605
34.8946770106
137.69455711
345.719540307
721.067244241
533.622619524
387.18174916
189.257711339
442.706216196
112.473876406
445.29803735
911.949366001
738.491678082
48.7037733874
704.553789258
994.519585386
440.06729537
746.707721285
590.308322437
461.367988258
561.735275201
716.325134343
392.87407562
470.100060488
907.27136276
211.260278958
796.96505238
621.792848224
171.503912876
726.448335445
542.048559492
302.599527922
389.913558741
348.073086994
53.5479372272
42.9841144698
15.4925650245
315.257642034
763.020376905
528.638437259
92.9263069972
284.318417415
925.133598562
257.915028894
265.017508027
664.138059317
721.521770953
643.253800346
956.747511523
491.826306503
728.111399089
897.436045295
216.394502395
535.679694807
361.792384829
23.0259334436
271.34490659
416.438818978
645.642750844
367.955926474
973.546484715
293.44625288
757.287922413
846.124784535
479.70862253
994.086671911
390.589546536
6.66838972
256.940668136
281.847353823
382.089360167
61.8515784507
302.908956607
355.084212114
165.277828395
954.603519177
711.907314088
447.29467028
791.416832933
373.410514398
12.1859402262
720.729570863
101.876373026
127.472218854
158.531798104
100.519371106
138.477263726
277.126998122
79.7939228259
868.785821335
140.121713002
124.773788525
557.697800261
753.614865707
930.277590887
734.116214226
406.670010239
22.5551408439
857.193046496
458.221287257
540.472137253
537.63682474
172.443932236
736.461373877
734.841491538
964.174313486
436.454070142
385.430498953
755.747825809
504.776197252
193.653824292
663.720725773
624.765605703
352.281808593
419.833786048
846.253830482
540.109631289
15.9739920258
753.74030036
274.564867788
970.399942354
824.681068466
18.5393069629
770.213776499
697.248130288
83.4895248481
280.607719587
983.124048375
777.66779843
455.401396464
465.997063809
453.070675833
442.840705001
29.8750950594
688.518098724
989.940050422
967.86916354
781.674643977
742.088276797
997.057401385
484.408767834
882.64724984
135.273226229
370.044741898
164.846310998
445.103793395
756.144791164
700.008796901
16.5884773923
380.584845256
940.660992154
740.013665601
871.348556794
302.751199024
304.009274063
867.701359557
160.83187908
239.155032629
796.74882232
946.87893116
52.5754061423
717.445970454
636.080705372
957.350245983
947.697718716
851.510273458
146.832715544
750.828929021
870.999303186
38.9611865848
339.627905807
752.676794308
566.571475508
256.556285583
985.001539446
186.599257539
309.884840801
781.469276124
750.596995621
297.491800679
46.4163704136
359.625529458
596.977827571
844.763386376
373.966891073
168.212643241
446.938601627
827.357911786
184.457555672
724.717135266
647.371400846
475.824796639
63.8150752704
187.391841435
819.531298099
508.534082193
570.732066125
917.326794451
915.504923885
960.243944423
10.2767121579
281.796867993
913.028286972
538.684858641
906.752100709
810.93301801
497.927994498
348.199895241
90.7184102397
60.3331542268
952.452143971
332.392965881
801.815193499
774.039966901
304.528747661
237.049864142
144.698287567
658.013412307
250.821867196
453.293882221
744.497909627
634.365600143
904.384540624
624.068486819
781.404724897
395.894141835
251.812177551
993.066051234
620.901810677
616.084091385
234.599191026
190.668130927
399.077358282
522.730836232
275.256062797
98.7409939168
735.972392553
925.795472155
579.577412348
530.359605877
508.254263316
488.381665611
682.999959733
864.354495639
675.407231904
980.938077394
375.607946091
455.413854419
244.946504666
891.777599185
310.151545868
528.399903034
222.274549863
265.095090287
358.618536436
162.947124586
339.761226025
192.513395186
50.5039685915
627.972105414
463.09426934
819.723491407
166.643448177
652.648974662
482.500015253
15.7826755707
138.979330542
766.885319732
657.800074706
892.360504244
268.036964275
198.635285039
533.597726394
7.712822965
855.420094844
488.498102169
75.7048712462
847.645887585
102.862684842
453.819463376
626.064567429
552.953998493
381.037854465
337.640197838
126.478898526
591.692026871
23.0898457257
200.760317023
269.421228302
886.857279449
680.249346893
442.476610877
736.461160938
389.278318667
119.671718379
841.562667562
145.883350267
195.813080158
311.660859683
774.290596716
773.784363535
621.943899833
442.726262309
867.724354947
505.300108012
302.281880098
760.637308827
256.093694843
124.781359678
490.828229498
999.193355001
884.744129472
307.912360671
159.18761348
602.14423384
884.864772526
252.335983843
754.09341939
3.22794602942
495.502859943
68.2300724133
498.706582737
888.393367309
740.203649824
689.718988046
768.617088189
929.58297893
946.227229697
503.032601327
20.0334903856
888.218100224
795.521919068
769.301396878
831.606433134
730.216826624
335.631539283
786.566814651
340.620091601
29.8804953598
520.075586213
863.19656295
592.242816538
823.677384059
910.59534656
752.688550262
585.529683799
367.037584038
892.461923707
344.186773934
546.370087677
922.338119905
752.092148741
597.012653025
729.42522856
793.391890074
714.552490975
996.525099631
633.628909214
694.224223273
743.708896122
765.075450815
908.967192229
48.7787911836
486.525177262
50.2215119291
110.740084865
427.688665159
683.872270205
175.001272475
980.640548522
226.172759809
907.597431917
685.488158939
251.973798956
429.701930193
863.072904959
318.978495727
324.370413565
389.253211562
406.676044428
700.432979912
931.113593195
420.53935445
685.757443324
357.425144782
620.666582098
275.507368124
178.783517075
967.73886047
913.794231202
503.213430781
329.091062116
281.216220446
35.5461090117
622.278075212
150.642831836
683.035224654
281.181474364
532.539535657
338.074046924
203.64426135
763.279350507
801.302502061
781.102705569
490.258226358
753.860443972
761.110170873
850.866686144
782.699192638
258.592046709
764.266611525
437.760591127
943.352331269
771.022381469
571.76939517
22.8194813125
201.206077994
231.253660294
501.551204514
630.544981351
416.888169001
652.355156218
664.457249816
537.623475203
544.382604872
503.113374695
983.502995325
956.178843597
825.58426534
174.983410921
330.544149793
900.35704391
556.246064556
101.706413049
909.051728887
296.377969758
379.084218126
521.603240519
598.043368375
666.099408191
585.865169016
799.315652034
790.223035825
315.482417184
880.512143446
606.151327142
425.191467994
614.729582286
199.242990118
352.475822196
717.030868266
446.152706864
796.252713595
231.901551418
778.957413143
405.615340176
37.2931674855
799.334552777
377.159024122
745.842510734
610.16769815
571.457047415
801.158531613
87.5563224223
1.30872828841
481.815109935
302.561919332
177.042711189
928.004150009
665.739310771
11.1486345363
577.70641488
489.682772187
490.808344404
901.323766616
710.76095414
947.750620677
866.479343286
511.925874356
651.594489908
236.952828122
193.574711872
75.3902374653
859.409135432
862.383974358
292.794624096
548.775993707
502.353944
416.034027118
69.7991393043
53.2849326153
733.173186065
930.760099481
69.133984819
535.123759226
485.889334476
737.489186751
475.487423783
599.819552459
852.395313046
913.01477915
813.691975739
352.31556052
273.261163483
248.560308733
133.930517663
627.14656838
817.081435568
961.558450176
704.018649292
831.89510326
416.399459431
818.43452414
935.881519951
995.709489046
126.514434261
383.035267555
895.689528263
749.88569011
709.458145523
181.458952626
841.324032587
309.843460337
693.008539734
174.445430979
632.94479876
822.19806084
238.538007239
208.829232294
683.571636402
734.857052486
853.75956052
512.604234041
245.229733574
60.6380904181
126.875945522
635.289543354
185.557051477
297.826554899
886.609715942
629.644888579
974.907240874
285.374358594
881.696611968
359.796323284
754.222040548
263.612151707
641.816044904
473.199122226
201.178855729
843.37284971
695.706402544
421.054795867
517.28482773
816.099964748
551.804036777
180.779839736
903.191342731
210.18562191
441.352131314
96.2687804477
68.4461198718
249.610709145
482.595121931
144.174517918
271.786635819
44.4140349769
363.994737869
789.332883868
609.854937552
701.28800571
782.400106677
964.796734732
993.481254161
371.924752453
243.195271292
203.090840049
186.169021833
415.76938066
306.873837235
525.695861565
313.785108418
11.4005281695
674.206979623
474.663337656
714.704954742
885.550586561
457.030725634
133.40929563
631.410583066
819.836487624
392.287941705
505.203004829
871.599541899
191.70874039
523.582635494
68.1127300344
956.334333087
109.437926757
869.261303823
190.626570219
726.49507471
482.591175926
823.794423349
371.762950703
428.922756711
198.060430051
803.214689078
890.151716152
387.279616691
470.666469116
53.5097570552
736.25927949
656.567199293
636.473213842
369.095169512
84.3825911922
795.444020696
410.331183856
865.430618131
26.2575872969
31.0235076261
671.437771296
307.422674812
144.765761268
885.495665944
141.216204025
593.398844325
6.82006458709
677.26375643
851.479440288
625.848161451
941.432266673
210.56593343
