296.110511161
117.934270644
754.953251672
30.7833187768
146.036572502
117.061606188
667.471795206
543.848427705
101.411333899
978.413231089
819.124159846
375.495178625
165.697971422
357.094619481
247.125227935
889.357693987
663.83294574
761.530601389
361.050209379
938.897985816
686.7691014
590.238226827
219.202363145
28.7715500919
447.545491761
578.451733681
915.193454968
722.586032047
912.609977728
208.460749723
262.322070785
665.611917588
587.260131871
414.733069219
806.412191096
861.717587391
96.80342355
837.318261615
776.262096586
712.368573764
209.080951182
711.120433518
115.431704915
273.957920731
773.956353607
665.93703701
245.962272423
462.022993076
391.323763255
241.393804807
561.169883101
809.664219927
110.688866869
901.806725204
530.099516746
63.4737825788
93.2947201668
928.457160237
351.696813875
926.266010438
830.567781623
709.846119737
177.248211549
866.651791542
195.591365175
80.4737247093
868.611034763
8.38587986332
518.525509914
231.719981631
677.244556209
888.526493369
352.050586573
310.501366476
734.888284275
729.461207526
542.519993138
187.794562125
526.800898362
778.020854691
54.7684260017
224.409046621
483.573045505
303.404724935
285.747492945
298.974227508
963.029629931
24.8562274459
433.537723995
516.300179362
892.108176851
484.975621294
853.657687863
365.168877026
447.515358991
416.947451091
365.318913072
59.0652187361
711.282736595
330.253360276
872.693713611
588.077314009
986.455794266
281.158505893
290.30983819
924.726739236
0.146741373022
587.841038965
109.590461992
180.416485865
533.255611217
954.39465968
501.646317391
310.107147224
282.137028227
183.845705469
893.676798861
541.319679403
799.216573811
883.461207763
376.105954631
859.494495221
251.913824262
545.467919462
716.439404266
116.948958973
110.761140707
795.437381134
569.971427274
450.623351948
649.104070389
789.839692204
268.081737823
953.432103122
766.206860793
174.583490668
517.897162964
136.243360646
615.048891639
586.123079855
768.397040974
764.169561391
159.178647923
163.575461066
943.258124327
8.57317069868
267.056993815
719.526458383
16.2538705769
716.561586626
133.101162462
649.022522585
714.638277591
648.972930092
421.782047717
69.184396652
908.579006581
549.205368347
730.454261997
219.972316836
518.799683817
353.983957608
317.757346924
134.613937236
258.281589982
501.428589167
332.194926812
674.826310578
264.58859973
194.793270322
892.316549588
299.459886477
974.003575065
224.786842985
291.817504856
603.532094693
11.6128258777
960.569646556
525.932576164
218.29783351
803.466925267
79.2760597729
641.426673714
452.119755351
905.231991221
802.8080866
460.495739264
75.7119006552
302.466986951
1.52360075813
485.228197466
472.572527893
134.599862788
661.372734053
976.41637102
584.915235095
865.899112991
581.147214041
395.830381299
724.306086539
463.891102578
985.973258855
157.705099366
445.750500639
254.231126925
611.390304006
208.564296141
185.224397113
745.927304071
706.272235179
159.241838524
491.472423157
584.449637464
34.5114222842
216.205656385
620.334573278
310.414001922
925.178617602
373.950491169
326.225384069
280.974111416
762.003990365
555.110026405
679.724942356
205.835193798
69.720352117
140.250678807
210.001562627
761.046046669
496.182834084
285.61629168
408.868470448
450.25969881
380.189283401
517.215943876
247.900263087
436.174837488
877.006531993
791.851591638
305.703573837
446.189860722
139.02630688
708.159420495
113.110299265
76.6909280949
564.504512001
151.688990054
586.308005023
844.81903519
21.9972158225
527.457543776
295.827069139
219.263582558
116.963983697
198.095682429
508.818817503
278.587805326
89.9118351397
18.4986593202
922.594076142
147.89589446
161.224247428
984.154277932
778.407659442
352.935837915
658.612659409
224.803294241
832.126859372
654.002572153
708.369058611
478.733802539
42.7791104309
665.452188564
500.444403027
850.536710683
761.256556813
183.647041638
987.736674149
302.647496501
335.251075373
36.439770607
293.965649155
834.100459852
814.079378776
935.337745985
543.514356115
742.548860419
652.639821162
469.439789241
682.23102919
690.714928388
152.264621692
206.056978423
769.355105002
143.734785115
577.80386236
156.370877863
607.269014242
808.876113811
255.116091774
427.90308013
169.566103772
122.497195095
772.061265462
609.956139393
149.502874297
351.329708357
746.318769133
966.995144702
14.2209553997
585.182769915
169.752918685
49.1544270078
641.041192906
10.1511339027
940.154166651
496.172393316
639.775391569
661.259503576
839.313422992
888.547475317
379.783443276
514.721041594
591.108107214
194.329595415
537.179820328
79.2524025425
611.980707226
410.112460851
933.787332645
7.87823102156
707.709145947
231.199611995
552.049977538
298.137366949
530.491172664
647.938953419
939.977123367
666.141833514
996.936216811
462.185309869
716.135241336
661.901822451
583.583961885
475.023643128
206.764857184
423.241090423
539.973497517
459.612003611
806.773226842
802.234683174
113.16527598
527.683713019
790.84331094
549.262778464
955.785925179
748.79470133
744.009073202
918.867378404
310.303696087
43.6726396383
495.139911391
496.561277518
228.274366228
654.010204116
826.392706358
513.332648867
735.55084324
991.936796548
157.358366653
80.9931436133
492.106077881
496.795460895
211.081580566
348.957304053
761.61006156
156.88930361
439.435469957
871.290459696
330.517717906
177.922613079
696.807706831
120.787687823
290.741136145
732.94706447
484.67920926
185.610536852
280.341131011
156.645629159
663.789102312
170.549135852
780.276459431
26.3048013332
878.156141987
551.151584839
78.1507156963
761.090672239
803.757733404
183.741563501
151.158905904
905.046000674
705.672461584
841.150239027
669.867560449
397.041365947
621.107639567
662.472662802
413.496309817
268.604387546
350.905756283
881.035964586
806.069632216
974.029545301
834.131504234
973.774979644
325.554190374
763.155754559
586.508875301
956.544521163
442.390176384
718.289532418
702.363121821
211.917000425
648.607035474
771.60928261
123.048339338
281.23908301
780.297830403
793.896228558
49.4658703053
710.865275141
440.4792666
492.087108286
812.765594969
602.130676059
395.943248669
32.6844518224
757.983269131
790.569556386
688.713484992
172.820029857
475.148786798
316.816032969
760.21714744
724.897169655
865.700069492
479.893298745
873.053565264
436.402329065
76.8093992412
588.47515855
721.187236991
217.365430774
427.256171512
936.767813039
361.15027341
35.4361671445
973.662598631
448.947895301
764.177744788
516.742580774
601.001286342
88.4737184382
951.98688242
63.558976937
349.779592403
731.247095987
729.181033834
103.653448674
715.97012131
712.897864479
995.648947622
483.102193652
475.73055812
476.142439405
566.187230321
385.5723412
36.3783151981
257.419983888
623.183568899
544.702814343
875.916425795
649.342113218
879.847707497
246.001177122
732.266842384
634.774923515
788.019564168
664.311873502
642.168536353
593.940642312
362.864426019
185.180717821
475.842460157
231.008974586
741.505807397
571.861717714
593.653974873
845.719788833
213.100464918
758.458801945
425.240974125
566.859461134
48.2846739241
753.857425989
589.057022248
635.375301818
663.099318591
162.230896267
759.05727247
480.488658465
813.051173823
890.696038699
355.612520344
550.308729735
498.774679797
701.371315991
505.041597903
190.011853417
335.784499113
167.261031491
722.629906207
246.554414284
351.942973009
66.2518656686
745.666347614
307.421246508
181.808927486
185.925002834
448.108987048
89.8181711829
425.261729464
617.754948295
781.916562005
117.132789309
244.990111208
517.249832867
964.22401278
452.359631589
20.6507025274
267.290978381
414.031132502
35.957321271
502.544586872
767.143289063
520.621231288
985.710917809
452.054002138
913.27787588
566.864870753
667.72937797
165.049294083
102.267765459
732.494745087
910.66094774
582.692097669
130.040218579
550.42325767
664.815127137
564.033600397
202.7625615
565.319903879
381.217899652
649.289591621
640.930636694
823.34322854
304.027107985
169.537746783
972.20050972
782.003235282
855.479351457
605.454272776
877.599473981
536.083049167
146.841418437
917.800282841
395.668422606
760.802557384
655.939795339
105.000787935
318.481296694
756.148338675
226.909869288
701.678211271
535.258944962
399.056503335
712.09114635
131.970172522
562.399947893
775.642369452
57.7660973974
238.440851166
274.108930661
780.247104545
959.809061335
103.784768932
429.906110214
128.078575757
732.041343047
440.437388559
338.748171223
521.605236098
278.138432866
278.688985169
740.478122864
396.484365329
350.078057199
196.736958076
900.782317714
870.435249214
155.770348568
264.619465079
751.327991388
383.887062378
181.030446493
85.4953991146
347.435205995
574.628399708
964.231354968
975.131618784
171.452503676
40.0516016051
463.223546729
816.805955352
301.751316824
889.733176196
618.279470195
107.883985539
251.50273114
149.579703051
827.22100705
352.773924546
747.003429154
34.3262701008
143.067367961
493.545254713
572.862189793
881.948760283
267.548670117
887.54747178
8.78417232441
658.495789338
40.5785442873
467.585328385
306.691015776
205.570856333
589.079064032
303.295931428
379.871210899
333.853519115
485.585493488
507.460884127
640.104047044
910.35452962
879.123801521
126.086062399
361.054563581
257.329876726
312.858158523
509.037719032
814.501746028
892.142931462
160.977903867
783.170332602
899.516434171
812.862153018
99.5580347965
5.55283427595
949.341056167
14.4225482356
445.14776897
772.460388158
671.555328366
14.819751381
740.643187918
367.334979969
938.915491702
277.431410297
909.431209519
169.78332114
63.7098036749
244.227601446
794.388911955
186.067995898
542.414830048
230.507090287
138.927843612
856.445730754
704.846941035
922.172025716
831.340793547
431.986373963
509.210151549
866.863646003
603.226074814
332.735074657
1.79787950296
609.349523765
964.87643393
736.298805577
85.2413821809
660.822008865
103.496769643
694.861828318
951.634476447
121.101524524
618.326962666
608.649898412
426.028670634
354.280828638
316.94681391
813.371531637
209.96887443
818.337243473
177.182799534
857.901636331
337.618312905
973.752685818
230.128096727
395.075323414
509.051201643
554.011456817
454.021770974
450.397409201
311.859560218
292.710102643
772.143145264
992.287527497
971.653256494
444.677797583
611.234208608
400.894054195
687.448479704
314.219142527
615.980211035
552.774810126
1000.57805031
677.071862462
855.200175384
478.663951629
855.805653003
618.558592995
946.353401205
317.335709287
529.944113888
492.203934034
138.736838026
752.822697446
380.688472966
279.903406543
436.698276566
519.931184293
191.497249767
977.205964574
924.646926528
602.362108782
304.419412845
501.966252482
57.1326133323
153.188885341
378.49424425
917.308604065
125.561498094
438.601600902
694.487544949
534.96076517
882.571625139
912.802133484
117.034848285
923.718498784
685.888244701
794.33458328
119.859889493
636.80994777
454.571641813
855.403242038
520.21959943
198.053939056
198.10330229
829.031798438
48.1595642796
952.366321881
346.62747415
709.340610719
464.802374412
624.302932631
813.262969918
40.3161928972
396.159283042
705.085052468
691.595266942
307.884559998
778.227218376
518.120723804
938.204336067
87.0732889023
943.329696906
671.679873603
101.097643642
839.543859106
739.210316816
818.436656563
792.537877742
584.957196275
341.643578648
994.302700099
121.234896008
679.645969781
259.644000383
643.261212444
156.168466256
442.24092618
630.095009212
135.882975887
736.674399497
160.972496878
701.890995719
659.141486854
324.195308834
260.463964152
474.844946693
862.120413107
144.403033677
366.766806995
114.979607377
666.70432255
784.626798032
668.985429346
866.349406133
414.002646726
520.373456228
484.925840767
911.153767524
951.352090878
512.859563121
154.791666206
672.964358127
187.164595882
347.976794305
912.038902572
620.25254451
712.121184562
398.19039478
498.367859774
221.160217696
162.463862008
957.217866977
774.083996344
172.319161582
890.633975821
716.334695508
742.963312626
656.375696439
25.6030408482
493.33700315
140.359116087
382.612475054
279.15513553
68.7604933973
916.413576894
940.078864539
184.340318311
65.2480420265
184.395657402
292.021737395
434.205948275
37.7502866473
396.699904305
210.536258404
710.827529168
486.932704139
688.670826227
21.7661155232
568.090424738
218.492280568
309.525806367
912.500031902
43.8098502035
466.945943761
978.114206279
165.512105712
124.664054377
433.356034235
775.022695565
687.880747492
443.248997348
193.585683847
470.536508065
717.345318021
618.080679325
190.029301468
478.995979158
697.972272326
7.68230525021
420.733842661
115.839775855
619.20119972
518.48784047
938.515252964
974.221903699
736.680548209
309.611167317
850.736519041
277.39986835
759.986592249
294.150711419
50.4481947394
990.79619529
82.6936788962
988.270238776
898.648419273
135.199292018
835.663670325
36.3201974476
898.959128369
985.856205443
324.710263149
292.125782856
401.46625528
783.469156905
79.7725127567
502.728175623
666.422692659
585.787941711
536.344455573
499.308560725
397.617442184
54.1323359996
993.516710898
501.148959734
273.331731071
397.851587038
983.872871869
225.854130703
103.059800598
876.919424264
376.329318568
97.0750881573
738.647037278
940.515538368
464.62143232
663.308609708
929.320545008
189.874182815
467.371811684
592.459423521
202.069176572
257.529866326
114.506266361
723.903296815
941.435340609
63.6297729933
420.579623804
56.7550688447
486.176081569
388.451973804
844.4171815
612.261739346
8.47841852471
807.385752065
474.368228112
202.546439011
667.790650143
410.541425791
19.1547180058
765.236471059
911.134125574
24.6942001718
820.449756452
978.217845746
370.3337047
76.0472880388
245.883824065
723.870756857
771.813729548
242.003806584
648.87184791
526.810795592
663.653903309
24.1445817772
895.041758916
159.462442842
368.229505666
300.003246651
449.309197087
384.151259758
71.6971938461
961.753392078
401.016478133
581.444610779
426.929671731
163.09973809
597.495941355
832.806334649
612.579336395
503.576106352
807.685922623
46.1085437154
712.917248175
25.1524217716
