930.770892989
702.050410876
754.366872474
793.792724144
766.391348889
892.586481684
238.608965373
997.911397321
455.217759832
691.080493439
461.998025244
636.520741191
832.395844202
862.843076986
591.97286282
4.51202069398
581.30128249
831.294711095
5.69874704388
142.600466548
994.528894235
599.528944206
178.508148765
496.484207777
451.23045102
181.292013095
623.211342413
928.152950802
304.024394797
989.879616359
937.856804755
182.108912455
858.695487446
476.068733056
937.933582837
385.939012914
701.898136128
399.935397807
261.920859683
904.956218527
678.390191606
294.272910444
558.039681594
629.049990462
470.039334512
937.695977273
546.633708824
391.325553826
181.655227208
692.899622507
987.53082078
900.41556809
565.756544666
960.109585355
733.766725107
836.239587569
908.498409887
710.691247987
852.618777571
609.590521068
927.804759635
717.046948333
613.599596424
120.429575143
489.786243445
472.934673355
206.999445457
807.261735364
849.299103172
765.193331291
995.009490124
93.7643223074
975.618721519
546.838760774
420.611863919
940.086743415
381.892559392
41.9377855398
669.409326396
251.398188852
132.032326005
3.70052251665
546.655973816
654.961416813
529.550396464
406.767179915
122.563440573
696.143435066
736.711915618
107.065729538
814.744125736
680.894710591
998.184109356
603.246691172
414.370079533
892.09705418
738.33076998
865.939417229
153.402022576
978.118051927
678.013426745
709.256285052
383.956240521
440.051252777
213.608818534
923.640083674
845.172574569
900.440349573
383.394662689
547.468586562
918.298796017
843.089320942
576.855742653
565.27475853
877.203044504
573.52887231
897.108427098
529.746098901
36.1171399458
974.268289946
19.7922090791
119.606196637
394.705717394
942.788983063
900.442997409
663.112772196
241.61341539
306.438265324
515.46922082
885.184727024
802.544575162
673.318869689
458.717770604
720.144166664
383.89638479
131.6834387
194.360943861
988.639924981
681.886604196
392.078243678
481.709010533
998.716017273
669.95154044
709.098469399
995.852392509
52.0849549437
704.630699771
872.920024745
83.5302751303
212.25381442
752.373032254
958.825962573
643.290863703
710.117135691
211.202755795
860.890644397
338.358809643
895.696389498
404.949860038
921.848442182
863.162651569
611.911015393
878.886779576
735.229709556
332.439917129
913.429502407
916.975457687
873.559419323
202.848772977
220.643020424
113.306247461
672.333627304
304.599952607
96.0197276015
467.514548857
840.86813252
406.403752727
84.9310947152
855.985217785
36.0266954762
227.334433422
843.644351682
170.492902785
887.580521014
39.8470113202
523.480217491
273.106879032
425.995540652
450.546962059
508.420807139
929.240167495
747.995094723
944.55218432
150.069002253
364.625979134
77.9613811022
515.015072349
40.7658566397
97.3037574982
680.640928017
309.039862545
798.192461835
517.006397598
679.53292661
12.7560385867
95.5644611946
511.45458144
343.967059911
272.965964037
279.724482848
698.129381168
495.861889716
648.575664629
355.949708056
360.450038064
119.246394657
713.172728379
78.0800949715
413.629086586
664.502532037
584.517836252
402.959651706
457.465234375
473.548139292
84.6607851058
955.886995349
493.38507579
651.969705205
593.190039664
900.557370153
112.899465117
210.101667811
633.195630767
195.982766974
700.695419202
569.45199482
779.403068775
894.357542138
508.384891372
867.710635346
771.465169996
859.396362901
486.221025374
939.953443814
509.940220394
500.329826298
238.427016958
967.940771955
627.894354968
63.2640110369
390.149940456
800.922318141
937.321454461
406.29856902
618.043069519
923.588647268
239.886095159
502.526478965
599.848729862
717.025445113
97.2198217667
480.899915685
797.688443145
571.885134997
242.948476033
391.663173549
542.067456709
450.00391019
728.041752564
132.535838691
616.913482864
578.499749161
801.082468864
668.463808494
446.056668296
473.031194162
502.957018896
6.31431274882
263.879312311
231.934960111
564.919116436
216.860755175
971.332537998
939.745372629
60.9622232008
406.742261434
805.083911267
655.884872636
576.236017911
657.837944062
865.036314797
985.357574099
355.886879522
757.238273175
285.821724093
848.388832197
552.834865305
534.751166477
548.114319746
533.974439741
995.477597916
695.151749417
955.766039706
571.601738653
507.643535377
358.908733323
126.066238585
863.522236097
200.890913416
839.302845916
741.962903788
436.953814874
905.170586234
413.480509444
424.564584919
494.514764459
734.582851895
451.57575382
388.276791943
920.789568064
934.816865563
985.920896225
744.445390705
794.581167809
910.630615227
864.718544221
247.638061291
672.390215659
228.880108268
571.408930926
287.945838434
734.563197378
910.291920733
466.25199134
478.207861494
283.670087087
196.407823201
809.866084832
515.202778983
872.439064578
409.220546346
802.239702533
310.399112022
272.458688263
321.331568966
183.463400124
654.964347703
584.798063911
541.875952808
207.472901571
873.845460151
103.042133727
1.052971461
852.554811527
4.05903836668
982.186287395
610.005718257
449.866610716
756.839593819
56.9324044686
638.116588891
870.600762757
314.37744942
56.8657642536
865.743282867
975.900274143
361.506864164
799.238290687
623.46472755
467.99240009
829.695349323
485.737254466
736.716018759
807.003721637
627.91088302
512.940873113
237.972902403
394.407374533
852.174743902
93.039059056
926.70741056
712.043791041
75.2630085037
0.777271917801
691.634859844
111.326220601
997.916250193
982.28875948
717.76551976
445.749012581
675.200023124
376.757338501
741.055070071
121.807702249
329.834129939
852.614651776
304.202055289
942.707352602
281.764236346
685.908983092
730.077798457
987.655753198
845.424571331
712.200796159
520.047430492
425.180452683
861.089386044
694.169864884
824.065109989
829.66064267
741.237033547
370.059581429
627.43673512
929.494779982
113.281426647
314.284185908
18.0169911309
814.47146181
241.873699843
799.021313538
207.50973064
602.425016849
926.77159227
931.509186847
137.667864986
761.863786468
789.773531468
389.777221598
79.1018191604
517.756804743
268.884307945
616.274058512
644.7654789
165.136126077
998.544501265
28.8359060775
441.16546602
636.780918266
672.073078957
501.497126568
874.163359654
938.452279479
574.057810384
47.2102525326
356.229960504
499.045379135
371.421493846
433.808675762
208.893095834
429.789094431
441.348324653
274.986651455
276.071026153
365.302689368
998.703479751
190.586406377
315.939324719
856.63444249
4.38988748219
583.722833693
877.083419727
163.746513243
77.0106435809
282.014568837
106.834478921
816.614792108
445.419156943
618.832472045
582.080979684
156.220897371
50.4688336844
184.137776748
780.630817464
378.329074923
680.902631864
157.786568328
221.174689057
237.435292684
875.475417813
892.32738535
510.676626797
853.067923914
484.457893181
801.4051632
369.105716608
151.653265222
572.42868478
544.521039143
739.528635047
890.311713896
163.933962461
73.5391131748
534.203965159
530.750420691
828.652336133
959.386914449
356.636979456
724.687702964
371.70733998
498.172510111
60.3204025965
714.457257775
537.950136736
605.494227288
882.136701002
464.59272749
727.446814053
690.682153313
180.650036763
313.624349521
160.494610348
949.693036132
767.213745219
612.762781042
156.843284514
379.666466569
210.045576362
477.014837163
772.505597476
311.662458861
310.441728701
969.593870991
935.790206561
742.025155607
28.7396595228
329.593319139
693.669473808
423.591212616
873.839476076
685.889836031
260.523634635
152.909359553
81.6794173596
897.497974034
252.439552099
467.820594394
509.362892216
912.159502332
577.623289108
276.920616718
460.6858012
172.728879524
339.846010677
31.4342557946
697.22244895
869.879500083
700.206453337
901.648142106
1.58270890301
567.037246003
218.269251456
367.481580249
483.257792942
928.460652025
473.431080555
740.528366932
255.011860011
481.183781356
962.512433002
557.852284519
920.530189405
662.02544414
431.948176851
876.508695821
439.115514602
342.685115265
238.721915082
293.454382091
816.099172014
456.842340675
451.091250144
921.76534133
668.226364431
842.456549322
115.513900284
233.337903689
877.136228418
86.0054425853
653.401185931
893.334401577
566.364278586
634.129748914
81.2506795099
434.876077774
865.330466467
870.804441618
556.18296595
983.715356984
340.747796378
233.975171385
962.867491403
431.479463976
543.006887162
106.545639011
403.555613801
978.10260349
890.041358494
880.73420576
294.682109023
514.446663739
627.485273542
848.450534569
345.635084348
61.0068972239
838.990213553
547.294285207
985.476557276
936.926665025
401.072538268
832.663058541
731.637473705
590.180222251
856.703653074
130.374907334
494.104966206
926.576043676
377.875826107
298.64865459
267.602315615
964.174058618
149.719430539
930.531121841
441.201035552
319.728207708
137.046476857
190.043106404
799.634866811
998.346817294
360.904975592
495.618202349
983.012885442
706.013802033
817.637010698
34.8746838928
40.1644324772
72.7926115889
221.17973089
669.55729539
852.021792541
994.356408217
129.103495306
915.461239431
566.403164852
651.059254838
720.246633581
315.581641767
376.603826364
329.485251189
545.960872028
826.967565353
876.288825953
472.274272654
195.727442945
68.3112825589
200.813148829
505.829848169
442.267535097
844.6480362
702.635619814
554.475714861
778.034520664
438.592282984
618.151366294
402.791052353
332.299244653
86.3793565956
682.445070271
366.523031358
37.281062235
491.025750599
195.304457772
636.628567767
418.81396709
853.479639094
634.802932255
32.6372336941
641.278534411
167.473085368
235.667971961
838.300945248
467.268760165
560.303715887
58.1918306368
987.428242969
369.238181552
74.2558187901
167.582026371
523.734829051
147.801075481
983.848497723
611.743825289
949.915322359
388.475726642
288.948830282
647.003803695
995.068180049
294.84225141
971.10780981
791.487074897
294.912823584
664.031262045
939.040505269
210.38547683
567.40853862
97.1285811281
663.81704435
178.243815675
380.188024094
957.607609104
608.178647975
538.147866336
408.09085082
457.112902081
694.76323095
692.611749269
598.252905405
507.30246066
398.871499167
186.814997994
516.123644788
685.268656386
385.607071063
712.777657663
249.49845615
323.463620195
250.200811066
741.432704474
494.103507496
703.391360854
379.456688483
912.208833922
998.504740929
926.887292376
387.660191611
695.270023496
903.348947064
409.296318914
863.108500986
117.676677533
511.976603793
890.175427292
375.90055617
563.226559914
186.880921607
853.676492045
253.416454932
283.051018502
544.881259664
306.939319967
564.838606492
271.153344192
738.155023215
91.6456414856
761.173350002
31.4697425435
60.2194128815
126.204656048
116.907097459
609.315782361
722.535488698
616.908360996
894.699539912
999.540231113
594.923792332
571.425330259
69.1025783083
744.351794367
937.334152248
532.362415053
896.677791234
771.753338981
217.519148085
445.659137121
990.322982805
978.456616192
484.407071862
349.056134627
784.950950886
22.5119859531
918.290837791
565.264283271
187.375499678
375.472343675
795.362995729
696.869948531
631.867079736
967.947101635
311.559502624
112.752814403
778.961040728
354.843166266
104.162521024
992.783084842
792.3258813
454.72828943
828.454902567
976.147018208
281.901484229
705.537218655
950.724847743
696.891377236
64.3335417637
422.50548071
519.702403086
662.344283909
131.721617709
303.991188751
283.561709272
451.265231171
323.616296839
814.053076305
894.47122244
721.38419871
36.7622007443
236.60347602
169.656067028
306.465816129
480.472863487
98.2043330379
140.868875878
71.9055216829
639.138402461
995.120859667
891.847817752
282.574470034
131.574712949
441.938665102
812.851402463
362.090879036
456.441976412
880.937357376
571.686834387
633.060674562
900.917603474
235.26466809
828.202857086
243.469681488
145.178377598
605.863646805
834.661444658
618.831786727
562.166894031
214.062456951
352.759051178
800.99337049
335.857244761
513.339801968
900.045517544
122.38234373
397.028813388
538.811601524
116.625083456
664.984529524
672.297553447
75.2648615565
572.860753096
28.409144478
50.3401150582
701.923356074
525.78010049
455.674923647
739.125139272
933.254247354
962.958517915
731.585418141
883.314070165
411.967388793
273.37407931
876.146491601
205.487704541
600.245001332
264.361753014
601.916224935
996.880482406
296.660139477
775.757366995
555.703532314
248.79987019
856.569390788
360.844676157
236.618597407
980.103264633
532.055754203
359.432290404
990.134931626
784.169275826
414.07362093
683.276789454
282.678028002
365.558885123
664.481861107
256.283925962
841.682646591
869.688584544
166.499600905
477.669234968
822.582601471
108.386483511
297.525509399
600.475799447
621.463277183
630.374389898
787.622505645
111.779866829
41.1554177222
137.988437503
390.459826994
951.147522387
11.3163150501
622.870709868
205.868243964
385.989797874
969.394570504
596.065997634
131.149513291
768.52048426
330.127007598
723.644216052
437.938082286
516.118229408
384.917407415
686.76960997
931.026210154
606.0301516
606.197470302
377.049012975
981.070857518
456.035729821
255.853762377
702.782924485
536.356837283
23.2559284361
629.464312567
894.726477142
551.21163588
266.208994154
120.211136869
552.150364312
952.021011465
422.373251823
418.418004524
270.585507582
887.866430034
8.89875044057
327.955945502
950.207943028
682.063964325
167.048665307
137.310575175
466.67530968
673.025880335
614.689241817
165.979998775
231.932464993
728.503540412
874.075795169
171.210869607
394.47283456
647.80538674
175.923299358
867.546078264
269.023852789
69.8982862273
608.495269045
553.148089137
481.41017782
56.1706524562
270.870884302
66.9117743279
592.160376386
925.777151824
60.0977694913
276.503551669
289.402981963
773.941854639
91.4353805925
484.071400712
376.351637595
333.502638323
651.856672574
988.810456251
634.721662293
564.817556923
869.737590108
616.547867736
323.314496285
176.624563177
355.531993145
283.734182429
204.237715079
250.669072053
140.896643146
47.1143599136
282.972145529
505.361908672
605.842059963
586.951899703
832.495954642
528.37302685
834.836897687
