526.483559175
331.158267055
994.489313745
461.133029877
438.997508961
641.080154606
468.362252336
377.941832184
971.186198243
869.403991638
88.5618069309
780.586187685
402.741565161
221.590344909
593.318968661
35.9120389445
39.2401539542
675.661191308
181.26519614
519.633816106
781.484527178
619.183750968
779.962524082
948.63735001
902.353183018
375.99540797
502.097829245
729.54591095
195.912921754
446.584732301
958.25144835
641.451118022
489.299011691
908.97625113
935.566439588
715.451616853
513.313037882
186.55767831
325.661180898
53.4524192499
428.109099494
987.353718216
947.969882185
266.847106618
550.329096669
450.10427313
262.375350651
943.14233453
647.114693289
750.566454969
444.787249576
794.623722956
549.420924437
877.399688611
909.722293768
165.739436146
591.75978562
651.415199542
893.166194904
359.642748798
978.757039297
1000.49378603
570.921058024
782.181713772
564.972054056
869.789460759
380.937994946
151.070445665
497.46378659
270.915987105
14.505442467
590.746784092
870.789997389
611.940589558
763.797491727
408.379970189
243.335389277
337.826466092
71.4613893584
394.612358155
978.009364651
244.696305584
931.31949152
274.145625836
642.552262439
641.002861095
48.7997995109
242.7387799
395.993138251
88.2881123817
108.221438134
68.046145352
365.106786081
76.3126669925
397.217143499
884.562736611
877.031599862
820.754365778
637.19097895
817.111060622
49.59062427
934.845607882
394.406196928
282.108934484
702.798852255
746.041394946
200.545997675
747.082315577
659.655213473
766.150041751
844.58032751
592.953216282
775.193368329
671.347344553
316.157820619
980.67235216
180.837374311
880.725292108
266.954581626
915.338383869
987.649496375
950.311745272
783.710669058
159.223870959
247.151161409
565.262026666
368.822430016
128.595225395
22.6742476936
592.11327526
624.919673141
892.815305089
23.0151975085
161.021256664
441.814593701
178.770216915
66.043038191
991.906812589
71.0388585014
392.222489804
790.009768567
360.039187241
255.840913952
371.748387227
827.648203452
232.924396171
547.283248103
16.56969394
179.455287046
587.769082027
302.085564503
530.557745096
15.0720866194
553.374773352
250.769464262
701.896155305
144.629819274
163.265855906
646.182581492
716.337667461
170.786998356
115.726984544
424.039157409
524.518592746
843.977396189
551.870440762
28.0520748456
961.353233101
103.033654883
668.514764029
628.928259659
244.45217447
413.090910309
313.313730204
738.884527588
245.154031001
775.416892691
211.123047112
457.155365172
885.126480824
852.615220319
704.611704233
631.091613269
179.75445851
577.502416064
315.352007327
592.924271699
915.414143244
77.6777189649
375.729437272
464.022504645
750.697306268
424.389129646
853.099151816
345.980793323
730.556287544
165.291401195
129.510470111
965.339858361
309.484942758
877.734807162
196.179526002
906.480677914
968.592080133
654.038364947
319.233382701
701.85369167
438.584435228
569.049674011
710.446776732
643.390953849
623.436810424
803.24341317
632.57854541
519.500143666
683.569435194
594.988729538
475.640699383
321.794018236
667.626472777
895.214027722
771.437619023
178.706354638
351.306651959
629.888702979
835.526464705
400.063340824
993.596571797
260.954269666
31.9842052876
364.285512083
253.310016593
894.298691811
905.851177491
225.03147693
605.025988733
848.497917363
158.562609311
706.893432316
187.100991298
310.374780211
526.470492111
600.435581091
711.388530679
986.604431981
170.561329621
623.778459656
56.2865381161
536.655555269
639.795021285
913.082369203
394.58439137
849.403938799
630.77903751
42.6463901939
664.803912474
998.218445324
95.8779505002
209.755472284
142.630971254
60.8015338503
929.128481868
719.928193578
808.29616273
453.936980566
627.752219843
149.650126547
667.566555452
391.946551733
586.002069153
736.296973548
524.422916349
622.62039038
851.476868556
34.4276642369
891.8856091
133.445319739
928.477512469
90.9813978085
954.07551829
882.451719987
475.189513481
829.636114375
704.430330146
512.807278034
198.187036535
138.441931884
740.769098152
805.87595955
174.133891016
187.411276528
940.290263979
82.8981615785
459.35160378
103.480071884
30.3939175973
151.877873588
125.969844636
569.010444306
175.700025895
957.980758283
969.114550525
743.890041346
744.181197327
980.451667317
677.739698204
828.783960736
952.237115021
15.4125727196
907.86558142
732.273462134
753.063717636
249.521125918
717.906959995
292.717523207
812.465912295
877.146132807
83.2344171
814.407264796
497.95989756
424.515575745
349.496766497
557.026029174
522.614490887
183.542625098
423.344149144
563.01814977
335.4202906
694.087990748
32.1291834779
443.730086791
644.888802269
708.854197971
132.13391409
429.344796738
306.605376272
130.142264843
121.559434273
638.779424993
467.411775844
696.424942546
273.027355232
297.939877838
677.851947507
860.996023766
31.5249729554
103.693200269
370.25425743
599.119522411
468.823968224
506.236727655
844.227815669
852.592111674
411.315424732
268.576658199
266.316737078
970.278229215
35.4322361817
191.493851355
813.424799525
249.966558661
531.917751946
57.3037973313
994.546601174
413.202082514
827.277436994
942.324431754
191.995488285
335.792448304
430.123642534
900.937627678
845.779499054
983.103953554
838.691512647
425.159564408
606.613979128
88.4193132786
774.278297438
45.1635594998
179.35378509
829.032050745
715.320416385
707.745765082
886.774562417
278.507581252
265.397850173
536.266803503
275.513151733
772.182331008
736.414610455
740.404076228
896.185485544
518.24478136
867.171736273
355.179992382
714.351387261
769.194414436
820.866892373
811.003691131
944.432693466
593.790867741
752.120945417
77.2924623476
749.093932753
257.061667483
256.935278614
519.55862012
872.847953887
187.874244081
381.717415322
323.682497852
674.220559181
993.994516136
676.641648346
968.478425664
477.602905907
176.143934683
469.223881551
119.892712531
822.94600207
731.899075465
433.60833055
742.28091552
123.787315428
623.575484902
92.5363859379
480.92602153
428.617046006
725.429194306
395.57339167
236.031759667
4.75718677215
630.394722043
794.419600562
368.717163369
972.953269681
251.957341801
687.785857014
740.52864001
916.412414334
738.072159119
767.606366154
616.481040659
162.22449118
198.997669611
299.110886294
792.612934737
235.39436048
314.195003728
1.68246161979
297.486359042
482.707425481
690.005434119
188.046766622
179.904553076
214.401233066
650.646129625
327.919807256
605.586726648
908.618533141
72.0295331903
621.30670671
65.9152201175
915.103020741
492.034139435
482.236566594
539.187809259
777.51964037
197.264414058
564.010634278
206.567897976
721.713128951
21.7380793784
84.5606187874
61.6567434958
489.440388793
121.347401542
209.37412051
86.6572101284
101.820109318
208.962470423
924.699066678
507.462541177
987.629501145
895.966432766
658.673107768
134.52826442
662.474499728
526.82660867
432.559650306
574.168693745
908.172411628
158.734223518
584.503072255
553.575981059
304.98708974
791.355287725
390.172963534
202.110572679
62.9267705162
664.724629479
189.066530674
538.089201317
705.718747619
813.125537986
233.47683716
563.021062601
475.236112143
132.083623506
606.371070692
831.264509879
981.236607656
129.783950972
60.4495071147
520.38084598
197.559206967
179.668303111
196.374406931
537.251264966
957.926892894
820.056592272
56.0916592289
51.0152179755
197.305633558
227.658178052
347.808364312
266.060569434
167.715097825
509.662486239
53.097266098
623.122039003
103.920280825
34.6425797836
423.190620072
853.113313612
667.656590496
177.082470302
434.311747418
40.4176580457
875.293805623
835.845646758
44.578168096
48.1958453047
856.423585846
466.04452391
202.487509149
475.752277511
258.534363311
68.4527398417
807.604416964
447.331560915
558.071354435
176.211311648
500.809278016
818.291294923
656.100561224
165.376517095
408.188409953
734.239053764
117.618120367
497.206505215
865.817364261
747.295424743
18.8918018296
7.50117703928
735.763174463
971.392732641
878.71091753
684.984267796
524.731972376
515.599459243
67.9158822709
824.417300889
230.562878139
333.664163272
969.39587517
66.1823190232
46.6110612121
999.728499739
169.053867308
774.722787006
520.608413181
79.6899169857
571.463329104
52.2246877379
149.094141709
50.541189502
982.791393726
487.126641582
65.9651386343
556.523817942
890.395829606
151.191161004
276.246402453
746.435479452
957.006614631
728.354145535
793.427223596
254.116408964
831.419732296
547.865633247
838.339059641
198.681728792
898.471218332
588.307112839
522.49591285
412.856320863
575.979551174
501.678676282
932.968659287
293.673829164
984.479426491
933.334802576
601.041930024
809.846654896
727.646119871
27.2124723208
63.100090494
108.909171002
477.800807467
379.057369609
773.438899255
469.121221027
447.616503123
464.938042108
665.126530694
697.72466485
491.055203352
233.532657613
285.080503093
595.451622075
779.790057572
73.7837740214
199.703627431
861.674999271
856.468408348
876.05400833
678.370064462
565.905092201
738.860441568
438.607590401
320.034636293
551.536766576
924.768770049
832.307966574
597.358741767
995.387674358
38.5330815212
235.433295842
121.636114097
14.7675108366
420.412089115
279.548587804
866.807178833
10.1933847467
109.960940841
290.348135262
296.344045294
205.403069731
708.54700418
408.503759419
198.258166572
781.606001438
549.568427171
266.427411616
423.136784609
914.815829577
29.7021930579
935.572816423
284.670524212
864.240703492
993.880979137
178.042308293
259.367707601
650.147490778
57.7000434048
382.619149544
30.0713584801
314.253280933
815.225071926
345.970408691
958.152673106
927.410791313
546.593350433
361.666295301
825.882415998
578.271768469
555.989504816
828.714811747
645.281088129
320.236986004
22.9026418384
739.278362234
856.424842848
388.966195649
273.642225164
600.721668685
126.348294274
384.99352042
33.2744264136
58.9046344491
935.637853237
859.196947446
767.474195693
838.539718298
537.309075034
337.497880806
416.395923457
149.38536078
603.030420795
247.524655987
983.153442872
39.9773482571
693.67569505
245.028492836
521.794087954
30.0005945324
336.372825903
708.251997025
740.60744859
89.208862321
988.333979829
686.212509323
799.260851574
804.103397582
697.07872809
571.838026652
635.735600685
953.132833105
692.408772335
457.068483756
123.858887451
144.676233874
77.7785356494
507.766412452
388.588167591
1.27636297614
830.207212016
128.445451467
589.654957637
41.6228656052
95.8725867243
962.299622063
543.258923561
229.479918477
496.197574339
646.377713987
769.869891858
927.638004849
496.205437838
453.618623016
879.439162128
30.8883856431
708.419911095
848.382295172
791.554342698
358.429408259
64.3716820553
216.505098117
667.002556517
405.132478844
7.26822325588
533.847826437
442.17886678
574.928252803
798.111546115
616.76730117
146.353355143
10.2778854842
483.783532402
256.494241978
46.902770694
288.286281052
755.035427079
774.649269075
902.492664838
827.433195161
510.438205837
21.3032773139
866.285425345
907.560407075
830.343505184
658.502898054
41.9725967505
85.0037186072
313.414984688
517.309424983
391.304262582
910.635133573
562.919381821
821.35723375
235.356165035
491.701539401
431.501765655
1.0823533655
360.478521133
296.345302148
72.5701122358
127.21731246
762.350634341
260.999844292
507.424340148
672.706513415
772.374319964
105.076770332
95.1742717454
446.042361784
397.447922907
559.099022509
564.051018335
303.62941066
659.712254043
669.337552151
396.552630112
58.7369240699
346.760456448
982.004803515
770.046000301
309.206688614
552.375371268
673.082928298
493.587074144
554.862592417
572.984604273
371.9309021
642.734959007
650.890394213
236.307179828
646.177607953
583.358030395
817.118000097
60.3332822096
712.998165453
461.344261749
132.471077688
276.699172147
964.207662753
228.604661951
326.031309549
701.016903133
493.774248107
857.256869447
110.032385372
135.127423824
871.259877036
374.93017339
831.51788333
926.510500997
445.415636298
252.693916588
512.388029908
51.2951203131
579.829121248
79.9547119206
397.395094013
668.822985411
700.021170079
949.807827837
188.690837425
926.285630425
457.005776155
445.227192054
4.00883007517
60.8980480897
308.742986683
682.840173911
815.162680179
649.972431622
199.558742497
158.988322064
270.13491581
287.481359889
877.040294229
498.259586326
51.8813948966
57.642233848
238.210785011
906.318447623
467.924680322
755.305362568
795.28707519
434.84782993
181.07279189
521.78631412
706.833920084
986.833163893
0.377025637026
933.157418919
372.760402164
934.768876417
834.362765368
782.056756401
961.121946433
515.03476796
332.29147017
384.45653763
828.237035106
848.72872926
858.186991898
113.291293156
286.240180522
231.506388711
209.907958747
187.891951697
445.447586524
668.18640386
348.899115459
349.416750424
814.661003348
843.794070562
467.440614396
693.644472396
866.418396645
591.261528395
717.86795468
324.903027411
789.043020056
458.003648157
450.985411993
865.301982168
468.469911602
51.8338578202
639.405187462
613.828352962
44.9180048391
981.340565299
475.561902822
842.895039765
206.779741551
105.385021402
148.877566129
975.193944899
356.634635982
818.835006751
521.635591212
341.288694636
818.533721469
820.574192457
563.835757208
419.38482024
758.151671055
618.87256029
693.271734245
244.621490155
948.836186341
657.311435624
492.911473996
940.431344018
9.00739595055
742.791725703
221.431071862
348.931225787
396.629255979
743.732049212
225.643933876
949.008369215
264.952481276
277.057383976
165.700032195
901.149606761
291.781987969
818.730532801
224.05838023
286.305606068
471.31066094
746.85665912
799.84858801
765.792719554
653.798294913
532.94097183
389.879744578
694.28399734
698.531261639
478.344120487
242.391179759
101.018576696
121.184889944
108.434464609
666.531621416
511.601816642
862.991639797
581.938906862
625.917962215
879.412877281
109.02769992
808.473711737
987.055329858
660.746815899
525.765597757
224.303182706
401.782982891
993.946974082
66.3002106266
183.305061599
784.284470043
512.063012404
935.849183408
855.697914712
785.228300721
187.824785833
