359.597285113
195.633927933
353.713418179
640.51591908
105.165809059
369.066665401
340.591745185
945.507359881
262.907338093
766.295274756
206.763092674
268.125081181
312.467822783
363.588307706
693.048346561
934.247816532
227.746485357
975.97466455
788.470301618
920.686161247
73.0411884477
216.623411426
423.676957248
849.232999896
943.679697504
318.87223285
438.69401097
914.521633994
388.592898488
17.3092311829
749.916548663
632.690593262
31.526358421
484.876353122
955.082128878
568.941496247
711.857567617
772.54674703
877.715590205
686.258471946
225.039685439
211.610112515
703.424734801
846.756348127
81.8475868926
239.715629572
990.929483884
642.786193699
29.4072264428
490.537282541
899.616217386
612.949439542
471.939570053
557.885909547
44.8669714802
976.446305808
299.031188112
971.167270376
280.391491532
256.142735996
340.886222818
987.568404274
886.849409734
548.632582583
714.569325097
512.890068189
503.385190347
919.493360961
838.901596826
133.665652045
340.246861617
352.008522596
399.603195853
907.798559723
810.119416197
971.59066732
477.728106487
209.943841009
795.171529627
77.6344285588
906.56057524
727.96688957
551.385187531
437.902609424
368.271175825
89.7254567381
472.618034258
118.294631365
39.7910168011
986.403389141
364.464928513
677.359629128
971.035112906
92.2158930119
245.026765392
142.535892253
253.746559326
582.10759713
335.131157177
75.2658522064
323.483713051
277.618587755
387.064837272
107.694092197
97.9737982312
523.195440384
80.0058676983
955.364027935
100.797845059
717.361230521
807.156618012
504.368628886
339.880690433
126.567677827
95.174960682
315.411467035
679.957484715
169.71239496
488.002004199
837.569681496
743.119190893
949.874017823
690.745482396
388.340072782
679.492439716
875.148369633
874.223726673
146.505229545
932.809623924
52.6461720719
24.5507672966
163.883638643
25.8006940563
975.844336089
188.082312008
21.0604916656
929.144417701
260.269391868
492.522091951
491.334276075
620.138095826
896.268575496
295.12497751
432.303001231
14.0935257291
302.966828345
750.33896208
622.012097109
244.982717942
301.422483443
184.206981501
233.028261761
386.001733584
182.623425936
303.755913861
468.078152197
69.4499741806
631.446460643
293.477241048
20.9603763731
478.621698816
459.222710436
433.954303084
956.017142438
506.364737852
242.682521005
478.011366171
793.863945955
264.390095282
925.760834201
480.540777632
611.358926552
633.655897939
406.407366769
101.741946344
955.482126445
770.335064507
839.375748242
888.624712445
400.722761116
803.277126846
661.164183266
401.446091365
251.493113466
583.952827013
931.602078934
814.730053512
513.061171685
237.655198862
619.983834031
957.156054359
581.559211147
811.065247688
568.407984976
666.697790672
989.470297648
572.570901674
390.791837442
516.463659044
919.733505744
88.205332978
438.184011087
758.848080164
864.335983126
715.111662631
15.4098956621
359.598138086
767.610789055
213.609017751
712.411626129
1000.03546543
379.389912095
988.813291552
608.904174529
689.38456417
126.006835491
475.448245073
166.408496376
684.629161227
838.254498389
151.855660875
747.751408852
144.055900867
905.643842387
146.30997799
769.006478285
365.632657665
87.8108831979
49.6821222466
943.242179566
329.264200061
408.987584879
793.678297347
138.080134324
218.979478722
531.127005745
810.205201718
888.927427725
755.012872503
413.576984724
736.772159173
371.888855344
317.392076672
676.619968752
613.02714282
31.0787781071
776.498213167
855.025033817
528.343810411
629.863908533
662.725669439
205.30876558
86.0875955112
998.645431264
341.217751449
533.68382251
572.894180745
617.79920618
809.253025186
163.465323065
333.431622324
728.037124771
373.68678287
194.987220633
418.839099322
977.564890257
664.311206306
799.124176095
103.620048062
722.503846115
572.413624142
496.564117174
712.395572329
49.5153107969
974.184035082
434.235674294
136.176734931
52.1464462538
409.910763728
317.727824061
704.092825315
338.498074697
945.302799862
655.528938327
408.447858801
469.142987865
471.845507109
906.089970653
52.0629664665
204.375867584
991.413420319
671.250225688
154.03157055
217.6799023
778.798425433
632.37885775
381.392483424
816.616743414
62.7849237724
978.81013658
263.520034594
536.536042038
363.983165463
10.2532268268
549.384169483
274.881733906
225.969897375
922.71964712
199.864178748
618.851888662
992.96435738
774.875857602
977.505826199
927.282984661
856.132194434
87.6571305668
960.725529007
901.614800837
230.029562311
112.177392145
297.570784231
9.76552767029
768.725419193
134.112832206
450.223723538
217.99180693
900.359235951
804.07274266
813.610012762
3.50058685537
287.151421867
663.203858032
99.9755001092
169.965976672
127.503103967
876.02433372
838.127450971
194.112285845
890.18673772
757.487893207
723.065779054
955.606956536
884.952282369
890.450025822
513.106652432
729.342618064
822.956175401
665.157670725
39.0572201286
184.580454596
881.29280564
502.586301978
221.107150544
738.440133689
78.6112396377
161.29030922
151.99940772
214.83709347
510.459173206
540.413572538
142.788184364
819.936881185
523.523261749
370.264379357
638.592957136
296.266812363
45.0477819631
795.212316323
792.365638476
671.976967315
158.438964538
378.197074906
439.496877306
347.685919512
744.787635404
103.233151383
558.964376754
523.237319212
253.452876571
918.103078811
655.174180821
152.483400543
779.118488479
925.618876009
911.900500612
222.100585809
863.149989112
958.829478193
7.79271684641
515.041003241
140.642698539
266.28636494
372.178796219
216.366599477
752.789606529
696.672035055
792.432530416
324.867783058
150.923804279
708.443269804
277.304205322
805.57399462
624.157270634
653.414903462
701.130767977
993.540911984
75.6038480887
319.707166893
858.666434995
229.908553455
433.960980082
310.187932583
390.358496498
698.702259436
521.567670545
741.046757757
869.118492247
910.48808567
42.2344948866
828.474011706
223.606407596
813.697495065
335.761677382
462.488580719
957.736752825
695.569954174
177.902593257
37.5782304506
149.245910701
126.788385489
406.972325613
227.004618389
667.274109385
939.491287118
648.515070054
584.811963302
111.237889544
198.578951811
550.94153997
864.443287431
373.082172999
461.964107797
406.337840674
733.53847975
383.957714193
88.458137587
910.366146172
106.69268847
785.87525539
969.374968615
627.170708244
748.869400567
254.79480978
30.0867301549
658.371719019
220.482148995
406.837697563
175.468646596
843.734923033
216.899875779
271.257944807
683.37219082
675.381223564
62.1325879349
645.007621062
907.498320926
621.962439501
418.054526906
29.9707932111
997.682709986
101.411350385
591.75057725
13.3796578623
201.894182396
920.988014799
247.105815397
2.24824949538
833.955465591
428.313484226
704.099643454
632.196967924
452.898792056
769.984256646
325.153856011
727.164517995
516.174754884
167.769022548
470.860972115
936.119082275
263.455854238
907.956869035
822.52101979
986.484820231
160.315308641
519.423047559
975.301874136
600.830197038
789.661516418
341.843815555
346.642632623
154.54329268
557.862655689
730.161755675
326.28396166
246.649686785
429.159134202
700.765348319
695.530633526
114.946915026
17.9796923845
121.557247752
970.411541264
748.38086715
597.75336254
977.117722139
347.326868263
270.315491002
643.666997149
327.77533665
46.2920775711
684.169789511
438.2113303
550.541037557
834.685656631
304.042282992
102.25223366
623.881457201
727.952583202
984.541252048
341.722967503
822.490870442
941.139611891
547.423021977
935.155652561
742.627532083
980.48792225
706.708268904
712.648876362
22.5505027336
698.535645876
81.0441064317
19.1112955992
210.727719476
686.261293648
113.328226861
365.860457699
218.36079155
923.90045273
373.240820537
848.085583659
614.051393707
766.223439209
176.239274581
489.877204258
880.506300003
564.456600638
933.901469996
487.777650117
465.818153332
579.876468106
588.106220438
155.654997284
439.013744671
226.03997061
837.816541847
145.298285122
194.707335626
282.600218146
607.323377775
638.23709186
878.427792911
369.938800802
216.555498271
857.39583988
795.622731464
259.625658981
376.884990248
310.767396211
875.74848822
548.887461196
151.132406449
672.667270651
62.8900504807
467.286177851
445.61531003
66.6639952418
519.866780611
764.596265719
211.792949362
749.95625477
702.935985409
209.99923303
632.882428077
241.236032499
975.787997299
953.676410841
15.2467384695
234.996921786
83.2314574491
530.923334493
445.322640075
2.19550477609
499.375452268
614.755467754
385.020475336
728.449945633
716.806120775
241.003455454
493.542054435
976.753771662
704.439875327
861.795744319
625.549780241
488.409436105
293.765578338
578.592803271
607.574593963
234.437731208
178.23362092
359.048192713
451.950820772
392.494497813
551.487310682
682.874398596
831.620405715
223.606816016
916.180818074
25.0316316484
336.572288094
342.230303846
52.0685604912
932.485479609
816.4212631
493.94623874
294.567086987
762.573543926
523.438751285
878.601455481
176.653120573
266.128179462
803.393087775
639.4852236
871.415686171
997.612307491
734.855730064
969.997443055
822.260011056
93.5178455142
351.549866843
189.815801487
357.509665643
574.728284317
648.307217968
316.529941969
642.687690181
614.697269533
366.148396568
626.520453506
412.256980211
631.014968069
783.370300923
946.78242214
569.840554596
641.69959342
888.340849206
283.748399871
954.264955636
65.384517459
419.529533258
963.631258654
937.482926896
137.625935445
223.616428923
423.43527818
464.818148603
480.126135416
268.542483032
343.652564241
627.127723968
330.495727462
394.676072095
779.182117381
646.624845579
522.744685962
605.976510273
432.718010313
304.02330953
54.5397195122
344.007497616
143.428558428
433.335227363
805.719937589
740.621552737
964.371162161
379.274919162
594.925794193
435.477254758
345.254581129
554.56290757
363.754266699
98.8553189382
816.19672594
867.450324066
766.543446185
22.9293501943
718.404472892
447.828057148
173.303996258
946.700607677
51.9171287754
923.619906379
543.817536322
469.734975033
980.688065749
110.802736218
947.929794014
163.525564586
309.624263062
919.739854722
633.900903366
484.230329908
994.801812519
481.492132548
237.568325288
451.356894193
806.638298693
90.1972338563
63.1859803647
307.589850948
678.734212874
329.944286521
515.372715439
901.970146856
798.226495895
48.6704158684
405.521914952
359.641346128
691.125732733
368.6116775
413.358891414
473.72111133
347.973241704
99.1656649029
73.5630909709
215.271831224
10.7928265431
301.811321785
808.513031826
832.719144096
525.398098207
929.408952839
581.74800848
812.378756867
686.42338522
99.5177923045
982.078073489
617.498963902
113.767623353
908.370655778
902.813480982
61.1186947976
318.882192519
455.1025376
256.967962674
1000.53401594
441.061110148
936.511322081
388.032566008
297.908269558
76.0442762713
701.169639072
137.820474362
402.00952413
831.14954372
143.861431237
377.305495137
371.238450177
107.67634075
106.49055081
43.7642528707
102.528732645
391.204331345
6.18067518857
512.966609046
532.393644426
298.379785523
40.0885507317
60.8745478075
978.182394775
329.290562364
899.606577737
712.785593316
401.06387255
379.137809536
618.49107638
48.5578382789
510.962878557
370.243430398
684.911828709
750.77927724
492.74865678
708.171970319
780.559025385
468.809418032
734.33836303
45.1424017267
599.52523457
241.380393984
450.349498579
798.217322602
547.327973927
849.883738165
980.271156516
316.370190389
478.361310437
312.866558066
657.076189066
424.839248126
952.615137938
368.63901164
29.2936419732
959.382927614
921.525278813
135.045982744
854.391216283
590.129078888
655.183898831
988.42589006
931.373202466
659.17229097
590.952763376
226.29990251
822.181162242
273.27049899
967.909354745
387.990939736
437.015775979
984.084746835
768.519394673
463.60332093
896.979037928
217.062406583
551.078388507
59.0088775276
771.592593212
656.37052999
699.876727721
456.600300607
849.857632494
970.87515557
259.827515278
455.231495687
252.904466747
78.4809632856
745.038730178
894.853418169
891.9013892
916.102648808
517.848690043
214.811245341
360.930480347
627.717945852
156.986118657
70.5866097653
914.991409168
46.5591115398
155.340179818
976.932646284
560.566928403
51.7258799439
836.571997788
97.9750649259
262.911733315
592.16085094
945.68015376
170.125714001
414.548761982
739.655218658
37.2051946257
280.73429242
212.44745045
107.551887057
620.466510442
153.378467537
821.732675737
13.0550690253
833.127444211
550.062088272
390.302113049
175.870800991
116.889383236
929.168332108
48.1138934691
144.818173457
773.800795354
86.7208988097
46.153585175
922.198096339
910.519257535
783.132768472
85.4934882838
530.025105251
137.686399079
105.659126064
898.45051202
109.486054202
975.339060397
184.017364946
350.617170097
992.196677261
22.5246821281
780.136427086
15.3332983581
619.521454703
985.970406058
457.652412085
957.423389328
886.285556239
539.599847403
529.028320936
816.446684099
827.900520139
12.745314687
908.892563881
762.318676968
330.017251114
304.995699613
36.7761644362
814.582315995
944.649989488
645.525699872
921.605881606
586.844062752
856.405291162
921.653228132
456.112380941
401.962057049
455.121426196
519.687543914
481.290445108
251.446935422
623.317572263
304.944000886
819.20668784
483.989490785
673.775097401
290.125716862
845.176559142
693.154679738
61.0297033791
506.717180344
603.526110222
111.040553802
568.807129389
518.060621704
450.454788484
744.028850906
268.113392429
276.0352368
304.865782908
105.476678243
660.402256562
128.84681176
203.574676909
217.937320379
193.670122936
666.824924741
907.060635399
385.461996235
305.827383314
291.566118422
94.6947499331
665.441782596
728.517576764
752.585050741
845.953491465
410.026909313
807.806374648
134.870492347
585.707657912
275.405159244
627.726960205
334.075397572
516.161871502
588.722233621
621.464095357
614.749616863
827.167043879
440.508722502
378.365807001
53.927728361
814.676134766
11.5575878075
251.900278761
907.488305396
645.944555792
384.045691452
984.637705604
766.351400633
331.545742676
