206.861717444
321.253003616
215.743191224
646.599620851
255.038420246
928.830648348
933.995122278
885.219479872
767.006552558
542.50382543
515.930851745
204.705957786
561.721280147
333.600883539
267.501122688
139.930244307
996.372024972
851.149221647
542.499228221
157.459661789
168.670979521
986.858206054
841.193029327
529.409079988
417.118105952
265.197539841
713.462363282
358.300843723
405.629095016
993.41418328
869.686590077
169.498691713
248.648660922
239.210978222
548.861011456
714.334436124
728.582035934
684.484006713
180.371791337
290.674758611
405.627565806
793.811169891
358.073850256
91.3850673273
546.981596456
746.595575535
373.659433138
856.665729141
913.340592246
871.368351178
293.098117054
609.108955556
73.5865619072
182.486143181
694.905595925
762.615630966
84.0389061276
268.956840563
807.082413415
925.045639776
326.259409565
629.565622435
23.6683616844
526.505148126
606.632357213
514.151197653
479.260090572
113.952678312
226.982283267
624.496371374
144.999340365
528.773345349
380.010398944
697.146521148
841.341211285
465.670457238
404.33566649
275.183508779
182.834380685
825.278681916
944.872544241
428.631899131
492.562685597
325.22818314
12.3824908909
604.288813211
370.999441915
817.580058284
238.254122447
560.465059259
112.697982099
134.164997473
758.140159055
575.496795975
639.287670809
808.373939094
549.778126229
811.903763023
718.937777859
317.220712213
731.815302812
782.957037228
290.846224624
526.314834756
613.202184321
665.976629222
184.645598779
263.321913434
823.950119079
720.1348534
109.832110848
47.7592923391
521.201906964
35.1381880733
419.460228824
854.851035443
366.068911461
933.012567969
269.580605082
993.66338405
10.2827151743
794.112864937
172.460176144
418.422549662
658.963210952
577.92575465
239.149339188
510.606794352
161.252830423
724.303772048
341.943167262
626.67044796
885.874260445
258.240399589
596.95138961
309.8696909
952.082459462
778.838376268
368.402179527
367.75975389
560.794282319
884.27986954
14.0741983091
586.685781034
303.94720806
988.47727258
21.4470207581
510.415374657
591.366811831
149.17680174
754.506910145
847.096252799
350.93454151
586.427467922
505.760672277
186.677013227
653.124833725
973.211132937
484.602201566
31.7565526642
979.875317087
543.150485456
658.681247806
240.653831508
601.939142196
25.4445698047
970.2566137
342.375962083
591.771356141
235.652072691
323.7020059
660.276935443
756.465899228
504.095150741
57.0769153524
129.149345173
442.007756512
849.666437231
992.711906742
810.306590549
423.307672256
136.125297314
491.724195538
435.403098431
818.994655859
623.181655492
769.354264963
878.1833837
614.956727855
129.811013057
575.183520753
971.494946204
151.686271327
54.2126951339
29.2910985277
413.92084739
148.303431536
312.23465333
466.043433612
458.74370103
89.7106518763
133.661658515
624.824242078
206.706273194
23.0408737786
953.834635632
207.247423614
362.010901806
513.500624785
248.438479305
801.758067632
490.783433286
836.904219427
287.509406267
404.374412771
770.068015456
586.887974201
931.90748037
199.495101578
0.794899260664
767.702942867
639.598128425
61.1161302662
50.1907086861
387.103897772
977.295150881
194.470204912
305.012949654
289.540447973
384.477237691
831.786606968
692.384396954
92.1716484501
983.876854033
812.339101314
378.218228771
264.522158546
258.087995303
858.333302492
681.370987253
884.507230976
170.507438202
568.589054884
676.809490907
364.535155633
984.151035368
309.598846748
622.163533869
11.9213256109
466.061674128
496.810659367
817.689118085
858.52752934
100.740171898
530.453189142
266.913550631
473.902917077
167.038859998
146.919585271
137.404307509
888.434396736
991.620621755
328.16151439
907.670824778
978.857833851
986.075847539
944.136281034
539.734972427
372.905092437
365.845034512
609.353746016
980.276272221
314.297020867
682.708415224
140.446297479
680.110973349
276.356494669
339.02907787
338.6816156
959.984502545
282.18869935
746.835224494
31.0641537013
345.872599246
94.4518698242
201.468224651
938.541654031
603.466738989
9.21968003591
433.675313619
319.884894252
185.009908388
160.718232381
796.685043413
589.353228897
233.74387902
52.4404607603
474.333159002
549.03854797
316.405428219
964.236252032
250.11171163
280.495891809
247.809771775
895.41746523
416.49180074
367.731739959
9.54043402924
304.157291956
822.636772262
366.221876121
589.2061278
36.8079110035
756.255901587
357.379962556
277.566750412
839.526911037
232.320355328
776.717787476
75.3256373404
980.304779172
393.064472413
606.809580571
398.030150599
235.585214064
401.907895388
18.7715041249
932.530408676
870.632936766
654.700788857
183.109870473
877.9192302
96.5531178862
616.774123595
19.5568454658
921.87673006
930.19463287
665.465262029
322.203621716
669.034754876
594.872968825
252.584515227
225.009922062
715.407301266
196.099903451
695.448817779
538.60170803
571.317427709
451.131782713
988.558355344
963.602053114
916.44681065
54.8193758464
794.039107997
417.397544425
614.202598639
104.496979974
327.914533603
134.445561201
323.627606792
322.158303
77.7381425947
14.4279155105
967.477280358
485.834626013
945.83459434
709.922877227
796.819375294
790.278204746
535.546268536
83.4621106232
36.880835431
285.464895195
580.693792816
383.142856613
671.111484461
701.70361121
212.237765856
976.754917729
59.9204307054
162.926002991
297.187972897
196.555292423
76.0369691835
169.988519853
677.766500773
917.605057743
875.995758542
33.8155400139
308.74374451
338.062994862
754.682203627
288.785371031
79.1233399998
717.631689385
73.3492488256
407.721743129
80.8610321323
810.584018334
571.455929885
988.8073788
68.6068041102
761.076769178
450.325420515
858.91881167
321.817842759
743.185369564
16.3262629291
663.421001679
584.729777836
859.22432949
388.750128148
486.934772156
448.006913416
61.8188694422
534.241345067
586.000664815
837.67081998
386.509583666
368.692772574
960.560203207
855.004414204
229.690301508
834.123855148
65.2609836501
888.920686526
939.102804213
775.332659947
769.557000587
181.893489439
104.137243927
581.611945459
396.707323358
943.034418417
223.071718412
553.969070099
83.130735408
989.983505195
338.009364949
469.311254384
619.346901467
110.609210088
64.1360061782
690.270578147
957.333514918
88.8877685857
234.221011489
402.624978081
186.490561578
832.204187784
156.637017962
483.341657281
704.758766167
666.104050654
424.372481653
32.3089109599
860.1198489
130.109687194
588.435239326
915.459233907
459.917877534
231.126525922
853.627186455
789.945644405
981.505945803
484.082860896
976.386932425
348.611988502
114.075082572
494.483255119
976.878745901
882.36607834
676.970912123
921.404905503
414.858519454
828.684785425
567.243106682
778.235141208
46.6390256116
655.400425613
299.320755359
182.921776271
119.579582502
817.555885086
968.380730893
107.035607316
273.597197527
820.95279904
650.311219123
518.63297287
204.748455737
827.588218711
372.127224549
195.485738686
507.302519422
281.764149609
157.947829136
825.034211613
655.937234824
538.950087054
214.964300902
598.605192025
288.107285136
582.708388652
734.203930908
701.907179755
267.54829371
439.221659157
766.528087434
606.712241117
781.20186617
759.998723635
83.1353912978
503.174332202
961.346001406
310.109618618
153.116886533
328.635172082
161.545395877
7.30656976795
998.621667573
634.989221085
10.9303258303
248.316290636
878.114831409
660.367157194
880.473396926
150.183977922
398.976298093
450.972391071
422.843162408
476.868269828
365.309599759
648.533346934
723.274661323
739.470034461
783.596481935
240.191490609
569.195335012
195.47328064
748.124253716
392.15219946
215.225692082
756.607489502
589.966352422
279.527773928
845.817007331
87.9691046174
484.488188797
268.603414552
94.8582960775
412.542661703
185.283780572
186.571822303
965.93174651
790.755042656
223.707586425
675.01063667
783.261064339
113.294419144
951.281476635
927.739895174
18.8006152758
181.514223293
946.483861326
931.990808421
120.128586779
231.265928176
533.71653526
499.186658243
763.879111892
815.39722664
146.423666119
814.081540471
478.235577803
444.248565132
10.3883647487
980.300984513
633.414880473
551.703792186
697.220496072
597.764894918
572.008363343
196.174117273
562.151934999
395.823535864
337.569783511
995.128180993
136.976000452
479.964240091
73.264803854
536.647081683
906.486132454
947.447684729
541.820751809
815.519544401
355.647439398
418.040157963
64.7710065619
733.351177772
62.5850204792
980.942314946
306.609754173
179.89443269
43.2984275367
967.234055199
357.430400418
70.6420038716
485.746617806
599.505110219
292.201861633
390.801255039
159.543919089
307.471048614
266.67402065
762.017843788
247.839050564
996.565000021
719.296456755
29.8423894857
386.837111448
39.2303617851
611.18619759
232.139634176
79.8470073702
443.979019976
242.964070481
754.167647235
221.10247923
514.010743674
237.716398764
81.6240521633
377.828200724
837.956397237
363.166078331
171.67847194
844.14882234
748.586658792
341.407979207
418.259040696
776.038086131
764.410703187
140.029115754
774.943446624
119.994976526
42.559673492
807.994809825
825.807732556
946.223294754
445.056764083
79.9743034671
788.6868354
993.45563235
696.992789332
767.798532534
715.39153286
367.325479389
705.062549162
553.5932857
169.107079375
186.346318401
629.706483913
864.690870713
519.968381923
330.260828255
537.307698778
633.257065483
141.690911751
287.365664052
391.515447423
835.848980777
301.883624515
877.640935299
526.759048019
485.88173119
826.228698644
769.030495775
475.548307041
863.906273591
56.9114429849
947.835864135
26.236417937
940.983817875
37.0000654666
318.535503613
824.40176128
947.410050825
886.121784604
826.62280229
665.107792515
897.35033817
841.730025875
834.192262826
182.424506577
11.571380818
693.100274102
197.359266438
77.8197932317
999.61140599
476.34839127
652.939308233
225.977564403
386.671035158
902.473022422
841.922588566
202.971396162
861.819712437
210.564290726
175.559110303
368.502380445
220.010271173
469.281810657
351.284368719
456.978112914
289.202433723
896.294416578
923.663365496
888.604113802
830.614761377
735.260763471
427.382341763
971.651564428
579.507603937
89.0398690244
507.61184607
694.147726568
239.877785572
462.737046523
781.998486186
591.504473901
384.817099275
2.30663554292
713.009706133
104.397085548
644.962478528
299.92131081
675.567228515
57.7284150036
325.899326902
587.168060894
902.576179086
739.24390761
52.2664128847
675.827227868
592.444499198
753.069139963
395.549705305
658.271628672
250.188811835
357.425311205
189.03945305
131.678035779
104.373277715
284.887282282
513.057306208
426.235244291
348.556991431
882.520630912
16.1564996587
981.44840812
772.074520855
806.742991791
258.131826808
275.525940623
781.597522863
700.789660119
41.2824086062
848.97317029
780.375813979
579.333687407
849.620958215
134.092572042
462.103911009
756.248161198
460.219960115
777.046998415
366.236176107
860.843177216
892.121783621
279.108916597
127.974787667
381.696636672
546.825404996
5.75290924455
972.732188054
183.48994499
108.564534139
80.2393753825
366.59047382
676.495466051
200.348992437
428.427418932
975.243750192
232.017206913
772.768032967
973.048461626
156.265322584
434.627791661
882.503409334
662.230540762
719.625576693
668.104836443
604.731999913
686.271253219
742.502943902
711.297684933
520.036870414
560.380475144
441.019317615
717.2036725
103.684448987
576.123340885
139.939316977
556.457506108
159.387356577
545.194821199
362.583530494
833.706452063
481.053789481
901.478290062
828.561768186
70.766781656
223.247106216
72.9097691815
854.838818226
182.054220777
785.41007593
999.809117906
233.811064782
430.099978531
237.6429683
285.751601738
193.589214883
412.060132144
233.014581386
491.663503226
678.892249465
780.952440817
147.073909369
751.536528506
268.037967015
340.783117084
926.988032618
417.951886472
730.246127268
114.121615711
869.782714526
500.192175447
178.255671673
411.948914502
448.249036185
713.305880688
656.329855876
528.118060457
887.787391832
821.104429767
677.422789093
859.38806805
765.017461754
543.396139747
943.443305556
453.521928416
873.724156809
607.708807876
292.344617849
52.3947392086
759.918433004
535.260694787
791.725116935
874.199919663
2.45548944766
876.08979118
670.474764108
645.284196511
793.024179538
515.421384767
319.968324864
321.914038025
489.073746418
228.260425098
197.417142284
796.63446019
436.261364922
982.133765372
696.163588393
360.201845399
297.857718897
515.216633732
107.207517
817.449506149
6.33219704158
126.893979452
427.905469501
522.307570207
574.983287252
498.803819131
376.168912514
210.653859691
840.0765402
670.336608745
607.683976355
586.849950958
261.845329992
10.0156736878
409.800648392
978.784304588
930.30280631
398.026631655
470.504257681
392.931801115
883.833164738
774.641561365
753.269775691
696.576697855
670.376104624
342.045039992
636.494522686
884.669102809
815.581548635
567.84038365
315.280795947
162.366486364
77.2759204597
163.665066968
560.223708968
71.1837699895
665.920432366
742.263221041
183.761791971
464.491246878
819.873803398
621.383128472
411.825981768
170.116418112
134.387833146
649.954943166
969.297354754
52.8292100175
496.809518711
72.9494349405
200.11439767
51.7636182331
450.982515671
2.33042654762
861.394089824
190.653156148
501.629589571
762.582472239
443.282575735
257.843215811
607.774899813
902.604343868
676.095400672
987.487085711
688.888441557
949.118626216
966.99565508
582.141578835
405.245329573
12.4291365127
446.592697237
915.026197931
265.334794064
974.157557004
877.322812153
181.608387395
473.774445789
563.552814444
95.5738272645
558.948797335
153.189691813
99.2807480714
562.491171193
159.060044505
299.315443197
985.8031098
38.2436513231
885.229568408
732.057731562
66.4849168843
325.269817401
14.7370639591
34.2155233522
255.970140768
907.720745536
960.536365328
669.289653276
857.569107755
654.343559624
777.077673849
508.632390569
737.517194612
268.135305634
972.742199702
996.006678048
867.119048315
42.9833314135
99.6958649223
541.150500367
948.196983956
