487.004894528
61.9382943861
907.955419933
5.83760540231
891.292402977
312.338306877
953.779980957
750.026360104
243.389560576
782.37291922
403.881361833
313.590210533
84.1727510545
880.499772808
742.063132664
165.006795951
110.328322521
207.582188673
853.545649953
354.394143692
31.7908953474
930.183270041
650.154184128
321.759591786
972.269739074
664.655822416
926.66480184
386.837179705
644.351804978
310.426881091
401.864745946
620.446599328
865.959439366
27.911604092
878.822642882
259.374284265
899.497623121
555.457611518
220.35956456
852.754054646
685.843822607
232.500436219
245.466322687
297.548271886
699.383149639
963.028655368
655.102392938
118.580823676
566.716422916
16.7247466802
983.397958965
112.940288738
907.892489895
327.289493877
106.908017571
345.348213577
305.638842286
665.106511431
691.594744327
507.045695362
850.408763218
495.010660136
573.725276984
802.722201018
346.07612256
537.198583097
972.080492176
678.865250287
801.095057843
275.49327836
519.128286823
244.308480904
583.641659288
931.977961729
970.281283826
973.441523535
538.75488756
772.77769687
444.447037134
884.000660198
329.439652935
119.828902059
836.280634346
585.343499074
274.633967833
662.94224764
524.666112855
549.355585899
287.450219159
833.350777498
438.500065065
83.0677342421
710.456166617
250.814353984
501.457523375
858.112833927
656.610019559
382.278744391
191.504209051
473.991711815
823.88559029
798.474591824
512.223650217
17.4512537626
726.422885355
951.146936285
824.934181771
804.603325386
25.5996076318
348.106461572
472.171454249
795.819762302
687.830071972
216.381404045
862.672739923
243.693038461
596.918316727
377.430682821
528.217628115
317.313309525
516.729025486
584.215612651
748.655575561
19.0913483382
119.006273212
913.029940209
364.837891874
163.84330738
233.863244758
429.158847657
95.6081010565
131.801738499
74.1038635712
714.075596338
474.580609916
964.110210372
233.604319842
869.203199348
157.112620411
808.018077957
193.187345095
685.69680789
990.148937397
378.798053995
221.844673993
394.059278308
613.682117411
1000.08398037
69.3922635273
34.8759357984
14.0022094942
152.852994436
975.658121947
156.852318827
628.569648731
975.750863677
244.223778797
724.128961517
879.685800786
925.375086614
602.449744886
297.355882243
21.9186494643
546.979446014
916.164613552
843.868822168
554.578632943
236.203894895
699.117598874
477.831684847
188.031739304
18.9074430525
970.034077622
839.412454227
804.338120579
319.159477082
399.68262809
197.472862213
831.531565448
799.978904288
412.237191443
813.262707341
857.128710754
264.139978811
662.19949124
593.169502383
950.603604098
639.173382279
180.096792936
60.7851847261
751.938626544
974.306024689
261.688950227
444.267408596
468.456075347
347.055143911
467.11085565
929.210224664
934.431203289
165.989358681
906.325147761
788.566041534
144.973993849
94.8633513925
765.865559787
962.465850676
422.540223838
128.232910294
928.886841368
865.523659479
815.55783567
860.497149167
155.01610133
859.892359368
582.651175064
273.458480949
824.886458385
788.663633137
678.073302336
452.810219331
747.271101568
754.880002364
87.8779757623
124.359723523
5.00503520992
770.374641409
608.088982521
495.032127271
750.993733574
221.363194177
544.625187679
685.551283171
274.775945767
73.5604075094
868.873299915
327.290901932
249.814583085
10.712706603
616.457606195
893.710112948
529.134423432
825.247096938
162.286116271
806.540077153
726.83988448
786.247789266
405.398184323
881.256080007
868.33889529
352.166539222
415.534884541
893.946338089
156.207867662
607.519835959
912.613572162
259.12972993
713.031599045
882.998334136
160.889328387
16.5972454268
809.371210313
254.914719976
173.675498412
292.94031298
580.612622951
756.429218399
732.077888066
225.110718811
182.017832051
153.613247682
392.986211587
357.699539029
887.408069438
28.8286103228
896.438438842
142.223290624
279.243726398
255.202470963
29.7107433073
254.02880576
33.381933648
601.497687767
13.5350629574
702.879153963
408.098672688
574.271779971
553.246795717
262.751055353
396.524371026
248.032026744
550.88403677
863.044546764
997.383188385
971.569026151
877.881425715
930.884735004
79.5950819884
48.3218115302
266.033152342
301.326533572
848.309932811
587.027595287
627.204459686
822.819668235
921.403897794
70.7333547831
47.404726152
929.402208406
874.978547621
166.268539153
431.063586815
800.673983561
651.539311318
995.889738614
3.55213889469
953.048792838
922.005000032
331.035283662
919.620297
346.991760566
773.623506087
821.548177561
693.378740554
357.964014172
631.423299739
464.319780762
866.920628465
603.78117396
198.992529538
176.817673489
749.822715279
911.138916801
349.283871204
92.6738166135
932.66273578
683.270994862
300.967174015
52.7834903983
516.693097359
855.623852205
550.785161073
600.193660204
663.02928337
266.291380972
24.8243527416
396.163295791
388.308777406
861.271557322
104.558382927
608.513676363
447.002940821
667.284429961
949.874198445
89.8496926894
924.00143697
376.137532332
971.931666168
879.73368414
138.281491312
311.16042363
342.027592154
887.239688476
614.786877988
701.104363178
331.550910596
623.176851441
699.908856678
341.761410559
199.120917758
617.243525346
668.872194923
716.920523954
697.047201283
493.938053293
66.0939028104
605.361488243
678.237533984
407.600702569
927.089388776
997.575466715
114.900464898
684.81549854
786.263187064
866.77529361
68.6784053209
979.440598962
584.145680909
550.218934235
99.9489814321
74.9741416869
38.5618767053
159.411590082
916.836275144
591.211771606
200.424849938
518.401256638
844.715358283
860.339042946
200.389059038
831.461693202
194.14021834
399.591916489
446.856676206
488.727114097
366.809130285
498.602193276
356.189020259
931.842907129
413.11200858
785.675488116
410.222080337
995.327182786
518.886353391
189.898147211
792.92150613
878.008537166
540.831568483
388.456582239
140.088397547
179.817549589
771.372859283
105.176385374
361.899770463
99.8356854025
718.459084706
272.584932635
773.122066605
981.431624539
574.090081132
679.416647677
39.2428141342
639.414043654
291.016508326
739.850759246
170.074488983
642.685258118
533.34245746
628.157489607
183.934647987
99.483278731
122.780597825
195.614882018
369.804595792
657.283646023
983.123323783
667.299468754
689.154844332
406.532258521
33.5828604758
421.748304773
230.25914532
558.742767337
585.905775203
478.632690413
914.612925861
313.589551429
631.99795693
310.111303971
407.604373651
555.206453588
912.032077291
111.977109297
330.77366977
111.628836463
49.1726024367
111.077441232
679.273534856
686.040729511
438.923654323
110.714310073
366.992155501
934.546686368
748.26219878
817.4274588
894.667985919
211.137289406
21.2738753643
249.096567398
102.977389718
58.158241479
556.777997067
451.79704011
762.703999887
312.158085454
702.538421196
849.751978039
590.37055184
829.104398727
403.249225433
436.59548867
714.64250333
903.901164448
714.72902852
194.693182185
480.058979834
763.127196164
154.129363219
783.26395568
460.330009666
479.158452443
487.710411136
290.49352846
898.048917319
274.501869498
180.498258155
177.696219095
300.954325626
586.614917116
908.529878574
708.975778295
597.84381726
226.109008165
163.146931483
778.966379235
533.39326766
161.470000639
423.659927418
166.138458809
346.50182261
188.040988858
846.685872974
623.62404312
89.3731937525
893.743020735
963.342898567
267.260447667
451.530083305
91.2068277862
478.628267842
965.319325022
233.616843897
575.863462753
161.157485855
220.661615632
233.02476951
52.0728491092
221.210975839
21.3951335319
734.480992651
959.557954901
423.697762035
853.763831454
753.883812406
147.138467926
109.14652499
198.689097852
580.112413342
866.462798862
658.940136158
112.860612826
645.612887999
862.836629297
653.506594988
613.873876445
352.323570738
493.136729551
420.532607486
549.615737002
928.896203494
664.231751677
368.097036718
922.364278848
750.410437616
128.211000075
367.382266467
440.606352886
129.15772878
892.157483086
60.8690762239
253.765020866
520.754806684
538.96815584
227.32084526
266.095908719
955.584168158
576.072080061
668.036183523
56.6761026078
82.6384892988
594.469860625
802.366354137
264.851017383
498.128849798
428.771346321
431.712119461
18.3444034941
7.22112641386
227.904184717
405.777973924
526.522036539
198.698375008
640.718318683
460.176417291
168.016636677
162.848908391
487.316249653
63.1023796192
256.04869302
799.448309542
680.930187134
484.793401011
320.651459515
178.208890894
92.6524719526
843.407979914
494.338910858
914.48703601
47.4330599025
123.088920477
854.654367925
398.305419563
648.052752594
473.675245863
723.502706582
684.264764064
705.221916954
94.4141283357
115.377962347
367.128570497
955.164785783
892.996850306
332.335220036
690.158623968
979.841534051
720.049649969
55.5290738716
87.0330112755
408.614682026
374.047903738
826.80399328
683.88685573
144.370342961
95.0491096885
456.307810751
368.806711256
368.685315072
441.532424708
295.662071012
185.078107543
96.5123811252
872.231795483
383.193195371
371.813313526
936.37587811
710.742076522
568.089925515
262.510976733
821.911326036
917.723327657
301.93365332
140.786329545
829.111658968
684.977197287
852.233128838
986.610812433
615.507172876
19.4051593967
899.934326617
727.717050504
847.470554338
563.012070741
887.387180067
472.667003764
460.534783994
429.225375139
495.087599533
755.811487856
207.881977452
640.774353607
653.283988477
354.80686545
298.292969377
362.76472427
477.926399769
999.225892348
663.012164172
121.141273815
581.572470136
766.381684526
129.950019326
333.069457188
89.0492951042
610.631509293
800.49404424
688.285644613
7.01567790173
65.676881572
710.778566945
671.187429881
307.818733118
787.716180925
837.372707864
849.146918844
472.548397777
528.629097445
679.326860684
854.517311686
801.276242947
942.468855413
768.837791436
872.24715778
505.318364366
62.7946252878
706.686017116
601.100242792
810.832458618
257.647644263
483.463935039
926.745431932
568.652489618
627.65875402
675.314320684
780.635396673
662.25862394
907.486554639
565.905555137
262.718512575
965.814727941
799.614309078
758.537150785
406.481718412
125.064105313
960.234960805
684.636501391
516.787132643
82.4633649395
404.578091452
165.733271644
67.4626801167
767.976154851
680.104965885
676.5738309
226.177872059
265.232410096
187.649264075
862.418606332
914.85637125
280.009690173
695.388225025
852.353638369
125.241192732
276.407171198
329.365056377
945.363450008
749.626913942
84.3442550163
308.033085673
609.043638731
345.196870028
825.989909393
491.654213352
978.967997658
58.5788468113
376.136440656
112.730685304
579.445338732
6.04053986317
752.119992436
181.827162334
568.86908602
637.683100995
380.142154801
902.803428024
105.769740845
855.305347131
575.720748305
49.5104650129
468.053037868
373.938288927
456.259625852
918.031795531
292.936363284
734.67767494
43.1500433158
913.598580059
477.401685665
418.876344338
238.383666293
797.613907835
346.256524243
767.695032824
917.56543132
937.469557142
804.086948751
438.824213795
222.603217628
677.378994261
55.0094809231
794.434126001
41.2339082637
895.238158864
508.227982398
530.103911865
735.137049049
290.257768283
299.669245758
487.159181655
0.208469223378
626.724567674
579.385070095
681.45483809
587.038003597
182.842265194
963.787360676
19.7212594757
871.888038629
831.390171258
700.851739033
637.826502617
428.936399498
300.08870205
885.883780681
813.039433123
168.793210788
87.0203138063
537.943741001
448.936268966
252.314999726
530.713222554
97.3114727309
826.882047951
446.81056301
5.04079790278
8.60271565068
156.94571371
637.774325589
977.130213091
807.760381986
216.933477638
145.978254256
108.297240702
710.256829871
131.390977292
639.974313832
698.85734785
812.025246559
710.709486983
104.663049282
336.214656077
148.860200191
250.523283463
235.830588233
69.4145396076
179.688172962
2.32615871566
720.686211855
621.05453496
171.984641827
23.8968795262
502.537534944
964.66264247
787.467328394
266.737452861
622.685047334
410.354963965
691.885314064
490.287525914
179.404271812
407.45008044
159.280420662
156.561066081
912.34119394
248.671053542
834.467328554
110.88572227
166.912491573
629.468580668
18.5689636861
744.467272106
358.94994139
317.117927639
242.196465938
6.47462068011
979.663023498
792.191723221
170.637044319
550.733660101
861.439902643
147.800619427
869.867165732
229.36069887
221.048956885
437.689489659
993.690837212
471.071593488
988.332381003
378.908686094
460.008870917
156.96612112
898.955393353
302.746899568
235.017278367
239.682886757
630.004620302
4.96960084142
351.363869518
741.158306097
339.652394961
671.044207631
110.022750645
769.868354255
715.452439051
693.897545448
972.963296525
885.04449867
133.232502326
252.409043891
490.265754139
992.60417792
357.920395675
363.99476982
831.790470424
178.613150824
494.111928226
77.2523385431
613.287187628
189.539694135
549.462913775
222.060303946
880.526998803
160.15992857
810.402374812
669.594315903
732.256381943
425.26915867
65.9742129133
561.550069338
614.904049917
543.684251714
360.545673824
214.795035028
755.179926317
173.096255529
295.938334555
777.024644349
624.588571693
600.414685178
134.972091263
401.764133061
167.268859367
153.714609185
672.778295455
776.449080108
327.234399484
687.011172852
259.80698604
826.299802263
558.087615668
724.913911523
260.973519549
628.622300386
452.397381968
369.843954144
163.182206409
567.552201967
186.101202208
148.123575026
69.0769597456
364.40197391
836.831242895
855.041107507
639.517065193
603.71201986
21.1105148682
81.419083397
939.530990496
462.596188365
111.234420144
919.690930416
616.707827894
425.656024729
262.014853032
221.96606585
719.03498256
400.46397034
249.556028943
598.415211136
126.849478833
579.515218683
148.919411128
640.476533063
732.836847938
241.460557948
325.135276904
151.179243534
228.473434515
620.120411856
289.492395975
886.094006052
800.219073913
33.2790446349
384.61369142
448.675620524
508.328568475
648.333784023
478.389534675
565.382872257
581.969440336
16.9914758378
618.241587369
