362.093758906
843.257902191
933.98707177
385.279383515
726.926826088
914.641152586
688.388756187
218.585108371
413.601270926
883.078267215
866.311450463
136.246089806
458.801007475
24.4711755078
742.853046361
997.240956008
468.91399059
760.202906116
932.213434018
965.018669192
532.094371798
915.315206466
885.193552913
5.98362297733
207.244250317
5.77958682139
470.10395193
706.654537916
683.272869329
1000.15272638
976.767479705
347.111849198
594.35280882
974.422750932
344.307202957
536.705846396
470.521480995
244.585489223
292.739899413
841.740634315
611.421774614
247.443231207
259.457100067
332.500605594
966.880696527
987.943490634
889.293926618
409.552903771
392.094391657
656.765258022
881.287920886
276.694279452
113.514516615
705.153042566
876.453329379
233.512406892
94.9884690004
917.497316267
587.49035947
900.219514802
4.11529234793
240.766912267
970.638767021
153.428646052
110.536691311
131.408275576
31.6828485642
535.932419343
88.1869763194
248.483377286
769.735381777
225.468609432
772.361674937
645.046789667
351.676082586
394.771447785
262.81379134
10.938499035
471.647026389
891.443932202
232.195860451
519.785804996
465.957687509
506.470973513
687.83224835
470.229076713
275.285451599
234.326534243
888.091793435
283.241718548
553.506212206
663.307984267
25.520099659
288.694142336
870.789688281
102.138059167
46.9916802675
69.7052900705
367.361647602
634.254167026
565.104887657
715.818058592
376.067334604
573.749221726
906.746320865
623.701078382
417.709434501
470.14101166
5.41203283721
792.259137673
658.53395804
371.13154403
536.944888772
217.350049177
826.354159036
745.288677063
133.048491068
98.6010199512
623.924663357
596.952870509
289.693597421
270.298569865
904.689349136
775.196820458
828.678898406
541.291936199
715.009511966
958.668648532
355.825420088
338.101794831
33.0971031148
31.5158300017
722.77576617
381.442999023
645.162560683
40.9053510947
835.768036014
105.135922581
580.615922691
464.000111769
281.817100668
38.0016510879
589.862468473
972.799104832
428.288657175
969.61659805
656.571308038
276.645211224
258.569243522
115.272472569
392.416259735
738.069363549
103.64210768
49.1931042471
653.674167607
913.772010609
281.784035892
555.443561541
932.865329162
506.674367891
397.851559827
486.262619205
185.829724449
532.223141522
433.873487049
895.063194446
711.311460732
731.966827575
735.562019956
568.821996266
648.025442555
61.6188707062
64.251634351
69.20505072
269.618255825
179.414709233
890.250756702
515.181286848
147.753810911
168.191825607
171.918710827
304.245365843
582.037991894
996.214207271
952.466741314
621.088338116
676.391963705
751.518741394
94.2170125251
736.650601965
924.851047453
599.226815135
561.783164411
411.906136134
881.939130725
535.371054824
456.937824353
977.751677283
269.029122178
309.69356512
410.533378877
107.262331488
320.481729613
14.1196801422
340.467292008
485.555026552
951.029271886
863.565179436
314.060211332
61.0757005835
190.452074749
257.62186514
591.411080738
446.247699735
752.269377853
680.965691816
279.311511811
694.212090186
994.196284488
187.856517358
601.786039199
929.736182269
856.958208608
875.045083756
731.613884852
165.488254758
692.368816169
823.231370343
20.7777564934
86.6767896486
105.34009284
714.652739286
416.496790994
242.640571638
995.008090371
137.408825458
888.101577379
63.52186297
237.543038759
709.912202226
114.890824146
436.712605417
139.972740275
517.718149314
854.983503871
288.948527278
20.5116012159
541.685927356
440.651503836
749.788740095
438.663434825
610.217247765
559.391633222
200.594752623
261.990659852
265.81773967
604.374166896
891.57213501
448.777989751
211.58290068
536.849059481
72.7282957257
633.986659631
570.353907897
633.501696492
560.641481314
480.561344779
774.560254469
107.647820552
105.35160178
486.299535346
324.612876818
884.301327389
776.300742905
230.984834057
23.1882353776
432.000897145
206.969423779
81.5530993637
264.767355234
132.449147344
295.72706814
810.450934439
241.081279284
342.024855229
55.1357827954
507.081186697
668.811375393
791.714961428
243.30274585
481.986864327
9.53058459968
387.795406293
57.5226621784
728.855939087
718.534755891
692.672170697
900.744390038
838.575145774
263.850940494
283.816794524
54.3514069334
175.870181615
129.001338397
599.10962173
317.605534213
592.378381037
321.455117747
242.605453847
775.855495028
723.12403248
854.306065282
827.923996896
269.772587299
162.70095064
111.581470197
121.916646938
208.907027426
436.989865091
993.630213051
532.544467621
726.015951563
536.340259126
217.413958735
153.457722305
482.991925367
904.954598615
516.019324395
464.309605421
837.207840635
579.39078604
157.309892681
223.909545191
521.792110372
835.195381735
230.936518682
916.407961459
743.29875616
980.64668519
185.766460468
951.361010329
141.910005473
445.738796458
322.40727866
396.152827242
761.22482476
972.529239923
138.022272458
34.8291623667
298.588592086
87.6367111624
157.692973855
851.925767365
15.9873336066
852.796474706
742.656862185
867.709281869
888.819033932
805.718305013
751.132877793
722.86929185
86.5094657345
891.849187885
34.922343777
855.134349805
385.370639401
120.837830688
639.446219628
375.209174025
983.280066532
451.743769225
347.840831738
225.483947546
350.832981455
288.429227621
676.81736906
756.232657628
217.747947365
595.513852094
624.325708662
484.222122421
632.786375488
179.049527021
133.838350733
1.85616769239
548.525009931
846.403931901
455.970080418
396.17291484
28.0782095475
0.588989475357
757.233043262
322.557506003
826.748880681
613.296344427
234.944677259
368.363760138
622.122416788
218.307225148
212.996967064
247.342611417
330.770724633
349.431287177
832.586219721
644.329886107
68.3321601318
454.820585364
468.211549354
199.47480177
842.349506226
646.415741034
774.565427295
0.693718968065
504.125558265
61.6781089979
750.419682698
501.880189863
998.544487386
675.659629956
609.316244671
625.906526766
239.878122264
939.38566338
718.58314005
746.214474826
387.562924565
111.802836735
710.429618641
984.284021973
399.362529318
539.410190178
248.713783044
65.0805930528
981.160222303
369.261812619
183.75129773
737.533868029
591.972109477
569.471931577
95.1083556453
273.756575205
264.548091261
901.878130847
707.797720262
718.419647654
288.049700936
229.171259927
218.160606644
63.5350934606
641.860958833
206.864387945
825.156170718
897.785935619
74.6781603226
445.56745341
91.9344875878
295.82412788
356.405824462
239.92006352
176.850550434
837.918111678
125.281344088
866.866443121
692.501073707
330.786764196
480.911703133
988.70032223
385.035080891
461.113275471
453.876048077
170.712332754
950.875756439
702.819331094
134.918790733
296.100993499
519.675698345
866.794270535
101.277707345
781.436079213
716.722427337
283.236211769
742.672628959
730.701642477
946.433356081
476.551046181
89.7260669888
290.036327964
689.004459301
162.579404124
969.987457019
512.671497816
135.801399021
144.004348561
232.7534935
901.29408848
673.426348778
772.015232002
860.616097807
595.853639476
386.264999427
404.314676153
606.432017858
967.72132002
551.948090711
611.436699106
137.519490333
439.20022809
372.43890574
533.784094576
741.510418389
213.238764806
76.8312086901
115.485938557
333.521140301
539.542678496
942.932671207
166.298240339
973.743288787
532.058761487
331.293460029
837.139129547
636.57676431
833.679692266
313.270267582
135.314717595
704.836579839
323.87966634
665.743733968
359.858496102
403.799650551
633.23842479
421.089114686
882.623614222
682.896600111
495.830653684
828.47415502
359.174303212
850.054857389
595.929249732
918.808365515
316.107185401
366.736962804
683.503452107
822.157488044
987.282297334
418.507209397
908.929934465
995.83145557
60.3005285972
865.990715669
465.120957239
282.554565937
35.5384880353
442.382824281
239.375129064
796.737642701
669.904534976
85.1127915134
553.676388165
13.6388712326
605.508551939
291.90495902
479.412224159
929.271852617
467.448123394
224.587120168
74.2597673512
609.47479671
996.187465865
319.750098261
329.226949184
162.874246939
743.900940175
812.863033477
328.268497913
97.8177694768
494.119172352
964.054387957
127.994372146
435.979606997
65.00131962
929.197770451
650.716935911
282.018913193
115.689369357
190.008393525
621.074480622
867.562426003
744.230177722
987.754556543
387.564006577
190.393598503
486.704681204
992.430736291
304.835756959
358.381607929
703.266101062
995.483528523
768.688102313
436.950783234
430.485802793
34.8744124949
293.804385793
277.357406362
249.295296777
186.45152887
165.99110415
54.635462039
293.593861774
983.996405259
617.127360774
980.2834216
439.735850962
737.234109417
731.726201937
269.447147358
631.288072593
81.7763167212
195.606042648
893.650453568
515.174415187
296.738419054
782.383458782
64.5862357634
105.973431398
787.258772369
921.280026162
996.364421162
92.9537484621
244.894816895
556.367197912
681.912661946
722.885507266
753.992029132
229.195588903
405.928357705
903.285654206
353.73841103
617.687071216
862.748523591
936.268497438
786.886354101
541.813873229
184.812730804
969.109926409
735.003556849
872.884642543
737.444935249
6.55496032808
10.9362736296
230.84009411
577.019225749
975.059027602
779.586875085
241.489859016
42.3949585689
500.782345152
930.427107019
39.5466851732
21.7739963012
273.942424607
330.246086135
935.279321528
80.8687667676
900.735795037
862.999693098
690.730723944
991.329429437
811.550949298
142.688338059
725.495326913
187.496754013
379.330669501
267.649678202
763.475261578
900.240713147
27.2553823777
321.395611986
240.116600507
523.788025359
401.985271768
688.98125686
709.024434527
791.947618264
864.987408773
346.067171909
870.582715334
412.802562763
323.533778904
558.651945096
462.345083493
556.828420562
584.007001055
310.261581666
996.045577813
962.002852198
763.103211578
468.63749363
752.197028461
461.32034401
172.489102849
526.689957468
944.167648009
475.427300891
32.9394456267
37.9816133152
324.606064423
938.620969268
908.590542766
155.116250089
611.196754327
565.561387026
24.3980824891
213.955185796
340.822469325
809.764342336
582.677663811
654.433520235
195.014117324
23.4596943282
579.096331572
52.2500813838
929.822737437
667.35842791
33.2470169644
406.367961646
446.305014794
546.013751255
790.790874403
69.0002369993
948.300844586
830.477396646
877.424973093
284.442764657
457.5151699
70.6290958929
726.685737618
671.077231398
335.696810288
222.685406987
419.708888936
77.4464876002
466.844134908
978.254212038
472.338351746
755.548250057
400.768177502
543.048731198
875.702143358
331.031972389
240.426365444
14.6042609881
890.648565945
777.537788344
807.051732068
949.899491886
193.845645386
970.565288467
812.691648153
260.445136117
505.366274775
930.726404714
802.668868041
51.1106057134
560.216577199
658.055232108
383.647135476
764.493085936
982.862164964
901.524594663
17.1941836826
316.33511073
301.782270826
931.617091627
874.735200206
950.484563556
770.899729879
436.852735625
443.969672031
983.399498001
773.255473888
291.437500916
463.135099881
705.641570892
440.664414746
775.137048293
321.550500404
472.184143806
325.641533679
544.631300397
781.102377678
76.1556831609
430.3246767
811.323431149
235.523775827
667.403566997
159.615506224
388.422550592
41.3161371149
482.643138524
193.815975412
551.655873242
427.455832011
669.280873784
607.921112538
593.723841457
987.380382142
404.332411188
32.7746654855
738.767271055
891.749221431
401.927711561
438.121167753
798.199575457
158.225652757
672.917100688
781.03675326
674.826005749
111.556206582
892.758233783
776.231862613
617.708695505
324.040590142
651.771884211
561.004300223
788.946343961
539.896672889
633.498680939
617.788629975
994.94308706
902.952427296
62.9371101487
121.794324917
491.789340837
822.722236661
330.084504761
388.592872823
417.781389269
737.673920049
772.683474752
425.556381038
179.749914456
373.630851337
772.684470076
229.473150019
107.312088301
114.800698968
7.67634340635
629.772621949
355.447239076
205.331091873
825.139028825
630.532720897
576.276237905
422.400788058
287.150382839
210.347440441
5.10463384679
364.069341742
10.1458247067
109.561260668
20.4943744152
536.511158376
6.96220720239
488.293638112
827.483828249
396.719495091
711.169917304
855.631183149
939.97508693
95.9407478639
205.292993341
219.094598463
501.94142909
478.919534765
402.350086422
478.995937482
893.752684761
43.1450084501
180.610304899
556.101816472
153.654703019
895.316996134
928.846577877
699.955878154
144.03701033
45.6896465724
987.843473619
940.316909518
227.814441196
850.256625409
854.889765063
371.751114126
300.214329452
822.986742204
646.298431641
200.671399638
992.949578954
800.520454348
319.162640299
473.921607577
653.654906895
237.695347549
130.616347491
94.8769047132
723.039423272
379.903251808
561.453043135
933.13785605
950.00496891
470.609119314
465.399900704
106.815121239
622.171244517
442.898160507
753.221564919
471.018064775
210.68065598
817.228759205
887.645260571
5.64651945228
114.260421396
527.569850726
102.513516463
384.052707469
382.780685465
277.189864197
799.947877351
684.40866861
522.474649912
949.781070676
659.740785272
19.1584416557
631.442224868
970.060735044
888.137529088
467.359432489
771.930409751
711.671476007
249.929099454
168.099736233
462.375339218
357.880350032
101.449851906
843.218170318
261.315815644
331.960685789
511.310612394
161.460287167
396.550810669
419.971111516
530.508338416
993.607556316
856.76245487
929.973045081
57.8981314449
994.077614527
107.304704429
281.699332887
854.103475448
893.893490479
458.738661477
111.241534099
274.096219413
937.692629737
837.929241305
737.46488188
931.681965011
223.704655402
806.61782555
284.417198025
792.83156258
319.11251055
452.869957037
667.142543027
175.901447719
751.243651021
62.5668563753
187.087537016
694.594501106
617.080885787
297.809957998
933.865720038
346.955128987
90.9680896618
151.817342327
512.49954752
654.322434956
896.513092284
4.26659096794
55.854861613
697.832086941
986.322376981
223.19503538
28.9784918947
287.061655984
819.213703747
334.02136956
198.228067016
513.48385907
