628.029717118
661.49169349
835.976202424
549.945860778
257.797692981
531.448078597
829.417724602
617.326297349
814.350541566
448.718914835
200.788931182
653.663677753
118.366431099
916.768845478
77.392575179
237.173636771
176.09817374
654.525975577
378.747680873
526.998954531
786.216475407
236.113537043
318.829986808
118.927532565
171.838706234
894.346627183
536.954920839
977.821724896
759.613649288
241.682245984
250.259879497
857.149994712
447.468892485
241.935151415
980.184916954
645.019582867
317.875611098
883.113371263
648.422663894
29.2905673712
159.776137927
767.643679768
747.046236929
10.4674258487
99.5884712281
30.4267073583
896.072232002
451.618604765
657.208271759
912.148957224
546.275325465
205.643060582
948.295537872
560.806174713
54.2636969433
973.912890606
225.77305825
461.182269074
338.727404241
641.82881064
266.403179463
186.130716486
982.670236388
449.44728006
399.180012793
711.361274491
875.501877414
12.799503631
509.951777387
993.61639014
370.738488494
472.31755699
51.8420020039
914.977432366
381.703347637
581.541552049
932.18173395
397.93470228
598.728238361
112.110840614
150.070098561
887.617964209
22.0605500053
68.1159035344
496.441008273
420.424463461
772.052660732
838.262391324
105.514008511
615.990184117
237.469082106
855.148686095
682.006889344
717.871510116
213.042778032
141.645349829
56.9095566605
939.85103681
237.685781792
167.755441502
796.467700403
925.369181219
336.829692804
423.993073727
367.296145667
598.314833227
509.593650709
210.396579432
245.938478006
780.205065109
158.47261821
244.643521129
559.940192432
963.209753033
886.094972175
981.54835436
296.983785205
573.012366703
695.142396023
584.836384051
539.38774761
521.694374958
336.067731024
952.316492658
558.043808692
14.4605324432
327.169847256
6.38198817127
322.65923511
115.975649947
612.190975084
421.412934357
609.31445848
64.09035445
890.387636557
590.696802718
49.7425588065
127.429421789
585.779744998
288.803857375
160.138943247
521.337947637
634.649944044
940.330598577
462.24842196
920.85602068
874.860992014
562.677216823
532.965217257
120.801697522
107.860968661
727.752659297
536.579636171
874.84669961
772.610010734
335.604766095
651.71793453
703.425632778
55.5602321191
202.115553191
585.857702899
256.799828983
490.672278274
315.735579607
293.040218674
519.914512063
572.961621803
144.62639719
548.815480852
152.626778623
535.026727089
427.357228173
833.661071209
381.093433082
998.508623678
840.961453948
182.698201031
348.215072028
412.02592273
848.59874909
851.419502825
32.8429585185
298.589147385
197.280287656
147.720158867
704.967610993
955.43945389
655.494976884
809.964373565
902.391769531
563.536426384
45.3657218943
454.64569231
10.3360672776
678.330672283
341.25302359
568.861746247
482.925240126
730.010433592
51.0525450296
289.645406882
297.275172993
471.960127831
214.4427518
397.749706925
411.163445757
27.5245276969
992.597231057
811.497398537
353.608517588
433.41304012
311.773514407
435.744346695
34.5138012593
338.220678102
189.262829017
682.411606221
325.724940482
298.643392154
76.0990244779
11.0957633953
11.8850804475
913.890249534
845.297460015
6.03507450522
181.586856475
394.039177908
105.107505593
826.979304481
379.22213771
163.602677438
858.970557461
867.91744663
137.431085791
610.768694145
705.452105449
696.413432143
391.288508045
862.058019241
485.66533897
320.926261522
494.167990749
798.890382875
666.626255764
872.233223451
341.607886947
727.692109046
204.929281369
936.889227967
392.778823786
204.046350414
43.3718181936
788.226368129
57.5183216683
343.978236601
296.507205359
653.906069366
873.879606428
320.746577013
694.798522684
717.195161852
361.852686899
694.509531075
272.451940592
126.522934848
64.2409331963
653.251646596
728.408853891
292.817180981
902.373249288
368.758243886
299.435823797
531.310831486
736.17704007
234.646462848
355.232212292
946.138553006
786.481039501
144.371520433
656.478247426
27.4331848895
190.67723755
550.174830833
593.859631293
775.441123245
536.910305142
674.622380063
850.580209385
221.845803116
600.816383083
548.261114921
165.925949841
618.977591207
123.146900101
624.14198741
485.529484039
51.0333600635
469.199015197
607.433696286
67.0749412374
889.508648015
876.014080038
758.281652784
239.672813551
976.080581469
519.808492186
366.852088699
316.536499898
372.792373732
372.268002378
863.387195341
294.66517831
315.365078986
738.154949522
500.559908909
118.216319278
855.380689138
210.768757518
73.5706126069
296.942300574
431.227386284
459.337798121
430.143646255
428.060250066
855.617872658
621.511948643
169.627503965
721.477021872
335.214943556
334.164534282
999.617276957
165.78756301
204.753635105
482.352508853
184.527758996
575.903098346
999.76817536
19.1303628573
405.648060105
278.814740227
408.363511308
776.042430781
631.635780352
569.70299009
840.136463923
12.782165075
676.035418519
318.045824426
31.8677773705
992.250880688
459.463317624
375.958153227
816.643453553
634.139685931
479.988153509
232.879944123
347.971548247
530.199517345
422.502741876
671.70917743
726.771223762
324.800491167
250.436312568
914.671861398
746.402680856
586.608664524
977.302145195
756.487701611
846.986553205
692.993007994
878.710570062
878.507947808
981.852371449
698.307378658
694.386997597
304.257994153
172.816217627
651.676938643
273.501370114
277.62644849
6.48877552943
48.7101158611
127.490214009
48.7576949985
182.78491251
97.2579942997
119.231651467
759.572680717
240.560657655
982.279178355
562.384511656
805.853808857
240.3004102
238.617183998
634.109646493
308.233236613
229.862504663
896.760116926
744.826934963
160.132373737
670.306982138
387.967406028
658.603311031
586.165052202
748.476922102
505.375257897
815.55843393
717.450853288
937.56894024
608.178371514
98.7795566003
63.82917913
219.957449669
900.238996891
179.861146726
637.284242882
825.453052773
568.756195341
470.673109759
127.285977967
758.467787624
668.408946306
55.9943091827
117.450613049
503.160734907
698.505407719
84.6357886987
145.6180443
987.584990397
381.038336941
282.799069512
380.778923857
765.991225746
361.618264669
986.877883591
759.531070824
114.097431088
473.054184263
323.870600141
431.85357083
508.309300094
980.615611357
239.764373582
901.360798649
821.897199347
364.449864853
459.726678881
575.409986387
842.318168133
573.79471519
389.756679792
357.008625322
932.823259814
398.338463436
202.822103986
895.949073105
546.685268572
996.892227081
78.7615750249
84.8578202012
707.933398593
276.797469516
558.053032517
418.84253962
399.012421281
934.236809871
782.950374833
35.0420727361
121.732932185
659.155491814
610.241366348
512.521565382
631.027385848
852.532519492
807.20961644
918.691978636
297.760316821
220.06367349
879.278105906
751.036546075
917.741781191
121.467106586
530.573154584
371.221885033
696.014080273
333.616552557
127.064433062
418.067230815
678.632845852
546.791002018
70.525743498
958.793736664
500.404236938
843.453825468
312.215885283
891.74553733
414.901018854
208.256222838
535.190916118
736.21037131
310.019374041
884.786790645
67.4532206886
580.014808205
527.746686049
844.253353992
443.179649376
361.610341782
727.779846826
235.148699704
253.591560314
518.543553444
693.414801789
313.062714325
290.250410667
158.571354618
43.4076488311
802.998688466
259.639878493
734.363191105
284.406033979
767.033687587
791.924055209
436.072707766
160.315938813
801.751660408
242.164463182
424.767560232
786.813337055
119.588105677
705.227955841
991.475047457
600.171400318
426.893680713
388.313706298
446.500074325
288.009979193
817.977508632
213.344391936
159.279411253
914.027446672
876.936658682
519.385449902
94.1531302718
959.146790701
723.888321654
856.35911653
235.181860514
370.00669384
534.489365914
214.842929958
740.718100355
807.690835713
587.440228294
87.8758426123
613.977025322
496.298121561
204.501201174
206.551035948
675.598257161
591.095062908
780.82229692
471.533686359
558.079661742
173.819569303
602.119530355
348.081531788
886.365803176
125.658902082
761.922917726
497.214113105
200.180106204
175.903598874
227.817657764
16.0242688946
832.552849791
885.748099968
742.045054459
434.835953409
271.918585234
608.670442634
783.857280139
848.092922328
429.663539483
559.38386089
729.72440466
435.532415131
194.690722244
54.7351465787
941.330478811
766.998362233
12.9654948342
799.769853978
959.724139175
571.88385471
368.092905528
661.702577297
1000.64383722
223.957651957
859.982250432
21.2421993221
916.450462273
549.611359866
677.493010097
478.559494469
274.743447037
663.750281721
767.783165094
242.777674717
393.387363277
237.518829551
135.550632291
38.236256705
901.642180922
339.215055094
496.477612024
890.500439675
474.589786032
357.437485794
262.015614122
264.985042068
495.771206417
82.0676369748
507.575861866
290.599439392
957.561401286
1.47262150004
579.601883975
258.007951836
94.4766659338
674.359303369
552.021244432
281.843337567
658.138902716
991.218409804
970.789813294
572.003170359
417.627771168
44.8877842116
732.544262229
850.77007292
97.962885738
1.71983578488
889.825460203
99.4677085918
207.74412291
62.4655986172
454.70768296
94.3473380335
492.184149133
737.864358109
264.146693411
347.69283785
195.734401107
27.2856531183
595.428071527
766.967542139
587.46986122
842.600590093
873.355129247
945.692953328
507.557466335
57.3187636037
681.808019097
46.2508150714
878.391304651
15.6852052667
551.836303945
437.079458027
866.674405591
291.946018306
692.219778606
271.639217239
196.859110191
655.728213046
399.628748894
837.749246605
610.341370378
790.779880893
400.700363285
184.694669159
974.359495117
363.198744532
547.936221209
719.477223819
782.665597492
646.820274691
420.904314731
423.29027344
842.824670609
775.31835093
425.564040237
561.585701854
269.415927071
555.467457925
399.27886403
86.3499741728
664.883881794
246.065925957
724.405511031
426.132313798
916.853961494
942.093821955
377.984882721
535.576446277
800.742961994
499.631198497
866.111378384
232.322358882
740.23826862
764.152664941
186.622996947
462.751666341
541.530423881
368.208501584
532.189053376
542.575665632
211.555038001
963.999074025
999.925878578
449.245395775
790.546778365
600.222197209
838.857989665
252.177911095
419.35002034
560.883815725
865.744848356
982.763936713
190.152950184
76.8971801981
835.451947525
291.142561539
482.727127622
1000.03824396
997.7254038
149.127404319
926.010709775
438.524332368
992.870840607
72.7001377795
294.893911409
251.008400839
661.639272103
790.722467535
657.177645636
180.298602018
126.696597342
750.64937706
957.007807236
370.667485886
409.071400071
784.492763018
243.070886191
583.669544507
733.091128314
181.607652784
554.226126634
891.594451568
334.399502921
914.930093735
882.273761388
479.670966225
856.083784458
643.604670024
711.611609913
502.24263328
770.509844258
662.507165914
728.942697686
316.442327116
908.38392178
895.909266152
106.132449242
490.108671
185.886578922
685.55978755
616.45365352
306.116414115
123.635834539
122.097279459
660.851197703
533.592222793
465.197386689
256.76650872
571.41530696
459.733302663
556.705666031
827.813215623
276.75970684
400.248945083
255.310718388
860.772603666
13.6449940444
27.2826466713
785.376468971
590.118605923
31.6130643031
31.9596949695
98.4007563198
163.886288556
106.462662949
645.349939434
743.88852354
728.892902152
288.677118356
605.617099519
461.1389093
216.36139183
877.922764435
511.360739858
32.8458535909
288.062034758
595.962721883
161.290137689
69.2402838254
343.111702453
66.3294582261
363.394198634
162.975433475
402.399243881
573.15915536
305.040662717
775.739915819
524.213465038
239.285233991
982.774767896
945.657451465
720.914565227
841.5084582
960.985746703
273.594202902
846.844369828
851.278342132
784.021231834
670.25441621
737.079775318
578.390683814
410.304798382
567.038880472
657.937140796
424.249301146
635.41685328
666.885015899
502.109486193
957.03872566
515.750704207
494.579640091
672.962803866
454.561541149
64.1766262849
584.669708853
356.432168145
479.111167305
8.18968624176
880.114804759
317.869089128
880.852775415
331.50740817
271.134527993
209.956162579
376.851937711
871.322280007
827.079118758
843.161313032
903.331672245
430.128491255
521.646462651
469.778699562
436.923580045
654.641659066
611.675148777
218.35194486
79.0116726458
636.048554245
363.705745088
444.039365117
462.065318955
745.746627843
846.40583512
411.537572974
91.8792328967
64.5245688888
233.184417343
199.417964449
364.932085564
461.888121797
650.111690683
913.841773629
990.188417848
369.62018968
953.827999006
253.643957756
36.0932846343
670.756831055
841.625069547
589.116285332
713.809020462
535.960779605
838.449318304
501.883528771
99.7070885684
496.094820028
344.33548459
551.843074066
263.965756473
519.981904212
597.17064973
283.620706482
614.77463417
781.952194582
550.245106324
445.68181618
625.029776149
952.141501589
84.4865686226
224.690722424
107.485183562
390.951958311
600.182505187
997.713246393
16.8817376649
190.913913873
258.609784785
238.774887314
580.037971634
775.262209854
596.831365649
436.343184679
76.8824499637
776.744060764
721.867340257
132.296767606
288.879941041
584.460205012
249.385092236
195.113892913
826.208448053
535.477631268
691.107349189
689.146171333
667.389182276
848.007829489
359.054408552
222.707394055
684.42175042
86.3764332501
340.346116798
457.917537617
488.235810842
40.6793964334
578.059991609
700.545565456
329.203676068
742.748186115
341.538706781
895.76114185
712.921673585
870.427289393
346.207179901
796.016055359
848.968042559
733.858532714
1.30674899541
963.487085698
821.491557931
150.362211068
599.369528465
925.955541197
873.233751988
558.166709497
179.648051419
548.613367497
743.522297785
374.015168453
169.088005729
694.672466401
791.659736377
157.611561106
178.499649388
506.624966056
751.699377003
987.384015774
788.496482664
224.175815605
737.514473004
361.903884902
40.2260019636
590.480387077
191.152428694
939.05549634
915.986313043
486.215346372
80.7706889078
474.310169889
302.462371013
144.684788132
999.287767788
690.686625755
316.35789114
