308.919848224
406.143839265
316.962615192
133.46158111
483.460962183
180.192090767
202.742445159
435.705204376
679.045978848
513.858259114
130.361344416
697.51852
919.090240583
256.557588294
713.692684343
207.581299839
546.294558163
506.276365828
563.216508561
706.198129671
683.583176856
935.424119618
621.359248
457.474574029
206.638665659
556.209236957
132.4909572
657.319042019
903.785185265
356.152736952
345.509358467
236.81758226
137.828248741
527.032390426
108.783977358
191.73834524
733.627768414
5.01293698836
291.572656482
824.844509519
921.370114385
207.031247233
468.522729282
580.794562926
27.0027089839
933.684196994
880.246549307
65.6853185353
131.634680966
94.4058061078
615.412882327
362.665959587
396.994672854
841.328302889
292.084901723
188.331501047
992.725358669
187.269940048
687.864239743
337.645461116
914.739804618
655.157670022
331.402027767
339.470241504
618.689686286
633.490049637
869.702413438
142.129452719
63.5661992558
665.873691567
805.780786924
515.601618888
331.511898582
299.58728134
982.148906652
975.992542606
534.227703366
734.046907158
731.610462603
821.535407397
721.409105971
17.5891487205
881.755766703
257.046361166
768.319912213
141.421806369
364.802218317
876.840525098
646.50070868
756.878873741
39.9414733056
155.223106931
116.935930976
606.558703731
682.610959537
922.491969373
276.859122686
812.060092642
363.507070441
883.273457939
688.983719721
813.161984258
224.244352907
1000.85541793
836.068642732
671.328232503
300.725030358
784.416195821
41.7351180653
795.875730867
697.117803437
472.539130933
714.356738303
889.738935776
659.272817913
292.270560792
607.339304724
970.477781156
317.814659017
239.557935418
790.860424482
492.900245789
250.925213846
995.601088526
217.275198404
729.207205043
311.484386611
301.84253953
281.741319576
429.446639891
967.718566711
427.181002569
149.31158187
619.936519896
243.406978126
633.19347327
867.695731728
656.84517339
940.985158753
492.356593404
613.127743785
815.479736996
235.835671517
192.210124123
252.223417674
101.253721731
479.095874081
921.210992489
962.906691956
59.5429272394
191.85053246
175.991488481
255.689388441
571.231084582
749.905430912
735.588400697
653.321297882
562.33433565
20.8900362708
693.552988469
351.046699699
156.194413411
853.39923196
335.157087001
879.641715842
912.135105873
672.304697744
577.072589716
990.654031528
462.427728725
199.639412314
504.698973688
702.71142939
245.601083896
764.330586456
416.581882086
66.0169457325
824.664685909
392.562594165
883.41485947
225.620841616
210.07491854
990.245756529
608.442248484
334.400665538
574.798176453
426.683340262
860.960284908
117.129930675
243.800481463
928.39458869
313.923768233
521.187048583
18.9453959326
526.015142519
513.76455256
423.458530483
95.0557060517
331.224738395
869.386501684
514.916783903
444.567958653
813.841042069
473.023485739
226.130900214
399.832242514
710.954460639
927.609215523
713.619697785
259.380162782
530.787390449
711.253946584
478.182399216
146.70922624
404.239427323
766.171052404
610.501390512
179.229858414
891.124436669
468.937243522
214.33485893
717.875843513
663.273798775
436.714949883
119.665664851
908.8500388
549.739165638
534.73354781
585.098481167
161.392819695
277.156822059
845.24530736
396.182210533
517.424741736
188.873236352
537.390207992
461.641661854
389.475837695
712.354851246
66.8894745426
714.840308885
626.237436978
432.962286143
481.989640777
144.491228171
645.107622844
245.66226763
32.2708136199
598.175619081
713.323656259
19.2379945665
210.56157979
510.84275029
691.029806502
68.8371421469
668.703550833
347.564091439
383.733752058
400.73261745
400.619411381
931.860220118
622.474443496
897.175141018
96.0785441644
943.773138416
459.309858039
843.240423574
304.238983437
849.915046743
793.999726456
931.647631553
758.315180287
403.123329981
282.990883584
853.784967638
451.256307486
489.133570871
190.477199975
533.896988939
398.353412782
40.5746684741
751.235280444
200.930223617
821.690689224
234.48342317
869.765454987
753.197781127
422.002458569
487.488346238
306.148811617
975.991079031
521.117727097
722.350417936
356.543048569
617.790603523
101.984122893
280.850355672
995.117938771
573.137181892
191.664759608
915.897497478
295.995280554
401.482214501
114.173848209
373.443272184
948.632908756
825.776956579
759.454825105
954.20827675
307.831016938
652.002796734
322.166457279
675.636667329
416.529984786
477.304473112
677.085342932
1000.1791914
608.28336728
620.795871706
847.459404169
480.436013175
547.212266231
325.129332668
266.64330575
253.652454328
767.653410365
850.320500506
336.595553923
904.214817731
852.217662377
272.738576965
782.538571809
244.51905467
154.811017092
762.211088028
160.538563817
743.031823366
283.266794439
235.095617383
515.060088908
37.7353650548
762.030474504
762.728983331
8.09347972758
297.978578051
381.872677555
329.414816548
506.861306506
404.314275199
243.676040408
61.7496544317
759.722911649
519.960633338
629.231795678
811.126604697
581.566831068
445.411657135
132.114232234
119.567484959
170.940650905
570.933945504
193.757442803
599.759798788
746.599927824
774.86458668
113.708301289
731.899424616
213.145144999
514.613399828
260.453224489
973.123848828
48.381131047
235.564453158
953.0271983
847.833291413
813.931989614
623.29320028
608.864956305
852.774874208
369.732968095
805.241339522
771.273127535
869.526705412
566.208367708
236.847445478
182.171674563
991.244574142
254.655134017
346.0321748
210.754713253
692.160244796
696.081793726
211.917129816
140.618750029
873.144864397
725.012929503
31.5838765917
308.261842953
959.030669944
10.3748326322
395.999930107
364.632797706
649.105019854
576.019714635
54.5993524703
324.764439505
420.405774664
291.694696858
362.300011698
591.874767678
914.493915597
861.876953653
443.241616822
504.186277396
595.162630665
295.189399899
642.723372086
813.265263187
154.592938151
162.33208888
48.9296827435
799.939860951
847.427198644
425.575465549
33.2221819239
196.722983336
430.19153523
131.185209327
541.228285104
168.399149197
852.503820978
401.481301789
601.292691081
73.9778467629
795.620497227
285.917345018
855.392772459
620.582361315
211.881320749
249.383836972
69.8878860999
827.155316308
44.6910218542
214.028085019
518.34462637
638.211247629
313.492683552
141.76980191
448.447482998
967.621948068
499.022306847
688.55146745
439.379873766
577.415276961
782.556468538
490.490091761
343.418592713
319.580082004
432.657361504
490.993474133
938.962411092
747.873286525
683.756608105
773.439779781
85.3055509454
909.671488691
783.646652746
349.155332395
814.071751276
11.157087361
893.348136009
884.07968489
936.835992749
283.836961277
741.595822184
124.394343832
1.60606469122
720.050873429
423.967152187
499.765771026
549.608712459
65.2052407091
953.495796757
714.069613766
143.33376435
730.962912609
533.062841943
290.485264831
909.828475538
954.926108306
25.0132342852
976.04606392
582.595860736
192.057982479
492.12920322
283.606781511
859.067793032
692.49761024
667.164352197
948.575687796
635.95198611
706.715072891
654.609786512
729.060710877
875.073371573
545.692540257
287.209282325
587.301238276
941.011412646
217.226585037
703.91543075
95.2152723122
594.868168727
245.288111014
348.905228645
963.904257074
568.011501236
388.609870864
177.815760178
282.560047496
887.118143931
542.863489156
894.935585122
344.442322643
600.264072903
7.27378124914
403.380676294
429.603258141
706.740825967
809.257026044
871.179465614
973.397305623
108.621399064
349.559840743
59.2468576211
691.292895414
610.422475023
749.886807062
775.473876948
188.217204136
310.060338708
124.678460565
421.822258611
764.029460389
800.3715617
274.645909427
872.643586873
758.699991312
439.473827298
878.54992126
142.791920323
13.9962802603
266.310385637
364.282359575
288.910152448
772.663366849
882.594492782
327.151168977
261.595047582
371.772367619
600.517111466
996.408183855
250.410618559
299.819851173
87.7334646936
977.974392218
416.058849429
746.034569815
573.793370865
204.896230711
189.79470569
919.120568437
614.210638666
229.958897653
202.058140886
869.340794089
456.270769988
758.886286058
719.497931551
355.777001978
610.361775916
281.704136312
300.719312688
950.770185701
249.396934096
724.866279946
435.739914382
641.194806625
639.044232565
955.099467975
771.775795324
22.6943521872
240.332495158
413.915176919
573.208337195
948.106808888
53.0149323551
433.571974305
915.828490636
566.762787695
134.950196866
719.161445645
143.736116712
458.474082897
620.265331032
354.26381522
694.643706697
253.263182027
724.249849335
499.918184012
375.655922999
739.257749876
946.065621664
790.898831612
217.744177531
956.053704201
437.454933392
439.579873273
280.245172428
739.342328234
712.662009477
101.177744996
345.818591853
804.483654497
200.828464693
284.906503925
731.434270797
984.487768328
685.156298224
417.480516267
305.40241686
250.699445304
790.797591206
521.263512841
591.745476024
118.678053584
4.38934285096
579.807097252
175.264374116
680.392439965
864.810148486
532.053592258
244.407507464
798.895348685
642.632981893
690.189058375
147.21720474
254.656612121
59.5323773485
857.531129426
590.239289307
597.917013591
272.744478142
263.389103958
59.1469369246
863.479818691
110.446346163
731.263403837
420.448618945
995.101434957
171.403385384
333.938240214
703.367710435
604.607143792
389.949294757
552.44044615
119.942372955
274.148237724
905.566571753
369.883065088
412.755220723
37.1233226803
820.115666138
308.2077668
48.3243337191
33.1071728427
27.7318476105
596.19710091
265.920805314
913.492812463
294.796645987
784.434169582
953.141959483
582.149464507
933.868392786
102.669356144
679.255482136
442.914033904
336.341767683
417.331034981
827.747293714
89.8117452052
150.144533323
855.944606667
853.072998136
843.527678036
263.693588029
548.732781718
849.375204056
251.316114969
460.890033401
146.709469891
656.090086808
206.163591731
577.671390545
126.786451049
549.998100143
997.275884334
880.751708329
846.138521309
876.112395277
615.401182761
195.148588541
17.3048976158
254.267269951
758.987772577
35.7760404196
758.35981548
581.610534297
421.463818513
353.566764722
382.778459386
317.836825695
982.617780282
672.30214523
464.58639962
31.5985244037
993.106223444
87.1991431055
7.40602866649
174.361415673
29.0992986284
262.819434915
73.6074948212
781.151344091
800.677333524
251.674765259
561.275527042
425.711446748
110.149857942
294.786849096
883.39263056
582.964074816
667.591950047
535.715988608
817.776770355
545.944604994
808.085010426
382.012312895
855.552559362
324.087162687
927.278354741
125.835135251
842.110109755
62.9474434398
817.876201491
166.042716774
385.857152486
536.240924565
759.539322906
464.054184599
706.33546451
119.280274013
385.756146759
551.408971466
150.183807078
54.0037351257
4.73302043083
464.604027978
549.315558695
379.755400742
966.196801218
77.6294247761
504.602922458
231.296578104
266.902701429
84.2621803655
203.153570327
789.288332675
521.173825499
517.89242632
455.99051483
777.386753953
263.226589285
745.54151003
202.843452955
911.324831675
282.18411385
368.204368177
539.795920862
236.286303324
829.414500501
884.100256198
124.068091679
483.100117411
465.473467877
584.041189777
59.0669910561
885.69480409
871.276075982
474.127169077
580.046367549
999.703498413
137.377291852
947.770119656
848.2828898
578.428896812
636.116943956
922.337923187
44.2990962977
429.897957376
417.906117901
396.581159503
283.083388928
142.518744218
629.536575882
710.377594524
861.513672898
114.182716581
974.626082444
707.769954311
139.205808006
68.3663940124
777.405707376
972.041525516
614.843819511
523.10966193
819.579168973
578.594508755
617.838591454
47.4697421458
815.769102134
853.178667684
458.652792729
369.52265197
645.496526597
492.342546591
918.699498755
551.453503086
611.599755025
562.077938115
974.690182342
253.642421559
463.404160724
527.368943505
485.892912207
512.124486619
228.122152365
673.450235662
746.170085921
190.723894874
339.968143482
874.158113932
200.202693005
724.852891985
966.645139252
943.264139372
330.673774669
652.905574884
338.094367352
261.961727716
228.646094237
864.947092379
315.011231229
566.836318139
449.089964713
574.004769607
472.125179988
610.526015266
522.707774705
182.625260678
453.915095606
448.138008495
379.362101968
437.066292352
238.932245982
251.749614551
408.241622379
744.692560268
726.67966917
342.839986686
569.12729996
773.989902499
38.6959165418
225.036116156
150.583785893
332.546112918
482.577676392
157.400500209
51.5990041421
800.502086543
44.0218062757
928.863789236
274.749225371
719.434438823
154.059821028
571.404173241
398.177956185
328.820547287
116.291968501
550.081240213
471.458900559
667.795753629
884.958605553
110.748711954
463.826742445
123.933995922
439.603568205
515.378368087
460.456989705
120.77436235
403.157350646
833.646636165
896.786833813
527.058144864
21.8840319674
577.745927044
531.14441613
586.318123076
552.689888159
122.160070166
442.236855913
714.259603437
511.360241634
551.167109277
108.743334858
74.4927994269
171.268281508
148.34728375
876.086270222
450.563391656
255.170611197
718.118736124
241.379469581
905.479398062
114.668911084
620.063814913
329.783918584
666.031674507
613.529528343
679.63764397
709.748042631
313.218643982
141.95419583
613.587336757
457.759288455
638.306606294
50.4090010015
923.054871618
190.31113628
262.419125319
89.4728309021
980.143870776
889.709229159
596.129280057
803.165167316
531.695536706
405.408537846
587.209699684
10.3449062083
843.551343969
452.942583553
309.943344842
21.8210289669
403.60217053
992.614210634
488.897829037
571.255085104
201.629601564
986.361279754
771.35487701
631.589074088
299.192221052
387.686787395
604.651619212
872.131831083
657.798365996
536.919484819
123.186622245
897.698217438
872.821699403
627.947412253
631.737719997
337.936812424
707.62988707
861.93054511
524.579207165
605.846607987
739.443873448
806.337058346
584.845986289
974.347789238
628.151059291
946.771535141
441.637262765
8.49588886599
175.082832199
323.433313739
503.243082155
987.471918722
