196.298029877
101.094874864
813.424041495
954.27845875
769.862370326
97.940468959
227.11565826
644.207248423
128.934372283
261.474608788
973.047451452
818.914594165
847.477062482
88.0964809978
860.989138894
165.963923634
299.607089254
444.830691759
207.488155277
183.874009416
466.622869162
202.026017103
597.1052941
495.822162605
62.196604711
790.377920325
500.812737829
874.881110027
662.666814539
763.081106867
15.6939135892
863.586983946
31.9485552152
926.975525663
83.596954906
671.690770257
48.7856356786
729.04166936
723.66679975
581.345719919
329.74143507
736.00188834
4.40041084751
785.075436153
643.617571836
690.607784825
460.213247737
499.398124468
286.358731168
908.276080829
92.1346562356
757.155983206
433.853745118
788.668928402
320.01289816
954.64642866
720.931900621
946.237376053
535.506877949
712.009086309
991.821288952
672.491738118
522.286723608
81.5350831322
744.05882735
634.126699413
79.034207066
411.584986272
983.484491544
648.366153509
101.795108642
854.091990801
67.8684210637
343.148808691
895.304343637
120.7261615
576.111938352
455.491063075
748.47072843
64.765008475
147.255369883
127.094699506
91.9851512896
920.970512859
717.509134836
662.788238244
192.666970412
954.072791479
521.516141409
520.129657511
680.496289145
66.1625146571
856.807140537
484.382014384
737.696873552
90.8198009578
447.389291761
499.80517426
585.142315468
486.62773747
704.701498095
759.003018818
323.583929926
667.0684652
983.613924529
694.505856556
672.492439199
692.385492648
97.8667775618
499.838592236
705.198701501
61.2861296592
140.245203816
39.4551385524
552.691326289
57.8665603462
208.103427451
990.850286958
794.989783102
2.1871945439
654.020879577
488.684795501
430.141920365
820.643159041
593.216592159
897.179111553
145.68137498
279.641328334
137.99538403
117.016865895
740.812523074
882.075285329
70.8370982195
535.375016774
909.646079077
933.887076421
645.541295801
448.374816111
48.2599972015
451.16024846
452.462728767
683.039974313
986.253068846
532.148868596
121.593440954
767.310333785
442.490806726
509.704591928
962.445317991
956.953132531
713.801475417
102.638354834
876.020922586
875.588317278
280.660336242
46.4163568588
837.848679107
935.888720318
164.34524237
20.1042648393
730.489494698
958.311797323
868.158990684
461.800793725
198.581942111
389.336986555
815.106805139
50.7509575982
352.747454504
970.763749081
734.946333494
495.763921738
92.027621282
546.113289005
357.576225222
501.286629795
890.335690019
630.704330309
54.1882434708
238.19370008
347.715970675
409.092995967
446.50238215
312.731153768
215.366287925
285.303765824
938.658883388
953.376848029
703.3508335
918.846318638
401.396468294
324.021682563
471.128928949
546.32163842
81.2935382647
868.312846514
138.803604427
676.074839596
540.820694627
562.415988877
981.725084271
134.096562831
498.884506451
782.877823505
348.989279655
920.343079623
283.731203132
368.566675243
606.874783886
207.801535952
945.197370242
594.478241212
492.705428009
934.90052913
152.769062289
380.171105468
12.2013676063
41.6221660195
805.151665402
901.418591443
72.4703662032
37.6917746967
166.983078008
958.556992742
806.440012046
459.73699316
31.9044937366
24.2606870306
590.538217243
554.253472185
677.236458064
526.472901712
418.343744538
543.861486144
698.616261246
901.142261428
766.192612787
126.52606052
437.426350854
229.605875769
903.282558079
499.140589041
378.901239301
759.995531209
704.36179305
460.973907952
36.7286230541
583.744178151
701.362155069
532.552208334
619.978805589
451.481875296
715.97148406
407.671929277
239.210088403
172.484247801
467.137357728
546.742564005
516.358940763
330.131342187
977.809216236
915.450107816
595.70397594
570.954251012
946.308661307
659.182907194
363.041265765
1.9162653567
936.105998155
917.82002086
658.63108261
623.263663698
823.043176972
331.2123514
419.963781536
107.26222964
731.607820741
234.671285498
262.457985873
142.954165169
707.192278261
94.3087331416
120.701254343
335.57517798
736.294086904
256.39464667
576.250939145
96.3674170061
154.14326168
455.538357268
923.651042618
254.716778114
230.952540046
623.602811982
147.310208518
23.9332732882
356.106319431
870.835156589
843.731495728
562.55162376
202.812887801
81.3491569873
995.571367525
471.297063391
250.94167501
149.250245269
513.106098141
474.98534924
259.179799423
631.028242577
335.99481917
429.299781794
294.955438828
496.707705977
790.187733166
900.968297547
77.8489926362
36.1705260147
540.626675491
919.789015341
470.424819394
9.84618179362
341.308974591
992.924859188
165.68183367
450.889556044
557.193338369
953.644587093
64.319330346
615.113355385
434.981055874
402.83799087
112.511280794
990.890278316
508.04109659
165.79353653
974.758409591
386.04732377
308.630399357
113.754101279
359.212038596
869.374126602
315.692366009
877.663128904
896.634175557
441.072213484
673.863119919
340.158135069
605.781914564
12.7014385328
967.166795255
357.378271518
18.8558254772
482.006053229
157.790530869
319.395648578
29.091284441
232.307229663
766.066418003
969.446675336
335.876073937
630.008615494
986.223953484
904.706985583
85.1484650231
63.7263880088
208.713268452
776.527337124
711.9353992
147.190277465
289.574052378
93.8251164996
306.487232835
372.150504729
72.6082760502
444.401695621
115.995749435
291.49476331
442.141763298
125.392412303
929.244667506
580.743705524
345.524452117
998.247368848
259.844754087
233.785933449
14.7618943261
229.776655424
758.355668991
580.136004105
187.513104175
812.173289296
967.839760178
233.311025271
775.634594047
62.1650384832
852.441059662
745.17954622
195.894188064
121.780106711
748.361540882
456.47306097
627.227539931
575.291290643
676.794893893
711.414476474
287.424748143
419.595014884
611.200010695
32.3357750423
960.427696289
10.0431476178
239.969480059
907.221142985
441.680630951
95.623774793
478.117188191
321.256885753
738.003270988
521.965465805
376.44419871
110.528529068
238.154240017
32.1277111821
500.049312724
177.28831344
148.629465186
36.8297159339
774.184675509
789.478247277
408.231583511
983.871691483
115.744957634
766.448442066
825.473709257
690.211086965
56.284144866
727.152400211
227.947797976
308.703512977
974.636536288
871.62911635
242.098905226
388.058399935
491.218323949
231.201970506
34.562766778
180.710278291
554.458041298
158.618535078
633.941871508
694.881473724
858.831717319
218.357839406
770.090421861
189.965052948
220.916398484
276.004386545
311.387088167
403.402659863
232.747705006
288.587696861
301.327346589
266.756670119
270.886092416
50.4180803565
706.861915855
191.276480098
169.149811242
914.241422173
159.60211472
738.639915575
80.9181274751
667.583934366
205.397516494
348.079594321
294.482539633
299.891413051
85.8026273164
559.507196449
841.344728349
864.892380427
536.586441068
236.910954014
403.653899405
964.314285203
662.872123888
385.225446434
87.5848562558
515.981930363
654.309921284
255.643049574
86.5803675825
803.792831061
879.912138694
560.335923485
643.164866384
319.148976497
715.440305385
178.241258551
98.9010537376
699.773866342
491.619095385
824.214037109
98.876481379
426.855851632
943.285432225
783.636288501
984.412971818
138.647688534
102.741024022
774.207235275
84.1337809305
6.57608741497
169.454975303
281.786866413
919.58032601
797.923188569
755.293894844
779.625826466
895.88374579
973.731498643
567.209397543
689.393871133
570.85185039
915.975615129
374.921318907
419.012101121
162.983536072
645.638841467
946.783940848
122.218192434
381.117112806
940.109818319
374.471144718
957.928213384
995.637548999
278.101572309
113.176992058
325.240316964
231.362311757
179.667850876
734.806443763
824.566908703
674.019696525
228.357383287
571.075599485
95.0157584349
604.92568356
494.317844491
778.29319378
842.833406631
483.299951731
362.800420971
118.82087759
768.714435768
493.931353829
246.726843796
323.546848353
762.5227021
367.449301325
126.437710062
175.285213304
925.336377828
655.669565523
734.183605145
632.08965203
298.261717116
601.860753846
543.570160762
932.435759567
130.679255764
138.189457471
718.189931245
34.0407865857
599.156529323
134.737478109
956.988946061
887.023824833
177.736658638
772.217656359
994.079134333
879.053030978
267.407218342
225.368803351
146.915540181
967.907564724
893.447893771
691.896712008
150.858110184
886.616200354
336.021443232
934.624139994
489.772009113
441.59722095
540.840089055
352.29843356
745.522711073
454.346574086
28.5934321437
276.413710513
693.906143649
503.891740396
980.805742555
200.3205393
134.053614853
60.6609291548
600.412055825
418.934676309
326.929783518
912.296538725
560.491315825
923.541782576
524.929027934
652.853647959
869.976828404
472.553334039
343.239120385
595.008254374
145.781111322
757.679111103
92.6822678947
438.177036746
446.33960691
426.620880085
53.9525320222
40.9472474572
777.998526041
108.579653269
737.648178765
42.1936868017
324.491424533
876.295524253
457.528596245
647.917532526
917.987619802
518.550361964
704.255065989
299.003656225
600.12499079
281.253898836
688.2927285
455.843488319
422.580805664
924.416637295
693.725541039
754.396167884
53.2694796012
625.265065923
137.705014513
261.732299485
265.519429423
152.135531283
723.828355748
480.668166637
213.001218345
939.586056708
743.656218526
270.568324244
705.810521122
863.704615748
521.743300089
733.948245144
287.998470188
299.304540421
47.9721497006
275.768285093
106.420945326
937.403249223
124.01154927
148.658668904
984.051539518
896.94355489
461.104625658
504.614134232
643.878775915
667.545229095
42.9694416475
578.432438961
769.919061345
690.67905837
152.773397935
231.4388003
709.021277247
764.494214953
400.262321008
236.506906288
904.438191353
986.62707136
690.321965486
504.516670711
154.246029382
771.471713828
454.588083562
266.964257792
399.673526404
234.730027256
75.0361154169
795.880516847
855.571278831
443.679877792
772.552833786
996.346411321
139.021984802
810.41602204
577.686506213
974.796548718
499.053426077
543.518789466
89.2799031368
961.305377106
800.836071754
655.424435682
862.984730889
697.190144514
902.313726948
532.754293325
314.961043065
204.397558797
118.322303552
397.250322699
179.291423472
429.93373334
130.180004457
707.080372653
466.175135579
162.879753142
767.873847439
564.194759286
863.211626393
203.140091918
351.049348293
538.963108294
774.930025116
409.698674138
679.679728905
83.5724092671
679.917422967
435.674260866
980.486956004
259.972628184
175.805592903
720.409385872
457.038459828
648.546427766
876.220112817
662.12131952
59.8670176336
974.007181689
570.352701793
929.028292169
974.374510286
383.482948325
128.550997302
574.914096035
712.936533974
694.951733038
184.831539065
67.6706915429
693.695935897
830.773033131
820.014057585
966.510025971
601.535001325
123.066929022
823.073791191
386.130107236
12.4917294892
135.498511721
90.5040178576
920.298452179
504.495804002
144.414733155
121.849390881
405.596190614
206.205165582
30.0866178055
947.914255346
364.555817066
723.781138796
858.272580833
774.85368105
725.344351803
496.185212435
793.799536048
217.414393969
529.31969043
656.3545738
800.375827336
403.834765041
398.634756163
317.82771262
623.638606762
176.010668857
200.616518404
471.693360588
214.347812893
544.338602112
48.3780920663
914.388818185
642.188091118
534.213569415
139.146892575
592.808369424
895.619129464
791.302838756
144.239451761
133.007635493
323.167518118
350.870902429
711.590425247
312.948101662
125.852543311
203.601248521
774.992015025
43.4544336163
89.8874679292
472.319740675
502.642210888
924.205273802
294.029463422
965.039113683
129.196718251
712.931793571
636.902479207
486.173396095
756.048981785
596.39246125
109.825087255
978.123430796
200.998196422
345.603063775
540.099690177
135.613879615
454.52155213
660.620060287
744.215805739
507.814938671
234.77364526
89.9960008674
735.162289851
242.997081934
62.9129762605
565.727824626
607.953293757
286.353282901
453.961039856
581.301933171
94.2470321088
269.369598729
198.532442544
850.818424119
604.759058957
57.2856949792
930.241716636
916.744021317
101.681405027
152.707751321
919.139037822
300.259187982
725.011812804
998.046686517
440.912607563
416.315580494
945.342763172
825.454671736
606.919928828
719.614492222
213.590322236
170.243397834
543.335346071
135.435573643
969.323525565
997.937392624
3.88294384353
952.820540638
500.417664528
510.254961768
9.23372956862
312.446053226
531.411327612
493.792317594
216.004056311
659.949612695
116.752968012
837.714766359
901.87396405
577.754964473
119.942251521
767.502553658
449.036118347
934.898752544
814.804111851
122.853887217
391.225224427
307.416930037
498.321582817
361.843325916
437.611550175
584.350240616
156.419195335
710.309015939
483.618330667
630.506169501
375.97740114
343.67256802
300.443915937
426.708347025
305.716067603
100.624410681
620.930158086
353.057674742
868.342758745
357.344175659
528.074761656
206.164082752
354.325781345
327.937985724
379.639816236
491.207457862
78.933175117
878.973138855
364.251646342
363.020294781
600.903243198
930.030428991
502.038499336
76.99592621
435.479353086
663.788739152
930.710463312
462.282191029
671.517595128
810.09898847
567.472141244
829.913374788
794.092204473
158.999826131
245.682764237
293.753472249
675.404999985
397.015477511
621.802347847
166.315221073
989.753685869
281.277472821
123.464456112
901.834038598
126.957237206
658.15411392
382.982219044
819.922077924
969.756666129
893.626929086
20.8441413853
243.202675872
748.235798061
985.040795934
836.861114368
24.1998686559
609.732189217
734.182304275
129.610282766
690.536114393
199.302667767
644.608543646
685.072649243
824.102042723
598.966746242
144.479687673
283.2932715
958.363135599
738.76218994
712.387101841
869.163405924
867.531197473
604.581243419
157.467320324
42.9237797294
416.038329096
490.255393261
28.5728705615
824.791579865
735.800183001
102.984536753
128.348922315
602.340616883
152.426942453
448.193207687
527.283993672
796.484044748
620.79202906
937.279997682
514.345113984
31.3903442711
924.231069418
945.341844903
489.044332372
132.863283521
523.071588917
