164.063861059
333.314857785
568.171710089
374.034371855
261.930498814
101.303832609
731.258412766
962.788599233
165.9211716
815.000155011
676.20777116
884.844967483
466.541856043
79.8886484025
381.409433999
603.523786954
960.474598356
908.96143531
354.423818424
199.050350052
516.016337523
188.44559493
648.541152701
148.790591562
69.4458292043
561.828923908
359.522937511
434.389341638
541.439254637
93.6795236756
251.672585533
243.474558435
134.791603925
289.290756136
563.780621238
199.64501784
372.105099017
980.903513101
591.7407692
107.61371162
542.040852261
607.406798506
813.990293896
452.712101824
811.375434205
345.573988617
180.893637703
956.048290577
143.625798405
524.429928253
174.478633998
406.567712872
362.234487941
886.841468783
834.063601702
107.805076072
448.53928239
891.708251045
408.691853606
575.203921481
992.402846975
207.466641046
414.594744513
159.8997031
956.840314343
306.883250279
419.649272784
974.38026198
174.848724577
455.031682991
108.392906782
508.675112417
860.278404393
293.761717545
418.288195924
955.506584675
704.688353959
510.951748765
671.272654396
318.955465551
461.842306351
782.296412833
122.431587137
155.579367701
433.610750549
397.797384883
414.695254742
376.428314731
131.867299286
616.585881761
150.641628649
756.467717393
515.202155701
644.45698645
215.87600218
964.379754487
583.480849168
867.447231688
11.0631241337
664.255316458
439.504057959
181.549296204
222.276015502
846.679392026
108.791714322
268.315663555
481.818040865
714.380999941
469.948758882
354.372070554
615.591862624
350.969032805
872.964490012
423.321987389
855.820287255
911.335589388
721.616869072
192.673271965
51.7337104134
160.888145515
818.843194225
389.905745963
107.488156274
162.244333729
115.602719042
702.900463512
988.54209235
787.562530515
627.154341182
839.04752296
925.18868697
844.605560024
515.434521729
99.4464099243
749.272012436
654.516807641
546.27632221
202.737208609
333.954026971
934.696960167
425.701177431
878.665453651
997.304331075
375.158283951
521.21978709
505.034027855
451.277409591
143.868913748
268.728063355
412.034573451
34.0120454727
925.265236797
158.486188394
46.2094765791
521.397456935
724.380398157
189.2846553
503.807764861
450.832464909
83.1677006717
414.447478612
243.445957426
69.9157442073
71.4084938974
949.014335907
314.355647209
637.583353122
178.223793774
185.297045781
125.408566793
211.026467813
118.264859609
448.361963243
995.779406061
584.854755511
628.204116938
992.003977687
818.060039484
134.878390198
268.886039806
371.111880404
334.773870751
56.9713056342
672.815654009
456.164481483
220.248993049
289.194609634
440.796023581
54.1900023911
616.948503346
290.052696106
856.248873418
499.921247945
407.807062722
48.1685603504
869.450369711
547.283928958
619.727493808
40.3886186403
248.028605883
463.432838065
66.6913804235
306.437693072
874.244796487
497.582716979
942.747947976
750.720044381
887.189852079
147.28185138
658.608659679
778.870705185
329.188125913
612.450211858
353.590611698
886.494439075
876.139890703
927.219058668
212.71134725
240.264023597
935.065730407
63.3825105588
346.438475766
15.3467312064
927.212634585
576.278238405
213.450017789
677.112943464
212.162313505
808.188238776
443.196162996
908.694442735
796.916251281
782.365647072
398.650650727
400.464083313
229.411961846
760.615532442
740.607181935
199.823680729
545.307283767
129.953110743
817.241459355
98.933966534
841.363615138
801.556726646
988.945677898
977.869533034
145.432211456
497.057540394
796.067949328
31.4821411671
702.079079842
877.014391651
560.236680151
550.845747959
714.204687157
413.703114229
815.472228924
614.937904905
384.135137486
144.21394254
621.193385635
57.7760884026
625.755228767
14.6487109186
929.767258247
296.262757004
477.55730477
376.011817913
849.206746749
38.1720356079
415.009043628
963.632831825
121.397097067
321.960488089
474.726430897
947.585939995
168.13890459
687.684308546
883.605158394
180.795473966
564.035945949
736.890371656
730.318357151
654.647129056
78.5365344508
364.883644251
769.092963047
794.88246032
902.312146515
711.638488869
872.433093616
7.02835755341
337.424050383
706.106113102
621.408006631
878.54635601
963.897464962
429.558171427
320.793146929
44.5198806182
787.519729187
132.658281478
191.161605197
675.016464035
339.343259796
369.251039192
705.631403872
623.916740576
548.368280152
104.074906395
712.245665126
861.204924419
142.174663219
802.888571894
716.842966883
760.599006038
929.384040027
83.467800206
909.03224672
346.758230207
976.407896908
464.648766148
541.609065989
359.250100675
586.243171247
164.521373486
735.354040073
888.197722464
828.277679671
307.076050004
114.849577873
379.336338869
94.8140155092
515.929593379
135.749061743
821.521480494
307.221622309
793.481870354
291.064046649
400.01645783
720.714361738
368.616323503
765.893776299
72.7318566938
683.115180747
968.355467681
538.031695774
495.801296321
37.7212501939
420.550405022
237.538728643
386.378194261
82.9979893241
859.967361286
948.571798991
878.407766796
619.81288767
123.504457965
190.246247189
591.918915516
195.13966476
164.755911923
537.158882591
294.466306825
623.452395446
821.621830804
236.027023216
133.559291287
937.270776692
342.426483517
199.643892203
687.727079504
601.164070468
776.975350605
856.612365338
908.853135452
889.334170806
273.091924562
804.979235787
349.13557325
323.262445152
690.940782295
925.675473146
551.88055907
205.360022127
827.557651443
559.178398707
413.630743115
71.7785950631
653.604371573
708.97216816
570.516023613
106.276024148
46.3774153261
186.012978768
917.573202573
77.8682854605
842.832928082
608.074631569
364.92254754
521.468289349
499.570487377
750.574001097
982.842742499
339.499450875
930.141294004
29.9652107639
254.609226059
324.872430379
444.596497779
829.420581279
208.958597014
671.697859014
347.340740699
2.64945610596
997.358064156
625.412203123
310.583158713
951.986830532
566.997060651
391.862861659
853.30979135
252.31388423
998.449889372
981.393025989
799.391949582
724.339280674
359.610388482
510.046061823
706.171934277
638.518168092
552.522040813
980.346104989
488.805151723
472.307104577
858.639875806
677.15080312
611.735039267
96.4164509032
573.89681073
941.848493769
377.775209574
659.777949534
296.084717572
55.8741212784
85.6186988216
41.5245506927
467.599845285
986.915146227
168.313814685
215.427203936
228.668867914
16.9100550242
460.660566839
585.62887055
732.169164405
153.746815453
385.215948028
744.472576932
633.516859352
933.361551081
572.310753543
109.052986736
906.206407153
167.801894266
15.3546053964
98.1948134506
261.793873623
424.451941789
502.642818971
347.686950073
214.604860698
547.506994812
659.500376441
838.825531709
299.261137785
428.059242663
292.563427131
997.879542344
100.309251262
363.822647293
215.122480091
841.114123489
841.528495134
102.477818147
62.6509314743
104.029404709
198.21776266
278.117221205
892.096498542
561.473716314
767.33335529
444.631605687
841.705973931
804.537635336
774.532331242
357.936388596
206.291581111
797.247832752
811.143665974
53.5090996411
900.111198577
861.471934855
108.809339231
272.469119429
825.552927979
670.440937154
728.829147471
316.882406901
130.400407876
106.420037955
352.951601015
691.260796322
971.661143264
139.333567138
716.780621317
910.887740023
493.587788575
637.602036489
766.339300286
738.508746915
866.153773361
115.345629616
514.889871389
577.530842633
435.07920547
869.102229073
221.100626701
829.330442847
547.349753068
505.550983687
115.401729439
569.059010988
544.266515813
584.114753362
945.776558177
895.25433232
475.263564368
219.356233529
39.1032072131
939.401112035
363.893907749
607.212930973
347.612905403
926.408086052
174.725144483
345.921756288
214.890427993
216.495837572
269.184282909
267.538350731
882.034044365
528.698649056
82.1769803832
210.91789179
148.308670251
664.575609867
961.087018184
282.359206631
838.81736541
764.583968377
396.581872837
368.899908075
766.339498071
440.56412158
20.8973178707
48.3306774252
704.291500441
827.109423337
403.991275644
749.381941703
922.356224295
963.135868406
682.492214685
975.969101023
108.40436697
857.74666069
276.426476798
457.215268134
41.4784926772
751.64955026
104.438207476
26.4049932004
622.767357688
460.378202625
535.171771966
188.548695709
374.681449716
223.131558538
497.521380349
933.879892921
146.993100482
333.936597978
72.8839503953
355.501138624
248.638739667
44.0027527705
639.346759127
467.236014329
146.432805912
109.168956952
813.489863764
88.9598396046
552.691727702
808.095120333
272.211685693
327.853813134
480.498477878
499.554735438
102.040643268
293.718635976
31.7868558423
392.843526258
80.7541991788
113.454299774
295.799362169
410.720266523
61.7051459557
446.788667017
357.819573262
185.679433761
736.454805341
85.1068529366
721.362237315
101.102338079
382.19253269
456.233578087
126.895481775
449.864258678
227.511818527
102.651930669
37.6566574114
749.764459133
837.516504725
757.6177
436.601624843
484.801750802
284.955312559
516.288813628
475.501540958
230.468027231
870.527919127
565.161342018
995.736958475
387.633417537
595.666468523
21.6942671972
111.549688921
382.421346944
495.806370099
593.993740745
969.249711813
860.568035781
430.156171759
550.005884883
95.8643461539
682.519890627
13.0571531012
107.180450017
941.2525977
713.875320731
20.8545089372
568.177396787
375.128517761
928.04825275
993.475033657
421.708779817
188.619896986
154.191244073
324.932508877
722.909011167
251.997831378
907.709077409
958.340946462
142.638629643
292.078680277
581.052149021
834.735185779
956.321518298
794.163327641
111.953699535
48.254029853
333.329259517
272.959824104
33.3643132312
254.336334017
209.043498368
807.898851357
909.594052931
288.313076589
62.9137874565
326.513924934
810.724869042
6.35836078077
578.536845672
280.029954296
441.691806168
336.804735349
817.00020242
556.870621691
734.105051883
600.18251462
252.725835617
903.374879315
279.090563228
660.373884775
78.2176375245
968.815616839
184.509510476
286.220284126
327.546487613
500.704959054
868.11632537
360.074981287
770.704341655
219.691574781
654.728986988
854.004806196
959.821354161
882.198029886
819.790852876
652.232601241
406.180553678
447.229612014
143.633050858
860.857588652
635.590366938
24.3345628973
881.979485333
971.211040239
754.000482934
933.319123931
678.803961878
947.942488693
704.676157031
281.377703808
348.21255421
818.501264295
749.661311304
696.368664933
879.788378963
624.733160892
151.005787374
407.190109005
604.906161831
935.499331317
422.808085816
30.092575441
434.949992733
570.406400171
991.26355799
78.4521621082
746.314448466
607.54330188
546.016997271
995.761829528
795.824722165
420.439903901
102.713600802
534.402279905
745.689216202
101.683041062
32.8872835799
934.023259896
700.134066327
731.460666837
214.835472083
398.607710536
841.098682044
949.248095774
947.651232607
307.226280035
241.031022943
757.026999037
773.42493203
980.097459975
715.316082814
154.391371629
605.078764654
945.597247088
766.203646758
857.936127864
714.526830045
463.683056276
831.487760338
858.654402931
524.816301159
223.688505482
252.003625062
431.625957694
569.655995665
510.205511223
981.305424022
574.47192873
761.083312152
22.9682750937
194.024931131
613.803660662
245.152560089
849.557083521
743.828105089
77.2729102579
238.412533775
206.469938287
336.134340071
417.911142863
508.151973949
245.620064899
702.469015878
966.549621863
913.087644647
702.73903474
451.361643649
142.169879664
516.87689717
430.278770078
470.5866377
820.862344291
348.994636491
20.6414286917
586.061344507
681.724053733
352.624849853
703.741752806
29.8188233377
602.745828974
892.122043742
184.140310625
249.305120876
693.348556493
134.767144009
765.965374104
37.8316102127
739.576620132
438.70029384
995.807261234
955.407181273
299.340022041
168.426762342
843.36438368
604.763000284
652.687172017
643.471709072
546.104723174
585.352897298
656.204949551
151.493784854
255.885063472
260.945999891
347.205174304
480.265548062
697.300167254
414.742144225
72.9707753235
413.091827378
738.769114773
98.1345796644
416.779659122
26.6550302537
773.616377511
219.296929581
69.0234106105
581.256477972
746.745012914
650.840460248
323.603394882
278.321294528
402.656401957
425.545629424
398.204178946
780.77280258
439.578554631
206.970493059
618.494957353
805.809026467
875.180566012
282.237241873
933.115891078
527.78428278
406.223609363
7.78715772604
928.163626133
117.119491581
632.918468736
785.601654675
820.883025274
377.248222024
547.88190331
930.802452025
82.4479133573
617.102776553
237.816495846
175.933397243
858.00337299
859.52590511
745.697347182
566.901412341
184.193143269
695.564287903
610.907636244
635.587965523
183.245370369
973.66330125
177.035067527
944.947313109
694.104348607
211.436786539
255.58856265
620.623724007
679.534389472
467.470948165
32.5124683178
453.452328025
822.49573182
785.758870943
233.057828314
359.758289682
703.694299562
643.672658881
598.42022433
766.175433866
745.034620499
523.440786838
766.714460806
428.400656532
364.492831791
368.514928225
847.77510834
778.237013113
564.806840835
613.3737721
362.984630882
822.9462335
616.086690523
317.35792219
634.602928559
203.360019405
5.16870917678
103.515647587
861.067553303
784.720675752
827.162314612
640.157236206
291.244080219
281.132380689
153.365139329
947.211523597
858.601009901
785.693521053
203.234523784
282.678816369
864.174100579
514.124744729
328.454199335
360.031804248
443.026926578
645.651747582
866.979801976
933.822913754
728.099499753
851.717467689
356.056384576
706.452341564
863.934174771
897.339446074
558.436958842
718.464768143
930.141688841
953.244053104
789.019540537
319.68544473
157.156252073
613.506030984
854.638976056
357.735949878
788.333764217
185.076358803
687.191438276
340.900042934
169.391441457
667.185888968
352.727958716
133.785271366
801.954785281
404.755741884
677.13798546
629.293455647
606.900627063
472.200942378
409.898714422
486.822100834
611.169240099
408.521153731
918.214310582
815.764635559
689.910783401
415.775186062
935.560080287
195.443918878
