773.166288884
36.9067731208
566.122894902
761.788319925
877.613924751
327.317607022
669.214714307
794.315091295
42.7140501482
651.034928968
981.991431535
68.4558375134
213.48589281
24.8096800579
164.067090276
395.604180826
898.176351477
759.426165466
172.904145107
934.159451825
693.742880773
548.340231963
155.923817398
190.856688504
391.369953983
233.977985183
59.6203043366
277.799573641
898.448309181
826.26134949
602.704520841
159.471350823
0.562899182144
586.348390124
275.661299473
192.766043106
43.0603156351
282.14798169
248.712002483
62.1732767394
493.096261012
611.300420847
107.098511741
118.597719564
791.331607674
583.237761612
961.013598978
115.937819135
223.057800376
135.228821155
752.109424644
231.814734069
964.334458362
609.892940495
591.8090979
11.856471785
150.969771307
88.7095327001
160.493810844
242.35740469
695.481390712
973.985932584
977.695798206
232.496323953
189.605547577
365.875970009
174.149385695
14.4284163794
81.7080342886
924.570566604
441.112438383
346.251690458
20.2587784363
929.600372613
685.103577215
629.777445326
860.796705638
737.617338312
645.8672865
460.894147405
361.499824957
453.265687872
839.915030097
884.31028157
974.014491203
896.123464197
335.936609916
509.477214591
940.916221745
838.090217383
956.341978266
411.502263747
822.986653581
746.630116563
584.356517132
976.070095764
108.319217556
925.662932443
274.094859185
34.4424718628
575.797378853
339.964161637
41.5749333235
888.870360558
353.098112994
671.412891546
788.155387662
830.651655744
215.055233382
365.020661773
593.081238952
10.5214028069
226.268952913
439.623299566
964.182075956
334.863278076
252.259321591
986.918993468
550.501330237
939.961441231
27.1270388283
551.009116377
510.022415694
617.145894776
359.246348597
325.764163715
855.917100487
339.275991806
675.215834306
880.477520576
542.600243281
786.61817132
463.129601471
162.082716047
112.61864082
807.562523706
556.214203085
215.802105955
66.9973514954
401.612996581
802.038859472
713.716474644
319.574953796
752.62120509
638.410300716
477.597328065
671.308416414
826.880952569
269.092796304
708.276094921
520.188203152
247.059645594
729.124487901
609.100260336
60.6224172626
938.219928041
75.0897966097
522.625270062
721.046830898
89.5853927785
291.031233784
812.227537554
477.129554958
972.124141149
809.148626829
680.120989716
223.868170487
731.76563616
732.056019742
271.2178906
363.090519983
890.95870864
286.571122357
841.697931418
665.141609672
873.36456323
902.984225539
468.455311895
944.929550512
927.609768332
334.088326884
803.624949306
723.962213812
783.798120415
673.487365266
704.194931594
393.429920861
580.388958709
295.567395831
894.05635065
595.475907219
479.259432719
194.073974292
787.316806239
176.285493588
649.554927163
535.376555637
959.872916034
194.869375045
518.644036146
766.653449091
740.688051349
613.285274907
949.131166784
752.85201561
308.008142328
861.659578469
731.066631211
670.154494029
420.322472778
503.321262971
165.692935205
68.3858081478
595.384918095
412.436111093
764.067414178
622.920589153
227.173151895
50.8789252713
159.622882529
862.475751442
268.631902218
493.364631542
9.28028211028
871.587186248
263.520189022
162.059227022
78.9673359203
144.022833883
338.338322295
542.363147524
734.241632999
573.599247984
563.422544345
675.616024986
436.002649512
807.836239273
158.248460907
160.93812574
130.186443413
472.544068187
157.782041278
863.353707209
908.399687976
940.386983947
268.790909232
963.097939377
565.913676852
313.853477874
928.525058722
238.099976452
165.129402866
273.213180869
402.691377895
865.687504238
233.685691187
586.675003427
306.209633194
402.301469568
606.99804383
524.643961641
338.214083586
58.2267973754
995.031571047
585.724864981
122.360620313
553.744928727
688.264007787
220.050325475
534.366258113
422.855635554
998.71637221
713.20721702
681.001139945
636.636880189
96.2366374147
308.862810275
58.3575606897
611.972873496
404.673943383
868.554053064
409.168032193
167.308639274
554.689816859
574.231064391
994.147891639
254.62196731
536.813527637
669.92838914
455.614119969
424.093442501
112.738790972
503.91133359
700.529279401
822.182658929
36.9009901938
410.976118866
849.653024093
892.75321341
928.341787003
480.409583494
423.861462455
814.718820968
572.523562803
985.805226667
318.966193482
16.6812115443
161.27658452
478.363346399
69.005656252
847.133504798
568.80034796
374.426905398
889.463285169
937.632053406
261.493817345
455.548160483
586.470341893
744.702423529
52.2781341392
597.531747006
841.955845542
72.6929682912
408.488529543
423.061004847
45.7752996303
584.551520393
462.321966262
121.796099976
224.721911486
218.029207765
960.036458968
739.771689005
382.968828707
112.443184504
549.373954636
276.381390611
238.282954288
4.2976325045
616.461848005
987.480795419
94.6474079554
778.176630551
755.798637208
622.370801703
474.547655167
370.179673089
52.300835891
96.9969607001
613.323356516
769.913106748
448.861368021
151.269537889
79.9293745845
383.059490246
38.7761140256
48.8388598207
370.111725345
994.116836179
587.382126193
244.985972544
203.858926112
134.369802668
578.524976931
561.596156661
710.518492895
329.260253283
702.744627907
889.287352947
550.161604411
51.0678938316
611.765913744
693.83279748
171.089373152
386.561998336
904.311452498
391.98562771
487.05049941
559.576559753
221.768291099
139.42370872
195.829142954
186.913769867
496.757200876
231.557233316
703.324890146
871.776058241
422.655372671
499.281944784
770.469919391
499.217451221
507.741353316
893.628835595
337.66851279
770.939027922
127.996703417
864.589369355
944.74422035
230.321467506
307.520580847
844.122969232
155.865618566
813.727595766
794.048800939
966.369296778
855.06057924
337.436228836
994.271756761
276.088191014
996.770143331
976.8829486
393.54616079
600.971952721
285.010348324
540.916798989
114.195222786
904.203007565
921.827078769
617.629394319
793.628593863
40.3544732749
36.494643858
349.44774467
832.421483013
295.507746097
435.147433704
149.371943574
718.599552561
226.252304105
988.08328912
199.145087913
715.910886303
710.954080689
995.692433892
413.710166163
896.371619842
684.026615237
464.928363251
566.543655608
993.443230299
679.460853208
55.5428786358
741.928205718
946.816638232
534.794962383
272.678811189
247.648856881
944.267444679
700.609006249
228.540896893
798.285521499
504.397774458
192.416958251
583.099664736
203.653299806
853.00654732
272.642283925
628.742540055
140.616870155
800.717449841
727.433286138
762.95912682
271.651711406
521.051952695
588.083374383
73.0740499952
827.714187686
66.5954612868
457.145887747
459.618235017
728.928311562
280.470117416
500.48240591
494.866681403
556.692366498
972.609710183
656.71997933
714.66168003
355.966975441
545.96692059
210.973739935
49.495172862
323.283818354
577.9393553
780.985401441
287.395626769
321.404363293
938.644341431
953.728699227
40.9931275225
480.814292605
302.461662092
240.024844655
369.782749187
523.270547944
168.395587308
486.921552062
63.6751712535
444.415074189
167.762951882
319.41446044
974.431742806
13.2282486248
300.552526868
355.179350754
588.69728211
253.933137599
675.816008692
357.609042044
840.159148624
120.965669303
107.833322428
713.309517874
536.978962345
288.021366101
111.187064509
140.367580233
235.511477355
344.29864546
11.8417706736
994.483894246
676.615479256
939.624830157
46.9667990957
169.12665655
475.385448811
828.187082373
235.987189432
130.81949703
620.588199565
609.730907578
375.48080079
269.410341757
80.6950316391
368.489374901
274.732001823
2.13779334904
484.908605128
975.967560822
181.21746135
129.458488357
242.21917452
178.169846557
199.833538836
737.08852297
139.107542196
101.709183705
448.558786041
568.989125712
459.925161635
987.868397687
211.590979832
899.772432922
933.157992261
885.516538097
171.043960604
994.944795887
564.284924405
296.096937266
589.753808204
624.787903695
540.789152522
401.425588013
896.167308209
774.945912183
306.816416784
429.993966523
649.559786675
237.884907151
999.71059734
377.109649775
436.102254346
854.306181582
58.4505770126
177.683945297
622.809924989
941.415461426
378.770589186
809.586333777
33.8981035145
500.849367164
95.0494006227
582.247152525
549.578368029
479.582648197
793.881738989
415.634912368
27.0809742427
297.523746953
929.071403904
488.459395877
87.7083431357
731.789710674
943.863655357
508.069174959
907.331279817
280.447096353
285.083429091
741.791598835
708.521401434
320.010447063
619.348021582
154.168988898
273.281892063
405.047219084
616.48662455
297.329107496
49.4267439356
274.663012282
267.98987539
233.735743208
848.195786397
514.096496703
848.473357707
502.858965425
175.250632934
767.609352181
568.900987713
558.03431014
851.453309418
201.121248636
683.427157867
848.074339515
330.427425864
263.355935955
769.673167584
336.733893868
370.172341571
348.231721963
468.324842154
611.234893676
531.319463298
32.1370503011
258.526680482
681.090755085
452.176403096
65.7912855388
947.078785521
927.276618309
45.0474395003
782.687862354
910.31458575
921.347805309
478.867911805
120.848042975
565.96246282
956.373973199
162.477940295
904.067798809
705.919892647
240.921837552
656.891195667
94.0572441276
575.138475969
955.948092954
462.882911712
722.808238787
949.785000953
858.219092523
343.035599071
896.728042105
87.0859924255
804.641189904
911.353190685
912.913260144
893.055678412
613.350856958
705.115704458
636.518382732
39.7319064202
825.221645907
212.337330486
190.341678647
86.6021581592
657.794648288
467.10054165
532.590848426
632.863530919
955.956557139
50.2158079132
550.529295169
233.035145608
341.892500268
943.055610429
859.303356177
101.420779067
295.132501222
486.16763529
293.28744968
688.282340603
390.271309059
114.671031772
310.287794589
195.85778927
588.680837945
982.712493878
814.226484684
942.954806809
532.096233814
624.12137775
29.3549590612
567.402283917
510.743216475
741.675763081
854.032727744
824.853720985
691.28772691
506.956812883
628.216604518
718.698405527
404.313859634
890.76833267
782.909782327
887.233375594
975.122223836
64.6345027506
418.498244164
58.4901127785
999.102705558
271.228838072
31.9758785426
973.76311575
224.819843783
172.595701276
339.339669518
571.575322059
354.165907747
851.504401007
869.053915598
975.55474684
751.780344081
528.693016263
964.939084532
795.832411798
125.018792638
551.855446419
60.5132754713
305.845380783
695.125105813
36.1617460095
172.187690996
472.296890356
493.047370726
777.267520292
391.026242309
23.8259106334
605.860951472
97.7364980829
707.236277892
141.747457062
409.665932891
761.115171228
981.671388993
431.894965828
866.918506362
604.935821217
555.743100968
321.382063745
214.143395431
387.732926253
194.409124882
0.643760612273
341.947441791
741.298217896
701.511504731
423.108153669
516.796981955
760.235691725
800.801262424
736.102437277
919.559617064
65.3936164521
521.540958424
295.737030039
125.827416787
59.2127087571
977.56030825
910.221095563
568.567057155
992.271187367
846.104990441
183.693642547
338.459333994
111.207167499
868.69605633
229.808078659
442.051486379
691.054652754
877.390190166
112.919581545
198.970566649
400.01417469
642.345909576
427.517180248
354.648291921
874.808713322
947.674554096
771.009330918
111.060817934
876.143739694
789.510318191
469.330788947
549.315082003
861.632618292
977.222207851
452.813831928
470.222097703
385.379951289
983.837521369
611.019745608
882.678864425
405.995316327
307.355459717
580.484916749
344.140245121
203.798128721
328.455577075
248.154544738
546.173361529
594.277321619
97.9827245466
721.933183438
101.190162737
308.91101975
416.309865112
863.944752415
629.233917097
446.508930649
269.747231464
270.374479935
751.075868814
872.858413533
932.42475441
451.576871538
36.5762929048
360.433330065
666.170547382
994.607504943
756.886001274
298.377346822
478.505960439
420.995662641
426.699123488
270.321146445
571.828209776
872.579574886
824.850386984
750.801674536
547.172862706
867.340563589
957.686559175
103.909696399
140.522028307
459.307375318
893.479340099
375.807231003
963.116231975
456.508668326
123.8328698
748.26366352
805.261658391
919.351518047
713.875812352
775.279167283
118.263305647
344.306632979
325.625387494
685.594805191
559.70430162
804.8709222
952.851100896
463.665361325
656.101717448
151.079530276
679.824488051
914.500358658
985.380997724
752.276968661
770.823503371
568.732195083
157.599110577
106.039932834
513.887739061
587.06583986
433.40123323
605.398518713
994.558837304
856.990954452
137.07026593
37.6364831868
629.30773996
115.913548196
790.17420388
803.751213628
420.279975004
140.114294385
987.158442027
225.997128177
204.388321154
695.705848033
667.451969855
312.286323987
483.176777086
582.657877817
398.841189608
193.30001761
692.111800319
728.929173862
741.662826528
754.840904952
584.213332946
309.257466198
243.599734112
66.9477531805
877.354580947
550.919647275
786.166429428
1.12552511593
453.309523187
43.0704255363
83.3639207147
239.617064064
550.57210056
29.9691176115
595.020773646
731.532874743
634.033958817
99.9104286914
313.640836852
340.174018603
958.00363425
331.14117521
426.715862438
851.343963826
326.03912726
121.955460839
382.12014271
514.132812305
245.193484521
549.97165163
258.183780599
738.355360468
663.645662964
277.964305342
333.870658099
694.462137523
724.19821237
65.0555311817
361.2899454
209.406209851
902.927074682
298.552293772
392.811228703
374.071461332
243.201836762
421.233085126
752.49511199
162.675265786
841.477581651
998.527573327
593.586224402
614.280074988
604.238276144
15.4141743164
649.139815094
501.050109651
795.63016691
111.547255135
318.886819242
304.441208753
771.901636064
920.766621598
714.458661317
589.646653375
503.844090703
494.415689442
286.240509247
548.302467355
653.025203252
435.174200529
505.469374259
533.794579647
246.62323162
754.340782069
20.5359098775
533.9793141
307.772793931
530.759596625
202.677216652
114.437177521
55.9076706706
128.874210915
350.891550261
149.183001088
871.738453443
237.918400122
505.972724152
319.684246144
66.18445929
474.280153034
