25.1998984305
677.968693186
796.086356164
104.606263131
407.36258483
953.426598081
594.416064599
501.644184604
312.312540378
276.223336401
393.245234623
450.906472116
976.833326585
79.6085963964
876.440642725
439.666623822
180.480183621
467.525128889
48.4990240891
472.829880311
654.506335993
618.213554173
677.718142002
765.939747247
532.668228406
994.353396067
637.487372342
953.979984143
703.146515862
46.2603970458
941.747910793
675.461963772
124.448110237
894.313506584
209.625878482
649.413047494
455.040145349
885.852942631
447.008174662
470.205362112
546.598287417
928.850033761
405.904033079
568.541333362
894.110339231
757.246792268
998.891936815
68.846175232
62.1627878343
552.114329265
54.8506018878
957.066044406
109.321461234
401.531476831
407.036250641
276.500204563
442.32649112
249.712288611
244.726888668
800.435543347
967.248680835
732.426609956
137.647675416
22.0654673408
168.064748643
593.281507089
258.948827719
199.710508345
737.720325369
979.310399539
205.345159034
704.112691357
137.328585755
552.291441198
340.009798568
919.043636735
261.054942923
630.970847121
2.36319817799
359.650306966
249.406700697
737.495668538
365.967436832
212.690550913
445.622691678
283.949642778
778.655046851
80.5104072943
105.558244269
230.145851788
325.232446211
951.735971604
882.930473098
294.566900749
20.347645843
224.719509255
143.361305331
944.179769099
560.269967678
979.957719737
515.705449
247.93194588
146.361235016
285.982091435
349.376865272
993.037987265
620.631690148
225.809746208
849.683237746
237.584809918
671.501483882
224.752091026
231.737874393
856.51697995
814.539255882
353.640663456
439.608681862
382.565005996
633.004481567
319.81464527
414.401752506
346.330397018
769.008769363
647.057180023
954.038021365
979.252637572
375.004875406
957.225709757
21.7531904578
529.927784614
404.326041059
335.948470023
106.874803945
916.416965245
859.179134028
16.3741097308
133.240490389
383.899205715
630.769375908
570.91968779
823.523510835
161.003462323
169.946304764
741.178903216
51.3687065777
568.632994835
197.434270476
370.58052533
466.98135087
962.690625265
79.481723825
690.024947342
424.836236092
745.776419972
399.607134056
415.539237989
361.306477946
833.274465132
650.772955953
797.99320423
84.3685194974
187.581972549
9.28524242498
966.067631298
528.123340677
996.617306574
164.452488186
929.135059086
180.416917378
706.232531849
652.174768319
820.051282127
2.34162337796
849.291171798
228.401966963
448.24763595
790.885473873
60.2244953109
673.468163369
736.491118303
170.947033995
331.492644761
752.633001076
470.889860007
714.232149199
936.240850466
66.9110243946
550.590290789
518.782316174
472.664930351
318.187771434
204.545695028
534.400265436
140.046345463
262.127107344
631.171943431
792.878968582
730.675776726
725.613814722
738.10535723
796.857574597
97.3309600846
570.404835704
58.1073121363
666.213217638
734.65665358
96.4280627058
931.67048556
868.748692289
759.214975654
60.2483867332
588.662576956
722.908613124
255.339342457
255.495327137
437.959831661
513.451693979
319.764139265
581.092933729
65.0701237787
135.147637137
945.448384759
171.747386761
67.6151867783
105.866763691
424.509749255
261.581900829
208.400650896
81.4327102193
797.79267347
732.151986086
21.3733213172
475.86822397
522.238146831
548.200157545
894.868524242
850.789664267
783.032115883
882.554426931
951.489652222
33.2268143996
273.666555308
411.038454332
849.31374218
938.334192804
672.710676874
562.032310149
6.22910468982
12.5214547055
549.045014356
879.106021195
317.582643576
421.995100932
322.734002184
628.003259601
854.644025812
868.933069343
655.734329563
81.7710494958
831.516885013
830.492416001
616.391831635
787.102484039
191.76486847
770.585670836
445.927246024
578.624530852
361.649606981
172.852051939
560.309899386
734.372738146
231.239400855
77.4482459479
173.490609961
143.975719218
617.79889145
41.1985479448
871.3028257
800.690550978
179.255403391
968.57950321
539.579970218
658.943654619
184.57730564
989.624737269
222.742264321
923.937082826
358.363508517
174.970628714
607.815703264
344.156978438
737.932467888
381.018428015
230.382995937
705.875216024
718.305541341
67.3801507805
875.284565138
286.74723912
527.051418833
19.3652233063
491.553738534
786.936551305
63.6017517966
647.145745381
474.490208249
183.719174411
3.55746949739
472.36269954
830.57113329
821.564106832
91.2174512638
154.838488077
514.805310679
228.050504323
734.029069059
183.476646058
616.289306003
524.930942849
369.534281612
218.238675851
348.411845832
628.558710038
972.985108709
895.016549049
295.269012757
589.410092534
517.314865219
165.867737421
336.261155444
678.968466402
312.340982438
738.473165728
633.54636413
217.480107109
116.443569358
517.320927992
355.749520694
478.189903408
298.056999312
24.006944594
856.869781171
409.313825205
107.914660515
73.7544752734
802.481883868
709.76223356
292.803033369
781.05870059
121.665069159
892.667518631
469.231257625
803.333400512
777.544309623
386.744182087
545.682167861
371.369783369
12.4225677692
827.767571304
508.458999256
430.048052487
834.085612088
396.242394793
183.94229031
608.177294172
726.879714691
706.931316102
367.628185808
672.295719903
816.226044455
888.787333595
673.865085449
13.6748396418
911.105678429
209.66626334
869.776392803
928.709992627
596.848348995
639.174789433
716.95271353
285.086224792
959.594136336
414.545110211
963.116823417
895.680260126
310.66308049
144.630580846
43.9945856358
216.992613165
30.6671710508
453.802852354
869.440623937
686.228279057
836.640603202
317.66678516
994.022311994
221.184559269
169.736359035
80.4564234315
36.8692522175
519.292185551
219.737523224
313.089566721
347.438565233
997.855288685
590.062202226
114.607707338
932.262108317
712.353541259
743.225974623
325.989934408
140.253771069
224.703263422
665.702161351
135.742818413
957.3242179
807.528185658
905.882904403
332.961328059
817.01839865
428.109556775
73.8260352036
229.375910766
687.432407616
436.363829709
888.042764097
151.082462938
297.289898628
349.973013784
424.987118763
802.883890801
724.614483355
759.780829001
357.827076512
825.202763163
982.610132473
224.001707556
513.341481595
256.633904487
846.128809666
868.539061498
825.506871139
972.302333955
779.769278997
420.156363345
939.126057642
904.530383818
497.352380497
889.307417263
578.804599548
479.70627005
189.166152116
436.8815427
799.985847809
326.5249499
276.567419977
411.647695604
977.160926963
413.101284347
328.788146141
137.562007457
288.545216716
642.574097348
446.939802372
264.264181781
393.86846292
19.7117604896
64.8228016323
515.182035572
306.892748553
693.517271957
148.782101323
232.016491041
390.623355602
962.625961397
399.172086507
419.853057127
445.030426202
445.944621911
451.799694303
570.828339593
900.8777186
521.812761032
630.440220807
627.286363308
736.321349642
872.956248664
977.873370226
768.659601773
880.261583813
50.2025599948
98.258897282
869.39496653
130.813353167
116.867597121
403.800640866
333.692495856
809.091320048
92.1004626797
351.526229496
868.989224921
174.135387625
14.8592322184
286.872267816
85.7006356907
464.030051369
652.985152551
636.11865768
584.400121309
107.234305189
444.216265352
829.596575943
529.177404474
660.8656743
250.703526086
187.784956034
354.724957701
478.773787075
937.49215226
731.823490863
288.96502967
446.935310276
672.611527311
892.779893083
570.424591873
840.754203696
311.736734726
686.66974741
552.904220669
225.656899707
551.760027048
769.02245873
8.40119285242
348.130781118
968.590456065
314.559553047
327.529531678
336.517170213
470.168629089
857.735847609
772.929493361
1000.70489434
786.723823965
150.236685699
223.957941283
573.133793814
466.903496762
996.1149823
246.619435003
570.143569617
585.057469914
220.809419268
699.040442107
66.5054562883
12.979572311
133.252946498
554.938426341
922.76897386
737.66174639
775.681571965
655.71229201
262.287988633
98.2945604736
539.220428692
180.071428788
924.635501078
646.877700434
934.025884433
362.056384196
396.161896431
316.060039363
251.252032787
611.461938591
158.251055055
526.428010041
49.9691038561
188.3783292
11.0386316636
198.335979219
249.424669119
787.064634001
388.14275784
320.475148439
154.549839524
828.845179764
126.244922056
511.302460165
622.466676549
477.710692919
862.933151554
100.528996842
570.877409674
189.54555748
583.746811847
689.769693883
819.02562482
183.495243173
280.290475384
395.418406243
164.812141902
173.974639487
391.084321499
926.748564762
655.953306035
731.659432815
667.349176105
820.980589225
887.704338085
752.813844218
537.364408734
636.861372671
1000.93988126
27.7849198136
508.627883396
741.040172939
864.719929359
942.019246558
374.397397237
726.481235577
74.5196194068
637.53753812
937.509409502
910.646342087
219.318641713
802.051098078
979.057919842
28.1984933026
641.571218762
661.987197999
738.216397773
820.822481901
938.27086608
488.744351298
761.147472151
160.255453347
727.328660588
874.708965638
440.486860469
601.997570109
455.815555593
740.223999176
754.581192271
73.893981743
400.517406965
846.439557
259.45791406
15.9135719429
951.759390125
686.266085597
653.003895372
873.884837917
203.288398471
159.539880389
924.896599128
333.926598093
8.27493069257
432.247915193
715.977296513
23.8902100556
543.579481075
74.4941764764
206.728758894
226.621569629
933.750351105
495.651648739
124.240684483
29.1713976429
379.070891102
274.986072022
526.634266187
892.1515899
82.1737455939
776.720812891
159.986112346
449.122334976
742.901271463
151.764055087
269.867620899
935.773795996
227.320718715
964.114012249
32.4970983702
364.371992072
915.265791656
967.296682125
530.813478686
57.8447076442
652.975791375
149.834289517
585.871210614
398.694083352
558.519718812
468.266326822
824.809308054
681.221456825
533.438554463
417.164882022
650.912566023
308.097031715
237.953290186
234.7382636
418.695934445
812.505464225
175.819205332
157.844580977
207.790503727
413.197344294
116.603429865
161.559176622
452.535754753
593.275361708
620.032936313
498.48074734
984.430313405
716.521790449
112.254227902
979.684701812
362.090469463
362.082655889
316.072373633
35.0848189172
576.209729223
878.570691004
418.489120197
66.6535605338
430.225027637
436.14346682
885.692738983
889.772685501
466.4200284
774.183085048
831.628127517
867.146925665
814.430473011
99.4615758915
646.275472363
903.6922889
722.912451622
343.197424865
63.1840495533
778.618662198
874.18882446
285.771939199
256.112754865
794.994813281
330.204853285
595.670142677
893.223311137
583.002440688
890.440511062
24.0829631456
727.04906637
892.619100376
85.814023597
199.547275485
341.627314046
237.170050837
450.313391232
665.200944116
430.159588485
680.668745704
251.738624602
739.093232481
362.624839026
846.165709222
497.735039885
189.964905116
996.033842071
154.907846343
152.741545242
806.926309196
609.871992594
579.802677926
747.576511645
114.36579981
784.58570564
639.609455154
63.3974186515
256.404026321
511.836285797
391.676395075
438.43398485
857.028072584
302.594799764
946.520632842
766.156137145
412.53727182
686.246780415
277.273419635
13.7511129977
659.215433929
545.948309369
960.802230919
463.675311792
12.8626545994
403.361018606
914.006248259
752.942455541
217.816475757
466.15606777
406.952354382
85.9305662773
681.129533083
41.060739796
821.394383866
543.042934157
523.483876314
215.713489164
251.050456044
343.574501276
71.9441894271
0.469436272376
85.4536387319
922.205836576
295.375364654
435.54945448
874.06188234
926.645217912
108.435468415
352.603667639
79.0418733441
284.512933389
717.567829565
254.505772457
535.510480137
504.633401309
620.91946399
925.84525715
477.644611781
897.673118109
495.346290789
910.003173637
746.476199366
351.55484866
139.88744908
580.461091049
592.67957132
902.629683845
235.105103026
554.827175337
735.680970453
22.8369918179
519.477331149
981.459675569
109.514327091
136.045698541
250.138229385
747.641496102
64.6460780893
251.01283816
711.443600754
555.119419896
643.176065044
931.890222308
48.5094528203
381.875806927
302.236381057
956.660153778
160.829222981
839.848947321
482.322829428
970.283802594
832.03664163
629.055952477
164.707668877
699.782628289
791.948601664
912.010330817
244.198418197
161.776139375
450.785384937
172.810741007
570.851599915
30.9176040675
96.7500340691
998.48960554
76.8374845934
367.214211764
492.905291125
793.997088758
916.689168366
282.894099696
646.911113867
860.900788182
159.420570191
113.971751016
641.34662613
178.257502745
222.281599687
914.782753976
346.140835066
611.863707174
951.620211774
959.485345205
995.575045241
647.969574977
605.123020116
313.07271961
480.434456678
403.41807712
297.796016707
600.445821924
201.692384696
410.025559818
659.238219437
799.226231104
408.970325205
792.291913937
859.522260506
457.551023437
134.969338254
181.429159497
10.8642246087
357.471000052
878.888481824
85.110123361
965.385146981
700.941785007
612.637176868
434.778407011
515.959539661
589.183032727
792.999623403
786.890220236
591.935147454
874.433999314
438.59654627
181.132019059
750.383732581
534.198033334
323.100639833
606.638286691
770.414774411
268.668683141
79.1823123889
657.591984496
861.904019428
922.261124067
342.616947781
818.145911771
534.85171983
497.133689744
853.739514363
465.542985606
577.860528458
963.297381837
776.691348841
427.398836531
464.692441115
241.504250099
65.966128455
782.56816975
568.69059104
800.878598787
244.658339852
562.732568163
745.91962778
459.155993802
266.049987831
873.944640938
432.008320415
83.611295195
981.783297906
522.293141732
312.486526134
197.801257013
745.828038061
48.2208956996
550.185825884
331.360428759
838.511466682
899.853929283
66.8640634205
988.438542029
573.773128031
204.55701204
239.052833112
722.471216707
267.05476653
414.299578372
732.363862343
744.847518058
231.387652992
530.52521187
67.1837462853
116.975427463
896.920056295
447.953018597
385.022475304
183.619058949
500.297772791
484.693810463
463.312652353
516.776496364
588.807176606
426.260397081
38.8901499228
62.8364707941
890.764969491
239.130817627
