731.377600761
401.996947322
180.775918493
340.374507967
674.060185311
467.550658572
944.182988483
462.179772664
724.000724669
772.539086763
346.990950829
419.399497346
131.125962955
491.453899344
500.028967392
511.951724225
656.307879629
312.02355808
761.492470127
613.948009283
633.590513091
215.214344788
491.893445741
969.838234011
922.569807009
221.870028593
31.9507187437
269.713127786
321.828048385
222.434537362
88.3197170753
114.109518217
724.680461465
805.448941568
556.221109848
617.883370498
17.3209950343
499.258523277
108.87210015
173.621713879
751.863864624
43.0438608583
358.155610402
867.458083671
652.996341277
946.497163495
65.1357164066
81.9251227071
287.644901479
579.204351457
480.236936604
668.370009127
771.764708228
569.508202977
444.495172208
309.401370042
435.527931778
523.868190946
217.793773125
440.381957892
608.603439268
144.658504928
40.4378082541
721.659806652
660.490367563
461.1899413
753.735517805
971.198691719
644.86582602
340.682738155
402.695321102
837.503107655
316.981298563
142.360524893
470.972716486
262.859297742
759.198983871
979.636803626
375.981739646
182.980397572
694.651769022
408.451420881
394.176549044
618.576648411
190.462762391
156.21436235
323.069506951
349.906359888
723.477906809
280.338034045
755.443486865
743.495745473
582.327707527
528.19513912
900.240676666
537.149616539
856.100264352
869.857234188
586.634443827
688.472500676
965.411925349
522.944756369
915.801001283
318.420646294
934.965510953
675.007778957
132.976293507
533.874308028
666.93303716
992.751759407
103.597986993
249.338616881
994.607237677
384.804460845
1000.06863747
817.58279867
676.240847943
500.562051505
445.725868444
877.749578731
82.4255483368
903.214906216
679.838669716
887.212166036
835.177311668
331.929915683
377.477383261
851.537162109
791.960809482
431.589617081
695.633526314
808.722169484
227.52097986
925.267234577
35.9997975431
620.13015409
690.495573523
758.988420025
958.688438122
563.737910597
208.469966238
612.713771742
994.333869511
261.70819193
551.11125601
812.605334572
422.638522546
639.166979216
804.26923201
273.683254533
736.829944844
696.785922427
419.309238842
343.604923024
372.719603758
480.460205491
160.929520807
551.967895403
232.855076801
400.974086718
873.105949777
632.95311292
749.576144564
919.481211925
797.552413078
345.919012557
376.786459887
946.537551019
739.992455473
228.998770839
199.955499758
124.130113909
960.168590099
746.664816639
479.237721659
306.643655236
116.452375669
549.462873126
430.331368041
41.5347289338
413.428577696
739.553058428
355.437588092
892.310226809
148.359627969
809.453055886
664.848943685
450.830956843
9.98879634428
884.602851756
692.013954714
420.641895417
832.421267825
830.12644303
206.319716115
441.737060845
710.101463637
314.265216663
749.010413496
603.699245177
952.338667991
780.501045208
141.882770798
792.599942026
158.679326141
198.727755971
263.34223285
438.98148755
230.43167823
657.363162047
601.722182232
721.147871183
934.634167732
420.263288486
598.283074174
157.324585228
953.91250147
87.1050610212
70.3498117224
680.637196352
651.876199731
827.731654789
709.172677717
763.523072917
854.324313595
611.875175159
819.629997968
498.804014293
292.946276424
313.665979348
157.024281418
290.765517081
62.4378162109
856.812736803
231.996425632
869.374764348
850.527939892
129.39632931
208.213459857
592.12031053
883.404358039
82.5585962416
86.3834785912
823.300871611
692.796472375
598.190172406
489.8295372
352.524476903
251.849978463
67.0424831325
265.770042435
533.033655438
802.479337472
219.224267507
659.564402266
785.335542094
738.176297871
468.847719904
425.954846737
778.396991586
17.5870712537
586.166508691
942.073828341
532.516436865
947.927031992
111.923203422
971.286870814
875.291895772
23.4988311723
138.883829183
539.610081807
333.290984424
728.348934832
512.642328072
750.872388757
965.883133465
483.387797995
851.773160683
584.079747823
162.041542594
1.79425650855
771.250116721
660.417056931
307.073219555
731.841499568
551.664916143
338.558744861
829.915775928
704.46996548
390.998159271
228.436951755
865.611545032
995.132858662
853.427642028
359.818756462
785.208174279
1000.26760508
234.881408909
978.10919744
692.560157586
514.417025753
508.703114039
224.148811641
491.063048983
30.4168503312
979.843564852
453.656467216
407.175334185
808.385774554
803.955826575
628.261513333
858.466924076
647.083416326
263.165746559
70.6249490138
363.97797014
519.083710646
886.375972499
75.3843511434
214.61540087
648.867920078
111.659367422
287.692507251
169.969550216
633.959023562
926.985759348
477.966299284
176.328005802
189.457237318
747.883740259
611.727992119
394.670574321
585.689333425
68.592241041
526.631114807
864.266032302
975.074290545
275.680798447
294.155983079
457.829674723
78.3843228283
78.3377185155
867.522497964
967.478650174
598.61531348
579.287890446
716.288884246
266.601927596
984.681370178
781.469837441
58.0932702135
481.229965497
105.269711983
65.8884424821
737.765996753
869.696775877
844.929345043
475.321684225
522.492282296
92.5908627338
731.075594109
482.670713677
345.557642436
868.008561279
63.9219470724
461.791571773
415.294530023
245.637740319
1000.05316698
176.662959975
508.893178485
489.75551341
793.238914698
790.381603942
220.254130601
247.841865839
663.148912359
416.111415334
480.654681182
884.631327042
713.53243865
711.262312689
483.127939557
824.377025044
393.086742873
489.153440303
665.952655738
260.224605301
858.66259966
830.856383703
23.0381910496
639.92015136
588.626766624
673.888718035
43.2666251428
152.755727135
187.120863692
689.06705158
99.0392212801
468.702712217
858.255740333
179.112178174
567.892953562
797.750191295
536.753459583
498.21581594
247.344946595
769.766583733
328.321535276
22.3835985534
539.860169283
44.9232559589
741.551173096
479.72394474
664.230917768
107.751295987
676.478840613
896.072768614
997.212881909
677.757213496
957.89984992
878.781864082
842.690173627
978.185673009
193.915519175
439.81573815
783.775430528
796.739798004
122.350831936
562.307133128
83.9114098736
458.156299688
238.494896397
698.851480675
976.209109513
649.152674001
711.09018022
70.3799431813
276.825126121
419.267967266
622.357132817
39.9988604057
510.928224486
85.4027421548
436.280558495
148.321169038
824.803529834
292.877875551
893.034493895
235.044548724
18.1736430768
809.029491865
959.900045723
432.718508361
756.387935316
34.0908756273
176.928611039
188.452820036
426.138342408
934.672818167
951.039792755
74.2101744263
372.844495922
637.879277971
378.636624414
357.242157145
488.355860628
258.26263786
330.747029932
182.873745769
839.31333029
393.510381858
908.72323327
263.73157206
945.037756926
609.315751745
941.065133056
713.207723273
101.92815205
370.306930673
541.728791088
421.451137066
65.6791581632
732.912824855
308.972573981
186.96666216
162.039195449
640.415126821
785.835933754
271.112539453
876.918058198
520.269270318
910.293450265
940.66120661
570.0798012
956.34990845
156.711371727
289.079398862
42.8369809202
611.181454093
910.894890668
166.904114796
103.25111697
206.232460532
235.984386452
309.337166728
987.479679355
952.246635583
966.742752343
952.660226074
508.441814873
314.774978629
222.097082212
604.870811085
604.816988895
910.91463954
954.261247897
905.17929982
985.285223813
193.463389192
1.68667677102
18.3664480686
726.134165696
370.941874347
706.695826589
915.068207098
982.382112889
723.686673948
563.834681745
246.86749735
213.424885318
144.197323375
518.258333712
254.208865438
571.722694832
417.094285957
351.785210431
479.762068951
439.682341633
312.483711558
653.454964633
452.170642671
242.573260153
909.188715724
16.147489064
206.083222648
805.708046779
159.449077191
738.399085319
786.473539453
148.635400262
134.165984028
36.048164635
140.828698156
363.085516884
166.619907999
647.882605258
711.859696987
760.181054201
203.659873023
93.4009035897
203.329429663
842.983938702
712.342046403
217.713391364
118.716953942
669.117009689
540.591740389
1.08004431881
157.141305163
479.294551144
948.011444101
370.032750241
840.655741896
313.500851409
489.757197347
915.111497118
340.420824394
942.429652572
93.403923487
746.342347509
833.152695056
717.471730203
905.316649424
904.245973609
440.47963768
409.637513913
530.861104837
724.195902669
296.228670082
607.975376217
503.369130548
344.922671219
187.894098577
351.468239552
139.393183101
46.6445585646
820.278254921
448.475698972
243.544295179
275.56132094
693.793632054
884.115513878
345.942822158
420.968108832
640.49012901
171.89793054
357.794161473
101.675311437
840.183341911
782.970479429
690.103750551
863.53115472
38.7434308326
388.56814335
58.6512690724
647.47124309
570.840387046
673.607197487
391.299139958
804.245539721
692.700152905
640.024007882
756.49521133
994.442421494
268.318022236
525.805870655
817.646252083
810.147377889
912.388546136
663.697658109
293.544754277
591.410127742
65.4477876765
162.710597535
700.643021753
493.466344211
873.667553662
831.032685516
451.641272956
358.849545401
556.995301506
134.677238888
3.92817050514
561.189087829
476.535660342
820.502233254
905.882794002
352.395988533
160.595978595
196.886060188
664.438951538
173.268966325
955.248741272
934.608827557
467.37603594
400.660177643
302.062242384
739.496878476
28.5759461006
69.5038915162
879.720846105
648.022203197
441.152156527
91.679159969
314.001937608
193.293257494
44.3883205808
92.8642858577
54.033340957
956.342730097
34.9932579977
912.527417126
529.850292744
735.526667268
246.785042291
872.837024449
832.709182619
840.617346536
77.3416190203
699.23856108
940.134433638
376.122829082
665.143438201
847.867788033
659.784864922
397.952620183
494.424895003
720.922457053
773.263103353
880.082316431
623.139622522
871.37071104
100.026611539
260.57008532
603.847742687
431.455387972
616.090146989
969.368695063
263.296721019
170.488042277
177.401914739
586.848078497
283.634922101
305.157746408
172.687583249
297.963295499
447.43941095
491.029982421
835.357986264
57.5698931934
793.187255286
191.791909125
90.1452249573
898.790966826
405.273812373
330.872978959
482.586256198
287.24615331
588.351489292
717.897432204
132.594228764
614.185698857
785.136925783
686.389190042
215.874975922
82.8527471262
518.471919849
224.266771661
335.328451395
580.598193793
705.755094581
705.240510237
639.26414224
680.888137245
498.340372967
455.431393131
271.229509684
822.143548986
393.462912659
620.040575448
859.23842663
740.144741089
21.5942257432
473.999943553
851.068541348
274.43142971
974.964086148
757.443129456
549.972827335
74.9869087894
905.548223589
465.842071899
616.510922035
818.321337604
659.707911932
671.960263013
824.027763977
182.569201346
143.46986694
611.925273248
775.750825146
795.45036232
234.692315319
826.537080207
280.211625363
862.266168227
635.681081763
309.378531883
339.354495371
442.524327552
959.976832308
46.6340004845
674.785272219
706.851182974
164.250834267
768.664708557
509.032190215
888.508617382
491.401704102
842.816566301
492.881901517
416.489044284
597.499092419
360.736124503
731.404517898
83.110550939
936.432318968
971.152286251
573.960647834
86.8147820553
72.1985450769
135.1533857
483.405679803
845.252842247
479.060913322
292.305272462
104.728265961
857.413115363
759.379863924
354.071083259
959.915358385
465.22407791
952.31154444
274.072832058
267.021506657
873.59713993
685.750662491
137.146480183
518.195316142
896.820821228
987.60614871
945.090611717
880.880123872
795.327137862
27.0814238662
596.469156901
316.137205491
213.666038131
24.2393030124
813.544545259
597.652957058
206.822707434
785.814907609
820.788890088
272.374211225
510.739755175
300.392641063
278.02758522
446.196844649
809.000867778
88.5524944984
504.20519597
447.303029753
770.529320355
592.907690089
880.809803251
803.365311414
603.518602697
86.3690179416
373.526496483
993.393923996
870.166049489
909.580005318
594.4961203
872.33710835
885.627385608
309.110263146
192.215019774
815.425614952
823.604260547
784.8295401
308.971642436
703.06950803
777.579353419
104.95985794
725.771737578
969.139836629
391.673725715
849.489573665
619.697678909
851.488112885
725.692807751
774.028353232
307.525434425
998.828252287
427.132295932
383.336497477
621.679013448
874.696484007
738.961105859
975.761854597
420.097983473
106.755979917
534.180877978
523.584163694
351.515279264
189.821501628
69.2771396953
930.717466471
449.528602725
288.366352448
489.744428308
700.701494897
463.293820556
543.058373227
98.5584046611
141.128348362
162.474495482
96.2206982502
972.211252888
253.111462045
546.453402863
637.471240775
309.186139092
894.000712527
627.148947392
566.248081696
203.177909351
7.25771996901
164.599522645
201.410548873
939.329597651
524.50876755
8.17948092193
901.391495689
888.615480795
634.010804437
143.890443921
514.658084893
577.412778066
866.127360869
863.694801675
666.306968328
91.449750958
995.791859652
343.204917565
74.7539525264
802.559190325
436.203639085
370.684423482
176.505690087
36.1135025174
421.720737706
296.427318704
826.319681345
856.675830653
81.6885635005
791.850144865
546.850153711
135.535788576
916.572076721
148.005435923
806.600558329
691.775857724
281.692379459
963.0240252
300.086002524
450.748372138
10.3566388787
175.52827358
766.835336284
219.175166277
754.709429888
380.693315868
654.615300467
750.541651517
635.140385942
666.741659295
568.297246389
576.326005929
731.621617366
89.1233045261
930.779156706
150.775046836
919.348174176
140.999427358
777.413525645
887.099000286
506.533743387
590.355021752
470.387569769
429.297447844
259.883640747
766.258388295
546.341043503
107.268256038
252.823406157
10.8201278542
470.089246038
211.716049487
266.694548296
62.3145902107
994.505111349
152.768089684
218.920244694
866.705812003
712.089685762
455.986651797
624.551765119
17.7541560942
686.065217305
368.984730113
608.155222388
579.713576165
606.389315344
246.530135636
743.229195163
498.195283107
538.558112029
937.335296684
494.231954426
729.94664544
308.55137352
157.379750875
970.481160865
249.193865788
48.9282295955
989.409561107
995.381445284
