453.30694821
885.904129217
902.166568758
305.574640108
806.907945916
778.463545293
181.449680921
926.69892599
747.090846733
232.864074629
982.169405724
278.719346991
907.603179547
505.91045313
293.219236223
604.48984596
477.342242283
196.161305017
639.33891296
432.234352546
386.323366107
158.392671161
349.087750189
647.363494689
634.128899202
312.403887816
536.567072798
372.673851615
452.831243508
357.150216792
241.788511633
1.18101127951
873.46958284
285.710230647
660.90426382
825.984178391
924.222464021
478.27994716
270.224002063
495.799235102
296.688343327
228.235186304
422.931927319
522.88295517
180.100897446
449.174644071
720.873024605
87.3842104548
974.366242993
343.930150838
639.364354463
21.6913445853
928.739978653
605.383933579
926.772382646
189.817155183
569.597726469
163.554890748
280.816379254
531.721374029
375.262981296
845.498827525
887.381638963
216.686119797
390.91593964
46.2644421118
891.124690557
977.700933499
176.671794921
209.869852065
85.5285513253
930.119294886
43.7422866836
278.020586842
330.723426425
195.272794833
865.654257295
13.833766946
320.81223228
342.312658842
896.319122916
628.956797676
146.900570184
844.948134158
403.079172861
380.527810292
391.052676897
722.82273503
576.811155734
933.200340966
696.824437351
254.743107613
543.831179846
315.909360366
10.2952658412
542.207869644
402.995660625
292.737223309
95.583938446
157.230695196
116.598587365
835.554276467
127.134943749
381.223066414
974.183967374
313.45872152
818.373756313
493.111820084
253.120851295
899.081480629
306.532332117
349.645476375
249.820711696
585.404043991
508.638138917
590.156736761
797.490932475
389.43933346
60.5306699806
648.33939569
520.788828922
317.142629963
495.000385506
587.251997858
655.49944303
540.344609982
440.884449693
286.588319901
565.519641646
793.703461582
18.4535169723
186.613509621
736.165268471
156.447095706
410.034433469
28.7678759328
4.34734606039
126.483002702
493.646293064
385.082313444
155.212912516
346.066277071
857.410517261
617.368936559
355.070296564
190.453880152
880.021957709
723.135294383
307.922282973
241.887501232
811.308715677
300.586703327
839.57665172
478.708029095
296.921470052
115.445628322
492.480232901
484.542895704
356.456746411
579.560750143
998.440596674
228.524756292
554.088345742
770.175861059
763.232640259
425.730644853
306.805219735
92.3291802923
116.873475476
414.999896384
260.746117996
509.697308064
571.718301097
68.8232386624
63.588401421
878.046772756
723.37714668
788.023348398
513.631356814
127.914401601
120.216355595
606.497718052
485.341524536
726.132535105
326.867417902
989.541377515
454.93341018
73.0190379041
893.666069559
507.510675874
233.656564348
604.969003014
777.116786727
506.280478974
557.766718753
424.124327221
614.46799217
560.618248487
881.053294383
387.072465166
135.905722557
302.998184254
50.0136403502
277.553319506
630.773971838
404.616112688
920.313759367
326.300421038
912.244701346
552.204697918
249.714005879
945.270436902
487.793265547
986.873831367
63.7431871241
592.741493749
218.266122782
269.366852466
88.2308181772
885.795674634
506.162064115
376.837441658
382.685111427
875.881804016
142.479434283
654.93183985
721.558008519
579.555505379
746.528479642
829.949990937
836.462238535
433.527444731
374.980148106
131.366415358
568.786831252
22.5900923558
83.7513141584
126.743187179
431.268674317
153.966030405
233.761788567
957.147475318
124.500973906
180.151329048
905.090168043
108.575613859
628.084508879
69.9645180456
874.645320859
824.869104407
461.582534915
837.573531447
177.541164891
758.748931639
435.108987613
305.597164601
341.782601428
720.439053579
784.61923149
361.649466165
247.580835757
103.354810726
651.363328731
211.159338702
720.302603489
741.912855483
482.937344903
943.975484345
206.94068764
714.273376607
767.536433832
916.413243168
215.608390522
266.781199003
510.730684638
128.25010612
913.013760387
710.40710752
441.215735036
9.31788539229
312.706831924
421.866882931
726.91812097
473.056944624
979.245979674
727.336222502
31.482046844
362.309185544
362.877646385
568.792090179
420.13393814
406.453075288
273.075222144
587.727495922
251.278340375
13.0082049676
342.197591393
56.9059256951
832.247545027
159.277971628
220.329359071
287.067519997
255.972305731
834.901619266
745.437886843
545.565817316
342.029695719
769.2179374
454.295861237
696.425505176
77.5607211232
334.669056728
585.086081649
794.805889258
329.858593417
511.49816398
24.2167716109
844.700414702
788.422129778
577.841823126
445.299491258
633.139953837
144.108750725
306.597331277
496.248695841
77.915166043
800.419532187
530.243072171
343.178413378
532.75429788
919.344801558
642.020085102
434.737423687
821.673572923
161.947807908
885.638714204
994.374382393
578.238645368
453.429739154
112.660187643
447.265832546
125.361202116
590.25202521
91.2519342187
982.208204397
736.243923823
439.968885024
831.084518357
1.18965525001
139.648128635
191.519797492
53.0948159343
776.954683835
386.454226644
363.52563828
942.070586419
143.759810568
648.296577919
683.782078903
886.20948218
678.635589466
347.982939069
613.543605955
498.648536434
637.80981264
573.277103518
718.037529541
3.38144998038
9.22982600243
209.495915895
68.2466913365
991.27622766
523.983638665
55.2350833742
440.729823588
562.534188826
748.502535187
299.793604706
89.053769841
994.403071792
370.199693986
747.25441943
152.70068647
507.40415038
480.693127063
480.040261049
565.214573638
528.250123739
633.444901989
285.553640149
554.63922445
565.379321587
914.961141528
130.380836355
549.833904424
227.980092923
146.463052446
602.238530315
227.298789478
827.626864562
26.4029886731
679.024716666
116.712246765
91.8420223923
613.598642707
629.424986416
80.9626179106
139.928319494
478.692009838
558.462375897
720.520968423
505.485883143
78.0358067495
769.179907227
469.834308272
791.606625957
335.849986993
689.840842591
432.171067927
528.920324767
394.127080542
612.218403388
320.574942227
28.9784214293
185.118896449
476.373265354
591.025136991
306.154647895
896.926343385
983.964109928
240.795784158
678.035435834
825.483930886
545.407262431
63.6435509185
398.170232124
647.801383911
365.068413311
157.048761665
130.750490353
772.92662217
293.29372053
465.78586102
653.89768886
286.320496787
284.219141114
473.566113102
370.957893977
221.576753258
401.293877398
325.498139448
531.113024688
940.984897263
657.458576991
122.617473191
558.973552817
935.585127212
199.667597128
339.035065187
173.995692171
527.282219761
85.2806201879
727.920241736
825.578043294
728.382294628
419.407965919
222.643570039
709.163280886
620.761195537
381.465682121
664.388262217
113.994097732
162.40013779
645.717851116
91.9684252392
643.977566929
520.429340533
545.644553883
526.057155662
2.95707221329
891.54479614
313.728657341
121.112132329
264.222411251
49.0254649176
624.487717412
456.355801613
85.1374812123
531.428389695
943.180211011
855.430611772
779.19528328
26.7158641388
328.940088905
835.89063183
172.712955548
879.65905009
111.823503718
403.454804904
324.49033507
663.988491199
167.227689322
557.982660964
950.385405412
13.6485051466
508.620021307
988.029566027
920.861732642
700.538289654
371.382121701
188.928012104
596.685687541
801.465888298
415.364726381
914.156783768
707.950766135
914.88445839
790.072656104
335.494673993
412.042673959
381.129374401
360.05433475
637.272766537
327.473586453
226.865120815
713.437100989
330.906610809
446.398557272
810.866620125
253.211543337
521.678744431
632.540648996
581.685425416
653.882375023
895.549511883
570.043465286
782.588915022
98.6852703122
153.500095783
880.404948729
255.939420927
392.501147605
742.902780255
183.818499389
759.573836049
133.876146831
32.8259784419
185.135381045
908.646924235
204.974103281
351.327061702
663.956550708
171.979726282
139.16682784
632.508140942
114.141916188
147.970297176
452.885105245
387.017246038
638.141672224
981.50752207
490.29990055
725.955358987
941.93440614
357.931412539
846.519744439
641.766737253
267.378838319
431.986666377
869.822221756
595.674099036
966.729231051
90.1906507739
639.439243257
682.806898585
930.671165492
22.3906008623
116.563011887
527.090039166
660.233856402
969.017897394
81.321842715
289.804705471
221.011728226
245.89264178
195.23803889
175.989465112
424.374673007
146.047803605
637.848448783
814.430173956
622.330555241
174.924897818
360.156719773
398.68443007
439.72850202
640.101872333
26.7483691808
881.029353085
2.46612360863
788.883234852
372.914637667
851.252943662
201.629959419
822.043655549
766.515355246
98.3242869601
932.794749115
333.962883826
169.79859187
86.9132132663
824.047754875
325.27227461
829.095796591
613.695829463
497.422495225
536.733701854
856.488262639
932.298723113
752.933981435
375.61520144
477.232094701
829.234969714
6.94604618516
124.120619823
108.878753867
151.691287394
124.431962569
744.579868099
96.3643452153
261.166566501
744.314758647
244.157244024
570.501182013
400.432235665
561.498368383
854.672313957
625.189058203
217.599174017
405.291514258
511.801390642
930.072494086
984.538847919
934.264567401
875.403886329
389.381526986
858.962392006
272.12420009
856.734332181
903.671108727
779.6681429
127.513005886
362.5148946
566.960570591
775.638355609
824.623338995
277.990754171
189.042135571
172.120558338
816.883796071
415.147285443
423.652412243
58.9523187475
251.794114688
863.872608189
666.961425565
436.506975696
902.175709615
412.767950621
781.175685375
859.333857288
456.470627918
773.601618024
875.466973049
575.926378825
785.901165231
829.097200243
452.318570792
736.995830038
646.683517597
640.985335298
659.283775415
93.5758036737
617.350081635
226.94242414
171.857740633
494.71811689
635.533069696
244.329792164
707.738776876
105.289508544
828.521035647
901.454208429
447.941640691
695.039733275
590.775829588
909.538530037
130.8237009
548.354483339
311.958104892
913.812119933
542.957442827
513.052721843
152.124768588
724.259814809
653.886340606
716.771091733
892.906187092
162.527037459
762.888344196
727.221933679
802.598356021
648.938429007
148.700533804
288.788771299
102.984042719
519.85910522
534.30748082
857.288494815
452.165388766
165.213437672
550.318067326
332.592125933
587.911344577
695.74462721
91.8202045164
191.77628851
864.946394732
31.4105447799
368.407971503
108.064913916
891.306046558
765.910235443
93.1412752153
507.290664791
382.084689646
47.3342269515
509.282128106
545.905746403
527.049995658
81.9656359542
936.646408597
157.544388198
621.095849307
705.163013544
951.12030852
315.089112189
230.116276836
275.759113817
406.969917339
894.25596096
593.705449626
430.772689354
400.336484582
802.685192034
948.045201754
946.687452098
511.528795987
755.241417229
505.910198541
96.1851828829
213.92768427
592.861317662
954.775923333
131.073536126
636.890012936
864.117810944
43.5732607393
525.247703087
616.90132078
298.434736341
338.23073704
895.986590158
379.626902816
11.7816601149
284.560484181
492.271593186
771.881685118
104.706515004
253.590219329
683.665008837
797.553096441
418.282394609
510.433455456
391.196546099
464.723155571
843.876566767
342.607645739
513.303054825
24.3962951276
247.614679725
407.332638633
993.370993759
580.247109267
427.592422038
106.52236087
579.731019074
866.042424278
236.402584811
499.364324656
148.270174824
250.104273174
10.0084996744
315.742327823
754.624019888
541.277811338
835.682830879
937.131605101
203.211163165
323.325577239
961.29221927
429.404868766
617.588177433
95.7067325434
242.948139121
681.848044232
764.939999428
631.01669567
903.952299828
478.460592287
75.9744648516
773.346487181
8.44154165116
797.953791821
322.522307661
626.857577052
861.180269016
124.42830785
706.681278296
866.820292952
640.211693603
929.459259095
541.418628336
895.151879865
705.8026828
326.461939945
373.856675484
714.916737
968.737687109
829.692190518
283.479305758
333.407766085
141.016506838
391.427366759
824.716033305
710.863883685
778.027670991
324.010332795
953.244840897
298.072568797
492.106036603
579.473535884
944.305669682
453.684109758
337.044553452
462.807063891
231.642289445
260.682390243
527.432311661
274.884278084
29.1054780573
864.181968606
747.038582759
437.19441593
383.708983669
390.195730327
399.639471714
643.026165244
27.9370494162
612.903296587
71.6855237088
128.982803899
547.529772295
26.5780059802
47.5265963724
808.65623137
925.355177819
430.771897555
30.7301446567
298.609874727
603.52015381
901.275687687
489.176546113
883.75343183
732.251558747
543.766556609
489.320159598
705.819783947
307.965855661
63.0270877777
306.618744214
338.780582854
941.724112155
258.854112797
182.674538528
608.566525204
1000.81980949
970.41577269
956.709245683
722.356972438
193.144179131
287.609670908
54.6684920253
200.953227081
114.523020897
35.4208200115
154.845812364
603.803652075
544.194081366
494.068201574
699.372865671
238.674492138
424.614909292
886.769960851
768.687433198
835.373510755
741.821610372
801.305969811
918.654092317
574.930552226
595.179178972
633.678116672
481.22901208
922.944328524
644.02591775
612.232248126
834.210237714
347.713460998
54.100841144
785.065801357
20.0922457229
887.018259628
701.615082471
132.069148892
519.335097971
677.891424896
151.313864612
803.820978137
503.429076644
747.447730504
863.118094357
440.605296001
891.571930065
440.403708948
155.940990076
676.144332454
762.532207959
372.860561934
619.704204914
803.841316893
843.602532692
51.7432341569
922.031252657
337.729170038
968.657016745
750.066690645
49.2597901947
12.7492451766
736.927603554
955.309254736
515.462070274
30.8341764576
7.31996206408
311.995917668
850.938592598
393.609452753
679.724202331
9.87694323344
627.671109101
974.561428636
945.807267537
722.513987429
543.899611705
865.565252632
562.064998891
157.237083461
815.743127558
288.42808873
761.615259143
177.18930711
757.010420271
251.860271379
582.634489141
204.311870648
574.20490986
333.500541598
564.319292878
520.484154026
71.6739783377
76.4205718963
739.973432504
848.474725696
456.862159597
187.727959828
367.948757003
480.62925804
841.539165959
604.808961625
902.868150139
119.430493251
