919.068467522
817.756555585
844.07605521
228.424218093
278.221372187
203.345848986
891.275391159
973.888282795
672.266162482
449.871280525
815.615948687
785.059690238
763.186162467
816.564795063
77.3005183143
649.288094844
249.045953295
259.750813725
582.792181291
624.636358176
901.671229518
768.285546132
297.993025002
619.368362206
900.831535955
103.159271696
997.40487959
918.300136402
25.7875521939
289.649588167
980.448955232
916.591491089
364.624558858
746.971851175
322.049884551
218.865161005
27.6153453222
286.093766005
225.27792254
32.1857958313
867.536491201
975.326160464
530.696858079
519.96571733
80.3769764982
90.7423573767
663.558970232
405.349336792
246.271648705
679.142175559
512.579198788
370.458830306
715.825750732
11.399150535
286.804257387
389.23207731
958.384298445
462.600061361
840.07423697
777.470613416
337.543618549
167.387817505
654.653153961
457.713627463
747.742684019
890.824635147
405.609200317
69.4172350809
591.760933212
838.963776076
286.151600292
164.725419688
878.273606406
606.520298021
74.7491091305
974.692015483
506.873316067
291.459038753
488.849999353
740.717328368
466.995050927
70.6617961747
433.905659726
885.900834869
228.619096133
906.714699231
917.775840957
766.781341303
992.233031442
684.573764308
243.555905267
445.903651471
193.360305173
513.242221025
737.300366224
452.070277293
263.685588125
970.919281358
83.1579936944
909.911638555
818.77839554
678.321630988
434.89609247
852.279947163
237.457807836
528.061294988
246.768383444
997.944803702
31.052555097
439.545072999
549.163705936
968.91661723
865.767734328
209.933852941
595.235549068
4.92378833557
204.219971109
600.455192082
849.762711453
691.526048187
745.646772336
771.119725985
672.757513575
414.147399056
543.380970262
428.349036473
946.126262494
294.576463199
62.7418515477
338.406039953
903.523943027
697.188576894
411.189164692
869.364881485
482.143905783
674.611959957
595.8579304
849.632947812
210.588988521
542.018647062
665.911140704
296.510754546
402.587173279
453.455587381
804.987938955
682.0310571
499.575255457
287.929773964
911.273962716
292.633761587
896.512632295
911.613725824
250.881084931
140.55663775
175.851286051
55.4292892135
131.463706765
839.619767429
336.630141177
163.39143426
984.046583683
341.901325143
488.892194435
6.36686677336
239.981171512
314.05454648
54.467901806
113.978283878
2.00523651036
989.008964696
145.963922648
638.984669003
915.632965603
586.987646658
929.690412894
569.755787909
672.26094094
802.346199793
596.172809366
600.825972619
938.726378022
85.2942879709
58.7135983617
230.244182251
253.118844306
882.614475954
668.247062927
375.051872945
204.030358592
543.366781744
695.615414934
460.449792622
541.363309392
910.674086229
986.081325033
205.272957434
402.835628886
711.952560796
124.571730888
884.522274892
189.407683658
380.052081692
739.56759467
702.528259679
418.67707916
634.544098686
993.248749975
357.936357271
749.25737915
965.695137468
485.011580261
892.630118722
557.289948684
10.4668692222
776.345893053
694.372759887
41.477213531
653.067765274
854.735504061
472.056404766
215.671954635
504.396705475
987.194433073
937.106946117
327.7111653
169.681350812
996.071714898
607.651286188
872.06942011
206.513660361
39.7033299987
220.98239048
737.846258752
820.726998165
451.927559303
850.668030516
697.393745212
305.180019298
257.477154078
580.991201654
372.918137723
863.042537438
517.03634845
608.976898173
507.523209868
231.122670234
683.965060571
48.5305731998
98.3995806651
530.394205968
487.823102206
809.115868846
998.78562354
454.453767122
123.135533576
878.798016482
104.33845888
924.440304149
396.52693245
29.1540752386
393.04422616
912.348648269
138.833812779
161.232411181
786.479179838
744.438502741
8.09116809812
983.543535178
208.134553699
260.702100872
260.212888113
665.025276134
809.628856523
750.689181037
777.875355427
528.012747273
362.384702992
604.124293598
14.3249786359
700.161956962
536.911768243
82.3974817023
874.087915697
293.548277676
524.484915339
649.955197378
497.427258933
395.738252028
853.697978604
749.535224847
324.123146643
421.435411623
170.10752484
434.652605861
703.201114706
109.197550797
555.897456967
927.446423007
867.873941023
883.665148017
140.232633692
809.111986636
786.612754158
209.061580825
29.6215817609
108.574744069
383.457896335
777.170786429
50.477422555
423.74088363
284.110908374
41.8595136713
405.080704449
627.309967586
359.859735381
127.450047474
252.684996019
437.671201827
122.138395487
887.759122433
656.115794523
370.303569908
113.826320515
239.884302904
361.812370436
397.234628557
491.711492389
36.8104135707
910.264109755
957.231745041
251.6776626
725.923592838
838.29301376
352.054465724
756.469433859
557.065307888
163.574814145
526.877297515
375.471475168
76.9134486163
619.652937214
654.945465449
610.043598281
870.729996279
798.289725943
593.024758846
696.56616049
788.44831579
842.064557998
863.293668272
495.212377719
35.8990072638
530.636413542
385.198469228
196.487343144
245.895849894
266.807048549
171.001326132
202.174305257
562.246619612
388.076170058
52.5354827919
583.424225119
798.463285643
178.397079216
375.073361423
916.755460005
232.752167133
492.416625629
579.168705481
946.98973586
760.686200898
275.45841039
924.009178655
792.520170602
466.89762078
698.252960468
764.047912069
762.122093965
818.993797618
288.763484913
329.76763002
433.039731319
850.218222608
239.363185309
733.652654326
830.246059173
912.707254202
360.200885194
709.012803289
960.949857888
416.918399804
323.668652615
514.196302832
221.465447694
27.7068183542
46.6067691702
286.322981801
74.1555099802
570.681214342
124.491193001
359.309436274
469.369446015
326.404216218
446.947149889
598.874173742
312.338183277
759.299100311
347.243239873
577.728008804
462.117168191
631.641592702
503.443196824
839.840529556
750.409600354
75.6669464559
230.276595652
128.434241741
222.843064632
545.022019895
41.2745144723
681.817078832
550.674640672
868.446797662
70.7893722257
549.739037923
103.710588825
286.98520032
755.366090406
513.117714314
149.154902076
733.492275606
889.984341318
169.568833937
798.830951437
378.739990177
893.453452946
25.0208353516
978.960505228
631.583961462
695.554375383
351.793080192
654.897658185
840.116994988
939.919845306
580.969560826
11.3008408664
671.550593273
581.730560068
186.449942638
96.9678689638
320.183220057
729.730384902
489.137283078
555.892301763
477.552118905
274.23126827
275.54803031
618.55208752
306.040670428
380.182100748
86.6844625234
541.698724893
464.06186552
171.90865588
608.291687766
627.846484909
305.621561497
0.59746303023
155.660858041
846.383346807
36.4416555508
810.964671378
437.453356714
373.905763217
679.6757759
589.947475137
381.841027637
395.913451788
210.157772946
711.165453592
753.839194749
419.505612069
782.335030905
481.133727856
294.306546389
73.2294666717
907.351076287
821.830862138
578.975728585
158.043211017
130.36773388
636.769113441
631.999210505
992.839335871
186.069812189
236.875264951
894.146274688
225.112438608
59.9544987648
579.125669113
434.682862642
538.203656332
113.579002911
747.855051678
107.92045998
683.340366601
746.822537638
101.117352414
901.965105029
902.300097356
550.80467747
185.368593783
695.300295376
377.42954417
119.497844496
623.474365378
769.106690611
963.017949852
116.129418782
583.190718217
486.532170437
184.185334787
387.629718701
249.606452546
824.21621753
693.201940279
967.206204899
333.176720444
930.983172614
215.23841267
371.601796969
112.29336623
567.833696685
816.192727519
819.7613571
472.665056729
290.761564541
388.445010355
983.210292745
658.072184741
470.100263565
608.241207449
760.853182726
730.664727226
465.345154007
406.700022985
145.998866267
24.9706956722
673.707998368
503.822736224
920.757461754
824.760281771
706.406028778
433.53097802
231.019689511
182.343088007
719.022357334
871.118488638
48.0708474425
291.705341252
138.822375661
688.169561755
566.693863664
530.529985533
969.034415225
956.899531481
918.050573318
487.609222676
368.574518199
345.538432653
980.407082506
225.429986686
259.983261578
191.058798404
404.197995032
94.7423166726
824.502190611
504.745051619
489.679352155
100.373027587
562.139710781
584.806703249
250.631594453
87.7641372986
390.309097317
998.647790742
465.891899224
738.164198529
837.611401511
982.712694248
389.51085407
92.6103985601
962.627911449
312.77020879
231.308987524
809.666485885
619.347817671
279.622982646
47.5977566339
103.589564894
600.234711267
949.241312256
496.212947905
102.328080628
287.433567655
769.761168408
592.856605853
210.184969426
893.666826738
527.915282188
163.445160252
927.989588506
821.192261019
126.418226672
503.025185085
528.664275795
245.151690148
107.364478521
930.431574968
617.224264561
498.824904529
710.82279726
162.720165943
912.031512413
794.909750506
473.11941428
855.163390425
177.265719398
794.669865736
43.3475124699
949.478555746
557.019565367
442.723765967
953.767459103
762.963228244
332.42333236
184.7188395
439.800946724
236.110804377
857.199242082
243.444150875
991.259040954
691.612845336
698.32955324
623.986343582
247.065665897
245.755214339
760.084005792
864.341156548
921.572444765
424.845198747
796.027431769
731.622695128
183.096305913
577.36950878
173.941290826
287.2731231
532.898334259
821.424240341
689.307647984
970.114449063
576.57882791
954.533026183
902.543834134
232.9557331
810.142198174
862.977899359
863.442167122
530.983594217
496.090263899
100.702680449
579.406494874
960.967029132
644.788089961
879.715197618
174.12784442
231.898574806
390.828634559
454.036872018
598.839915378
937.514256074
667.838331262
532.246570079
214.229163618
953.432394298
729.063562618
291.202251696
493.836149463
167.024145646
272.47470053
232.524956487
592.955753836
241.475216618
464.86754868
536.705556251
192.191889137
92.9877020228
329.223662952
350.477867097
687.741867407
719.623453896
864.284568156
528.809804459
201.500120878
437.485007537
55.6624260434
823.840152284
195.872548853
132.484712094
661.597235614
567.212965005
852.705359028
874.829551847
910.889160558
985.48363781
608.041934178
736.905138701
641.889859405
808.931402031
89.42314177
399.620406409
518.934130942
100.452253425
677.560480571
643.211307493
845.893992336
217.228636549
416.973818843
191.744079082
932.366772163
669.785922576
822.391341656
204.256347809
257.459293934
793.586385341
524.349526206
816.315306725
462.483236809
54.5931475597
340.967308797
350.894614048
752.713551189
462.637772276
69.2488087216
864.642898265
540.718987271
928.068116685
171.546659247
275.485463334
805.965355523
685.5880244
205.337805251
893.922646076
124.061670594
528.096561075
960.620703411
484.982016722
48.8232725012
678.328351158
170.653572753
260.06322028
8.95117941006
993.109481675
69.1589984503
463.976054728
142.970454311
299.722982977
849.229104177
838.426990172
185.831649838
653.3151475
429.491564217
822.743792512
395.620391674
117.08093337
138.549675376
150.555532635
876.024317621
608.678911604
592.397510052
551.098211999
981.655982278
889.269433759
304.495434875
713.838161703
691.588046641
93.6357978037
591.093633363
578.314133415
729.528744471
1000.50370194
111.231574903
645.690218862
178.164605954
10.5619573588
874.525193507
94.4743742772
109.277579163
728.112263631
985.093963459
187.352811205
647.534663079
458.812124123
337.056205156
52.8863972737
87.8452328678
381.215161929
838.309210385
641.637278814
111.619461888
722.308697232
454.897188388
497.026994163
202.722658807
627.400827576
491.995207532
690.52761777
432.556865686
829.293704972
481.041180661
539.394669111
37.6046045688
446.549606323
623.124106664
185.422067521
542.925477776
527.652040419
860.213188057
385.052171404
44.6321000822
664.541121472
148.602985536
557.584408653
533.198152515
295.467033623
798.459228865
890.631382168
643.286913122
323.152728286
852.12846003
761.842136962
616.512334355
175.731752925
179.72586079
883.691697607
602.663037831
383.826422953
656.902276493
399.287201612
66.1347586578
521.708133645
452.301807419
458.59886087
301.107806158
61.2933249975
109.959315218
893.451137138
225.453276948
601.70956822
493.761209335
510.431249325
603.17044544
429.944338555
315.318154693
233.202928607
982.147574668
842.294467664
481.916050866
771.89555186
405.685998625
548.996953735
124.552806949
489.560674515
627.737076786
574.110398272
33.2356854597
31.4582957962
843.698434998
665.137051922
631.479500167
119.906295468
538.578493707
382.999094112
248.40318856
191.768841569
23.6712085265
962.591480875
86.9538067685
545.521127807
703.837438847
62.3196723676
330.628237016
169.026675439
119.749234375
849.449523718
404.566560904
564.125072177
245.096104821
748.729713103
680.696778408
226.54974673
733.639635328
583.876566029
827.430436415
294.249743627
67.8076158815
354.016305787
400.379687138
40.5547230695
160.352268773
550.600673638
835.329185087
549.232826522
871.147438009
932.85269136
105.808353943
630.345318648
768.860865897
335.488869979
281.101588821
970.49655243
329.523433989
11.6071895858
127.634442167
340.143224273
855.195195649
830.669159243
710.081962124
620.525992386
488.951068995
17.2399975833
996.929101484
887.34901088
410.640635626
479.938584846
87.2456807666
505.044736127
275.102408446
856.146286383
867.122335031
730.559818481
402.887810271
672.311645085
388.282086586
779.270593035
379.903816164
126.482289911
659.680443069
435.886928108
841.296731248
608.395624459
568.170203986
610.92372859
364.23474763
405.11685116
892.128740143
542.474432933
642.65105518
222.380465218
590.706563603
418.282210627
472.575238634
566.34948946
623.786920112
112.790123544
134.097085363
868.568838539
456.578641149
579.55336976
153.752182065
567.293005466
336.542470756
10.3781519099
571.498901555
248.669188244
872.373895215
202.164232637
445.633443011
125.176740589
272.777078405
862.309163348
272.80238365
614.034528892
381.487770939
350.275023575
528.373240354
697.562652444
836.503449316
84.8631606343
190.033668334
630.30921009
186.68082811
334.905139385
248.797291595
2.27241768166
133.792095417
517.078994163
363.130311693
303.62101573
