558.781012693
227.161128917
540.993593344
653.718141866
443.709626661
174.09088604
834.00020411
519.457712092
631.196426167
244.900561842
882.482295869
810.058506603
741.324083308
55.3884045663
577.001015503
22.4380266866
904.931397743
494.832933648
190.614895039
672.647708696
903.820873246
839.065122529
194.433116756
180.440674503
888.780982959
448.124511048
878.212844499
829.403183458
254.685158375
717.036361743
26.3403065589
648.692546765
194.875980479
426.995773226
447.980898207
316.215097425
827.566420959
114.979161599
455.651762354
270.608326991
876.409237572
761.301412427
668.753615844
740.308050587
385.742377557
834.002358969
642.463664369
342.483425778
30.7599351747
433.681645565
547.727195869
294.94152694
139.031320775
805.77142206
802.615139344
644.071444135
622.857656665
370.546041679
700.044563662
632.234047087
112.32418109
277.453364962
505.788216947
872.120903434
19.5646945838
158.031938304
92.6311200704
757.986589695
699.063668203
72.4593008324
583.645524785
935.922914337
788.312345849
604.482945866
589.259931344
517.865744007
189.389670798
385.912567334
339.731987597
182.249042653
744.987320183
510.08437718
765.324498546
236.999716153
931.099133011
175.745425079
957.535986105
350.405055998
167.932320888
296.560316352
823.292343091
636.267948769
507.668903568
880.553824012
517.177462519
918.767359623
249.998582049
768.64534446
979.724449644
57.1066444962
329.00180054
829.562079867
220.351348945
778.295357515
218.501526979
290.917093478
399.344475797
783.176891987
197.344616364
40.9033801437
424.611600752
592.550489075
799.604959445
501.338340526
565.096711457
770.102918451
46.4631396537
706.89705402
751.619585026
522.524945865
505.75198602
73.7432517363
200.699726147
428.659271355
957.979444009
552.8494345
298.391837448
87.0370201677
728.891649664
234.002952656
117.351227149
650.409278378
482.380100549
410.671126769
567.250665095
563.445561652
544.374318598
906.835667093
460.386278171
77.0196485804
816.689908095
486.769914629
34.7002121473
815.973466645
193.286694174
200.455888178
918.205098332
361.820825345
863.566234861
913.430280175
312.390353477
244.335937652
643.036441555
373.89022014
388.36239919
414.236828896
80.2514393397
960.376952628
901.03048643
995.271585749
898.597026676
629.973493156
686.739794153
28.1254465025
260.701028759
117.342248663
468.946332357
401.028170361
500.243406779
998.890729988
595.052470607
880.707148387
724.553069734
69.5824179683
408.372571786
127.028146626
399.253041204
80.3549077478
764.359364074
214.225252627
881.349015383
729.892387244
626.401432701
716.05465522
249.050703135
343.505264207
820.740196582
56.7112626962
403.171939928
989.428429965
858.632871427
941.86831855
679.237897813
538.939028304
174.947957363
162.287740958
330.21974795
215.800773248
558.695476677
479.274889564
724.010409741
984.851692499
172.98174186
922.19376633
947.483187307
99.6829875199
374.073575504
26.6418457619
891.276694423
402.768061468
340.981324162
748.691638897
851.42530919
139.776866704
168.7504205
215.84595492
296.199730189
338.585064713
835.358384413
461.14436644
25.4665040299
740.040468943
580.101476854
761.921221021
433.874202611
271.680076275
953.117585348
514.164290667
310.974587187
741.305388084
41.2129147611
865.120316224
933.405108369
713.677198662
147.099071646
333.05030626
995.15348859
935.244192374
163.01765902
557.170188861
723.726759397
49.0369527386
555.583321778
969.049969266
241.066369191
541.275110309
824.668166874
332.052986865
940.040073744
916.541212235
575.233707468
669.951614609
942.53183422
25.7506112134
971.414698486
584.475213258
967.745874648
694.388338207
673.779565939
612.089819614
311.804538809
242.835093851
96.5095512299
742.111681714
420.956064585
556.93543675
911.459481735
510.153586958
325.59907644
710.86534423
7.7484410454
751.561202957
268.125131489
824.071081465
135.964922789
92.6353599478
325.210499533
171.769832408
80.9670023947
731.277385582
412.615268804
990.040173667
176.240463527
120.837555705
764.639435118
874.727511038
579.804847566
448.126944337
914.472238685
577.863751202
197.272724158
667.330782835
991.352606073
662.666595114
35.214209049
479.346194927
309.194183936
548.447392837
577.186673304
966.80537021
706.262076619
156.48129979
897.506192929
961.74665266
91.4488800146
953.345297133
12.0042692725
494.575367482
308.525692713
720.053064731
174.466723023
906.801013627
864.433911356
603.986450042
915.272200984
244.474510014
383.041349964
28.3854093814
540.584356961
438.03029474
261.089540689
862.476993681
116.250943379
276.755655227
531.301693175
80.6978718776
416.234319649
353.916095469
228.933316985
995.597035416
638.224805523
824.124171552
454.569517886
356.507911961
404.222180936
633.526196775
650.377789174
557.184133742
818.256035628
532.215418152
310.722237102
286.044414516
204.711097724
577.664903777
432.332821046
639.290163896
498.158673945
503.261066882
515.710199296
171.056344546
934.067485756
378.070515637
526.032260729
23.308686885
890.739479193
683.687950634
959.012988791
197.555769082
114.510745794
388.368546045
43.0092122067
322.716271929
255.700807163
314.547911408
275.743402843
601.48374639
656.401542047
999.85053284
69.4280744533
324.781212342
197.608193752
940.378089681
498.88564926
21.3948954065
735.260315241
128.407782524
12.7628301741
775.798928352
906.207345899
95.6176702959
722.424581301
244.246234931
599.201799515
228.029253448
322.403028793
265.164979851
357.752571311
882.20083806
814.23733576
853.850398127
365.661687886
161.56685034
67.6060066469
393.33286844
473.82649336
407.779388971
146.582761434
780.686627041
239.614728189
834.903334263
368.15938451
718.49949247
490.261326664
441.658448105
534.482723506
774.425258006
760.011226817
565.926548032
170.425873391
947.52527368
641.178632428
189.097677576
119.247350551
378.098802642
395.433271934
982.916649226
883.80452286
412.660439937
321.637138164
659.523164838
119.125794813
520.009015332
74.9083477478
848.638973788
625.792594493
634.259419117
642.544874625
275.282810167
36.9369971187
747.569468764
700.676855162
457.90899993
776.867121359
360.694439197
882.007171034
525.156928113
752.755335397
419.376303624
280.904454088
599.690855438
93.4305981836
357.914156766
929.350062005
827.498371876
806.472699315
467.627713297
252.738969281
906.370088868
948.852469557
716.541583163
60.9339220224
809.807061096
536.124121562
542.829084391
620.351485935
924.512976787
962.516813623
506.824867592
18.8628213805
146.673433265
174.12203248
945.802669638
916.224669259
104.22105158
522.411366113
362.308842772
730.241447299
498.244339715
873.693647426
191.779668784
268.035351784
50.3476737192
733.311186524
564.592383545
725.570015386
737.787313672
7.1016863645
559.583221212
825.699877858
225.574629624
628.749115523
749.092842065
878.016244977
121.783616401
981.041202849
264.059846382
948.223886024
957.026294407
293.109319106
676.999019356
781.108171181
84.18437077
776.068228503
221.551312206
325.404723287
853.240354608
143.338453411
680.437541358
839.502321967
445.312214539
416.711078053
341.837519433
503.657115276
616.939842804
648.070163441
622.934087098
200.918024681
29.8391443626
726.817754784
996.445743213
24.6090988
923.017330673
752.933682672
236.635943781
111.048512884
954.466451853
933.618177983
607.401412557
692.603628735
555.944534245
791.715151131
152.566411687
595.946398148
749.603362235
194.349493122
907.281007149
516.997255124
979.61255861
673.708612261
438.728044753
249.094202378
445.38692988
514.131349325
304.298497832
179.836190752
782.043902865
99.4568173233
504.654572886
641.513616915
648.74663241
373.842924973
511.042358158
394.381294462
305.392897482
762.368315671
261.057336799
230.381559764
448.669628694
172.630689415
237.104493304
382.853961854
470.059748986
371.933149623
51.2030177177
990.063905353
853.507152053
493.799745388
444.50590594
224.773169995
546.353250925
101.64155771
707.395112183
548.592369616
301.85619109
353.543135957
985.260517226
816.327761805
714.428887491
271.236060258
157.165590541
546.253035136
366.156028031
164.807266713
833.800762109
293.78967113
475.009013252
592.648874649
891.656508964
433.548181999
673.487600811
825.59213346
84.0531563484
950.535259291
744.878502606
53.5371454308
720.153452123
964.747119397
548.016783577
730.611062358
684.79532039
682.841728522
423.26773998
853.956118913
114.170651932
644.876917666
243.390474562
837.197999926
416.98352626
810.965699116
994.971717238
408.112393061
569.902363122
641.472797778
981.12522943
81.0668232639
515.084135852
887.382645193
680.150495331
212.95636811
688.05705894
7.24906965907
182.638493494
655.023229485
487.598655006
753.340186291
876.704648435
480.319453654
748.858117435
744.108992766
684.749726042
642.980775116
580.323670036
833.274439806
837.569194015
101.305232501
675.534259088
97.954613312
38.4891136075
893.78296867
630.849762564
405.067890327
647.130293115
861.405151259
297.437177338
963.302770421
656.689427899
6.8325512796
439.396661113
710.951953914
912.228947302
284.351766702
812.017754158
55.613659643
316.018346478
810.956263413
769.588059473
698.072746442
302.213463657
897.494897577
923.968803271
934.704013567
483.310219758
456.641790869
345.793466209
542.119668117
958.301889464
647.191663909
887.671088807
874.913971578
290.64392792
530.427300472
360.04177269
14.7444263761
75.5507793774
44.1784400537
897.894788917
783.188411008
523.738799174
839.035827509
142.383284941
237.299198034
57.8958993082
204.505469507
693.566308938
18.2337713038
260.367954833
609.328864422
18.6209406073
889.408076348
942.853647445
426.491351003
652.105178723
835.593335079
26.4657209252
232.656598937
601.270679728
662.198523682
406.449687509
524.445174574
787.18251079
35.8607030852
145.316503037
403.104179617
604.687436989
211.718838947
104.096816664
357.072952088
14.676504652
19.3470650221
439.604681318
472.298475711
646.6215656
125.740818655
395.548415736
622.095426812
923.756163458
148.524684411
466.068817834
544.145884554
731.241088267
521.987163061
910.892921719
319.323742441
287.179584401
0.749672892508
936.951972092
387.236406814
697.212872823
72.3352342093
278.713986768
493.835601068
917.244771331
90.6095425089
684.657394594
371.209434453
44.7911269478
695.552866022
338.562532301
667.5429035
461.30073618
468.624413035
927.05320541
356.389815399
655.389254056
728.206800663
829.847719905
773.369483829
176.895210782
669.705051059
449.824395777
607.009467692
214.999152821
353.983622357
697.463014285
538.031713332
761.378760503
34.099118883
896.693833025
529.993902747
38.1726574042
832.977323368
433.928922696
585.219846594
606.751148346
283.804081769
522.146352179
918.238888365
117.599587501
826.124710305
426.796185463
350.08907823
130.803459534
13.5560660343
271.690248743
365.060175834
111.961047452
168.079219819
243.599424534
497.982990995
181.316102851
545.306102518
291.89210405
866.715930832
106.211675849
225.59890919
215.246630584
561.111985913
713.891657411
517.872647605
38.3939482954
275.483479311
941.628505156
801.381898856
616.758978877
261.403443589
777.105153726
879.46940543
190.270573634
787.362258416
165.518244255
367.72420679
192.592438988
646.549548327
799.439043144
224.80976048
41.8487087114
935.488649276
270.725719927
702.440805967
878.88353454
962.186529783
200.873703007
508.677562606
544.25253689
620.43470358
855.669773831
367.274421901
8.74224901409
793.814159288
510.577730443
929.958512697
459.240346903
476.492606541
122.707725228
886.369073518
753.036816411
747.496793721
899.861596598
946.997715267
956.801434149
205.771106436
680.744914982
561.345091593
276.834418528
991.579125965
382.762479921
357.841337717
834.130384195
636.221796248
197.000964225
573.625304837
957.080464861
986.146290301
326.786076652
237.578766719
211.59668901
626.906507722
1.56978488307
257.039956217
120.665306081
871.44106805
357.737096255
302.444519469
303.839933887
908.504769378
373.926983304
375.173117742
904.42113643
737.959634842
310.205457417
274.64835048
191.015877617
64.6207360425
178.445576477
443.815040637
711.783767511
724.714169184
785.910985965
863.656466858
287.229357836
341.580560587
894.113447358
31.9827729133
865.431453024
291.322091257
40.8099529569
772.324777679
336.706366374
92.7433540635
816.400054137
338.695935616
717.109762428
603.98230642
128.064001732
767.486362425
570.274165141
541.729917929
941.572592739
151.258498463
87.8322790472
626.248806305
544.25847453
617.449251249
150.083880709
443.180348376
476.264344175
558.40323353
546.564608716
976.332106671
164.78381023
891.433609544
327.958687888
997.69365438
148.966959506
76.1603709855
544.043099578
947.892804218
307.063977196
258.387548551
723.315894711
303.214688966
811.190478172
624.900933525
425.285154521
914.223303096
559.556916159
422.640569858
168.527767515
675.269726495
511.724851005
100.772754279
628.766113483
457.96054135
854.052384979
713.654497452
837.880338593
212.048346422
581.994600856
953.934432311
121.305971607
118.805564829
108.91494407
536.740148678
545.617996954
101.737615214
440.621315294
614.406388142
853.102042117
767.378266036
665.040655904
923.90233577
361.51115309
202.346335641
919.67488143
5.50525083962
642.998512737
226.951050409
396.451746999
494.8100128
878.18600754
476.978027639
761.418621212
140.186453789
809.827126165
475.874173614
732.348142284
368.860744964
665.814211612
857.566748216
635.31955489
301.838132488
498.390028198
348.668000488
525.256389175
809.961337461
499.036719772
938.870425975
802.807818474
184.297544596
56.0887444816
693.409577199
292.545131723
654.779870187
143.339609698
675.328220067
990.084681442
767.102514922
144.112332681
86.1722812471
391.593722303
259.850969621
331.00298019
47.1917864785
432.77536494
918.367670559
124.89883329
509.26869276
591.372429735
354.393278068
885.591520789
149.279116806
51.7420697203
174.204104042
446.927948804
811.1854089
5.38941096171
975.587838386
939.349636714
271.558353695
438.983212451
645.812459013
355.808896801
895.383441131
266.73509033
726.19136207
344.150854068
493.492163144
386.458603614
394.98911466
231.872548132
