102.40815678
7.2360325483
935.127835278
100.227262118
138.465636459
896.326962253
319.48362339
691.397706926
850.122310562
840.391084174
302.237248693
433.95065691
396.138200629
60.5166709591
254.143597375
647.74560714
96.8954859149
915.274931662
515.807852672
732.321072739
724.13390294
324.894547497
329.461886639
448.869274325
96.1564580815
766.863195172
839.564694305
51.1543868616
956.273751242
118.494552609
197.555684626
239.671983495
912.108059215
622.870262986
961.296841823
696.352918429
418.2096335
500.739711213
12.1044240825
787.279101067
701.7874076
987.752885132
418.287571036
933.012210223
953.573577153
404.448007292
133.24634619
710.861128779
722.498297443
329.360536345
441.901794188
313.149253329
568.494002283
990.871297599
526.226146293
359.298590809
627.183202593
498.79380368
332.459686708
954.886114256
649.562776881
129.110589423
265.290856296
533.810918083
710.605267286
14.6835114779
171.66728685
21.2598891245
304.33428245
849.801126223
160.622629554
833.773126087
372.419350642
35.1455178193
888.030350053
437.751512135
676.216995215
580.116490064
409.509495018
465.512884683
146.35919355
846.205237227
469.04456318
973.421444183
72.4605512686
895.557879654
185.747679498
302.649059021
469.784369194
502.493203197
311.792608245
84.0968873985
92.6491308349
241.718959195
930.110805141
191.406663369
798.282212302
335.223584885
46.045362538
486.598758972
607.876414725
554.659856713
532.560843435
988.889155094
835.14886182
972.664698227
769.510339683
914.473271323
323.333419145
247.090087183
765.878788633
264.554311524
737.50023896
817.261119458
883.064287128
804.45585201
527.159923822
398.171480063
813.677129051
707.368947058
545.027437041
440.388491535
721.096878393
77.4188677546
335.33772533
198.706764232
827.452062955
600.396274001
753.57441635
342.87210714
207.652533959
101.82712468
400.520311572
966.407608138
635.667917055
942.952434253
883.368485894
346.67850103
235.06320907
417.88370642
571.978291261
688.288548424
578.024824377
338.646620293
773.811315757
511.963916793
504.781095234
294.326902878
64.6539341494
329.853990291
515.074117573
263.055107231
206.129258258
76.8384662999
76.9598006082
11.6366623127
852.69358549
536.091858835
365.009918252
841.62067937
809.721058912
293.574304589
550.55942202
873.736073424
831.000123896
342.643031606
581.108805369
766.373833335
18.0015452898
318.529276093
632.810568649
223.204979677
378.380500374
722.039610936
399.591574396
909.834780965
114.358233521
822.574813544
751.211463684
312.696066399
78.3995675775
74.7517783924
441.937148673
785.996881718
77.7346537691
278.182347729
857.134321707
962.412806987
329.33558348
501.751217235
440.174685704
378.166142203
923.061387058
504.802108114
611.687118022
589.989765064
279.8810979
342.547430511
705.925582452
983.007771911
384.555460518
578.131667078
89.0884856163
243.275389601
508.228287613
594.496520545
662.40541914
673.465207203
671.780625631
512.889354336
253.487533329
904.098709365
959.338381495
787.301313566
137.486025088
8.61080379545
30.5198628182
320.686209286
242.736811517
560.714779597
240.680099651
98.0260191161
709.456366141
554.100986205
766.537926404
118.643396624
438.543958326
116.91471782
117.606812014
513.92019978
365.640974636
149.235324526
413.175350042
32.5080137783
588.201135069
535.6980092
845.248180385
988.687485833
539.855622934
63.4640329894
896.513238627
342.89482069
377.881296463
769.968351272
83.6766575548
189.615560345
936.710636117
890.380844484
745.78729664
788.282163239
50.5934839759
110.383666565
123.159167062
620.644283677
776.364547799
543.316659141
852.648208928
921.87688765
18.2175956802
702.004011171
104.615501301
305.895807691
996.986391614
217.340789443
724.941049773
293.943057583
375.486387104
446.028853219
685.298533097
167.07871708
650.471833753
933.241463545
19.9815711084
477.70403042
448.238252221
322.10605339
267.645255469
460.886678794
31.2573897157
182.325288749
858.644951705
210.709186305
24.2187188293
364.852335776
533.748160365
886.565348157
334.697146638
978.88860297
162.873766823
176.924982749
787.249579539
463.32933193
38.7831669589
724.545189503
393.830618871
203.071750974
268.478877927
85.7388099937
616.284592991
808.557034781
789.02587507
902.474860305
85.6369713602
546.824895125
776.968926561
705.894864642
236.449536935
494.433707336
683.660397959
525.64905715
542.057073218
147.276360979
240.213126757
426.912224355
565.622913998
460.286249624
869.000690802
115.073557133
83.1287964057
838.584770748
574.917516649
554.163914782
193.677476465
269.355218031
488.890593065
43.018708304
201.387818526
500.779958539
130.959238356
939.776042481
249.926759212
49.6356456751
393.359084321
431.543431198
351.177735841
502.13427379
715.470940014
47.5968394114
305.022879809
100.937971823
473.199049191
617.582421241
333.003736362
599.784576846
861.787904631
277.263559322
707.595032524
451.245735662
363.185515383
877.01764738
453.781595059
403.801003469
228.72920766
66.8177250908
717.220375572
984.54101314
983.298257775
38.4280317028
325.099853879
338.386627052
651.994453303
148.753484823
181.512625913
30.3015694245
644.60830677
551.202164318
339.121080508
394.546098032
68.4202933794
941.668203197
844.680023864
445.116500996
971.306167833
986.319310881
667.130930209
23.3295042951
184.184344326
599.266293636
840.446124661
595.930199882
68.468823069
258.270771292
553.680653235
737.312006339
544.766280963
606.268398384
832.274766639
108.485218199
153.198227882
543.635850832
992.845132588
390.319667624
819.473847809
266.083745972
394.709175253
206.561473324
186.904412094
44.666629502
325.551112052
358.64449431
159.25535988
600.097707012
756.030857416
528.731665536
401.206343641
772.700453349
923.743659446
875.449502613
431.10099777
241.763941906
93.3148626643
902.354189748
841.64438897
692.5751683
691.450377053
452.96420586
263.715401376
592.320931947
841.182847265
827.326806377
491.25534653
954.056478073
643.191558184
814.264903589
903.370218815
229.923399843
163.711089841
297.718461706
861.100651122
24.2251731656
990.388741696
662.984134427
698.058974452
85.5314510027
935.569739163
247.880038776
247.733139932
519.183412266
694.202400515
782.760938689
187.213385726
286.626956829
736.874802972
7.63650857232
492.631402675
887.938239136
373.473797786
444.08716327
915.375557315
823.003920332
464.452321674
820.284511105
905.88486446
841.66978136
347.378163639
649.742067748
772.18405625
476.52244966
559.360229083
919.277588938
481.125701899
780.751866584
181.851092353
558.321122937
466.961785251
246.806507741
277.050491192
682.872319267
121.449404743
634.886294784
494.748847167
498.623857109
392.89657344
92.2038719988
0.882782076847
66.4606654199
904.007199023
305.221984726
419.123727966
736.95245985
437.531721487
931.26258404
467.011147995
423.054600763
502.349063433
607.180347158
6.07664327962
116.530340381
710.880894855
393.516673909
340.741181396
322.141927589
236.802682836
38.6240766384
335.159543867
287.770367489
92.3028421719
264.934908088
851.201516778
532.33531838
1.06074664864
462.344198327
806.125678789
80.5798401903
42.5357228942
914.899059815
889.839746764
488.444849344
588.405257865
754.502266045
835.669367007
293.067759939
313.753209929
535.746802764
63.3267791769
413.767092922
259.139392014
895.435953541
79.4678862636
576.591870052
624.946979996
17.4787579807
820.179889967
916.641537776
905.605945178
315.217683164
985.632650793
935.249154663
362.249136955
397.988059084
497.252929639
560.87142174
236.47588095
144.182256794
124.892875138
537.343505703
877.067004793
640.182716988
815.059529509
836.946892228
615.981891174
632.651276266
83.6628822121
548.20679707
160.424156444
955.815283957
272.652017558
612.284427739
255.431087263
7.13387032421
874.042763554
245.684637304
941.64668177
324.624115568
533.438973923
617.967483202
21.1500338192
872.283527187
782.104003989
717.56988787
933.324020369
432.412046009
233.755941727
171.68109749
739.225911016
876.524776899
917.05898835
383.00524675
181.504509374
494.923603739
985.0359208
56.1016401256
280.35246847
701.300229842
998.453662731
490.055070545
248.411862147
153.303249904
129.398776251
482.792233812
818.996697855
575.771789712
898.420452914
697.050569103
436.085298295
943.212987545
376.342963687
225.08157974
606.973501842
68.6139215861
827.456690378
362.003349648
217.488458914
218.282225406
296.825498521
39.4785799263
616.534221143
390.786725168
266.651982931
865.876883224
771.073704473
240.899172744
969.527930988
63.1601066978
738.688420005
96.7447481837
555.735473116
410.271219414
603.868810981
317.024520462
188.540292287
531.040763183
970.637609874
824.809512496
925.123651255
303.969579817
183.584347471
969.722704569
215.254101283
10.2869822422
707.676216437
752.556314393
56.821926231
611.117769994
204.292465624
634.39103613
816.331399489
55.843149984
927.927649109
656.681506832
360.474851366
774.458933139
960.679348725
68.4388350924
767.006281524
758.637037742
626.687747384
47.0897219598
147.969456884
360.714590732
849.240210335
953.448350443
294.496700073
569.637883223
758.510693266
84.161323516
213.345029197
661.451260997
874.102745869
651.417976375
914.140928209
321.11285488
180.539617738
303.214645533
524.02433716
344.742926466
693.338943108
37.6126082663
21.244753023
111.988493535
224.897310164
115.517896122
575.122611964
100.231775841
553.956299585
696.442929717
918.871401554
822.243493189
927.561481466
753.146635433
979.78926175
511.557858965
448.03598417
156.095334792
890.999976835
179.723425425
7.40915572156
604.586835423
574.314193865
279.014438036
923.832153986
141.785337384
93.9458042848
968.865294123
6.60343830729
633.332963932
592.559820184
649.220141585
202.370425914
164.206165622
87.9064610899
444.349529031
693.141384915
832.9257059
323.943664098
193.909528074
887.103359107
534.037924357
609.273860802
50.2247418762
555.967382499
251.734332644
314.488486406
271.891673922
164.255867227
788.408836694
66.3130032434
329.265905697
699.43559294
513.944569515
71.9711530752
253.697520434
98.7592202181
351.315625923
787.553615647
74.3373115676
262.805033202
604.673534017
537.787649369
53.4010125552
110.083445633
222.496662454
582.986634956
893.3423104
390.656773411
596.59698592
923.251322762
535.040495122
416.427842177
805.663547372
260.55326614
895.807680828
527.290565113
584.512078541
535.918955305
594.042483193
321.036475244
858.70750265
215.13590797
213.859620308
459.619515377
638.155299921
881.168576971
728.568940687
939.769669494
634.00019331
360.334483721
601.44188855
365.848721581
199.62599093
215.495826729
989.833786984
988.453321828
462.364535393
905.45921518
390.185681875
612.082230038
494.044118954
612.431080777
837.608548244
2.21468553805
286.52921909
689.886719308
115.785467095
765.576189511
847.167566153
186.112581055
686.744708976
2.16665244405
864.458136122
275.362590798
472.210609105
254.525434845
47.1650112455
740.830303921
45.3739099762
563.984288699
386.391515573
18.7485937482
120.736753292
546.274560107
173.612455736
675.983359879
253.79542289
912.50629023
333.600237578
310.21032902
338.722505889
30.841665803
78.0440066432
164.469928566
437.571500574
389.281874923
212.763402621
890.613903951
899.575478994
286.945437722
290.156477515
334.261802828
467.508244962
54.4117767726
536.949022616
358.55737815
604.695306736
331.821395656
56.5824689639
22.0530800022
379.111410737
400.508615007
631.999417148
326.362028324
260.305549756
9.18608716306
437.307826089
806.668050111
235.119062382
411.360674461
766.651519465
148.744944143
955.901257487
335.180985706
653.995903357
42.1749673004
55.6724954838
357.977171299
408.353754936
717.023668671
969.182332866
281.898326813
226.746759994
959.833839785
525.503309479
745.171857582
988.035180209
6.37079352436
637.107906216
479.017624736
560.051871276
305.386028925
683.133852198
600.922199771
145.032974213
436.42184708
503.855171029
852.447638574
973.726808596
315.892530414
966.126900958
415.680813895
289.73786136
917.087209707
756.079600826
607.594445114
651.675911314
418.286297267
905.210533421
877.20166084
420.225261809
589.402064256
997.308350825
262.226221222
611.448803158
879.355059205
626.412401996
429.720889292
772.42780905
273.652775259
468.753257548
141.844738537
769.782171676
440.766201748
552.691875748
171.448401486
990.039972857
144.64631261
414.202699251
89.8793517444
960.258629293
945.23139888
672.259551742
266.119028092
364.055992965
555.056569195
217.482614716
65.6528893987
348.510520645
953.76554211
354.800639943
305.602196449
219.341364899
287.278767746
520.203430187
220.732815128
772.611988152
46.4817488592
644.308651788
465.812358528
943.180170269
784.516204195
658.971470196
238.700934414
984.873078674
452.006949125
414.826918651
27.7598989724
568.679535074
779.95484046
419.479093523
977.192774305
926.85506544
595.516697494
72.850257155
216.105048132
613.720558354
876.251121222
541.008985119
646.619251892
999.998726212
973.307843226
734.087562933
106.402613905
244.09968388
787.626053174
282.237389276
655.842301875
557.071918806
675.420697059
192.439968347
474.602426197
600.244148767
760.956602059
180.624969227
432.183430935
707.528751389
431.873504446
145.92715022
264.13098666
935.389886354
667.847945299
457.85715297
513.805535665
692.056948777
912.478038033
147.1149253
489.956108172
101.099504068
396.205034119
588.023956481
219.956836497
838.805472678
487.317924489
805.706113219
824.033943079
789.549090777
236.524821003
256.88411251
649.1202958
568.192095467
283.133014099
107.801832497
933.70276092
903.519165167
66.1397790259
5.41233204306
247.159373206
529.494373533
570.317107692
339.85329319
144.588926087
221.363231517
867.146425094
843.471484919
701.796109415
84.7448696979
508.780973326
425.773360385
886.795986235
877.440164013
419.636864819
74.3001084653
688.966794751
402.698359455
998.965136158
998.869829911
997.682275189
196.212936834
304.209233246
771.486871823
290.903936055
539.519642151
463.690569577
785.931223322
44.4476266055
416.196354948
779.191908308
982.087555524
179.596956145
75.54913637
219.171055052
488.534164301
