843.183992858
960.912250209
624.197169472
475.978401554
176.151923851
477.121495988
978.121521279
435.565223762
411.555935099
767.513948016
55.842326307
163.016359559
986.848980536
347.229078439
241.887499154
881.294512706
353.540204974
528.7551459
329.548860006
291.701563325
461.780171745
666.256941773
115.850133878
748.247590466
95.9609350934
0.0884670786618
734.477052606
862.47522134
969.634800558
551.013377673
944.605125716
111.884987475
369.325341755
261.912682348
672.500669347
913.125845348
128.025033581
184.259509647
457.887834199
793.223818452
621.190710767
317.708713616
98.3680726035
894.119307292
184.379028311
439.85413688
738.572855363
280.339000551
26.042153402
125.55632303
996.0704528
189.253933374
484.919053177
409.584244044
892.896226563
122.611875064
753.027735986
150.351971192
359.54821995
476.199405075
88.6461645845
420.503066697
4.30924122909
644.475914679
120.312487441
654.565766167
829.705405252
732.681924643
148.767619237
532.085062806
966.052349172
803.185137627
349.895058466
680.608498138
855.925253762
237.186810185
198.239337396
444.779535734
120.085959915
386.899987602
250.382186207
822.15065327
9.63888298125
344.694793505
257.467942889
607.875253915
382.662284239
489.531118425
759.890098286
326.591259254
503.041861974
636.038970499
98.8309370323
755.519364496
678.100233628
943.340645104
746.106300538
404.370719346
861.917333192
493.081410814
111.607130435
129.283553827
987.91111137
394.248015257
407.014652059
891.666807885
434.021461993
893.712272491
936.167749336
76.5968731744
622.038482944
236.963456849
675.101506558
471.14352865
73.0052503723
191.250426468
551.317117237
95.4663751234
667.211312857
484.953703925
104.253167136
625.269753608
901.476305932
703.881317064
631.551247273
134.523955323
431.388168141
30.3455668224
865.608951948
347.637881414
432.392509584
338.584654367
734.908093552
907.426184379
912.968074704
446.298689514
601.36717992
713.644286999
900.767558332
481.669359454
107.813126176
159.260828969
629.123601895
773.475235269
511.741228608
233.92197194
730.951283704
948.583913162
127.875125795
136.757161454
325.326758692
891.16490258
440.192671926
57.1489685823
325.35706495
167.095247917
11.1138394448
535.703836169
276.33845192
907.092311575
706.783701788
644.843717707
419.239722393
724.853247908
637.763111934
388.429959995
335.340686399
314.652965363
618.84669953
862.548498087
393.371001602
359.40018315
112.914177719
32.9241976373
911.689007369
462.351540034
811.805217283
459.973184976
950.759307947
975.027649963
560.372086526
469.239004837
727.941953038
812.829610438
415.344909095
343.852875671
281.692507561
963.033007685
221.356641731
989.220006165
816.904603967
240.185011977
360.694837529
651.273701192
271.917911871
876.828550953
43.9625305088
104.76914911
619.972862639
88.2804081784
800.837886498
715.472431155
333.274679641
603.267425757
719.958178591
958.748162506
225.424219314
868.092622692
51.7085358391
496.514858369
782.206600297
748.880663142
825.431279062
48.224388259
385.028622971
858.782542492
403.711400513
896.211795948
133.805811689
507.74153952
475.293395945
946.31524381
827.213444375
134.091067932
930.256135384
254.661947775
846.015277413
302.61971001
247.174931291
668.402277177
445.744624162
445.887405994
320.838325314
242.82902239
158.326355366
788.579334419
422.939795895
656.033738016
421.57764334
794.191021132
478.669609758
602.530791416
452.100292774
26.7822002663
849.846324886
242.925675385
838.000616992
112.426594786
739.562189005
62.7827537475
773.625452838
558.920603417
243.115203583
846.350584289
783.800700946
152.660398058
761.237410851
838.961532078
189.886333107
672.867331537
910.180670447
607.093644974
28.4320487153
339.766274545
872.91577894
298.204555088
989.266972006
235.047585935
894.099446276
498.559580058
674.020973112
23.2540156723
880.790472211
196.783182478
341.840365066
42.7467534005
526.776878311
326.0723313
812.358678683
630.654162115
362.201791714
598.881764564
170.417254583
349.074255615
750.398841809
170.708671683
680.188269108
152.028349073
445.732628871
211.354160572
246.593615944
30.1111626729
502.787862492
919.102390061
55.7351540372
539.642105873
202.023440606
63.5884835135
205.770537211
660.678892729
377.631583115
867.168646625
216.480232896
90.5341171903
435.929841406
63.9031476372
199.535194661
771.873382019
474.518079903
612.194098303
803.803608817
78.1144002613
808.212798582
884.372653229
705.501756735
505.981763252
116.998578992
785.310670168
675.699169106
82.522377392
855.3363888
798.57885151
733.53753904
147.753617429
700.982631455
899.079797872
883.384693345
52.8975446246
250.148802649
971.326644959
386.16748811
805.893381381
792.199424732
79.2863021123
258.406855869
511.010995012
826.596315519
697.740288648
679.227592882
552.984413031
861.592364227
131.945411894
22.2911462169
412.452052195
685.368096194
825.833970022
430.437610709
529.378098481
168.565558819
442.630226733
811.102942383
15.5839321634
301.082056587
936.739267375
57.8114527343
314.497039364
297.701522052
117.937217077
899.440553807
363.756586581
858.443290424
268.147758755
902.968212266
865.502610852
966.009685482
468.140188897
448.415177765
245.220073451
643.830953591
823.790313847
577.943025405
279.726494047
204.364781136
337.524599116
158.272788297
130.923941552
15.9649972163
88.6803900903
568.808869686
790.177533508
385.75186536
623.839553764
950.865446352
93.1036958618
220.901222576
435.078998919
112.048485981
653.391400949
220.183729715
209.96446709
939.730130823
829.520250989
643.263080516
514.554446068
78.3924051074
532.257596907
7.51716183996
863.676750005
457.076832665
911.837187352
151.687293395
490.100612491
834.199865189
789.085750581
552.764695772
982.042124956
959.288905138
820.580355488
25.0170885707
850.139672262
418.397215316
375.939241469
562.462809276
401.847622792
722.744665098
273.100699093
729.969019666
727.985023052
148.344425856
26.9648064056
917.916533065
784.590376224
460.778763188
445.984788156
959.869343835
439.577492693
799.307657601
618.716278465
683.030293202
330.419518309
614.374380858
975.933345758
685.545240457
923.890707672
659.480423679
993.891829495
104.300536076
960.362880615
516.856992861
840.804652006
169.114008689
996.316927396
713.327509443
162.163519342
690.510549736
82.900796703
757.509468698
418.830026423
303.983971544
493.221398404
885.077825582
891.237227168
834.978309711
494.373138371
57.0043124912
764.193100696
565.628927782
156.702698376
585.226208405
587.892623257
191.016971089
444.429672102
124.806810911
733.448993147
404.08006254
959.791646142
736.801151318
295.670501635
566.604876956
982.770952108
898.837846639
56.3256290583
915.542343046
823.733917889
39.5283327155
246.953084885
92.9117233387
766.47311137
241.817206393
382.590289416
888.312553287
86.034703569
168.061091082
287.411973128
784.203897362
556.194736127
759.102243861
328.525706641
527.042795291
768.596753683
176.244122874
519.407237413
496.689813337
143.823022452
601.480629629
274.035261189
146.249949719
90.4850739082
712.342483235
606.534688087
471.655941012
987.118753198
622.65410884
972.652567066
896.160641919
164.24464773
998.526516952
900.01039416
918.809533522
731.744858445
318.485593528
75.2996707076
499.448979084
873.770966243
180.089900405
511.772201665
562.300655491
787.771981827
57.1230479214
558.10484598
662.652548792
211.601216904
209.008884432
894.363485229
204.200098745
314.293615759
557.070050816
613.186987092
172.165172096
821.0517094
195.996914676
979.634229584
657.177272042
373.348400528
634.363114281
856.104421679
882.334290606
844.036486516
881.447019228
962.906635901
380.762434905
980.804135483
950.825678317
274.664191011
888.941727763
460.512536284
387.691583202
313.602948459
155.065235443
51.0069868011
7.36621226498
466.364501772
60.8161446738
332.699641332
867.510644597
213.075483531
180.217315923
460.565501186
250.339757545
907.999403916
92.1363087492
320.926759328
91.4254163768
243.60335884
586.174397737
855.235024568
360.214565816
387.2594786
524.435223032
125.521642251
310.29662504
925.900964034
967.445276658
913.800388029
202.29273774
433.635978597
535.449159465
754.562275668
727.701469778
349.15849766
195.547900224
945.638726243
527.631013201
901.873188785
910.52342582
436.402409412
742.082306129
653.107320276
379.795491102
964.243036264
940.571428733
468.563104492
159.996179224
117.954777092
353.979446263
813.842623429
321.062450899
293.253211889
516.584617887
503.467771031
323.605003034
586.417721533
291.305285247
915.558974885
674.876675925
595.302025207
818.030825133
840.67024402
19.7685786971
11.490564525
186.714554101
398.624355814
355.299934669
816.84175495
308.491324416
359.101877532
998.25055982
734.389178576
22.715325952
849.665611232
759.891537835
651.820625278
969.756275632
165.942520238
53.7175919104
361.943604067
138.729262115
536.769028875
907.156813856
114.832305208
558.528098594
385.43298175
591.764756919
293.884792224
109.878547817
805.506632945
541.163561129
552.290133936
360.857360043
818.398005366
601.039745377
832.009071705
157.985632674
299.897031134
216.080180183
509.285536832
125.993785567
508.248074797
917.166623002
772.824149707
309.279078599
285.203883036
922.065693745
679.640870872
440.0501344
161.37463625
229.028215875
466.216002673
304.629668642
972.731137152
776.402687494
691.21303061
616.467622382
770.084958949
45.0008056475
129.105168507
864.20824005
915.95582468
209.232305011
135.265529125
468.734025288
214.001323584
168.882527998
885.880049042
146.576964401
573.597287141
834.073279843
136.94239989
245.162772753
57.4958098612
716.288197403
366.985142228
288.814822965
532.578800018
159.48398
123.443096544
52.7529735833
389.462707842
11.4995009107
455.80749758
863.217065213
696.582173152
771.620832077
761.548344052
96.1544691555
670.049796189
23.8405824597
736.099315713
975.457653512
684.070765797
205.242226395
538.911942104
272.742803643
433.913466575
957.222104368
266.393392621
546.567182023
112.742985283
779.123533857
413.659869772
863.55015999
246.829491226
486.321348511
21.7067766073
765.265326704
257.246357894
625.892280971
635.337269257
764.501188019
931.912566064
638.673796386
525.615814144
929.930927057
87.5582696541
662.903656409
450.001998915
383.588152655
678.144644067
260.351885014
100.784914511
863.510461079
823.202859672
228.810138969
596.151805067
983.609199534
38.3159321398
955.631915995
422.335698933
149.971436184
552.119308558
592.426336712
940.522565426
271.719273023
536.70710569
27.0974676405
115.386731577
439.221836117
448.953634382
591.011813793
488.661964632
465.693117968
718.420026351
335.882624794
979.514176955
51.1458656126
270.520151858
901.452269041
646.895579491
643.71983624
479.241358034
877.628860553
422.129821446
555.869589519
402.004299112
733.493994522
961.726609091
583.127684278
888.643721878
119.939474192
726.886665707
340.76017154
464.04221408
641.612860085
569.912087779
245.146204876
518.972923586
901.065694091
784.382868719
782.660744
259.88070532
989.365426858
522.020258389
28.8422171413
535.274823264
334.694918178
198.205115899
422.517703957
874.80857065
913.47399599
157.641009244
579.986071177
67.5660246581
490.15520265
161.877346631
283.880018988
962.702588668
35.3302188772
585.534507577
59.4752325838
267.494790445
17.4229062436
970.955006813
680.266791924
881.768083142
955.561403887
520.331978077
511.611268366
445.065726197
790.468915953
336.736893207
53.9244136173
564.362921756
303.213220758
483.118120302
813.722305265
32.6382165577
296.517615539
170.411864075
46.323612178
368.086516918
105.636454083
985.396037801
322.330565573
320.006346118
719.984949666
221.032627978
563.140531782
424.837229747
283.36886814
574.773475096
30.6858448626
566.491763101
40.6373755351
206.082020676
681.625231257
520.180181936
948.544961733
269.946384017
538.703888277
184.998257441
764.803556323
823.75152311
635.422456668
236.520905462
909.340249285
302.512987589
380.390816969
780.646344122
388.404929832
55.3195606081
557.46894692
661.017400071
485.070424888
591.480022925
346.816038803
830.85661687
390.49457013
861.89296127
390.789846766
357.761712079
663.119895966
694.033878633
223.116318082
588.091299782
576.436950183
590.134214457
794.119398192
446.748889877
458.938072816
809.098657054
141.916403983
200.846505735
618.872760675
103.341056873
299.689401843
63.6606485553
324.287827951
289.650013062
917.649457809
458.998523549
982.757801668
158.051669639
969.254612576
420.407486846
859.297420604
735.219894441
517.897846822
195.10754872
59.0280190626
158.267825652
734.490463998
840.734380954
647.459338734
592.970049484
472.669250118
425.441580659
681.643308843
87.1308652239
747.93595057
494.494160376
629.718608435
266.299437839
889.219887327
28.9624775068
460.541824278
722.012478794
550.320111767
278.567945945
769.668659988
152.428029425
479.200812043
163.596944723
78.6676372427
985.401609309
619.931533143
405.660358506
68.5758393346
975.646708781
434.825535606
827.576279548
841.388901815
381.215469852
768.214140951
536.066233519
817.156362802
340.928946249
973.387840373
130.683429144
64.5763930677
779.087258229
455.738651552
17.5547069955
802.944041856
162.770067485
109.84470621
661.150939532
441.990491394
184.484347566
819.109976342
826.745663365
806.828352684
763.180170243
707.330916024
584.379870817
592.790026547
278.044630647
401.043759333
622.557294005
227.979814165
478.719639403
116.750161936
531.005115839
934.491622802
796.155180057
749.408494569
42.1341565763
510.240635206
680.625308013
348.410841475
299.653631046
738.050287939
694.193823844
249.980599289
376.943640795
535.111386036
240.187310964
348.622292442
81.4774974348
596.676062012
666.995542935
49.9751284047
146.933242931
514.259558747
129.475145576
226.040215868
39.4631832688
566.364439652
104.674936244
216.416110568
446.950580323
570.845566551
286.482314716
349.325122645
931.012625542
454.533978073
126.070721414
993.17859134
359.057850641
317.583406035
926.103655254
217.759017565
98.3642668228
853.486487653
6.931466778
140.859929932
923.761001184
680.581278303
86.3133855987
552.523599389
881.628089954
