252.392623667
481.251344016
289.627906687
386.205788515
819.625926864
155.022287539
891.196598906
266.990393949
17.3817051248
196.892562878
547.790720729
929.139946226
389.953684788
952.216418725
946.007422405
764.971819701
70.5681262602
306.68180186
207.264019355
230.377954398
613.762370043
634.180290868
251.852258381
302.739871941
776.589921958
200.219985032
267.629607927
876.718016237
442.122155197
662.106924069
166.604492584
232.595720446
476.893143169
857.508659732
614.350833484
967.712749864
301.571581291
521.339143844
985.479364524
674.719389266
934.027693158
859.590519401
978.9367271
302.203435792
511.54161912
995.618689641
440.837389325
533.790984594
649.969526865
554.178411484
725.633774997
489.016208728
982.218996605
113.048520624
611.649332521
908.867988813
234.953438413
203.08014184
647.207243771
664.415055836
439.551819692
272.836499291
599.634343226
476.359667548
198.311152826
454.983589439
500.280431971
168.059715319
360.137673929
549.624483372
174.759693239
732.025205226
661.717386887
481.489685773
73.3994687005
779.867247482
914.794462893
836.183653222
421.220731818
656.562015034
927.28433732
824.845688842
875.02786298
312.146519756
615.151684997
465.092840726
582.477502993
713.926391276
450.736369201
72.6355564384
413.64117617
839.355476049
653.7259698
620.117499462
216.048537618
715.322408343
8.52046393198
345.933556515
642.101918185
196.18321873
169.065130699
901.517793088
508.52320695
487.261910653
312.560626188
53.1670340219
86.3019168432
93.4635855239
352.223632123
786.71555782
713.550948505
745.266330625
582.491414888
838.579484722
359.498642504
883.277193438
516.95303318
68.2980607773
250.471406229
813.575207746
752.324657107
485.044954961
468.615165604
805.83341231
473.517304747
653.566178757
550.610311188
712.717199295
741.264340488
260.991230673
313.665681889
412.067335977
680.425832216
126.078782478
183.761462466
592.922936438
73.3116682909
827.359117143
359.942674037
20.9925341567
92.4271213976
310.537430776
376.085803086
845.16752793
334.751281157
895.009978059
63.0863169603
648.778491413
901.988293887
296.646102123
582.989733302
835.876022224
936.606772732
472.849180664
144.855734959
45.8239519455
246.363344743
27.9108619713
546.969515714
875.30038767
873.62063379
671.082064821
497.173319508
897.471757637
574.208664543
912.274186863
956.117010969
537.214485017
311.802207746
972.149547717
741.528453854
810.209273824
637.336913588
104.290661092
462.784861878
560.308747344
573.238416567
283.611358523
762.78942802
253.206652164
568.930536878
307.321395874
139.852694043
756.304318146
309.974650437
232.129785121
416.141872047
671.704628215
844.343820934
448.033430148
370.931129007
439.587048482
571.678846818
859.875825813
534.22957542
663.314089103
909.402750788
116.806269165
165.334370081
679.629860172
903.400152014
575.482723799
287.782195381
645.480124116
479.070883641
456.88211321
256.192354411
734.898311398
427.849551091
761.810317089
99.936270437
920.620060903
944.978932797
689.212553215
779.760706013
746.568737731
368.058581032
534.81333418
393.395440335
887.826129738
786.398622047
208.669240383
568.678963977
471.274472052
816.079539347
715.072563025
706.651280311
454.72427222
237.478611332
450.201070686
366.974939315
61.9489611276
69.2561268121
913.579200289
150.426160859
57.8078388607
353.557051357
168.657488547
34.0048609459
754.583878405
149.924538617
186.796652081
482.037599404
256.705013708
585.168519198
636.21090996
358.580038041
746.571315829
431.174989217
190.444391061
579.716813601
524.706433795
629.300810052
750.068442443
937.762277437
804.031020279
222.441786406
996.442343263
827.138211329
968.39027899
794.488740875
642.058696296
578.001534972
97.4180452295
988.832900624
781.741229859
209.890846179
331.704993973
84.135630815
907.548186527
438.964654065
70.793770616
451.039379465
478.49745839
843.198710052
816.183981494
706.896316504
13.3723370686
751.419801898
111.340979321
161.778936623
735.107856045
5.72437067134
312.541371837
128.373576029
599.709386188
769.341340962
191.029049933
599.450864964
49.7567258128
541.34784704
210.653548796
939.419303761
42.4033202173
927.500947743
86.438227261
26.4882873759
985.570204074
376.393352533
587.478550431
339.144600996
796.397310295
515.154898916
364.968119407
619.802146351
150.642998955
704.16720014
140.296631272
303.172520866
588.398985663
497.307336802
862.534899437
690.770028957
343.472017983
224.075144396
957.019169461
238.328830024
447.314982889
834.748758713
912.021636303
791.217370147
133.611787996
423.634294931
976.56425483
168.067505569
218.572823878
691.421947502
852.394061258
251.477673365
24.177285467
787.312191577
162.563001176
75.00871229
445.025911616
694.451702962
70.742878709
384.710379781
29.622534223
856.659644275
28.3277816111
735.674394664
898.076252363
404.743149962
983.557353853
439.689836182
97.621927749
384.166748335
434.488441815
462.278390885
706.694462872
815.334005612
409.72140529
141.139705595
101.333350934
377.923673984
54.1696456202
832.220931704
425.589218437
828.733552496
995.333001594
525.895905797
281.960610139
884.263197946
632.738801258
846.666831125
147.234189978
235.302197002
271.317178136
928.355461357
770.238557329
674.003740834
630.783489789
336.49007843
62.945893826
715.057524904
7.74787788807
896.224755113
87.7806322204
948.869315612
448.687704023
235.121891812
793.45827674
146.263181339
888.091552422
821.099367823
111.836245104
672.488276434
544.995417883
802.306933687
13.5387171652
929.783965891
445.568891427
135.95518505
566.138975839
510.445201344
240.478559176
821.957527312
185.118317308
291.159312624
277.605713851
955.538011674
151.156041926
63.6062374087
345.30924783
271.035649294
278.07218214
933.956368565
520.83499919
227.39659887
89.3899572635
246.877864116
361.320608179
577.22660326
930.214278981
74.2966589052
617.988369502
38.9583054212
39.2779002312
263.442740964
257.091563038
532.704482725
510.566687311
678.535666283
55.6061603178
746.257175269
658.829803277
980.197899172
927.472407499
359.077627785
199.339227763
110.556236007
197.53065935
438.612792741
394.692840592
286.410911464
411.138203905
235.425959891
98.2501119721
81.1705766818
896.421421592
133.272057017
990.179034796
814.705968234
129.678949808
921.642268152
410.123706869
491.942200309
372.235040973
878.841945287
876.812164829
420.457405039
337.87482099
624.053652999
989.803100107
273.148934638
767.232989475
674.794634087
299.871602277
961.144619181
641.812039886
516.336034798
322.365739102
495.995347172
574.696308062
949.04903483
822.708111199
786.892166953
752.632459226
122.530013509
165.195090171
147.090267697
96.4946083416
634.812340823
94.3244733375
349.249741712
751.898920574
645.979181842
363.366031782
924.961827028
947.859351316
736.89228698
591.49193373
599.741835001
435.722509347
764.90970436
706.329815165
312.987539926
194.017006562
37.110200108
461.492993603
218.554615078
46.5563463707
439.186555619
324.370878798
315.732426009
524.22797291
930.84421257
328.277323864
107.466803594
31.0138810131
176.013675432
729.084957654
758.306206228
282.867072984
607.921028905
179.326317061
208.986197355
741.680856679
845.207851176
549.610395577
542.126874384
995.043630756
22.9542110834
919.848876597
635.57005221
810.111304062
632.630714405
815.221021574
637.239377738
803.273449039
590.07695017
511.841872146
60.1730796328
656.547640045
647.147703887
927.916287036
556.610285459
949.400656834
781.211178674
360.140493419
814.168036638
998.480262127
887.560083697
123.806016109
948.977019263
748.420908179
613.496505713
820.014347935
408.301153449
963.189360226
584.214802518
809.265358894
882.494325929
120.528836046
394.103005228
5.30365025913
657.518684974
242.814547781
762.195041116
629.64029801
336.983006972
884.29226159
722.844293727
915.122398601
496.379493417
785.41142762
246.821410467
212.593530562
830.748992236
710.789200586
232.795993869
532.371172585
922.671083491
632.538705666
0.145574689151
581.378699354
932.829959864
858.969611494
462.93506877
76.3471789422
177.886905107
393.58009613
365.189906141
607.341177211
127.081126641
809.596725017
174.755179226
361.263802333
532.229620908
175.635525742
127.195642681
794.501818763
109.561275307
370.20555206
289.651618421
617.23244572
620.4156487
275.545235986
662.567813956
900.760783884
352.601668076
309.317427174
103.761707538
825.738604922
816.902089079
70.4228611256
408.26926693
402.754523233
976.728966772
879.875195744
661.801101387
350.532174974
507.438073801
648.300363931
656.323118561
823.373908363
425.973579181
885.677912778
444.338255027
616.143750194
972.882225983
851.959466422
193.903804595
609.358733584
956.44499563
265.107779078
366.951101239
437.017956434
790.945864761
790.992435212
416.660433053
850.535412756
846.147332105
350.621432294
87.4773600485
820.29150205
739.807498045
685.468811185
234.610303071
313.168434908
364.153432739
749.845228126
321.773283875
140.794460993
581.293490289
160.652485573
7.03245420596
108.319817691
559.873162679
738.70265568
38.2472909945
917.480207752
894.473444817
578.281671008
16.1998750005
220.546792125
620.950791931
672.407302227
805.850566579
302.274091259
229.780111075
528.209261252
831.67176771
56.1592852073
880.068617109
897.325580312
948.03839757
5.84361139322
879.575000109
761.564496287
741.467427551
907.002628531
524.668412932
152.316269368
117.32046506
197.740976218
624.146586388
160.871289642
461.185916475
108.986225655
640.832846752
531.617164616
507.134670969
276.808487998
339.486822281
702.250357978
98.2884597068
998.249933698
372.183004926
484.516124716
283.485045428
35.1864967676
212.697754286
19.9967592362
856.673477122
666.035636176
230.348623559
534.366209411
540.878057175
295.285501514
440.917858411
867.611605471
993.606865314
542.734609394
865.991511887
792.375651829
528.65114503
577.585485466
358.886948702
246.640493403
567.604310876
511.612703777
304.176284399
363.558119327
570.706302466
160.059868688
265.959235541
128.735271324
371.155845775
323.024632618
415.751339317
116.732600939
479.906544498
868.081597294
288.877471691
890.325378655
95.6990056788
531.187740074
142.872635302
519.387780175
592.202127
534.006571417
115.663092166
843.671691882
880.384651249
744.374573577
612.172415875
806.216322901
838.907690162
329.148806032
966.366684438
305.420957926
97.7423902676
159.236589524
597.205338704
15.5119010725
792.887342782
694.517926315
685.783812141
52.4832987265
152.644587534
628.726877781
343.55922183
368.479870584
251.320112221
124.529664251
309.617492201
465.282022809
269.188809869
430.6703185
759.019957222
280.824900851
142.484215729
959.11848674
128.889653381
422.413021349
684.902988316
539.90689315
57.1556965262
873.106022612
109.48450049
167.786593426
618.855144246
114.942464691
879.546071569
56.5484038732
616.498044247
506.401079504
100.309825019
681.394941518
355.086800856
969.194558399
325.841498538
175.09542638
813.130034166
64.0092716616
932.584161974
243.080564295
148.229649828
136.69101654
999.705833478
553.268820827
156.699983395
856.747905612
954.807039667
236.395840661
678.496622092
84.4871404953
408.429995406
769.755477785
458.209504856
735.999092065
199.67115429
699.368412618
437.498369388
537.879828672
204.807041686
404.521583407
516.873283778
335.084307548
882.914552978
603.876920482
102.167620903
191.113422126
843.418375042
472.219363568
51.4356479362
613.393865179
393.783668528
407.555398053
54.5688104911
477.884294027
945.710298581
139.723243984
948.363407044
603.594800391
31.2093558353
366.105324731
108.252813385
174.34986277
518.65726535
621.247747244
603.772557073
428.567851256
885.313176869
710.467100123
845.770704615
208.364953838
831.125584072
657.657232159
611.605165659
1.13075680073
964.731270609
767.008366179
525.206014394
715.065029508
780.050288103
812.052764267
287.225928002
985.08724497
750.672025116
925.55099672
73.7962511777
92.866821504
922.626230281
966.706713122
653.559244054
377.256088332
48.7846971515
696.134783851
756.170809087
821.712219648
396.321525543
310.649472596
679.017496086
565.956918094
343.305296127
182.11351456
815.591031369
230.521449432
384.946967299
465.033077804
496.032550834
301.571084827
160.996098528
703.396510053
751.703067797
249.334270555
584.254880676
4.51751942422
93.1229670592
873.448686112
666.596766269
744.085689377
659.628808121
411.664505138
673.346965492
373.19405443
820.059212048
129.23827266
628.493307739
473.773253472
692.257649084
592.23542714
44.3404154697
277.614909642
566.549891721
822.748793573
150.80956464
879.555060422
997.246169121
43.6316141031
315.930124834
215.460897048
290.416396756
308.351965617
672.703441375
442.476724196
271.593290627
312.743204207
724.812975794
674.210825269
988.502916781
6.89688763942
728.573270917
955.853987705
294.328485997
450.005335908
89.1339412008
622.938395023
480.854098484
925.138837792
184.513036164
912.100091874
434.911375283
457.261469707
661.329602299
452.472496244
974.146891965
989.25318102
423.568481309
474.334712005
143.057873189
49.0341721221
192.427500435
659.841665752
380.848548711
546.339699522
514.330439087
259.747208138
581.997801341
814.748679585
753.09428964
543.040851605
361.039074011
529.920126708
84.973910623
847.661353441
660.92429824
700.375586767
856.129101524
465.73505079
919.236355364
579.218787395
908.01562957
325.476588265
995.574713109
172.473572347
877.157006721
71.7305930879
346.880658891
621.516227604
213.334104538
223.394997869
581.199781131
692.733157738
637.785984474
7.29681149444
150.691862875
459.805476271
179.173744767
76.8798192021
495.668647878
27.441003964
467.454403529
963.985194233
140.865965353
15.4696175772
493.084005865
198.531079981
108.141226532
844.564391371
66.3427620914
17.3635978254
170.858263988
364.449817473
630.418226907
664.197057028
135.812545185
805.096633993
628.85635783
445.513987073
987.188529493
624.347135027
484.160691609
498.175982317
64.5426298544
466.171171792
702.473406436
375.351018036
427.334668336
926.132444705
820.217872712
672.031216786
508.208156953
252.076120795
42.1861246762
339.273584727
540.189019612
963.970116624
