392.099718091
695.78889173
672.967881458
754.716983495
353.15398985
360.55134637
508.219924038
564.972612436
870.095610051
436.092030425
690.268947043
818.329930904
339.249661342
464.459634269
327.893759685
800.226923532
151.007307604
44.9256501181
881.024813828
108.46565756
952.185718111
167.265524232
886.401304917
510.155659487
340.838457069
179.227772323
350.565101246
957.181782466
835.276570843
123.393252414
430.982016735
649.980825262
301.918677735
651.812640487
20.276423025
364.58910699
902.648390571
754.578525912
41.5635182315
598.253108686
709.320651759
682.393001659
628.988897042
358.91714608
971.648340086
196.589971827
54.8881069052
659.042062959
404.296482066
896.138711069
850.58896871
493.305801083
15.8877757724
627.292462905
671.186120582
11.6290895455
449.384024166
98.8072423279
892.068874208
151.619329223
780.592399039
56.9521998763
873.459624083
574.073179014
728.35351932
2.09995509988
116.303055711
773.396016318
727.411031607
765.692202677
553.909052831
868.6112328
603.586917833
33.5874650251
127.381434636
201.955371774
736.435035442
461.428324406
588.90121778
898.257181661
211.631360826
294.857003017
508.316431329
321.387903569
165.806365835
331.892789741
504.946273105
656.872773121
385.107391456
299.395588612
838.451616683
972.952668252
723.346324732
128.042843859
966.821600479
728.912188384
607.296464656
704.035076036
43.9499902983
604.690844705
30.7173143671
970.797264782
475.208781518
730.987220683
521.427452384
535.646814586
693.610694685
193.865061475
783.336029884
558.909125906
350.223938128
733.753138173
221.273098505
472.726165924
870.297643514
576.392576441
972.808097245
389.895259835
852.967283646
539.188487514
391.29376393
47.2245617928
366.350299745
943.333683591
21.0869858018
801.767613313
100.258851809
997.161112391
733.984021949
992.9404794
823.790689403
699.383872247
230.862987013
186.865070346
359.371071396
758.691215244
271.687361717
815.970986701
577.681922613
113.669250178
118.523483641
769.656980531
261.500339414
568.835729451
430.569623157
426.011911874
480.157256368
777.709447404
994.205821905
663.377002599
143.974011798
411.829202295
727.849062341
632.471744677
447.832847993
723.782701832
436.056171068
400.33506741
6.81164037755
938.105182856
619.720407196
511.170324365
653.986037742
225.992669447
78.7362166328
128.384695972
731.35151289
514.025467649
467.500912822
597.441197601
778.522306562
471.545420094
532.550817616
812.433475708
826.777445479
414.893407425
776.771222379
633.146180645
100.681911182
474.770640085
964.964204855
429.052106749
545.634173185
906.141633237
333.427637435
771.552395236
765.705328264
3.65138835383
489.865054108
539.852550767
41.2767714199
317.844287214
403.085497178
636.321893568
956.451705393
306.487030587
135.687626449
446.444296119
807.844738216
977.218540065
87.8935944264
852.238111742
73.3318885237
595.231500841
494.454343538
284.963189282
97.2077166311
315.581272465
866.011799417
958.223471538
442.412618854
913.641221943
813.467646448
947.206385858
158.433906824
232.770711113
211.33949282
250.828386439
759.47196082
333.682285781
57.5940450372
282.466299463
754.276159235
629.572672441
517.753483503
568.654681458
577.836404137
259.412928185
53.7503484893
828.694301251
466.564206292
72.7194222804
897.746069263
296.369746038
237.681812203
636.571172483
790.617578443
13.4320727252
431.288313895
525.865542335
264.771550752
562.919595856
175.548347006
153.888913531
576.752578139
227.16527487
413.677577254
33.6827038232
492.503275567
509.714960493
437.284445225
631.397658183
303.210096481
724.168759777
324.684455797
560.12313566
180.247674553
41.7592528754
695.963544819
831.117700009
203.704405901
79.2883682585
654.539379425
598.414541684
194.745086008
465.129535102
668.23482235
797.093903704
993.851913471
710.083068022
980.232231005
954.320012983
485.565072498
568.184939807
600.812140265
810.386891174
143.172516802
509.554257793
517.459226297
314.459763204
276.245802928
676.025149472
881.354383235
465.151291302
1.08781176472
346.430826618
447.284117799
46.0776516657
536.840812785
646.913174745
77.4129343667
988.047344788
464.147562857
650.568651681
815.162465939
86.1266365315
578.570883274
156.773519859
22.7645289775
518.102431303
192.198474478
987.950945795
74.1269686224
184.526119232
990.605907619
601.719190917
849.669976501
739.003085286
594.120328529
741.631435861
542.085091232
566.695483546
920.396439487
883.802168535
364.262113843
125.805012269
180.051822803
834.810352372
595.985181319
409.824443447
17.4263949826
982.256282906
963.132803968
944.690247818
2.20226680246
863.82394632
206.062947199
3.70015960143
790.056558251
612.276289363
183.845211993
431.136611597
444.314065678
97.826272456
440.577944144
628.729015806
382.632988913
406.010789475
123.209204911
464.708448043
291.998161789
502.833180336
15.5413835286
290.385150482
294.204853054
89.9087246954
30.2640820859
773.531963582
819.844268546
527.273054852
267.008243808
587.320954024
755.785456164
537.25440291
287.682225104
597.260459204
253.043098049
271.08105919
783.24008941
134.004188289
748.729266516
977.448740003
65.2648479246
805.618295606
637.56359284
624.366880127
466.634620255
721.441189933
84.9002639753
165.808642626
927.502725686
675.212282515
678.769104524
280.99373131
785.097806104
858.579252244
716.942040043
412.513702228
227.761838642
95.1368214202
691.343602652
139.02688066
844.826755865
780.944210085
81.4775720129
481.57161209
637.788313438
403.00965854
314.225283961
118.886036637
24.4164843353
891.505063178
297.172194343
654.969164203
375.086650235
770.569492933
11.5496482767
345.157665857
711.790840151
168.163384217
575.345869998
430.257540324
640.696353868
261.640026399
168.071778781
146.904095829
642.969987683
813.085995591
388.224555987
233.913484243
823.664153303
802.511107349
254.342640619
626.462872478
134.80273743
156.999636004
88.7398120294
173.35708759
661.248817452
154.355899913
63.4575055212
760.94010724
312.437270498
565.91380437
179.544198351
967.277110213
899.62938764
474.900799827
51.5537875962
681.627776992
992.762962894
7.82588035985
798.307668378
136.991781343
936.708755537
424.84129332
430.408247956
894.897560606
223.694356662
913.116040905
316.224148525
35.7766408253
394.699144815
243.735531044
114.882438992
868.971220079
547.094691581
858.162804919
426.837644407
695.735005582
407.109270652
575.567367287
1.97296093715
60.8248890165
197.201565167
383.683240074
328.47705622
709.224292504
84.1691607128
508.258054128
507.802823981
952.275470791
52.1002714547
339.03010258
677.33311743
803.575828282
210.713263504
413.052484471
303.703941262
654.717563435
425.234888862
310.112006795
150.267162855
260.288546277
549.563871334
553.826263608
908.395915911
877.499997732
291.053843328
547.272930822
525.275097247
292.251373473
797.092870928
184.808866321
824.630736627
495.872046932
276.138361575
641.387909579
786.992123097
478.260162814
107.428054686
843.419467433
278.702081004
750.075109186
343.318360594
316.940701872
348.576561934
772.696953428
312.221418917
973.634634084
342.738499235
265.139142925
461.665759931
916.237990339
245.038621245
295.670345564
194.643215871
82.6924416165
868.800163882
927.073327971
70.8334003662
240.677470204
525.323984694
351.636348516
371.017990671
770.288048104
64.1068633582
979.125104511
293.455766385
742.379608287
213.750660421
78.3073205024
619.74932674
95.3030932207
429.93357817
594.717067108
808.807659199
689.670054463
847.399660004
428.047836047
789.765070114
298.136654115
783.591367947
670.677601493
528.741167601
515.263237732
554.938746305
738.587773609
680.474091463
783.259170203
249.68465571
21.4390613589
352.591292611
616.735857798
8.74876236388
561.276793669
86.2713753184
541.972334651
767.800380803
429.743488866
246.543850814
785.5618947
291.498407947
322.096159905
96.4580505838
356.752984654
454.254196911
142.177554678
111.764417968
222.020294766
660.835134358
608.753732227
440.787658577
343.652599285
515.572233851
302.218138973
782.588149809
502.48310306
435.547646949
100.455370163
85.4318223391
872.21037747
968.548147735
21.837005532
540.248703685
175.846070632
243.517797521
927.608244742
319.323810387
436.265488373
92.9405946074
369.043559812
475.151830873
355.827990464
919.160929717
173.481283205
46.3220334424
37.7561369272
377.219436379
530.24413517
976.780577635
671.4760578
389.335244683
300.347064249
547.309100724
496.137567638
827.619261384
379.283901371
33.3620821248
587.108001016
835.938484847
276.992200116
453.317349369
985.01608107
789.874106585
136.907033774
669.813348809
510.274216203
559.167541015
364.159482045
17.2911295984
506.833451739
230.371224563
371.242284258
959.983195196
86.1482396241
699.266625864
897.988894585
246.774947292
261.366990691
699.366106154
576.175660891
637.789075758
56.4577287863
89.6594620141
648.523540404
433.684555063
768.8649914
488.952462057
288.393761301
548.866120414
202.936679586
348.93554788
139.237859636
158.259637025
460.461253517
337.685303838
976.881761706
276.833796678
776.016256978
757.50182543
391.532003397
297.894188684
303.980668562
362.684739494
908.852396586
835.649124583
311.039783782
198.486909517
562.164987743
47.8165460647
93.1791738051
739.951930124
374.3856168
174.513074488
954.395775582
418.490262485
889.050681187
62.4736719573
486.736327617
997.829907208
357.966136437
462.756545064
371.207831966
329.979697099
57.8528779829
27.253800201
696.652332647
106.860364281
326.891713944
605.829657038
583.261757863
533.272813847
685.98785694
432.65447768
394.361927681
646.136578488
624.871316541
717.49792398
354.960599843
55.7631518664
799.158491804
61.3796372777
849.963887449
132.563566715
447.25049292
619.867596603
836.937097208
28.4914479884
429.609892425
264.406807242
142.157115172
920.454034639
472.122951676
368.270186395
935.635495484
673.13682769
540.420130404
18.7740021459
330.719443183
753.376117243
379.135456826
936.24270791
917.58597606
453.788803485
425.390222294
339.367899391
423.586731496
786.371371102
677.894055445
24.6823838778
9.75912286267
620.547942759
404.968864279
158.56153214
295.018369507
860.132514497
410.078924342
364.563259082
538.416561172
854.093813333
863.4430272
795.196712968
733.268979777
890.58401947
10.1652069186
285.828562404
68.0625860551
53.2724623047
614.198348331
739.7354114
812.953497388
712.642875254
14.6697420553
293.447102905
311.961265008
135.186639036
408.151906765
203.2307843
408.463942798
181.60036864
749.975552908
987.475155937
219.000405167
585.8578813
474.812620989
763.366600387
709.33915801
822.780772449
179.31729161
182.503969583
307.046203607
398.260583806
948.847406017
46.5317607788
845.709973964
244.988242193
276.853495057
625.428820985
60.6904779042
272.233158333
886.076167127
650.707005385
539.16808277
943.245465012
283.706595448
684.255545021
517.412129792
672.964720262
315.470414388
755.708313684
534.995735653
714.789943734
570.630984914
480.539135404
669.476149283
706.010784967
14.3344664674
242.243651562
93.5596379064
479.396066254
519.512361646
630.351506913
620.048342269
252.606989342
539.208413787
647.272917556
376.744573249
813.391037761
809.400145281
664.139088751
238.783777884
46.0104328646
564.798978555
407.354809023
815.675773282
392.529611589
754.917098426
635.862667346
722.438172166
795.186122975
473.358026649
852.625525774
433.447902493
487.813707128
68.4758099413
859.79673111
107.001015812
860.836825904
502.899732148
418.546183946
408.16423455
949.805228993
883.325081082
517.073577013
665.012488873
241.894390525
640.399585823
514.877327354
882.364846437
584.605971643
814.478277231
148.248111485
343.173546687
356.906786
231.806420947
649.254423019
222.575592236
936.617861205
549.335616156
243.157924548
851.54226959
53.9624524241
824.61421615
825.140218923
872.605654122
986.2032847
436.654341619
342.817846556
16.6523324392
5.51053258477
578.932383994
71.4357360556
666.726709582
161.739536272
137.43591432
636.929891605
230.902772927
762.257034931
597.881762975
754.734390496
926.117159219
760.872216546
949.918661159
151.602186652
383.78050035
660.830079778
857.813927406
34.3955544348
592.882951385
643.129919579
249.459540453
535.632854972
185.832496722
643.262764758
748.349276623
116.312432055
383.110903755
268.593454962
467.873508256
462.510646633
905.778296726
344.784376385
897.547111906
404.446827617
711.398509647
410.355728178
769.337395502
301.274324416
966.674813736
505.117984282
373.801541769
869.062281401
425.629823341
557.33663064
837.159610225
681.717469853
320.534720111
76.3038994027
651.207859735
195.785726655
256.996685268
49.2818143194
204.482378844
292.496850024
799.230978983
249.331310683
275.586798668
235.884980677
266.916222601
174.589858025
791.95532949
993.685011997
111.171272711
901.941149151
371.256750015
198.013372374
385.445979538
218.245212373
499.724252037
995.515290606
851.251975821
844.48649034
58.8452304504
732.322399941
548.431630952
225.327084829
344.13266369
40.6584467166
755.554781789
427.244090624
77.0670135507
275.126837417
95.2946212663
384.12887143
291.22251674
281.144784947
254.941037496
215.888781194
285.332878219
231.104621739
9.03907838048
685.505364524
949.378143603
256.662989892
508.192113765
247.845094565
788.286130009
333.40285163
358.27001046
294.33186208
463.147350867
717.928716216
945.032025957
630.673437871
687.452655804
583.397995383
123.747306245
203.41092026
92.2940769426
258.027150536
227.2696917
648.504301068
24.3552663174
415.536277934
268.660402243
635.526774513
43.9486541962
176.309225075
19.0144435208
308.047039955
440.668778249
919.762205579
783.731193979
382.076880943
903.996541485
755.245020996
288.668405389
53.4392983996
583.916513819
700.832445483
430.326809292
510.034485743
450.918738661
737.425157507
552.219583905
432.483714521
955.532160831
234.300580843
42.190648385
553.056380116
969.822794957
373.866037806
959.153119858
12.6148575778
445.276654782
780.848470945
557.998678579
429.746472331
922.369945309
768.567255857
614.919231058
413.435258823
351.180189765
570.006323225
836.060879156
729.638658238
576.457286716
745.855248139
38.1763049753
