936.013313532
77.0444779178
311.394071319
349.483968118
190.013692636
39.5513302324
673.176624347
76.9886908572
92.6193495394
862.382420111
907.896288726
804.435793106
200.786415036
444.355713708
72.9406518694
563.70227047
364.868151325
685.220103747
228.029253765
686.10234606
62.7288482258
108.701782303
122.003180599
409.08500891
227.797312399
424.944126629
457.68727678
227.275360158
906.899361466
379.551735582
592.090398091
367.253572439
788.938320638
604.276275124
734.147089064
591.172456428
178.590831725
751.098868417
457.0868515
432.312628693
758.71164408
129.464502288
265.390584227
832.829156606
519.024932995
699.662842192
115.482002701
73.8951415305
612.463064142
167.860411945
928.288304406
661.481549952
386.867432278
828.10600978
506.731063609
913.110701454
765.634037971
292.221919401
984.063022605
841.492514801
953.556758541
134.853246078
355.480304884
531.344934744
325.219618818
730.255438655
469.924308086
426.743138146
747.533239908
386.824036083
597.3518665
531.10748447
695.413199143
562.543152937
507.703119925
215.402490968
312.751818388
718.408731602
814.333952837
511.722101338
220.469299479
692.529700101
62.7963397279
118.360776663
309.213219236
899.720318591
136.429948904
823.243219362
441.019276546
936.249719681
667.374628339
397.265411324
505.605714969
391.029430017
137.808994245
344.995444245
851.556090025
68.9193947302
94.0321741575
701.005686353
477.032887924
330.638544925
169.365222781
481.177493813
920.735592419
915.70479122
650.680007018
732.591415542
710.890435827
506.798156923
332.80759885
581.735299624
338.664291638
902.032940863
386.868920616
678.291326052
512.340511372
824.860306094
586.846305566
505.465046784
812.109281791
568.192141287
421.478635866
653.696639109
461.739642083
128.409905824
695.064474118
143.267778408
21.5956782478
837.466665372
221.796204669
776.217815083
250.766405103
916.787860944
227.243833187
134.545907355
100.558718154
472.440820748
766.847788062
906.953583772
162.288532864
790.823725249
757.487849202
328.492423234
411.519223441
341.682573539
252.87986641
966.41014264
906.478935386
271.935185265
385.637814666
199.756957379
480.459776274
34.9138191888
294.161028006
41.9214496759
928.438613411
458.372683752
974.160080572
374.33521287
147.809348833
106.302580111
535.882878225
405.563657302
82.9071989415
694.629480773
792.894177528
362.372032245
125.413617596
184.095209459
97.2331470348
405.302459219
410.54051324
729.938933724
415.733861823
955.14342251
973.151089264
29.0640826122
304.471021482
16.2141997516
274.053262446
469.220830028
215.798966716
836.092490485
466.527991747
848.267785232
456.169636257
821.526724481
184.552176439
447.647799192
863.852604029
138.42393844
804.606599461
362.679956694
308.089333344
779.245907509
955.767335084
294.79324343
808.278043596
238.545781948
640.609718807
958.015265417
883.810575839
644.16149219
375.342360275
413.083143956
650.09173884
637.759061024
329.294210015
970.453333283
544.736214985
126.627800517
562.28401945
549.034356142
295.741226705
677.189279435
854.654825755
762.407986533
62.093218752
40.8545457313
15.2440134289
210.251290053
963.084407422
361.171808866
818.762547603
31.2607445344
348.564674706
297.473754013
751.027791084
183.257279531
42.9231021016
425.089145521
803.334625598
878.890429708
205.719312086
846.712604842
114.044629001
450.953604385
789.134541944
102.918220668
219.147530571
117.306085482
389.303931356
855.996482519
706.07818518
445.990843623
145.128637058
879.032306355
349.278908656
982.975806958
220.210063198
601.225968324
246.672522373
900.870480678
816.848444183
95.2837053866
607.05704871
116.66134758
842.362783651
825.52130576
230.913527447
661.92453108
436.939388892
939.899188405
55.7864759338
225.181314041
205.992153045
60.9179062712
11.8595718322
933.991759244
418.949813298
374.36481403
152.617437162
904.770522955
321.083150976
904.886277129
48.5749458698
140.000476107
839.349670256
178.616133442
311.576364112
513.486251409
914.500791451
889.060274044
549.489998916
619.555061344
581.879060561
856.505109691
105.593875968
87.6937377601
78.1443271322
904.337596592
9.38396125387
860.401641473
296.607825106
709.491104603
840.629537729
608.695380533
177.588538695
677.048610035
506.173712425
480.207074596
753.796288224
507.781424943
153.236054946
906.964649694
689.489927377
751.219647718
533.012522122
7.59450628474
822.171644779
704.607160961
1.71593490063
923.67240485
877.127492098
34.195975891
944.976575986
796.074436018
848.561909841
905.240605968
112.329768102
509.854128254
147.804099974
884.958670217
208.73927801
135.946496256
453.131521011
6.89552083791
109.2620613
952.734614494
607.230766855
563.81946877
692.310832581
320.851803144
128.935286501
271.870476441
902.731677987
600.643719253
353.414835067
978.280890251
148.252691502
989.219226246
637.818228732
793.74409925
385.173626864
332.858623076
330.016615334
221.807316942
841.687213459
7.24836468666
416.37363709
358.002677917
718.508526639
818.686443025
941.441968875
898.003934367
535.187505402
61.2295838522
920.899599202
161.66454539
708.225885757
745.560748582
17.1115644519
517.232435223
69.852727633
412.812453624
470.313910263
208.713300742
942.826316458
664.844110876
85.8299400012
696.465312806
976.315519158
951.861046702
59.527380092
658.091781838
770.377135917
85.1692518632
722.107224697
159.754084034
318.810661659
11.7184902272
58.7310557151
32.001873764
185.469775447
668.05945769
330.706119857
523.595667173
629.630637806
327.283699409
564.987625429
299.537544416
915.178085689
116.498125621
621.196770154
790.780204263
880.252510568
722.843805044
448.53277763
653.072928914
379.63215346
303.237749854
244.057133097
90.4629300655
885.522373612
387.506236241
297.913164732
40.4379513298
400.696103217
85.7188293929
343.302794877
281.798768815
707.435664594
27.5056909647
469.542855429
67.9877294759
772.653492181
113.340698238
50.0354032552
198.973343199
868.756177419
228.416385653
83.5745136573
516.245057579
447.099904904
726.358487513
913.343966035
22.9689259388
638.133366737
796.811353511
933.365311136
121.359540502
557.981370927
348.269065161
813.668349671
164.607777383
891.236357431
960.691289308
978.080930606
139.657437345
143.651141626
595.571360014
10.7877901077
623.844488732
691.638098546
490.941755031
342.609775315
104.994983851
330.726272418
777.945449534
774.475922061
542.564817513
881.131763881
784.890354458
952.866997727
528.036023948
761.834258763
86.0067597453
348.917325017
257.334169053
599.745176419
231.397721253
227.980374986
367.881040753
815.825931654
908.767532943
92.8018456807
921.870081219
928.400644311
984.224777588
44.3908660202
891.614613204
942.280149756
237.945959626
817.976267225
570.402084245
199.030249004
480.001772855
242.321610298
34.9925983178
430.45591991
412.101594939
32.218412761
89.5627237558
880.271138043
633.6866359
522.663166517
13.3353089699
866.574715908
674.132777728
684.854646488
917.47583433
356.750716866
490.335029328
369.105558129
816.043977709
984.209408699
659.927890982
544.260292988
963.115389534
937.091931833
213.629503035
688.723803637
541.030123071
880.569282987
12.1942673296
763.996327345
563.029250987
480.290314255
109.50245248
396.218681486
336.205312392
928.788328145
347.243780222
788.264931988
799.465967411
646.883819149
600.822524932
109.762617105
390.37792716
280.31537293
193.292717327
763.838197534
445.230013425
338.392128462
415.202539037
290.936762922
872.216408957
247.154577356
1.31078009796
566.538593777
974.246838305
747.797263508
479.649530724
507.089477149
399.49240964
692.838312787
645.639997327
533.429910387
225.912913257
130.857474105
203.597255551
175.235323357
567.612240256
381.781397188
486.736638725
64.4568727968
954.370750498
868.137804924
44.5111644767
688.43609156
213.22010815
328.116077542
330.149672044
139.272932609
837.264849966
468.608657509
967.00152074
615.683042549
261.773534852
853.463244946
150.316287878
134.240386633
837.324555829
671.736843476
855.966152411
385.406677959
516.590357165
937.821516851
699.737216397
991.662420962
672.76479046
316.044273151
474.402640937
726.656364257
586.081069128
105.260742244
167.830096668
751.62366919
227.91863855
328.720441243
936.789960084
639.903039902
895.60768649
383.220788325
991.318775094
345.793722682
403.73309774
677.482597629
559.630571706
655.937067542
531.549281768
628.879338515
846.465875216
761.098473548
695.695323477
621.805504912
536.195730933
513.246252348
598.788361322
887.322744884
390.750768156
313.295220346
829.341754225
497.079363829
862.276900548
99.5977628195
136.483566402
706.29802507
428.233222724
481.712595209
760.917849007
806.67141217
164.495677487
259.50385734
71.3243125078
772.809138449
784.190921301
168.296412518
504.425651898
993.056796323
503.820203901
573.029668629
282.382462215
805.915750945
466.552763352
981.428340345
753.739962285
978.035796067
663.160364031
544.37540523
870.632079508
753.971970906
752.086070908
915.239872364
370.95580798
889.849639619
614.796929797
583.791214399
149.720109481
908.169835866
540.808642518
565.878464984
692.910371233
667.634619469
678.138096797
195.45309723
405.843843349
65.6139926822
838.851673729
113.119976253
544.966419003
978.444282221
308.703258687
335.102850216
672.187661675
799.801675727
891.394129518
470.33753484
150.975410188
181.102708572
588.671366356
374.940981744
946.367428584
604.102569554
789.46173088
71.1703099824
679.480852334
890.340359191
525.427998238
234.267631347
666.173075928
734.874930352
702.008119658
871.634485366
622.034133858
944.145512021
171.185352102
854.657639765
444.67752334
939.579695683
238.937254994
358.174344391
747.603570514
718.130377212
528.542750822
807.217203754
929.87165337
367.008498173
46.3791670389
875.400098834
105.145871032
494.992685194
700.700801167
462.636654139
874.358713522
953.170780399
848.79862005
754.642855082
452.008575556
788.013808268
617.360890061
209.752737016
300.69773911
750.865945907
533.638007834
952.158673669
114.360061565
311.286340515
315.731733452
561.55057553
571.526951083
866.267211926
254.121244362
909.206730461
666.926570867
103.532275638
310.752774191
824.896944465
242.197748486
908.726488114
638.221576327
682.774313494
14.9332711436
307.170783503
515.130235343
468.109557087
671.454531956
228.48623814
487.939570572
22.3369809653
847.790174884
588.351218505
175.279101083
625.058253364
53.5567876571
705.03673159
318.858769676
601.43364966
645.661544192
883.657930762
111.275252114
369.361855123
757.268853467
959.272506343
66.4213529157
696.580025902
551.763942649
456.928869729
98.6719778956
9.96341505763
288.635456572
183.292473348
490.099798337
345.825061561
68.1604069656
289.137002551
395.248071284
840.196365273
485.346326255
854.825586514
914.782838629
486.34896442
593.059362997
957.85929154
393.22048169
868.721865066
875.240822546
678.151374432
191.275854622
835.602792902
87.918630403
119.723407485
336.409613293
921.269221355
671.52811572
778.073537595
67.3246978971
907.618241262
803.676459187
133.348784366
120.107187153
213.342682732
825.198878566
81.6331441065
21.1255101522
302.020558899
988.383968041
761.110275225
974.121476516
563.172727106
502.963188311
884.423902953
406.87302368
467.936791758
796.270001413
580.34402566
407.654552595
315.937506666
647.201303433
35.1735226282
124.041080141
141.961293084
288.441552488
846.919619457
891.579587782
456.991101652
194.063175717
243.875221581
512.687527286
806.467735895
84.3981092332
901.4595002
98.7427445268
743.017867571
474.233635602
832.900606351
31.0258247578
572.81402927
539.500917605
145.171566058
145.355312506
276.437394369
821.831360727
689.198287894
252.02670575
361.505042238
208.42095204
852.620260044
357.178411314
784.462922575
834.111733095
347.856107708
303.861512051
744.14554697
658.7576781
500.015869865
413.89174221
878.865709988
828.87780686
638.469450766
197.409490854
935.179238855
509.461846115
473.934740734
23.6633827278
553.536781396
23.1923873437
34.2787321675
235.07218851
627.170510606
257.602310935
895.429187644
492.60721937
170.195103953
905.941579331
67.3784833063
507.654608464
132.416460788
881.137783148
727.231604853
9.50152530243
517.837116255
721.276225481
678.321171316
436.693237879
96.2222230006
776.300747595
153.629714804
500.732780209
151.613859599
193.167910082
219.378188826
905.766334739
850.265441719
844.05575945
527.654241216
519.429595561
113.238340278
793.590128118
259.20580575
156.298912345
604.680054238
451.273648799
94.1954229875
657.79831328
163.127959813
330.445538065
63.0011796941
49.6796143036
601.128745569
82.224142413
797.561199266
164.206166675
552.421835688
898.555469348
393.835566661
115.352150956
137.658813877
896.054262281
531.687706017
626.074203091
534.276923802
86.8451755137
851.531615354
810.884908767
876.924123457
625.679262042
413.410741954
133.050877646
34.1961938999
37.1367023314
393.022014125
334.495702489
500.614090646
77.8353866453
577.365661115
642.681886344
851.898544269
943.02527507
755.052643428
261.207485354
882.645822524
155.125892495
616.442613293
261.327183975
357.349650579
743.848840099
78.7117874767
765.366828774
412.596654215
441.531446565
526.508274343
447.749311759
67.7013379844
402.95656461
26.5176431907
723.550850882
698.055534041
449.710905254
36.381607318
835.169692727
905.948276663
891.690527731
873.222195671
524.190599218
162.773814372
424.66268681
672.415793825
356.317789896
119.808788016
471.77950318
472.103919111
226.942029224
947.388679789
561.569769199
495.306221222
425.164245542
337.332442728
587.083325302
491.1335512
817.744080754
737.188585699
347.614946879
280.05606086
273.166243838
259.422085367
248.23861142
277.151007637
478.444855609
79.9760606583
834.75338527
485.047487524
172.609615497
686.521543888
385.210102144
568.065508334
963.785817885
57.6937407466
413.182981701
356.697902994
225.352058199
506.76665671
486.971214323
983.200394784
803.336242478
569.032069077
226.663719915
784.066940255
944.405865885
332.121435118
259.725748179
328.1430254
971.244726552
809.921937406
355.631725934
60.2035511317
452.558091645
622.16241363
718.674689486
