133.478376183
470.818381963
406.48756492
625.908701915
759.138896465
361.243964937
144.875797828
888.908200154
437.624389204
416.770511389
623.407535774
955.046367569
847.628877602
100.638747208
540.276340342
674.274360558
403.329486313
415.111483698
496.531632867
571.37255808
536.06985021
438.757615461
959.384801917
402.602361461
995.517787817
677.413730006
985.300852629
312.67351927
232.886887124
279.230742876
587.321870769
818.582219846
245.207617148
192.180530377
382.684063097
759.945500217
411.371033463
671.428428359
814.645471181
456.933863035
616.805618193
532.503426672
197.855718316
429.389444618
324.109515866
39.6560065311
301.388205188
835.829540186
99.5128506725
751.152528701
656.347210255
132.488417606
920.608100877
650.481701943
676.316281774
702.493984943
708.330260479
62.6629331641
161.876879043
159.868509564
578.799592397
271.071554364
88.0957285212
26.7937374606
726.624957628
368.35132224
566.570989836
234.644319179
225.398802158
55.7525549461
853.493450814
590.476598544
740.856229143
501.408643572
457.812940902
305.922289834
727.457351246
450.736844996
857.478445413
799.52315441
700.703369248
820.945161034
522.546737033
403.677624904
330.65637018
123.201059835
690.423237566
828.495122318
19.5769352185
520.120776087
313.937971714
354.572611903
110.816321015
596.801140377
423.900495145
24.6225523472
182.807818378
281.614830216
449.65795057
389.017591752
684.242378755
118.419245243
804.687865426
627.827758766
733.641377137
4.69099250157
887.313817443
236.386801838
627.210307468
930.284862197
198.587232229
197.827253074
59.9208075132
623.01485525
98.1664256386
675.814024499
19.6418708021
709.706336056
993.114383466
320.842192177
431.420894319
144.052012838
462.567944267
738.829577274
611.612895331
554.099404816
110.307269497
115.017332008
462.783311939
981.159617094
834.893165843
906.122905056
1.6700264572
203.456003547
710.18999906
98.5253170883
130.973754311
803.285626209
176.38193749
633.18757504
552.511996031
409.514375125
940.845364197
630.105971529
542.970022649
22.7338651266
353.57037788
145.535977319
595.471800955
683.74306136
225.151876406
355.318684962
101.81730685
911.378609689
762.047101791
629.883720447
11.426253403
676.811288262
574.787589924
567.036911761
953.509206797
90.6838835015
963.943830155
151.894104309
196.024996802
864.660746701
207.601899464
661.51298412
719.861243605
924.273522775
275.166819406
542.483572169
742.679846073
156.655653607
983.544387077
704.589157938
663.342709102
646.218693052
938.815611477
627.764548845
837.982900314
142.544637699
41.7170448569
188.817284017
788.134461847
194.008832424
3.19464502805
989.473788933
466.561261337
841.515937763
779.395669106
333.290435941
801.325896183
301.143981046
557.120035518
297.642934583
89.8719297905
799.238273277
547.110231945
997.027110357
682.500223905
785.71507036
758.833382056
787.808582423
52.2152052545
797.693990185
461.167618341
531.727272134
320.675078589
682.549597668
146.463682334
402.614793562
920.093498229
493.357544531
183.978828366
528.993826974
662.856733447
110.615726339
363.05343522
424.779466513
495.551751609
503.580614975
950.860789495
925.259548851
276.708625772
498.836246764
623.064382614
786.783258803
261.379670026
492.261643075
249.803575587
113.947048957
132.782080277
983.978513106
180.491476649
911.322572818
474.379941525
560.10009917
34.3355899944
450.134364789
819.897136709
759.580856097
728.225002981
144.763897221
906.261170215
5.35439609717
599.007510083
5.81312912843
777.094502837
900.977688399
337.915911735
776.82136664
355.170582056
371.960641606
698.084857173
655.481353287
706.929795367
260.476690655
265.58914186
578.099100561
930.672178614
593.952016695
640.737250578
95.6141723721
237.266832102
203.811514733
560.493466014
374.516162585
916.836913446
984.963766225
206.655040194
184.546620725
44.9990242859
979.413540892
356.815233166
748.993593264
838.512988557
110.765532597
644.862512924
360.453049691
268.831346909
718.901300549
700.752334449
573.966266322
378.094155704
13.3576437972
730.679234355
96.1179238839
863.65564826
869.412626943
869.11555037
881.750730306
157.758236839
668.370100511
729.899909359
895.328920151
843.079552026
509.803538324
131.452585116
909.108039002
781.810772284
190.057677974
38.2390629335
146.734671595
232.679097914
267.044516213
550.360707417
263.900708834
386.580635627
520.115188404
127.329186241
434.461502977
672.81859204
377.78560936
720.635980033
836.847407997
909.307164223
773.091582011
953.662193443
260.065156287
806.004644597
746.952992163
806.258534904
605.752860793
149.775966439
882.655654011
347.217220151
260.452492749
45.6082335756
979.585785329
542.096618986
300.114108759
61.0937167063
76.0457191003
119.04264221
764.275245948
540.404089762
266.60822116
423.876542115
87.7110083112
791.352831873
37.187705772
450.655683595
224.589851971
32.6038226088
755.778277874
978.149091891
256.888713342
76.8930954595
301.36557612
594.12901858
172.085032239
780.624136391
218.156708913
435.807296518
368.041333022
342.872404455
498.627274284
44.6492195606
241.558692484
897.771189701
819.524719958
359.876998138
736.927554905
226.780898471
697.99732071
11.0019326909
623.576081936
891.844872715
565.537349065
850.020503055
279.235002894
996.748112342
701.986706897
312.762011822
894.356724755
419.230801563
180.572513044
846.607376805
468.402025998
357.864207961
893.041324863
71.7845013488
626.263138429
151.129130411
728.950865661
18.8649039544
835.661687753
699.727623343
230.551649056
989.782013591
789.015379404
842.435622848
657.069429343
303.047953155
271.787224946
967.986593478
97.3797956682
897.07503055
308.061242389
980.53823794
421.035668057
235.322947558
387.401053379
171.669814672
36.3244593777
900.771484947
788.898705815
131.775986512
531.567530991
419.062845661
127.968645324
36.8625912434
537.474583444
869.851834125
748.305197211
323.140394307
345.586794893
893.258690205
496.819300112
925.454560866
932.543287719
28.0435899402
480.642810815
176.084249448
5.08455882372
542.523872977
514.998206461
529.394328985
521.87528791
926.685034727
750.167742942
925.092831972
563.296380203
937.924719886
88.9791349575
976.870101295
778.776374334
738.869526228
750.737791778
79.5423893494
724.042561993
34.4068547565
717.595821983
535.486625089
497.104364445
129.172446013
291.04938657
498.254144679
923.089223732
476.411425989
891.205293705
862.544931237
564.032645057
270.907250502
613.554952976
965.162309565
967.145829386
914.762925525
124.206386241
569.69861416
819.699608921
803.320767738
237.738861684
53.2049517374
182.419612617
305.071035915
924.917909001
426.158049958
92.7305688322
618.136106774
567.07198831
95.2404702594
848.399791818
267.449786554
234.645913724
525.95390541
250.242364207
863.769903321
944.187228602
733.815603943
448.791682268
445.101276242
891.587609374
744.191297476
738.506636013
440.002289587
613.001873876
207.305057517
81.4832108071
35.5548095647
949.592081499
169.897144693
706.463455262
641.400222044
889.760000007
527.730518568
657.163739967
515.433210982
247.095148432
313.828202858
452.966725698
308.771887685
852.794917585
576.719955868
520.106146431
72.3346807794
114.176189113
694.946276792
97.0706322148
754.835824454
657.943157339
163.369616578
670.692119797
467.723618176
430.326080086
560.60777366
341.914659628
90.8101314225
513.666482625
394.109579738
578.82121691
501.536137686
416.154074289
18.9128150588
803.452025881
172.675876775
163.290997868
530.974500005
193.093673888
719.744103479
795.933470963
120.251407627
16.6564176274
974.119601571
695.760248618
25.8601501489
332.253907824
861.754231345
142.12200642
602.620394166
725.53620395
333.071877101
397.28993766
423.015485656
998.639805645
723.812377399
444.56049774
666.62869958
594.049694317
999.833599361
113.15907279
331.553877884
598.943841985
448.713794261
387.548516701
692.560993328
569.818879425
902.754565156
1.53237993944
383.702976842
956.450868608
151.928320696
344.81035868
942.870526977
362.856677787
806.449276728
863.901980815
880.863539688
286.175337502
514.834628144
812.633214387
118.409588716
265.46110131
397.103052315
269.424086054
954.339308612
646.062022847
423.945009703
129.409641379
249.361148268
779.893817362
596.129728501
287.795047342
343.960687935
657.355226088
2.26142456787
168.301340424
321.711967293
677.907949161
439.779938627
766.584048648
258.674224961
992.645015329
174.062479423
998.43591171
331.459579856
688.397451554
300.466275007
381.528537602
581.355816475
63.1571941906
180.565356824
778.71585832
399.089162056
290.633750297
212.82153574
237.600369752
533.934968341
915.773698058
837.222519574
404.328965248
87.747639422
134.947559235
372.796757545
717.642365595
50.3001598554
840.80447883
678.732958398
368.977373115
409.360491952
961.253969838
361.479743625
847.223195008
788.653179299
904.626195883
508.912167433
359.38948346
249.995975823
995.911144932
136.374375868
102.014329574
68.51395504
772.512663552
362.933980144
358.395447835
428.353067555
614.127182516
16.2126602202
546.800221724
300.335677862
262.230379953
822.278048766
680.698609344
544.418481078
526.608231099
476.518178407
979.392523451
310.96919199
477.138799808
321.978656599
646.656866907
132.646310571
709.427836919
186.30326706
98.7834158271
226.568374678
692.513002439
358.632410624
740.549559039
933.23281637
252.290524936
54.3559431905
761.129042218
645.801853088
513.110101286
237.142451384
670.213107346
251.598906379
683.461820112
678.765825931
288.850269506
869.620945399
579.143149123
358.133028493
154.059469485
41.7293152577
147.568109825
590.297203101
788.50185389
693.902996322
972.385574822
693.23417594
955.475492044
46.6272509583
274.234990023
74.2319442075
250.859406928
743.814237112
241.754697003
17.7624262573
66.796127812
776.482945632
97.3813289707
74.2514993959
109.129655122
622.234076361
269.228600408
105.017814342
467.067246899
651.527730167
283.355300603
330.391277655
364.715515146
837.293566582
675.646371561
187.728329047
96.0151489984
22.5163132043
577.293718922
865.514825459
602.511542273
325.526713945
948.441336542
969.57849547
343.822992439
603.808652729
708.51845037
531.815626366
810.89231496
567.053666344
689.139702578
649.49989427
26.6011092655
164.967826272
200.739962763
291.423537871
410.268734397
147.470157292
820.097168451
791.003139114
985.746720554
534.355967746
982.683465307
158.557717532
254.547975494
104.486229394
103.579151297
440.3873973
852.493371775
972.085584219
400.985348536
218.850899881
166.680521176
355.725617714
498.835240098
215.753857965
406.197940834
418.357170345
358.536650539
148.927269063
684.084901317
510.156068339
169.218299415
49.2203724127
670.968515523
525.412284647
275.597604403
440.143588353
307.819135346
568.947206116
702.545747111
367.623289553
444.666614751
196.563355907
585.583829843
345.362411294
968.940398511
943.702799803
806.257327123
933.855087694
382.605772022
975.502320668
562.692965145
334.290268561
519.223683216
601.873498486
512.774222884
401.202250663
556.104954461
138.37977499
343.19450033
708.015384436
258.261996132
995.666633728
985.267451255
250.622909106
218.965292416
737.25364426
573.403124649
189.20065858
158.489835988
607.467881313
7.97861416666
589.077666621
731.763188773
728.930079191
139.253907427
815.575411312
987.142492024
820.427370434
232.715228799
245.477551036
234.32636897
398.98014196
993.348927556
912.460659918
882.966954306
926.626026835
397.516030147
339.015592024
948.456053841
241.847310056
867.594892953
132.80729571
360.471191479
414.729624754
663.327247216
744.240396485
203.888639419
602.515952393
223.891515426
129.435114489
561.687905344
669.498792174
970.067465572
809.533956589
432.330483495
627.719315211
884.73678043
931.876949274
336.099896312
721.538314842
392.329632171
679.28112715
214.302053374
151.011845213
93.0120349124
268.94287998
669.556311129
120.200293757
583.630480875
911.728726953
547.617805394
450.789129545
230.915541148
655.80784003
580.829880419
589.07423951
253.421235751
540.639568346
860.226281622
562.533640674
877.105920641
32.8495665507
548.187938825
925.952972666
834.158806545
259.47352997
838.075429029
60.3362577322
912.517349533
572.071774862
815.729588121
976.170373113
576.169257377
707.083654846
834.97560486
600.324051015
17.6739600066
638.006265175
226.293444916
418.587313683
892.993166921
320.385219395
485.050500842
554.79512454
716.238967815
433.106080431
671.596932736
965.982981325
256.004779841
79.0684492548
573.790115125
695.353688775
768.761424047
709.591346431
56.6278969785
321.376807362
796.876378391
40.3891463746
534.264245305
779.144662122
611.752732584
791.729804225
984.098970585
37.0284208439
785.706306147
703.230059666
685.944980087
957.490791794
557.304706855
796.563189656
380.619743136
559.065688315
750.664810799
218.367356905
371.286614264
549.131019001
687.803037292
290.027426204
361.789102013
564.238624132
851.443910369
501.316220724
551.394180949
276.975493157
815.187103174
980.943971008
990.320749771
382.520460902
763.494371269
407.946049602
332.149311524
457.065972845
81.2151839924
91.4696260131
636.903782887
914.260835058
3.825488388
771.692549009
819.51571382
281.540038522
266.63028805
315.840384257
427.812656445
118.357102738
170.754010571
772.332519293
950.446224946
983.312797759
111.234818846
180.812441042
558.786310847
488.082070454
395.666428213
39.5997877913
539.341056142
262.574016149
1000.54184691
991.064835222
785.754323588
957.20791701
545.701545404
300.69115716
693.067119305
566.359651842
388.050889903
707.259997834
226.010906663
268.869932899
178.814390422
686.779883896
682.782530847
931.917661253
705.208529968
624.555365083
426.072237843
358.607282183
335.990583124
484.066937101
88.1588984775
310.131421407
312.819229472
997.132516748
99.6854736569
130.783241287
297.908007622
35.1137632333
369.178432269
261.194258091
898.600589211
22.2617963374
54.0177924378
658.59201545
426.935690396
764.342404197
42.5482782449
91.7011191179
362.196831024
523.84780357
93.8086256368
476.85682553
830.574508028
878.558750464
18.2633548144
910.249902717
946.391996365
481.37190079
264.364295096
