581.687430425
495.328772054
173.289136593
917.02833353
908.487364338
44.008455587
145.859591818
310.428646999
113.604356951
578.434113125
22.3622769145
530.143386657
863.066371019
745.077897079
542.210135951
676.506849332
853.836612908
506.802915434
867.976053603
933.354924425
414.099606094
292.747102137
538.483885854
697.606940549
626.40006924
572.386282088
392.795167853
272.370995263
477.411428371
794.935711166
314.349962405
481.780778366
314.469289678
294.929429393
915.42085149
232.768970987
50.5901912499
718.600641357
126.856435534
424.463565764
138.576374997
354.368243796
529.815965361
772.580653906
401.846390579
940.253585216
880.529586443
852.929779374
14.8195245432
266.513353386
770.282169975
63.5879719496
47.2107345601
453.457840756
767.259751696
936.127424483
379.714684326
162.147023238
356.471167126
104.891786504
101.576505336
494.258785542
993.152221296
496.0449684
433.283298519
11.4122537844
528.247706322
491.220899597
620.567748027
653.61000422
404.245870738
169.54082069
816.80794074
112.282499834
924.200527955
993.26986107
852.865600656
819.039114295
711.977637779
11.4849771359
477.981940045
128.784911201
463.457832367
318.536161
41.3133998371
646.688981125
991.055554046
241.233992563
593.562737641
255.229330496
934.385630183
492.32811859
408.311369532
154.400087205
544.513293846
42.4103099642
377.877524781
422.00714094
9.7247289243
99.7585242808
961.372818843
840.548967281
374.546801943
211.921481003
824.814669514
138.342131866
992.829375029
874.423217139
365.557557603
306.459756213
471.019006602
192.299461433
927.61782026
730.157698288
334.307680404
754.654901505
199.34850852
354.029334099
875.041041561
801.947906251
37.5029009671
403.503875969
195.079314879
772.918170058
839.673160164
369.266916621
949.087052342
399.095908074
289.708936479
215.912673976
514.683550137
246.255869342
666.606780011
224.833432509
69.0360272266
129.817862314
5.73225571872
417.336116534
198.717968029
101.322534855
537.796357803
723.618541657
536.776652542
301.681235742
188.742083891
898.807581256
555.213929402
839.71835029
135.717214965
371.961317348
536.514286565
570.898757744
654.506115388
481.77659521
303.698007765
559.555703956
468.556561113
331.505805707
253.897530888
570.648087858
226.742246276
262.091513925
628.443771813
530.050763615
261.888732361
405.256258467
512.165280175
863.905827488
802.83079233
291.644709208
309.994939724
344.426442362
541.384713247
799.284764962
797.181212391
747.707889211
731.505474385
26.9952573688
783.785754108
470.049031028
887.397302632
356.04939799
366.878700255
849.037988764
200.327150698
570.59274689
13.8165489576
754.988156761
794.758730278
208.942504959
293.951191592
522.743401189
656.626625058
988.630188823
103.299846208
125.46575735
820.915687459
315.532384206
425.698982185
223.351794974
70.5370300219
344.07406003
545.054417345
654.194853607
33.8893580082
642.681748061
127.539163709
362.424645631
893.382817737
119.706808241
331.06203555
227.996187432
251.545298295
954.620160909
255.231902035
893.030867221
705.480427762
533.254886438
648.028260677
178.922494101
592.220995892
559.925971505
5.47760052436
242.442895292
405.354656501
218.916678146
486.310674527
590.793504758
889.082992687
291.762855259
472.937996345
69.3355284814
726.949449393
185.295732652
643.243500475
405.282193574
157.698932952
238.715071565
410.849557069
229.804090437
881.633413769
611.545324226
823.532684193
450.46370446
219.996722473
550.076878729
671.652155566
123.660748902
835.137488058
706.790511509
990.990189859
125.721203974
0.343602812478
637.263191284
913.552106708
681.264542901
169.901773551
238.057898565
667.601632514
806.211477707
328.358820386
511.718647566
0.0441100080797
968.180843505
794.830622314
727.519540967
182.954239591
381.860989085
505.331234561
486.75670822
231.916420825
960.58803263
102.377800481
243.490602725
264.62402157
729.406659258
53.3667147763
931.365484739
709.5344421
703.99459081
660.248152997
959.224268888
763.852609362
47.9189829301
271.311516201
760.102015081
424.334214417
534.268848874
136.501341817
301.67698285
206.333648113
852.644051332
101.98165607
275.247441506
651.322463439
7.8641470239
205.198589366
767.113643338
573.345608449
511.979082112
119.270521441
843.60597365
504.072758656
161.071521294
804.868415554
115.986075324
910.091313056
763.872063816
295.96461578
823.516537521
506.084946803
523.965240492
881.427728545
311.09311985
180.863289834
184.716970386
616.255943223
52.9065721587
766.889675459
582.959183513
850.815720059
709.306276035
382.804314717
281.178509542
754.073095024
151.42883773
293.057008606
594.463712453
925.6350893
763.098877709
623.280014053
406.126143583
699.068767618
142.580390453
206.63335898
675.471400427
518.015792009
228.493441553
908.729886498
785.440123343
786.482536995
274.961841333
463.110241323
658.548639439
75.6323696802
371.264067174
183.505635893
41.9801633115
736.307853902
165.879266296
337.139001081
816.925833177
128.841198278
556.321847271
129.59414129
515.642380679
631.673860629
344.093898377
843.449901373
293.279827393
680.465166759
992.915990871
354.729332898
183.9387398
435.795599578
913.348774242
192.317970515
398.398098525
49.4706033765
858.354879084
371.825280182
309.448057146
856.310520268
118.09018504
848.225044752
515.627418008
615.970529622
37.1968016027
649.886134174
921.976637229
777.213373884
363.944075339
503.215019153
984.366578445
240.383155897
0.516053109102
719.93978105
260.37378369
409.678479595
912.429873104
760.120168576
204.026586092
28.6560842974
661.105954968
5.67979737182
724.199759013
593.007650644
813.405091649
580.517231854
815.938158247
168.592966344
873.715400837
302.159562733
651.998156399
873.846258329
16.4214396503
696.870611999
631.818321292
604.615092167
446.405832225
227.57985807
647.503859247
291.258124038
178.81359278
171.075035047
100.389366192
951.414350964
89.3724919361
938.149331257
117.063349878
600.105008957
902.790646008
117.609320369
785.257269755
256.465091416
173.222607542
850.589188611
762.958035086
883.807125867
637.02369646
417.590738668
223.271298685
971.009280459
484.00805191
879.038034666
556.349313848
616.825487317
761.498214294
559.425285237
171.484514422
590.147690203
230.389944659
185.803646611
751.187595688
230.385361411
636.471803501
71.585889011
174.653234247
13.4734579365
526.304939803
453.835136927
422.14845451
55.321753656
905.561749016
69.2024272752
179.118776584
808.834533092
917.748961811
830.941693778
265.157819293
773.895554372
174.556943866
55.3658850981
832.425622413
900.169436937
697.38142779
536.139324009
369.709520207
665.539226934
158.629586318
198.838045002
708.094716319
766.334629984
299.369645183
977.980702493
465.626694879
871.238248954
906.704751922
607.325293792
23.5343073466
852.039556307
858.241689294
901.731396348
467.342053354
540.333499661
258.645273284
497.439744356
525.683891561
826.464080813
328.991656577
867.834521924
343.932635483
662.675230386
179.500077911
126.959330801
165.609343474
135.719398678
375.258862215
693.70547973
227.80237415
330.528366374
207.258463406
670.49549085
645.990296494
347.077921274
703.754493673
885.536174207
983.835363374
415.044662275
657.082457045
931.764142048
229.133500775
888.462520694
886.681434341
665.869696252
749.136210854
944.841024303
666.401888206
32.5037781087
290.500015976
922.862661172
331.571220203
781.639148396
582.088934151
214.554829445
305.958741887
754.091135084
304.887575005
23.4549242631
921.139318599
64.1314729777
455.281020582
322.782488826
768.743949686
330.482304672
22.7269894326
813.743623296
934.626807912
532.904709929
835.575848217
348.258690668
676.980864543
108.564377445
43.1299766989
818.923141492
36.8961975322
58.3294144294
569.544571962
249.894641455
159.896189623
811.361321694
771.912680649
184.060605906
635.833672309
775.725320569
883.763004611
476.075858684
432.125267534
955.769135348
230.291143829
241.822600466
724.382152044
122.083490005
981.55853626
749.982958168
709.128103185
532.741754097
168.18923311
892.765773489
630.621764136
5.93618632329
713.320867698
964.702184778
474.341591728
649.144221641
63.1239712883
177.246905586
804.985802993
688.438076853
538.732656556
975.820225754
204.033940514
521.935186236
494.480925524
328.756323625
869.566108705
410.966893156
640.034438318
496.806507996
695.755449421
736.124565636
68.9353371453
425.948723219
112.263132055
48.5562392117
497.120057953
441.576725024
47.3879119144
614.101489418
846.845634902
816.636579082
29.5580314933
997.897309431
511.031569313
218.460190661
143.731533121
2.29677169153
482.250329614
821.210394249
197.217953534
645.293316127
570.488624275
913.161443883
400.629631675
967.954132966
135.769849024
651.818454978
424.359776899
593.490093805
95.1997974037
87.6030837607
645.657719237
93.553054594
391.648053175
273.212787899
700.526008848
731.80622146
247.367335168
478.320836567
866.921473182
429.275583358
705.536520015
230.253691817
281.630795687
575.691564323
423.306682453
799.787067454
906.736469509
201.068445623
33.2064889519
549.157129387
111.170584891
68.9744395989
437.88978723
247.975884545
875.123448656
267.712112463
317.657391143
958.647825521
414.707374348
618.27410413
247.095181843
866.713532257
134.836975552
633.458516783
907.455992463
162.163189771
142.735454468
474.263945288
760.654167177
532.234929923
266.138673156
534.481477016
197.279422896
574.729925325
437.913892164
643.835965624
484.953209009
762.069784654
212.721673438
176.036686266
298.641356959
152.52569495
351.328495458
933.650467251
286.445372438
682.630201323
581.938407708
65.3452544913
4.10023327501
460.483859623
357.407003787
473.308398657
773.765547056
631.388036904
139.146698727
884.352015125
291.424397301
458.267918699
226.9865114
558.416186556
519.003522842
843.290259359
74.6510159005
839.2297406
474.918682584
791.648863922
983.890452384
798.510706712
324.498836906
314.160903481
858.880606328
140.738771847
84.3452723018
373.116542274
391.423280083
988.278256013
23.3921110003
286.92183558
877.497294983
215.541438391
279.37367592
928.5610842
879.28004843
723.186144895
214.629735921
887.046051346
490.504834606
336.698810299
374.938762755
230.457656323
391.491875829
398.97731058
379.869154062
39.9895341662
9.39128085823
791.773742732
960.484439103
54.4416537106
835.795862841
873.464023904
622.338140765
368.621644404
717.608834148
207.068529797
402.785497507
436.24300445
939.247316397
613.786759592
896.563927165
608.969807863
990.909093364
958.113104961
526.903323486
320.162216259
198.210818595
698.92651322
583.917728968
910.823151238
815.146090581
277.808300415
282.11233868
880.205977949
131.920703357
864.369498748
511.957520666
299.3581415
7.3365408839
586.905781874
717.076016955
188.691605543
412.102456493
799.54669936
937.644653783
560.896025174
174.00542047
232.856556877
717.017294035
824.248790511
212.451473469
807.614425806
363.319799269
236.800746895
221.139870598
52.173726124
233.503595204
159.222965941
817.521090595
690.242317799
185.44906354
670.220255859
132.166155908
65.5783052013
424.043344232
845.083303336
94.5607660232
860.274173121
669.910123196
62.5590743066
429.89173357
321.094951135
20.9343063568
903.206992183
375.496247432
431.213882703
61.1197853175
467.507604777
55.5305889205
248.852183829
256.202812226
455.311613352
170.974971992
812.868282255
592.732674961
27.0519483683
512.178347128
607.611727534
459.120829667
801.850874379
180.398329368
531.454215424
29.3044142847
763.134215691
681.205298307
765.484721867
578.430668236
226.973481001
505.703756701
669.176800565
368.064700476
623.522344564
605.394669085
771.952966026
310.733172796
538.499920647
852.460786776
95.883384578
25.3088992888
73.7584385548
480.077335451
715.394615709
103.965366225
483.855086768
283.600407421
427.248165497
978.485893459
927.406144425
333.516677806
306.130644828
428.468245251
520.491473552
744.010648505
214.129577979
914.071385775
132.799981854
242.754932131
693.042120945
255.089923878
939.093032968
321.539794835
313.474103699
682.279219814
293.036443694
318.882748
490.462048819
767.614818083
809.972290291
19.7867762302
994.857469236
327.638252781
327.115384183
861.612233195
149.194370913
719.869554679
28.5346851039
186.58916421
88.7277346356
495.7449482
852.962629939
945.218696054
728.114351566
705.611981791
852.187555141
498.027854307
192.619740509
122.055601504
919.371970815
166.761802075
379.041925584
833.906404593
345.971393142
366.293230146
753.909068881
312.920378252
689.265340277
616.091543389
914.631035347
248.587892779
692.706310814
762.344761601
944.473877045
798.742162937
209.60942166
804.048032267
668.95930906
328.541903424
99.8897244017
194.33081113
964.582432755
444.43439024
418.117059094
538.01136435
144.737400155
785.183226479
144.305799034
562.595541364
470.993101193
771.352302443
670.110857969
459.505621186
785.746536266
372.802505769
784.983010503
193.9372725
28.1881784651
223.962077175
276.564449092
345.345438379
42.1749749759
113.012932542
576.057538304
950.897543462
437.71734176
544.470301392
0.0674964753905
456.189008866
878.872186092
486.364914298
403.617517116
36.6187529689
479.035377695
242.568608918
807.688433326
753.326459999
29.7454842343
828.154339269
506.987472438
263.505600629
313.970744225
846.407600281
215.344460287
926.070372305
734.108636948
953.028200878
863.183483328
141.794236008
15.0426610463
717.173065803
640.388658552
983.336021143
641.857371227
273.10421549
698.602804588
434.427528961
732.301837995
643.753951383
700.079511674
802.853265582
287.709160304
347.677512366
410.320602156
936.261060018
164.631455805
1000.83109354
979.171573057
372.648737422
386.873712945
254.286698773
943.592334181
143.034024211
161.616298744
782.555678153
281.068376344
637.76694464
399.633829205
164.378481628
816.503310035
550.020000066
958.728771832
120.007666869
576.096656871
555.748448262
247.097287335
727.626339309
471.41635953
170.598539389
880.662013063
501.38185292
240.910935075
535.930341651
259.275944292
257.603866394
267.628375993
173.567594034
451.096828529
327.554428804
773.084324352
44.6906861891
569.784107216
775.496790573
