382.99744412
276.495864904
540.583911898
389.798915263
986.00358943
748.138017762
921.556801262
104.216121588
411.729150808
200.521494772
710.114513131
964.470966234
5.20573757674
731.521404934
396.749900008
485.19704929
616.534058703
575.235338434
26.1324224742
430.400992525
766.27466937
863.894270596
905.614190157
318.069139019
351.458833486
434.427116147
382.605295529
893.182652219
567.420695599
441.721556288
97.7984513519
680.056847068
36.1620138574
853.145912978
244.069209193
231.008723963
22.4135373348
507.851370943
232.033993738
229.111751097
551.500988237
612.93080375
716.246650755
685.79192313
755.644108038
488.855313359
4.55245884917
152.767376502
8.46128606926
723.013337938
908.267380499
561.167738123
291.834146875
79.3889523819
580.702538777
730.352746253
315.957905893
464.178482328
852.448634607
568.044508983
86.9411864924
890.666908215
832.598128979
858.457221201
361.272039414
830.83258242
292.162946534
267.747828658
722.950532988
943.858191025
367.342709554
976.964845713
68.3679663243
380.929598707
340.072904346
563.070746343
455.368603182
937.026662774
841.302464414
820.787383448
986.870004301
211.39711843
102.771375306
490.318493219
518.364420152
466.630752694
53.4659396768
663.805368691
925.780409282
254.857502184
864.455147167
420.939724134
703.397425195
303.352565726
778.253742747
342.005195325
310.904678087
270.477759185
1000.8516976
844.50510987
198.861574388
873.580210843
506.099731859
836.577611588
829.751741233
566.99442824
372.695510044
822.805969233
272.739183951
864.577013486
83.3304340474
205.511864764
605.44559362
650.164252516
367.272322202
145.59974073
806.819462203
250.954699083
241.640536619
224.804454716
37.2778598758
708.50532212
11.1114471687
562.955128979
863.880774173
807.271509187
523.575611935
145.50586606
570.21040074
164.147234641
239.651157594
3.85022962951
97.5971936602
371.538664911
934.98163881
262.608194064
546.601051912
613.534173162
422.939845982
406.476688534
226.642121635
190.691976365
281.532523161
607.607397333
962.131869757
915.249032041
786.124427796
196.62093074
928.360355741
180.617042542
142.772067979
133.622209764
14.7129701684
534.790927753
243.670691556
183.539708509
709.588392408
875.290695756
294.882287774
368.081212942
76.1765797558
405.977818227
660.934840656
105.531215143
521.068657395
744.327991947
298.085984072
896.107214289
602.916578518
970.775346907
148.486406501
855.724651419
908.53969357
586.308118707
39.4352181697
940.545901475
112.40735132
702.296402576
457.138554427
231.464502837
704.530569009
346.365348002
416.79725335
702.440220913
279.302210882
401.820082787
148.384990443
25.5136018441
837.713132672
515.96793289
101.991169154
593.248845782
963.07657992
575.891302105
117.118915348
696.146381673
828.422960744
573.560672216
590.088221589
245.403294262
155.56272743
304.088394535
918.201593674
909.878121194
64.1995101512
701.419589616
2.80406486149
276.655618879
756.347218911
680.08898124
202.549540319
610.775570595
604.445253795
913.460169768
68.7812420932
17.8371193508
636.087991614
453.580419119
783.813526488
68.7425064099
788.869271421
235.845534051
389.074149146
735.004950148
652.887006081
100.589894045
351.17582348
33.0181553886
941.132825575
802.339820155
639.039714066
237.698629949
450.967536259
998.092674586
394.479694401
542.328191991
875.152019213
483.120037297
438.048735318
588.131312016
773.964435962
350.841974546
239.827447939
831.827949262
16.4002436208
58.2148485276
100.551148009
821.641193858
267.125102878
569.058319364
442.332744631
151.354083069
229.374191749
980.668891255
312.085698256
502.979892262
239.281678164
778.139527026
588.529449474
163.953147714
208.241680523
905.674378062
662.497039337
719.742621428
697.202233807
416.51781602
834.96871033
241.769413761
490.378426504
522.692040387
705.187231135
78.7111805492
803.781755897
342.695779811
603.989482477
844.957397227
685.490333953
204.653235715
908.02573451
643.823761723
235.950901707
197.363221187
804.003032327
918.011835761
78.9303988724
398.164199434
719.807478314
698.958432119
526.965287937
475.924114576
803.360511363
564.179331461
131.815769203
248.587104706
40.2697525196
562.972618264
520.936392036
165.33151422
201.886264435
590.481678479
390.95763221
752.125312197
721.40401305
437.025408959
953.706617761
258.109393198
524.720496599
28.1989587827
824.816026977
530.173834599
901.976101012
338.442886976
237.457586612
110.63452966
934.448709117
225.289124683
642.124799142
11.3819072925
969.224346901
658.04394939
748.016079169
904.29736974
47.2286417948
493.304471533
744.708811345
941.427182987
275.805987866
148.270372303
278.78276009
586.402797477
784.902952711
121.865406902
429.534933016
991.378261644
612.300883847
692.262548561
907.844411504
800.623401941
444.717427224
813.067439018
402.652907358
332.072153156
386.425315209
401.418369043
925.780262112
413.687829267
257.479054752
773.396250448
685.458869377
970.461836516
654.072124722
230.513501384
737.141464258
67.4502972505
714.160716517
945.849878774
916.987650752
864.069823342
88.7708592109
240.164727916
898.780906741
27.9793037973
697.252073874
142.615195402
475.67314057
828.31722229
270.749897539
196.798856197
274.411907199
770.843537962
104.744693793
365.439213827
911.317992806
825.124821164
213.371416053
304.577808257
157.969408398
276.429516468
16.9317430395
471.771113941
293.260669909
411.54614132
362.632395932
883.539280603
629.610508651
405.606722693
504.266420677
382.004979081
196.73057797
223.867601761
421.286709976
873.849224834
530.503280118
999.387292353
324.664547535
309.359147186
439.258474051
256.927081543
348.01987499
473.327575488
851.248695306
599.317741371
829.424448811
530.827714008
543.407065557
385.563294722
518.780778784
92.2729054458
85.4868032043
599.220730086
857.757809851
420.676216964
196.491718805
922.893447507
546.393135257
885.247912741
822.085826771
447.55119951
544.566196641
986.940271733
454.941654779
976.012083476
4.03639145906
174.032752569
903.061124816
731.842608096
692.035614888
595.586748744
375.412748359
163.359063105
948.841029291
590.042293135
617.371460627
164.803230537
860.145877512
875.417826601
746.750885677
846.823987393
240.388667042
260.946718699
747.393619585
843.152588454
358.674758112
696.322534377
662.195080668
159.751289877
633.334818892
433.033431446
353.875018563
175.696321151
596.813038246
554.579585781
417.880350236
904.716617499
812.068618988
781.785612181
197.619459252
811.320486742
840.456758445
431.683304848
255.512557387
418.791229832
983.6611238
905.91510494
267.403791739
821.84175842
330.606628845
828.019829053
692.349818428
357.25823721
980.02478126
191.794984346
957.550636422
732.423096786
490.319458546
216.010148697
715.830166165
209.439387113
250.412912239
660.175388951
691.242471555
478.003535499
377.073916674
204.378040047
193.624802297
154.170758027
828.55907547
303.012762757
480.515993004
520.722332814
867.205054988
2.1866162845
446.960233478
829.163922815
672.315628202
653.506017156
658.457188124
888.766785648
853.940451185
872.845708812
424.886897415
268.81412274
690.899235949
287.868367473
952.875604395
189.076813277
643.930517219
559.875570215
359.303050523
86.4619595376
647.933950078
908.635146126
869.433168127
710.907424727
269.952849163
786.835737163
16.9528566553
137.801121774
275.352020879
615.863843638
85.6229320797
737.568689337
522.122971335
172.781775499
181.010455015
244.819491499
192.067606195
496.134522256
767.020112801
8.96398584218
398.858891321
79.8419849906
428.569971432
717.026901
988.640679863
179.861978767
391.833481333
128.695577374
84.2329596285
900.76342681
379.996780874
146.031934291
71.6909733229
320.062665213
660.840391326
520.104610522
366.315565432
807.219508132
282.959278615
616.785822531
869.766814786
576.179899044
37.3211951436
676.324560051
443.838585516
688.542740992
842.206224094
9.43689130355
260.634412396
941.482015032
913.890848705
248.080054516
367.181880414
422.347267795
234.88827881
857.608993579
534.449892044
752.342214063
933.436522858
234.711989186
177.197298647
435.634060325
672.962854684
976.090062196
601.167949937
724.959031824
437.711562483
175.769488727
587.380636899
405.595296444
767.36192706
160.422721026
348.430546772
208.833671835
551.424328601
368.006604427
78.4661741543
823.178148451
851.927956226
148.150388861
574.743934817
854.43949173
484.881182386
178.964281449
227.356782004
546.742273825
284.237522909
9.0104051758
401.839092357
346.433433202
762.225488791
100.71421106
591.342093852
437.37090261
447.739240162
946.644671644
609.844283341
78.7085356568
776.832479879
595.14370528
835.906099559
521.947348694
169.155998584
333.883896403
858.748022323
351.779916251
438.131715356
634.008107262
835.376778772
237.734403825
130.748553397
451.042784421
877.272201299
680.616737497
341.511114832
340.463634159
445.49610106
778.987167462
281.988020893
608.326615769
856.638061845
781.90037278
590.043662858
467.710976778
830.920981371
30.3030083457
109.025614981
785.198385279
983.14624613
525.586415573
158.992973092
401.835741788
984.914160465
490.901874266
648.905964914
651.676468214
879.15689321
750.368012823
616.518860492
157.881041366
930.016918035
688.614396952
131.483802724
458.457059016
384.6600173
408.06676199
153.860800776
598.960976549
970.917589759
166.346657766
179.489900846
735.733716699
376.565786528
56.6402565976
299.594330832
838.670776198
912.352984191
73.2948451623
460.363064385
941.570572726
614.753402518
227.14498888
425.242106403
711.726926473
365.546919562
167.163788537
956.448696952
903.181831353
540.322487824
302.053895947
470.889803126
623.250544026
781.625111915
564.279565523
908.849733986
862.313036434
290.015062028
403.210898248
911.331258798
658.14031503
995.536568615
866.822675865
512.113102484
530.849947064
293.002911848
859.331136166
738.238647485
335.259766422
881.4221721
884.543893327
754.595320044
824.54527963
623.851967963
575.379989335
763.498862834
924.638023431
629.880435607
731.473003476
595.828802743
233.52731826
172.276569738
588.811067578
500.625037827
215.673861779
805.068668575
260.156504098
796.050826992
816.988055998
579.81134341
575.870697293
417.18992641
914.587466065
460.528534149
444.815835214
61.4132444196
219.174259494
738.438018722
104.34568963
195.862811223
594.315938985
245.163859116
348.09921901
975.238292294
87.1073934475
287.879281779
596.447803022
956.75769525
396.274651522
318.402200981
664.203659842
335.941738281
216.340031356
239.041618236
254.894368159
629.692936112
719.84726115
538.227349127
66.032129432
886.121060421
496.076293941
982.541122475
879.27135793
873.990836694
567.154351667
101.28887484
238.378164614
911.351555118
927.853926883
268.866804156
696.651126036
366.822657799
52.7969623669
824.420927294
108.873475881
256.499994974
537.550388037
662.400011371
373.062093032
926.485734381
532.314436377
89.6286064035
312.139488415
947.190100863
99.9969219892
398.194216535
764.490671766
625.435528188
633.273855534
683.632357619
953.284827403
750.589244294
287.175030325
716.898944929
209.7677552
972.80894009
718.423345787
584.125552208
229.583428964
799.809713414
493.739386656
4.62654600858
900.885886759
653.440161338
910.828064329
29.3755486588
477.718933831
465.091836415
439.07209201
104.905719279
93.4171367491
987.204315276
298.720575247
942.355074746
89.6896048322
54.5565788603
480.427603861
160.787303129
978.052060878
785.789022558
814.678383322
609.798213586
433.199191358
103.484518515
115.920690025
291.144128161
815.446209151
990.233763564
42.2495880465
895.006602838
745.401902216
441.648311997
191.52405412
479.647150026
332.833147685
201.392296613
759.538860704
50.9767898158
233.429006654
282.925444062
768.144321345
184.193766911
551.305453408
316.883248171
59.2473314981
523.972816584
886.726604225
427.846696241
704.976552771
831.329059868
910.548404314
26.2957441686
933.947037014
985.740732018
896.088840721
691.0806791
762.452018909
527.437857655
474.558028627
907.367738284
715.852707859
98.5878711695
317.942864339
918.520724113
62.2806664152
795.968113548
235.143273751
345.292288454
60.6355497979
589.735323679
750.181836474
714.824385969
930.26680286
147.091608385
751.210969089
414.213479811
46.8698207893
645.843683915
283.589091177
686.966461803
898.843380084
676.0476994
146.13732264
65.1409722039
436.239321157
969.416394729
77.9305718833
13.8904925044
363.43224181
256.570321406
171.126498349
191.372188262
716.792768176
57.3099768033
547.705475154
57.0275465639
357.254218149
32.6860986735
461.123839566
421.722295093
906.799450733
476.632834148
449.538521302
205.193824646
132.761230934
586.822555835
373.576385481
596.113431679
479.330027807
72.925488315
591.460647037
118.88108064
725.070534242
371.271972155
97.2610800042
110.239082573
733.182160012
393.765295623
551.880300103
970.647367563
898.116708761
792.928674696
388.38975041
776.717547035
112.445781868
349.615027361
575.751925411
8.22489652399
304.379688645
756.462824224
942.193067943
239.503205449
968.254264932
370.120554086
843.309943199
25.7656463591
576.129611502
307.26413261
842.810010055
80.07661527
222.102138351
977.378356946
609.437074454
609.391941633
372.790528899
546.862795783
120.149988955
292.176031616
855.825563357
132.64504553
352.087359333
102.402168114
392.054575794
132.431419403
931.164299569
81.7340199587
991.622735706
992.258033909
874.557962257
387.679277465
436.277638266
737.601938616
79.8229666545
285.627778014
466.826316671
968.723745124
736.498756597
99.5233504383
797.959246408
851.734150481
743.24816304
355.613255398
495.252549658
446.495365997
899.169465954
126.490567512
620.448780317
956.015452251
43.2030267276
917.746231002
678.164426401
156.175266348
696.749797193
541.124142657
348.778987992
160.328978344
983.726133708
40.9610583459
77.8103529798
715.658087791
370.383147099
667.558719012
400.562910488
233.708742511
999.186787917
97.8955285533
294.324498392
736.267828714
915.608468898
288.484476674
929.305335016
118.323557134
797.261479882
938.664497333
844.728504033
319.958623363
740.486143608
909.179253166
869.166705799
465.371248857
632.567606391
