919.118680315
756.749541341
243.099568884
174.680111604
845.986353916
132.10804474
950.438947462
378.798147708
414.467168511
159.326819991
741.675312334
732.294722613
970.586375509
28.0856007858
856.837312918
5.04504281166
884.707784349
407.957523128
580.619874204
71.7432886517
95.2853871121
785.120483368
100.323211399
161.505778484
718.462252257
231.808305074
655.42291044
896.930069884
211.507806261
586.168836082
78.3810821322
409.674393275
30.6330788184
906.349847567
333.937042758
108.738315534
537.555042942
674.06529322
568.225974979
467.998761251
465.643487493
588.786631108
447.684039049
988.579543458
492.19266508
78.8666244316
777.205436235
311.07380302
140.784081809
484.725365096
710.307674547
410.024084262
887.809131184
257.255329546
55.6395552262
417.446802152
402.983349887
446.572446594
949.279705135
782.235683267
94.1787608666
160.215345766
325.317240869
151.793877884
274.94264593
468.349980647
252.015195952
492.636538319
803.164702078
574.819599163
164.015279207
685.167090943
982.057918904
923.430545213
176.889380624
586.652704755
638.467314598
356.653498817
295.566613472
607.294814526
451.200407037
316.65627864
37.1996200048
437.017958095
349.159523569
813.049899286
534.998865053
689.116469645
232.76999401
824.035307645
454.745086568
32.5412610281
871.569380697
152.766591409
377.671855553
358.596125485
937.094783765
578.563566105
575.985322965
19.4803189182
927.066319971
723.852776557
694.168658978
960.636737559
37.6382041713
332.289016319
538.383819425
832.633206862
865.554150694
770.797701835
246.993952992
432.097595079
9.19530693988
796.809982011
310.948548204
626.623053876
285.549481884
277.556293325
927.97384844
653.305387295
244.699025507
332.834412807
970.055993384
235.648653612
305.865502156
351.095027413
52.484628129
809.472629353
188.565929387
549.512408132
847.887025216
148.201441837
38.3658363394
424.596958675
759.294748323
538.820229407
141.648907295
654.250752068
984.68960167
902.997618315
293.459449503
240.079653862
762.206355041
176.410220769
825.456790379
100.844505669
267.071159427
797.401446293
850.9947726
419.467456696
198.043310886
297.067649133
251.259968955
137.130358814
386.334672514
556.944240893
253.333517306
759.751669083
20.0244916701
47.9751882489
763.675632616
284.055381179
733.27053962
208.665600102
556.448267049
237.707988972
627.841301984
373.046685889
189.317650597
745.600246795
949.217816366
901.819212487
928.970647578
985.982489019
923.142684201
968.131080843
14.4034252333
443.214161925
604.312032307
164.068304073
427.838768458
915.798164177
31.7068905575
882.428932883
480.829839756
701.909947147
369.009509398
820.696461327
810.968648613
225.12729013
211.736457417
499.05899923
485.780412662
822.840879565
822.021599488
455.2709733
406.223504383
318.365466669
53.2559717647
60.1685172821
104.440582389
1000.9898313
825.827381212
662.131518789
732.135571642
75.44673643
833.598709755
564.369118605
13.5511730894
165.482580363
458.563477191
191.417885303
79.0162866476
762.188519466
646.033663267
884.844104272
905.910922207
877.553286034
355.836009223
994.258990059
576.518181623
754.004782286
757.785618609
385.822326283
842.386221055
449.675847018
961.408132852
721.053986082
776.286945732
534.343445145
137.905098489
278.007516199
965.302962235
584.969951741
338.95601245
330.868798963
904.833308691
839.550573116
563.009619324
223.351457961
765.800861726
6.69129126044
9.47255331498
196.44868424
431.758138237
710.421788575
903.085256822
298.00085974
135.252687322
8.42974945804
539.098914165
264.313861652
975.11755655
134.656136345
947.361843878
456.015544038
156.522897229
608.958846939
598.050821369
765.841564903
201.45001863
657.305487023
240.061131304
461.754078836
979.123934202
889.270438576
75.3945146146
946.001291935
9.81110122093
279.858210697
148.184044817
384.354374958
255.672768841
580.446877701
754.187336765
575.555692859
286.111616621
734.18724979
9.65159391093
367.243342253
738.506060526
94.9457010971
183.786169772
351.460066833
531.717971963
280.861118233
158.490299994
103.773654801
285.933582657
218.568356848
894.152355159
514.452261608
33.4486226149
54.5851798512
348.65559602
974.373992864
17.3113058117
584.21389238
562.058266207
102.366038671
177.554212491
887.482066554
804.157852934
825.884365319
815.498142681
522.416349135
461.082575556
458.555255056
859.82893743
630.233362021
413.362475948
234.247281239
827.259938649
515.028190127
460.195315978
744.65737005
652.325670451
723.560154401
872.841296593
47.0158800073
307.537294428
151.102443897
761.507297133
289.280586879
367.842101733
266.177394507
887.362768112
724.743795895
958.185478769
352.752589664
361.52793219
130.459456257
571.978636216
435.861014698
157.355937639
854.621620926
844.640636091
615.337798236
581.869083557
538.362725767
456.183398143
751.551033132
435.56081924
385.841296843
149.74191238
747.235257434
903.225131771
654.821701095
452.928873799
936.894120026
49.2027260556
368.709437221
495.315519726
410.424626953
449.403510917
48.5527250964
82.3147220639
763.421778574
694.333855129
681.233467213
161.428633862
50.2526442148
812.591262233
776.845470735
42.0783357589
88.0056864324
662.373936813
580.696972328
831.452887389
523.960195307
372.995363054
136.838717356
856.303010781
588.896200325
894.434811765
923.176699147
788.765134354
756.018026197
339.534463138
274.106453342
455.414420329
682.463725023
229.561511718
358.389312425
581.727557665
135.123390158
639.786231988
873.355799041
242.067181251
163.765220263
148.4719799
789.756826356
259.428201769
87.6868415589
885.485779412
366.231254454
483.785083683
686.685482196
614.63882585
993.400940756
573.461320174
797.377499058
473.767953532
287.819704195
783.32553849
97.6312128838
9.72860889446
834.83500718
269.413847186
741.587154225
600.761472464
717.501001383
344.43414345
625.18966965
681.520321913
404.27452126
199.5163358
410.670744252
394.722760262
854.240420564
855.182087575
825.816743562
373.302142834
333.693839766
503.726544958
864.059897426
150.115190833
152.426907218
673.81466142
637.162973645
931.422644956
871.800345035
832.838747383
693.038215101
628.689277059
890.665858971
845.054389978
75.9011207353
210.870478056
178.645191909
448.967426237
706.625791783
970.571863468
8.41887329827
917.363469993
421.98846717
797.581306462
83.2556852631
64.7878480995
509.966632746
934.40979665
648.036670453
905.853303304
325.692099692
944.030210632
660.437985149
3.12280171375
724.678472399
844.876937877
794.145929951
783.472954662
276.693937314
111.912062335
562.744903773
264.564768711
535.418176983
773.129647792
139.872982749
397.494082593
611.553326318
579.523614109
307.015935807
372.88667755
823.617623933
908.098960982
783.23352901
393.535110339
985.853813983
678.480381216
805.621966096
784.72905031
298.789195158
860.326671278
881.193775821
383.963994308
691.382826596
682.091099377
75.684407058
647.259035172
806.425372242
244.202197106
139.481174035
788.005442164
950.511037099
588.489432331
389.125205673
616.902487381
792.724293701
970.700573003
266.065609997
379.139961388
506.849544973
323.240611199
989.910172653
177.435043401
465.777946681
443.617246192
293.36088326
149.215185521
940.402874624
411.526947065
275.638406922
92.3227424626
777.292669808
466.941068814
527.505521081
739.850387739
880.611784252
269.761033821
404.778157237
742.811501051
628.260953574
13.2349764001
31.8204533973
307.774886226
608.558206034
627.960738983
481.880855375
438.336050078
84.9807517188
321.945010393
229.697664005
768.237572325
361.584830936
814.259217513
318.258213219
147.866466557
227.5744911
174.729870833
132.424553668
23.2557926105
38.5902004051
435.299825775
918.506373706
43.363262441
129.283722114
849.262766168
803.027409615
882.919258502
391.294341225
809.877389587
890.327885835
54.7829175624
8.07669567212
933.371729886
478.206032368
46.4865055743
10.9486962544
194.344381818
555.827351266
300.035476792
905.358604079
840.126404447
270.083496037
707.559538736
101.574644242
155.862156691
222.93193431
55.2928301571
510.632743231
811.217295358
205.007258986
47.7333967533
912.038424764
644.753409086
870.429069903
938.622430902
643.821990492
202.795116299
135.148417252
882.335306851
511.552226086
562.404272685
992.873120162
306.09775446
886.519486422
935.150112648
301.017189279
330.728532892
114.366716578
876.102243496
337.940080547
930.790993274
532.850152764
784.785379975
338.349481254
540.309129648
621.283580522
308.674323027
780.16699138
891.969154734
13.4463075546
295.537619396
482.392535371
801.267128205
613.354062408
578.900180277
567.859187456
919.494534675
658.837929915
109.153177928
471.596898208
441.482569537
366.023599843
318.769272288
316.602171618
349.310672893
56.6054200527
917.997700748
276.428734841
270.768040593
600.896622677
243.680501282
417.487816726
168.085948059
525.749058967
414.851995352
970.151766078
831.400528032
13.2985313115
561.703598202
233.373171107
120.351187577
279.247827614
772.552012004
457.465600043
997.29533552
816.111866853
66.4592672494
665.245671343
699.482433705
425.355710585
122.465394573
245.80393918
683.807338668
982.44761978
304.243836339
810.046102723
1.67988633614
505.254978791
390.252789894
679.799849268
177.678420256
45.9097514625
625.487133671
632.531384764
367.987840968
688.20114042
931.544318354
949.07830553
837.015750182
930.900148302
291.439213371
531.159021273
476.413438294
559.830358579
149.151773822
543.997674833
821.539505261
275.806133176
433.041405271
738.577141413
7.04949798087
508.738313289
957.357314161
791.119804815
593.045191049
226.571668037
94.1024483848
626.984995779
237.174084566
450.9355507
271.539672761
226.244700685
461.740841469
225.579377616
76.1161190602
524.595188594
56.9281542237
365.016712352
697.198615486
649.306256545
682.366588905
390.677277645
773.598248545
487.92647457
979.352021862
729.667202442
630.976424131
952.59824944
630.637946327
743.720466081
347.708735932
775.17113474
548.924604622
321.40816441
627.138221932
311.24190453
264.693504211
221.142051994
760.037379529
959.50106955
68.2535161138
386.612129916
623.368080076
710.365185182
207.025570288
186.299039644
460.484511368
834.344412083
613.49848555
549.337868643
277.647672799
365.980198173
345.586208227
116.285788517
841.528179292
240.065227636
811.60045946
867.51003849
435.224532893
760.879369254
812.067295458
135.461293552
357.154512678
469.986053557
97.5125124013
302.857894672
500.611845221
583.992409673
99.611209127
399.776146752
92.6621755062
351.53032174
92.6491960843
109.925502656
280.802669822
143.437752027
241.435365732
8.94440267134
162.777608067
973.753129427
423.277907464
181.053814459
303.095511046
37.7299200533
724.668523205
718.793178766
759.73069627
46.356251959
931.244579748
350.803165919
301.15015776
545.573224167
211.62883365
320.453055364
195.115092056
735.722325577
566.617109679
651.574835813
616.960824288
825.580847463
702.91249827
340.42960253
781.568739213
377.01029278
977.488128168
349.642844706
273.004836781
510.63702527
38.6514365757
256.843015365
670.251681485
311.502095839
224.6931773
963.071846907
170.415752538
334.438475069
420.931177683
912.94301995
173.672924485
122.950132237
782.674820641
690.283271045
171.92996467
600.994064101
730.066670707
579.145001469
375.804660038
348.901784581
670.732231869
509.407691342
656.407724916
164.280326282
523.25705176
497.620804228
985.681344233
30.198051572
77.4121750692
623.039042981
148.876338089
772.220888037
279.652676882
562.864131881
62.8248765967
300.400923599
633.112183736
648.82624066
83.4523499792
922.145179302
398.274402525
264.440224613
762.687845943
147.601180615
771.791668136
893.611745852
104.20024549
281.226663768
583.084652362
217.613935327
390.555482481
842.560989623
3.87907713854
470.753904912
584.126105283
806.679863638
310.623790393
772.874246615
105.207438709
905.023799953
454.322567552
721.292493062
924.625958078
882.925422604
779.775022955
288.008465448
689.256631357
283.001537614
28.84986779
155.747085833
301.93446838
957.642883291
725.924182038
911.227727331
393.664141671
690.022011283
201.528660026
825.354765399
808.099091054
864.014598862
660.783659431
173.592612796
33.5567628087
202.806802869
837.133965204
811.486165257
539.42324045
91.2412083394
486.233735604
380.534461778
382.759953143
958.014146092
364.645050685
271.07752697
530.564046045
465.173801198
440.877692782
894.440424443
109.631014606
236.592365565
747.22502748
77.8465215717
998.841295009
954.937070925
797.883817237
435.634912525
476.861394878
908.289190245
80.1502568918
931.835434461
320.223824975
702.548447097
130.945070337
823.555408056
350.605191695
670.685529114
220.73976436
343.310098547
727.508851855
413.367494426
979.489182453
287.017091697
986.309978758
421.965428093
638.836264173
9.5704794612
136.319348937
520.977546039
500.970447695
98.2253081665
746.750215864
434.748098216
43.1644088627
38.9284972733
992.191602735
591.79810873
767.601523587
241.871808793
214.851910117
152.364283205
723.300247625
394.239553825
285.562287586
946.583880131
509.207888298
367.709238551
696.929162046
231.963782767
566.509364455
828.518784331
266.590987087
386.613876251
291.256716499
261.787825712
382.988051862
402.166032467
913.65013506
549.488423305
7.65569107765
690.718299823
354.130105071
66.9593756089
605.077519179
57.2878259142
653.627282063
484.323033791
847.838760161
684.374894748
995.60220833
217.428337402
867.792549088
328.980218272
792.59828355
176.952014739
527.532352806
821.618914223
107.589682613
410.547200206
404.211204236
247.884040566
650.667538417
895.48883021
536.538998707
196.425519644
486.689860579
698.781626866
406.944997858
972.675318083
218.521081015
917.320279169
843.275117339
364.408271709
96.3682993016
634.853913326
552.70231774
889.410279896
207.153450963
422.60644494
670.1734864
390.349378586
90.8661088949
814.460919567
652.7237327
648.903257674
829.389734701
231.014434475
813.539592245
283.654547144
814.531557598
842.293567238
259.356574397
110.951729985
466.604792144
552.75587656
485.684162406
320.857539321
272.734693611
919.686160148
560.249889256
312.255970815
