370.354100496
8.50486204155
835.655439085
163.059543871
913.157662025
23.7483973515
399.066046309
459.483971949
344.650888672
192.453162951
604.503240122
708.884735417
123.904652759
791.849976124
121.327998407
455.583223997
218.493996735
344.50706512
188.531985767
779.062732998
209.276105352
52.7723614307
586.405905302
878.766987447
285.942253027
285.698279775
700.677316216
502.118507808
53.0020110633
600.732367302
762.891189651
852.914972455
597.471517617
996.403932883
603.329205603
866.217791093
953.475617476
803.820907393
428.54147284
983.718880799
671.27928339
223.038384947
555.722548799
463.659241103
830.99424472
153.222282602
79.2387322976
862.070572627
921.905359921
995.164074865
453.847654819
964.683247941
667.030843625
426.033797094
343.1040191
272.99152999
1000.69958077
91.2448004822
171.519514163
833.180543556
92.3012406683
863.187740206
746.082866282
104.42331255
394.807076707
585.640151612
698.573422114
576.660633706
14.8488816636
347.289768533
667.295224662
663.752387762
699.322248152
925.189850882
922.829714157
848.008845836
8.7584607388
822.172115698
437.269777885
354.471567502
369.91158716
404.40154976
469.546139276
560.083438731
160.264244026
279.81219465
906.489281221
990.962483312
834.136026215
938.865995951
650.674861173
306.647072102
12.9943808727
566.484407211
871.360126438
767.475978406
142.144631496
669.672681179
912.746049243
548.132867381
532.529160933
141.814581126
464.81328566
221.608431844
320.230790278
903.060728312
660.358959336
578.639289986
81.6268835559
479.364877969
219.742869313
292.067631448
391.487918543
293.394744755
712.530847706
678.536282323
431.861365895
391.567009253
296.981762221
755.220704276
75.8153307205
220.85726504
800.783805256
465.358187387
418.937789818
243.70888686
921.434990877
722.95559276
331.73049126
592.507236333
543.81909175
419.980366891
703.807722738
7.95958594524
462.885027965
69.3618522602
437.634769635
227.215322633
877.272666327
574.274654222
505.788949966
874.021020527
734.317254184
108.480855254
645.228446809
840.717100858
853.683249624
693.413304536
153.010315974
825.028302911
726.936905542
750.305936686
414.482980492
302.953356152
688.216880548
798.240408395
836.889999625
515.292995269
610.875184215
693.684033935
582.365388606
655.985986827
557.976239824
22.9705328791
457.90972176
548.41040667
773.802551216
799.2803516
35.207303684
274.636071817
518.526102079
464.513297756
795.157679409
55.2408661379
430.208344711
803.848230656
242.756525513
132.348020377
210.48990183
778.008850451
198.549408517
533.698472096
295.769621816
331.478156983
181.476861797
261.733086776
445.262996795
113.655706344
543.533141465
425.084743599
842.41146339
860.171383827
818.304524095
695.196529637
907.76679376
359.660405633
841.513540265
988.202109897
244.598039327
426.363585415
574.490835396
976.847823479
942.595645315
223.150430629
180.331723561
656.99796906
358.727811494
375.893172953
430.418634793
387.938996725
928.778288802
153.669928573
483.664318913
299.836533121
637.128401965
991.190096628
656.888445891
707.840740466
288.300213102
713.994184131
833.898841772
76.2629384542
789.665949897
978.33276403
481.239827937
337.747838912
248.327757563
514.208709309
298.464554506
431.265942621
974.093372791
215.750760133
221.21094874
529.029723788
968.318244643
374.500945701
573.044248983
64.1852508192
642.484959299
73.4251388385
417.006966947
420.4313007
994.29265473
991.360644619
524.958641156
56.2122318454
379.468446503
748.790196559
75.5804403635
897.040728485
36.0696852258
476.677394665
61.5275402022
233.240500245
872.953337241
341.254463007
290.514708558
530.953955995
876.696469255
980.664987191
619.170238027
822.027617511
539.667871189
289.55338321
912.171035396
960.952980697
362.281536607
58.2422902715
792.813695521
299.070936514
57.7981498058
500.032717929
510.311373514
977.915331683
216.665449246
246.20886337
127.507790904
456.436350069
661.743946154
660.483000786
260.685066954
218.655069479
166.327282299
129.104582364
740.605828852
689.420202404
234.117022089
271.387757453
348.354996177
336.360030623
713.830148369
951.809412083
827.686301079
952.443331541
61.1608909559
729.026366657
172.15677086
963.664735592
110.489950752
315.723588981
0.977222185509
251.187307315
732.377093245
552.941960219
537.21445133
943.9872645
942.543117252
698.475257048
841.028044108
655.067983766
269.390521284
247.392066559
468.133886177
456.907891997
262.572592469
196.18290844
380.223372141
83.8162665757
214.692142245
801.19748091
993.13996315
953.573895068
986.821729579
873.472695978
510.676009791
522.615396789
902.776763129
410.085405589
963.076638582
76.8413512191
873.331351871
13.3663619253
156.225552517
803.449483107
684.543339059
156.126420803
147.850096951
277.600732454
52.3224817262
946.367562408
611.607963086
362.399124803
953.149468761
769.316198913
312.837464675
709.087042657
855.982321053
662.460014764
526.854660794
539.279695067
932.877430229
316.82846304
543.214987735
623.575017192
222.6994224
748.686979471
786.959651118
3.06188930562
374.029369004
874.57911769
767.58928362
107.567246402
882.914847169
898.938882729
579.289869734
396.779000364
224.774281318
628.472870149
884.42288135
555.750244798
326.228583044
101.43822992
795.371236825
689.424050131
570.185816243
298.668592206
488.589286966
185.196423864
154.457647558
822.790754445
608.845132185
762.091007022
27.6597645898
779.136540803
239.654761191
202.05796745
616.454274123
854.714682301
708.038480048
253.062304374
195.124806873
422.917811651
70.9840609887
380.321319246
888.649299121
908.976271664
599.054472586
504.557385884
681.386918735
421.863712808
56.8838267892
400.113971732
374.019348615
293.039989779
461.423205219
435.223887056
128.252881938
941.533799324
103.240450921
796.192299674
184.197177204
121.458103327
577.315277641
708.243375715
827.973445542
246.470762159
986.677176431
631.103204323
38.376886778
124.859469991
71.4424980515
454.586297315
112.777205192
941.490446671
592.538197787
326.66542401
936.69745427
761.039998388
360.929565215
213.56483418
425.191860043
346.291758023
799.006277037
467.029566052
601.156515122
81.5665883716
573.054413482
204.296059591
655.841528857
384.057675095
132.012988908
848.07373507
13.5817513327
484.333141592
841.360198227
987.273837375
431.580160437
254.837356794
667.231660904
100.159594844
879.481083704
367.528049962
941.886365059
785.935359776
590.503516207
546.405673815
294.450999518
565.652957307
179.457188466
399.884077376
741.320034089
54.3212256115
428.11881378
597.231390621
63.8421079631
107.14294889
731.095721789
303.607004822
575.159370003
369.602884324
550.65710418
149.131021779
178.868977644
866.307670913
667.391873884
978.226193391
826.053490444
369.349033956
252.361507006
777.53531764
216.292866374
455.381712183
644.561612303
131.261185012
410.165068017
881.865675336
182.497937394
869.886315786
805.497223745
783.693241193
460.208111147
740.728191274
585.371469859
893.643721202
82.8562110352
360.762742102
438.607405023
350.125478999
594.990741618
42.8612085606
457.19282807
904.448020934
889.949638196
418.742002117
310.928900136
930.128785785
135.018643576
334.553664743
61.5705374405
436.48794045
591.188614511
254.619165254
468.471195136
547.22441763
675.593156343
523.38870997
222.469507007
850.261790558
643.995578661
876.919022685
670.228172416
75.785260601
638.169059063
540.740733305
456.272850568
359.274149502
398.585774597
66.811131733
681.398369325
324.429895864
944.099978609
747.48059267
516.770680277
612.100613045
488.090991481
570.195645728
856.978364122
162.075812073
836.946262611
593.263496645
919.83124414
787.521827774
243.51133581
71.3947560365
709.871962761
109.340809367
362.741896227
633.952495068
386.303639079
790.468874759
133.476738797
716.712102329
882.197807934
830.002051252
101.560305294
920.452638741
668.581309442
65.5162744332
845.78769071
575.361750462
500.967500214
232.957934433
380.516230062
121.209299756
393.870319718
628.965134993
30.8594517746
143.977697404
956.993659483
890.74596996
60.7494968271
297.440923232
12.9417070934
155.449728447
791.920574371
378.312034979
396.384851087
516.956526193
581.995361704
565.792132919
370.227910106
22.1057506665
727.036946097
405.185238068
16.4307397987
470.846781463
652.345443405
347.487287101
723.746883335
498.761898043
163.003026854
241.749672081
828.193200317
97.0627848222
785.757301996
85.6639751904
355.11201232
456.454307906
11.4200592469
854.327743709
314.094016139
717.635606651
38.2423824626
268.035499884
199.96566071
661.195180407
589.016616316
671.316697681
155.798606949
497.515878575
871.449657339
192.330677474
616.821117128
987.121469842
660.55091763
686.688969835
552.877372528
165.592056013
651.755896019
528.656406628
106.284952238
157.709758564
861.952848673
80.8817334881
575.453938575
564.347981863
867.499126251
958.660289578
686.446154514
953.724248776
669.655685712
154.020094406
325.239352347
504.900958672
566.460738093
34.8879193665
831.122377562
903.831989326
512.425634332
360.954658991
293.219674777
4.05723000293
2.34411573544
991.225062989
294.5542242
403.274342555
875.208797688
710.727940268
733.456724097
6.61714790138
994.13834602
837.35073238
23.1397215239
614.551100516
346.501914885
495.831375568
577.799191739
60.0166255257
212.039930091
168.748773269
979.555130449
684.981891682
968.835419966
698.229852662
657.366989224
790.38784991
791.765516482
229.504178559
423.615787141
232.712259094
420.78917098
919.122550297
918.537676563
732.791964403
771.601121611
239.399068886
332.124983089
764.466934358
586.543862502
635.327893658
334.322548136
516.883123827
285.868032787
71.3354231687
37.9130641046
55.6275494113
46.2798850075
443.160385925
387.077165795
391.930044735
73.3830154625
619.960385288
107.162638033
940.739303479
628.617168007
952.62878028
111.320803298
512.705138116
447.954059995
145.7593361
349.488458739
749.111304359
649.425708538
488.242639864
157.971350767
965.218174483
414.044410895
69.0986037548
421.038660914
443.496301184
354.254814288
106.616507482
492.420593291
277.792252794
817.291083836
625.223674967
276.01650105
950.594232945
979.533684464
317.325721639
456.465219317
933.506695448
962.686041301
335.511934685
945.394724349
77.7221841189
268.223841458
682.287687518
387.046581799
154.181281994
412.466552445
500.948309116
805.753258448
285.03681891
148.105943863
159.067459724
860.442456538
411.3215792
20.7393528297
305.126449209
967.08155413
852.544305317
793.768805284
970.924469309
839.663157652
617.813079602
557.23586603
526.988433384
723.122599833
692.173703886
199.088522072
998.688772321
158.096857013
456.515938358
917.417002083
271.767526048
873.958056519
503.458769232
661.047684419
892.796495442
72.0746219324
390.293496412
559.832536264
143.655256726
276.38783189
569.841898825
655.879073321
497.176421436
740.06952434
546.191605202
635.219168352
867.268112049
779.773862551
599.547816493
74.7242903252
838.536024843
702.633481969
892.899785976
263.040878632
148.028189964
855.316741006
913.381841487
522.196269057
653.163916766
294.932097801
887.084055574
619.191965785
986.183244891
438.961690285
196.410689301
274.80141355
365.174277239
610.100318002
94.8211945116
162.694188585
535.2935516
157.778907183
102.026755584
810.225917614
808.443712346
580.657080057
945.387227215
831.077512481
171.975462952
521.769190602
650.862909952
21.8198852791
158.216318144
298.632535191
274.928737394
115.097551085
232.860481933
927.563197448
363.363020809
824.633826145
28.0897697508
535.942839019
194.196150873
640.426027152
363.073455602
348.723308234
929.254571798
887.556061214
542.812266245
177.197777048
616.514550104
296.798056636
777.820651436
158.385031711
595.886640678
773.610213612
236.736060146
943.320677881
589.242489305
367.064696841
462.117222555
377.921941307
730.321672454
14.5045748796
477.056013723
102.783706034
749.516857758
642.221649921
189.102513557
268.499567287
579.23719586
430.868993997
279.810600615
883.227094341
356.961242473
279.270035036
586.744077052
599.02463941
909.275186526
416.126356815
723.627585603
100.110380991
37.8995497214
625.450002587
178.281312799
218.695033416
613.287524294
832.176198129
336.029494841
310.044847584
772.571605041
573.974011278
524.137680131
132.497605709
361.509132826
760.141758369
129.669936671
597.511189936
193.689528352
928.787438791
79.7837989023
387.344178884
791.125047258
838.962150709
358.244807491
907.326041828
788.946466576
221.839831857
949.886878346
569.103851735
548.47095465
865.284824407
837.922470674
149.781843958
842.808141416
117.408636986
674.411303231
74.1970858061
273.871242331
493.826677125
257.598239775
880.370789756
314.715970038
815.954129304
349.841677673
414.9530289
630.060178786
469.005315153
225.046841909
508.715134083
753.15153854
527.438756607
348.6520616
642.304204541
635.281102779
80.1574896838
928.558215573
490.488398334
102.669131124
402.768282937
743.084124291
716.594891997
775.28013867
742.227088513
470.679858699
659.324100732
218.108553723
581.830400095
348.891426298
282.595661094
772.548464667
182.249690135
330.306550144
241.513397677
687.948488912
32.8958813357
225.518086866
146.157489917
533.362186825
635.308500313
738.940046666
735.121402823
914.484845755
782.387393153
295.466549588
718.014647935
31.0561407026
986.88439563
327.643156774
19.7529867811
800.59194228
9.33366338497
14.4380701731
876.460320159
825.711676407
469.222998038
664.458116367
626.737062277
184.877468243
796.127378944
765.994063354
731.9350986
366.586809017
104.44929631
923.986724181
655.872799695
238.782909548
924.684110575
275.940545094
771.496802017
613.473942979
686.832917658
967.572442468
791.108605993
108.524355839
719.030881978
154.391372243
896.391533523
722.706234718
952.337766867
924.951725997
507.489246558
624.304476379
894.517693549
656.72544718
500.525737443
467.348722406
732.107653843
912.123110125
868.435017657
963.514374322
145.189711
652.049025158
304.337434863
647.185385338
113.817999235
263.870511127
858.410102543
329.739574379
312.524579041
58.8030968489
578.337134964
654.296960949
247.452541243
765.316061976
