404.933608132
334.076120934
642.5334888
432.491890078
170.213127555
256.559876849
85.9690346367
908.907671058
46.5467331091
554.789966843
818.199895902
148.151512757
811.278160168
599.606197166
90.7607726033
716.823748419
70.5687597053
239.287050749
13.8307075774
445.776072039
796.841004135
375.954435802
403.230853177
516.70645051
826.647477334
350.396023111
993.334966099
503.38747294
31.2714318484
128.719568866
533.231705643
470.961792448
853.926227118
232.713640214
874.853459141
979.047818015
290.199915362
361.859925954
178.601939971
551.192422652
54.0839580686
713.122747133
574.475394629
691.691242864
827.041242873
338.194512372
999.275298984
104.621707962
966.414103967
28.5873080492
714.582794772
438.45444689
814.61844949
68.7389641317
754.072295112
853.795098675
762.009093093
26.3160879345
789.346051629
595.270131591
524.919105318
12.1732578061
1000.7854519
434.054237939
787.729633844
339.693805472
761.060769601
239.232998085
700.9052879
462.925883025
116.964244281
987.124513879
676.284937134
975.622004201
687.442479933
844.007958227
395.349637759
400.692200476
821.196764857
465.740794473
570.050962463
400.114185529
898.072641808
929.500616614
303.522504489
269.178074082
707.674049554
149.541782011
806.516789427
471.268460097
70.336810728
403.95238039
651.520697486
332.026053804
269.190181148
749.996065434
831.232873308
44.9560249747
531.380825165
47.6117053326
931.710204319
252.548875424
656.623248317
333.104532681
375.441386643
441.641346323
144.813516529
181.706346884
235.351066793
246.002690102
800.784098092
215.275660977
837.185045808
421.42857703
821.097557013
82.5479769453
601.270854505
308.97388568
388.252557036
364.541099817
411.830690404
687.004057813
270.513504322
34.7392986007
489.019465615
163.104131366
374.06232475
438.099893027
277.424595459
952.596302262
784.627319792
870.644281215
398.119904998
746.209790392
178.475978079
903.173275181
549.788479053
98.8071073294
521.752569897
798.807929132
334.562134333
259.944806303
360.519850433
808.714237557
435.640862117
907.794867455
896.085201361
88.3254398311
737.002108172
875.875360294
8.63070620753
252.715004411
289.895046531
522.463799629
915.200673515
713.678579195
485.647082319
557.919854877
553.27326596
335.105781654
778.506410227
350.39849029
494.815612107
571.856296726
719.680236633
822.673133998
196.963978104
486.942731802
916.156843766
648.460307791
779.520158961
546.6908987
225.109877285
143.281554832
412.899163191
363.579613088
570.01673235
148.563707266
626.419424833
966.1677159
501.996220485
545.949146504
183.500901151
487.732089772
752.844313874
264.606844686
600.349520616
928.339583459
651.506841504
477.162318608
483.418262187
977.822232714
803.521322975
805.320644628
851.967007788
839.262378642
770.831858949
779.47423457
751.968986091
474.434930854
95.1995168466
629.231314728
125.381505732
224.846667452
504.55104852
319.118351437
740.360604184
835.984942262
514.530232139
53.3276473219
763.236375788
600.736309139
766.547771241
733.228953763
660.818443183
159.566820453
723.801487088
300.725685724
918.511642029
825.238651392
305.253276613
184.832196597
981.457135422
212.816188983
11.6135291917
821.3238778
624.338617957
894.17445923
717.62154722
677.443833256
158.107172518
865.996508882
123.132291038
116.121958613
938.280442041
754.990459166
25.3308133516
947.255393284
504.119531478
751.560937627
838.030369454
924.62235165
366.717896376
654.609455528
620.908648412
221.057962859
99.2835660732
682.784777292
239.993087223
313.475281032
70.4302726329
825.883657773
524.98730929
455.469097513
938.425649683
195.088324759
17.6961001508
635.487106212
528.329547597
786.172568521
276.059467194
496.550241661
460.665259643
362.795759974
242.616257846
658.732114702
811.569600027
309.740823904
473.618671716
681.319455731
363.615685398
141.03946415
933.052535377
688.767203267
66.8454266889
902.804174173
324.001105554
345.756077247
725.803899445
762.058820388
967.968918883
186.479418712
983.24300002
60.7107200488
940.629151168
132.818885279
887.601812869
696.628196212
341.965941561
664.306641796
646.51296821
490.28561443
260.046460779
327.520558274
422.309973572
187.220599534
401.202380946
872.075947158
752.826532886
391.379696003
752.318699255
647.965058775
225.018375099
538.559709506
26.5775050682
396.194362808
930.41129787
498.687806292
615.020186286
146.18878437
682.26104023
718.083344013
373.928385062
300.96012454
846.683786002
153.796867613
217.20692361
111.152955916
49.6169342291
621.716860056
399.637033925
389.463898921
76.9157438033
95.0200632403
537.688496431
609.66441248
893.005980036
163.17867865
960.021980642
678.844250169
827.278359427
266.483137967
677.254632617
755.621631302
895.451970666
745.939615471
211.995136992
929.965488668
504.289052486
485.500882866
854.421032773
213.217451888
974.480277781
123.421657668
92.079229548
170.986878596
358.470338098
50.726876641
125.071079193
717.547872084
288.889542276
702.279253424
544.033427048
574.6009845
108.038247915
547.9652601
37.0472163368
949.346419616
933.537321151
893.058933585
0.911710914864
780.938095962
176.510508096
882.960352662
615.747262978
148.336424517
61.3252056583
82.5821954514
904.518891368
178.558474367
886.433979649
422.243659307
228.504121627
150.946232898
93.9280517205
125.669580216
343.292890329
933.687205035
77.0929212007
564.123282906
131.930350684
650.33605655
111.048575782
948.349053367
659.603979388
685.61950571
333.147851643
498.95084466
240.711520908
0.637907228791
830.541549298
784.262981191
105.064592092
653.391510389
585.242927825
316.133406763
500.935664304
217.693004121
704.444448801
53.4103338657
270.994834524
162.44445465
926.055526907
386.500323141
537.405858464
299.622948978
50.1727387304
330.327065097
495.661920024
490.586356059
619.797451505
724.016344523
957.874189964
132.345136373
557.03010365
463.835825044
46.1657239078
485.895235385
710.401942664
929.443115822
398.873757169
43.0286196686
674.236592978
921.864728859
395.907825715
671.795630859
325.993542662
523.038846549
377.827237308
244.576463165
161.6406994
694.538320937
833.357829761
788.623197276
620.328792083
429.193865054
175.570740231
425.744804875
246.819349881
958.835034313
558.098129821
739.051926422
790.015142382
697.689630067
697.200456982
808.87284864
913.682374846
526.894474042
422.816120248
636.552798188
566.869597705
980.57750646
213.371504961
584.13773505
485.445639546
475.202591136
344.68500785
229.255861938
431.569516286
690.468952544
331.746921234
295.20448478
866.245030769
909.997809462
323.110777947
768.96652767
944.239001271
916.12484345
282.023135086
102.110729711
864.740657109
429.27584109
828.068264025
517.914661245
938.270532263
380.267569005
300.058756653
803.144480676
138.109362249
974.774883883
53.456638782
814.196779939
656.224679426
675.863554309
169.224728545
332.399383374
176.926213971
967.549283988
666.006510785
946.043207045
24.426101689
823.448391384
395.793513528
550.711322693
683.608242975
399.896167486
713.981710647
777.015887927
162.574254566
131.136493512
161.09866842
440.594821812
253.88979816
462.128021548
914.78773702
502.938813143
666.760721283
396.572690804
431.763855393
765.709477664
408.969090632
866.841655004
623.013303285
27.6040537789
399.809742005
971.303942926
972.999701631
785.344205003
514.395583577
627.628878043
327.821317388
315.673928306
173.200597392
670.13208394
232.855304039
751.395288133
614.89758484
299.835744167
150.503102636
180.174069653
853.176995649
768.187250878
548.955526571
665.689557592
866.857406409
928.111348831
372.003427941
344.405696849
622.40693881
226.808707155
681.204623954
79.1394642842
874.027611558
525.696722521
412.3428163
475.766125614
453.779573014
865.974688258
756.422722413
680.685134309
505.184134297
62.7265864208
723.221933441
416.026999248
568.167497406
473.540825342
481.396258931
249.678453207
499.375398208
97.3647049914
953.331271222
130.492892867
916.255945532
216.392130609
351.363821361
315.82209893
855.963883615
111.764311508
314.242241314
456.572384153
892.717722619
841.797770405
667.497390935
832.539953325
808.758070155
666.799849494
602.94315403
252.33550335
782.22411788
120.668151961
860.096486446
689.508798538
389.068491507
432.712629025
457.300356525
458.152899714
310.008181579
299.855392214
148.466240757
501.059190169
949.638272459
988.459061852
713.425214268
685.980131488
169.177017652
251.887035427
419.906467438
38.475310393
799.310686477
778.077248056
301.929936957
531.033603318
568.790442418
660.677215385
991.84370745
553.327952727
338.04723331
889.109460078
532.338763328
644.837193664
233.904740271
454.615981927
140.782928676
910.447598811
264.154659224
847.637320241
161.847476486
47.3603944632
821.915180715
367.235559739
993.68674892
337.337503045
995.57877588
409.909049181
146.252107572
6.11987904813
677.772922468
628.834756389
457.389533547
485.129915455
208.820946502
19.6240623081
583.366229977
474.926257595
91.1377023557
469.09429427
665.054626819
345.182774782
130.614892943
704.780715273
478.988576645
704.025516414
776.409252809
614.03493154
949.298915103
570.647209309
838.39886032
429.993287588
426.901294701
527.919712723
203.2069163
179.68776035
911.532426909
166.369705726
834.645427329
627.163657527
705.535760131
135.391965755
791.568464851
546.335316493
680.422232535
711.817232525
540.102152038
715.404282535
978.405626075
230.94700481
873.362114022
580.170494754
294.85864954
76.2917891311
605.90541825
957.96423764
188.761747996
578.784717172
941.22451531
219.034782807
667.45666123
0.947286004686
96.8426775665
547.030669308
838.300701515
191.083863298
124.192218118
599.261018659
166.283700285
281.423203601
61.0927637208
79.0530429079
982.773537262
644.100356864
345.248660304
163.257707997
147.513089375
830.230575042
74.3956039755
624.627021277
883.054961713
884.329971588
717.784490809
532.803701868
113.175657267
297.021440934
122.205311575
29.8793468991
54.0681386181
88.6510169137
409.437428397
238.197632589
731.714046559
648.769144254
545.632150807
129.412465604
0.806972679203
316.338659765
843.831779789
332.301902987
731.776380326
262.467909834
940.612823903
453.869960004
469.515869747
677.832095165
201.867747761
615.200264658
546.018361635
803.090214944
43.412570611
973.259491101
284.21010647
794.295859606
734.673104979
943.146085521
436.42023685
871.159347212
545.668339753
219.09342907
22.5535743683
972.107507659
464.452895903
16.1608352762
47.730786608
724.760745491
102.757052812
734.370889895
43.6140993606
683.630414093
373.367668048
945.808485058
770.954870048
893.748201478
143.238410595
398.693732236
189.625860302
606.579899239
558.22034433
736.086451636
589.278094266
947.187086541
240.773587598
575.588557857
815.51141879
537.476197043
960.957965997
400.645237687
332.895133333
36.7208950167
57.8838425516
273.525678567
617.621702696
788.83224113
586.287445677
530.666806912
122.939600096
336.340481221
441.003734894
608.266752901
52.0968286849
973.529716157
632.790653861
982.656228753
965.12746996
78.7696009596
367.529299834
62.0515997855
688.74239033
339.946017619
386.490538103
767.152956205
728.399942433
655.406557084
196.089900314
475.280765789
823.021153019
102.300125587
6.05764821339
461.921661182
589.941706093
366.595229012
527.948300425
660.719423348
926.862600419
968.677897352
538.937291115
824.263901823
301.032371326
393.19214436
136.643721471
775.291095653
601.192782887
856.685234199
400.502135615
470.057593945
875.454237168
654.622719548
34.0428651931
451.955431997
630.102798509
991.750207683
158.474834422
783.530450067
929.257823578
709.125259633
847.537125152
406.47422347
589.811347122
726.753622508
518.647405048
471.652246681
596.77817923
972.925862274
165.549218704
12.1773834128
174.625405865
351.481804567
256.839789706
832.165685758
661.41515693
933.158819714
891.83081909
961.871020598
966.954964294
944.631064829
408.615722097
346.583050347
320.074237539
765.579045687
1.69944200355
77.2036580378
881.755273285
599.646717136
132.284189395
880.645715839
587.617628167
316.123306765
919.023744861
621.795377718
506.524529577
642.164430245
28.8932904275
397.808469739
220.973184765
214.660037002
112.456302717
496.923756336
168.024634558
326.064773496
665.008567137
245.142856418
146.126220142
69.6006224366
744.830806502
582.954985552
216.03482248
191.694695358
48.2298925804
399.61344226
698.277633746
625.777365596
236.116177604
687.091191121
120.552603518
161.42881772
549.163003764
382.847863048
767.299719103
217.44844687
170.357482012
33.1165158399
349.684573375
477.718835855
381.071834111
47.517693726
414.57449365
958.040125776
849.179193144
759.695189234
942.761916648
22.610355997
596.618078659
137.481203176
916.360845929
106.024363875
584.395556925
619.28198436
45.3058839351
339.744593824
502.700476837
83.4275292545
9.02532875576
571.896959483
564.232599894
955.421022549
598.107970691
810.548885011
301.012533745
779.677520332
447.122346377
619.542505648
808.8435283
669.61228386
353.095801387
728.050893877
653.807222372
713.586879328
856.430793294
782.309589187
907.275750388
676.252728781
425.911727871
542.516237701
491.877540627
986.123745156
314.123778828
639.068012334
141.345173652
245.394221407
569.657580187
370.121770953
899.524167984
9.52194116162
83.8138567539
572.911398906
327.395041131
331.621084649
107.444748172
432.827195232
516.018260298
117.668104532
317.221342458
948.963255425
325.826040606
421.68934759
341.674088157
977.819187451
853.456125058
334.545635944
504.796043382
168.491057887
14.7495616782
200.169261146
254.17033866
317.582477692
121.208819135
413.403719093
751.215303122
435.086962414
990.013624788
114.676587661
353.066481468
916.484261536
836.532226339
570.728106758
143.981599618
503.18181454
951.002400602
165.581261987
929.768369837
881.752630526
719.300011189
212.382930482
300.505093848
827.986177362
439.256558457
33.4551038143
952.036530572
836.229975176
228.103134692
121.005791404
724.409850563
191.191933192
206.548518627
89.3455714549
925.67613076
612.800008443
360.71029462
250.687314072
884.098819394
566.475966124
311.595379433
681.825746092
