774.662024365
493.101674005
577.176760744
583.298070529
593.394625433
663.207093148
663.907754257
844.768585727
851.721224717
209.636820333
834.465533666
347.809941251
528.252422351
330.378422747
809.42720489
801.386010056
860.220159509
704.266172046
8.9706142404
895.856801703
632.53109987
958.270069634
102.513874716
366.799933381
686.34982368
807.6616014
906.919200461
229.88261552
170.580047485
0.606769619285
68.0471026365
333.182403257
815.478197611
313.180742165
720.801632929
514.692975853
999.696648243
368.611793674
71.114699559
520.941670031
398.439692493
129.062131278
405.185320249
948.960959704
885.330102479
701.717008193
209.176885715
708.198481472
536.638768052
510.606475595
172.455122116
247.838151916
654.967964047
988.408600004
85.3546799271
126.700431935
307.525265479
475.083134879
776.609037731
759.560742941
604.97705492
724.139056261
237.156720972
971.944249417
281.917988168
634.178716763
123.039877451
450.430493561
651.500370535
803.110654295
799.977426583
506.082907675
767.342132147
29.5523564611
307.529238647
237.730558165
403.529294748
868.046529228
640.009424422
478.281443343
292.945054203
74.1776369982
415.50265335
792.761439908
791.941778413
587.314804931
62.0162635958
492.36968165
491.203059337
609.529908486
659.027187804
385.351039133
995.770363477
557.85692709
431.533257136
570.532190177
630.430739513
636.847204373
419.654763405
302.303166571
267.16391772
829.224732844
607.798415991
320.183070765
910.111505608
774.360063851
140.872030128
929.0378262
126.705990945
523.961658544
348.127038875
937.726439414
361.130338725
334.616437606
622.881614501
63.4245030576
245.064331025
777.036014758
168.69516159
764.405256344
331.487451212
847.995754277
248.073477457
12.6278498781
680.90450053
745.600071324
989.044197707
300.524905792
750.19920571
664.069284773
820.36126594
301.220303661
490.27313207
119.555528453
449.076396969
934.695382392
615.695705207
27.3278512979
64.4640153771
918.67532084
335.940704502
360.880145725
609.516603263
280.82338509
247.673724223
597.224691648
755.213638035
989.650334501
206.884094239
153.829965784
808.077113701
564.220338877
978.651619493
115.930778426
684.470414601
139.804734522
298.428536654
949.18561041
466.686810274
57.3311231718
735.138829905
402.187075938
425.662459244
751.125736527
700.467043825
956.615444808
844.292209675
276.166624418
321.768609045
334.041743852
972.145369869
736.577399896
88.0356133835
138.769752254
507.240082205
999.724684407
262.087492687
513.248829153
289.783454754
945.01272776
926.728913828
36.9425212723
972.639105619
809.642010306
87.6028107616
940.579445433
283.518242631
161.214902524
148.678335141
782.232186364
465.135188469
709.270024289
540.607497243
924.167490882
854.554097641
354.831370705
382.723796898
998.869400605
21.7212577756
634.961605932
254.180724867
391.78348548
532.090425446
848.441106083
138.807062888
275.28936033
825.239767659
486.369757095
765.236155977
879.063278186
531.404061857
225.190533582
747.959585689
112.47287964
783.148808905
777.431921436
365.5343521
497.032855082
585.055563675
67.5789559805
792.067636377
621.555329225
341.562107937
954.06241835
723.002087596
407.616040388
215.197108314
294.334894474
737.232002618
606.955686791
283.202589618
109.45249563
168.988127894
764.572564964
839.329505593
931.302545582
274.033523216
737.204147912
26.9552521056
518.166339653
82.0408242693
911.195032007
898.825228796
404.202768594
374.376022729
205.827638182
857.185373547
101.723332787
826.914934309
978.358743995
22.2739651402
141.846926971
629.827767807
812.150407783
678.422245537
525.177670688
462.76230976
905.782309306
261.816750584
170.709473233
920.724452027
549.021376507
764.356594613
900.904688771
679.911986067
164.624010633
644.054063136
889.974989068
272.940343906
791.544982979
859.608089816
748.923657599
101.061048239
503.476728351
772.092279443
676.474439081
498.237869795
279.46864684
234.442130546
778.588048931
446.237847238
806.764924343
150.898295825
343.406303863
507.709951434
756.925875844
872.573225874
694.912936902
380.042344501
422.86674221
880.819144568
317.796425652
172.778681267
305.493235705
248.877382307
919.852441855
817.881935296
325.334018052
737.537625
340.787910836
982.243881682
133.348531856
248.692087636
735.995314312
347.207163138
995.609113838
377.135275258
496.894415378
610.113746597
418.878052945
835.058698249
273.287180948
698.080377342
332.06136
817.980642444
52.5472836332
805.224210593
146.50693638
886.705865851
1000.43018091
318.446420918
481.396685469
665.539645011
50.4125296893
575.553443782
900.711606541
328.318090954
252.480556723
510.261117704
377.957580089
968.630560589
54.9623694314
514.859282619
227.68782814
820.01426601
744.860700721
136.493603935
832.551760579
809.307265979
206.446167074
671.87755934
706.974898575
933.962401302
917.086931699
582.924456073
586.114262398
357.893628909
374.060547816
227.035303546
749.079185576
604.071030764
716.731556774
931.878950534
193.796015155
492.929506072
628.000791975
878.260990327
963.245207715
293.567110952
390.48637591
944.426173563
53.2122554801
221.96362134
451.282580565
564.990825155
646.832838645
858.343757589
680.809621425
280.674046363
958.309287904
191.121426308
109.691903854
149.002058891
682.576613087
279.657675245
618.196084526
352.512429112
925.936287548
621.846167526
15.7600547481
858.468989982
178.575468218
650.469125409
714.15891854
183.669443247
877.688291876
186.275719181
592.30311347
372.090017095
872.561575015
312.963726127
881.8755595
883.48272099
611.619209444
231.662151876
276.255208812
735.426024574
852.290626636
933.624682884
377.87734105
404.67517752
807.837670518
62.8223068732
979.05850017
650.727861124
825.531106605
464.853702358
724.108777681
302.502803452
841.408762
712.423324778
431.460915027
540.808827954
251.007151466
863.262021803
527.74932922
85.5258405053
736.549341119
439.07225288
948.752588369
43.7238991885
385.072008813
957.954361534
810.129028592
47.2796645162
738.097366668
205.277662109
38.5995819176
603.424854087
557.153587472
255.399238844
44.2105238219
433.782118866
136.040556968
126.495250295
422.763100561
561.529968906
165.600453286
368.114116283
615.436363466
178.308747295
511.395724588
952.915814034
697.87189733
475.162953787
789.457860101
898.204531337
759.965986057
784.048498678
198.561740713
314.109481281
769.463079998
118.913014673
934.091004571
428.079425617
944.303196825
396.08924659
909.161975118
407.934643188
579.663511886
142.294316178
684.397697782
547.573252434
971.341025542
205.766627183
967.64877903
813.322903504
419.819194203
181.990909009
185.23295236
587.138175532
88.5559747901
224.574417058
56.3179909021
199.056399001
540.98930627
284.575463983
765.222429204
38.4344763709
113.210907665
508.785871703
854.924380164
541.282524828
255.590751292
782.745077778
380.411698042
400.836906744
636.200594684
550.746504485
790.761347847
0.39949539499
297.839424302
258.633798308
315.908715984
540.862363655
423.284546097
503.847254129
323.710056421
776.467066869
76.5755486503
580.062155113
149.698295369
571.886637808
552.37136239
454.55652645
461.649431272
652.934028568
317.730228864
317.253339213
490.716168218
537.22549288
31.8820670944
653.476986322
107.341633009
329.075710665
642.182167298
863.584690693
808.668719859
775.763928443
301.641222913
941.546822282
336.616454621
258.831342412
749.102362706
739.602850291
251.478219464
207.785200776
580.483577509
296.441387788
999.158424894
158.92685968
542.64873312
538.134561237
970.318021115
274.794576914
366.472266665
877.129245172
138.158015033
989.801112579
60.217597206
978.804543996
276.140202898
816.842894466
143.553418447
190.690803075
960.359609166
404.545719387
434.007381187
153.534559444
696.505030565
411.011426863
224.565939149
374.210080026
114.456089828
672.271385405
552.801768946
596.621493252
734.517977116
182.989972429
880.263694743
91.9304895381
114.570472157
491.556749459
697.055063742
39.263531599
936.567271063
267.563104749
424.422018827
124.222009231
445.559853418
409.239576469
575.657044438
788.38480511
509.238558422
234.520067709
557.389215154
808.382145357
800.633119117
942.09342199
978.384638223
725.115511519
152.851392336
644.889063426
216.593686636
303.521566464
209.086325078
729.483088168
209.414148428
814.456630017
909.07666299
213.968071974
692.662946654
347.564530919
233.812260561
440.160034509
30.551247836
32.5098431077
965.251442537
247.171192273
504.085651684
247.690700185
27.4983643491
517.130387466
862.283247051
104.491894775
680.506672436
225.718316615
790.594232712
348.48602885
413.303775707
743.1001589
307.114557155
926.898515967
693.67977421
48.9373219669
465.409042199
20.96818217
55.8449784767
716.808488464
553.712744115
274.39065639
500.843299959
139.91595763
975.546309008
606.270629248
126.064463967
811.824130545
841.634691819
801.779821692
363.489375194
302.17058372
470.978713202
955.283116918
444.39552112
631.398705576
464.012595271
915.858560533
104.148172691
128.292578776
679.451094363
587.502671436
624.284057342
301.046604688
64.104520678
872.042438052
113.350699631
17.695620032
109.290767176
344.204783799
219.724035754
570.137964064
634.895678412
80.4544007499
989.892817964
301.842898041
931.971437411
622.633903709
219.241332945
226.822829715
724.652443735
529.960345876
433.554465318
866.893520967
31.8580017293
212.924471628
293.143349432
968.749082355
426.89352492
334.766049035
177.758066253
276.692862374
867.203850795
910.264827729
801.021371503
28.9940745473
475.568177753
294.273899186
435.145412302
785.077849728
422.323313456
199.939283609
474.355705716
193.675690545
214.11052172
583.639494514
372.622676977
323.637927105
286.820233527
912.490385133
902.175165904
998.549044537
882.787019284
360.95399726
808.712085431
325.737569697
83.4705141783
1.13611822058
211.782458597
664.867502659
713.262990927
360.390793599
680.8611718
621.463538268
989.903000101
471.856218792
307.521334591
172.780244046
69.767995285
92.2671036401
904.617052742
23.6220113717
732.54705841
243.72859917
308.432366479
442.345005455
598.766759915
500.342744174
17.7837093061
269.646450318
399.317217286
314.080600586
472.819451241
394.78623189
612.125104126
120.707111613
53.9842960359
310.992578164
884.687037451
69.4119256359
795.438566649
460.075208907
117.860410815
431.262346873
325.822380776
284.015390511
204.015210774
235.523136198
385.564577036
571.805959089
363.413130055
910.01455756
250.600579614
48.9864509998
140.030328443
349.473081116
836.66077086
477.606261586
395.687638761
465.363420493
24.6385825941
913.305948391
607.458056298
764.674767758
790.763535938
63.809350966
109.547608102
651.456256641
330.138753545
907.617081169
382.400985059
190.09382998
88.5582414028
259.310805942
327.291142411
67.3516879881
202.680916123
796.9106377
222.900463939
371.957061535
468.899887651
986.818390131
472.221643701
454.672362675
941.193350062
684.707017921
268.58291551
774.768686593
201.798103087
320.326811454
427.099379291
1000.33591403
117.061350645
742.944141547
306.533327783
327.959384096
297.51055066
367.769177211
686.814999086
216.730179894
323.232766578
898.543835006
123.805114365
796.243312987
673.234078067
962.422238171
430.167468159
897.032756764
967.126283942
20.2726387446
962.034326084
551.548754332
570.005756132
516.733379159
423.397694432
893.260506673
526.883056622
785.214669434
890.060047001
663.682918371
670.893145469
892.857130028
685.262629739
393.289648421
340.724265647
839.142390984
247.198495113
636.143028186
609.735046586
905.838449159
702.556605595
474.591367522
65.3581009079
466.304488469
692.178348203
501.627205771
595.658613777
925.029712529
759.363750658
49.8517535993
785.32151814
845.969661755
849.296144463
186.480361636
905.332838437
46.1540241712
924.899460071
881.903000505
701.849792256
274.510180296
582.880461355
518.886494841
350.640292789
604.052886108
452.460579095
245.886823198
10.1897756218
994.870453715
182.9759498
23.0896642018
680.571641762
849.344093486
620.605791357
498.697509243
44.4768361813
203.775879856
8.53787099435
108.376704493
515.619632882
15.4310627735
803.344576703
690.47001863
955.487013519
250.319879485
223.819892391
844.888204725
634.742412431
333.577350898
923.708519367
308.198485968
246.663538371
16.1540590207
693.861407613
350.505977819
872.399595908
66.4223727622
953.595866276
902.955687848
552.5246698
38.6457546774
958.501746949
324.260187299
960.052530561
456.988536256
588.901501328
700.113030894
170.250199445
547.430935232
837.67212549
242.748388117
574.212556212
811.353062648
73.7112637809
77.7445514186
176.233113907
289.140103512
789.596755464
45.2818236742
445.834110181
619.156531702
194.706010336
865.965709079
803.567567297
24.1065296825
503.034649786
50.4945583581
195.088135189
817.493521442
52.5922308382
359.684825902
511.802796463
776.03631766
590.835745375
477.78019702
452.475997895
991.671374234
198.824914268
127.477093671
610.963493996
703.622900002
695.847412778
373.382420237
509.625707693
632.247041049
987.956502727
292.387961734
489.09179926
364.297976749
367.277777999
516.301414505
114.252146479
604.116175575
922.327667825
168.955225605
327.131121191
817.105900286
613.337841353
239.247592564
522.632890291
401.499096343
550.284671408
730.514912664
514.540091757
696.557105166
21.5188086087
553.785594212
509.943474018
670.653283387
298.870456582
481.688940783
806.209633208
834.182864922
332.10156836
707.296186027
649.323730179
970.103220774
964.939348431
865.510490646
331.553518355
829.637520933
875.730298189
328.35643764
677.589653152
664.315111917
485.581309393
552.259534205
228.569882472
535.250607767
60.397689085
406.738763085
848.118714727
510.920795894
341.37321309
896.048037164
300.732486975
638.350647487
673.131382972
748.998563661
973.370330711
359.445367807
537.313884794
482.087637805
311.968762157
918.35354585
279.736914446
100.491541385
170.200571178
64.274344063
612.171157384
571.239524091
52.3386900359
725.241831395
531.630102315
650.590906371
666.102926285
757.436073327
88.4779146526
583.439168489
355.227707031
35.2440505259
526.149433708
