638.520713197
522.671273082
565.297664764
28.7465368021
621.990925133
711.542914377
507.15527717
293.924947156
434.912004945
158.395475217
438.349397261
281.881622813
807.32729472
677.923971334
620.981830756
932.552456249
846.063473361
64.7237043975
50.797888994
180.147127508
61.6160988905
305.30256112
930.505018841
476.648345931
690.131877691
106.882155252
344.98479396
883.913076616
860.011418483
396.912523064
233.744855458
618.5602049
276.554969308
218.258386765
987.222026859
440.884585086
458.214768406
436.417974615
281.054956047
616.669410315
287.836157029
504.269587006
807.201954937
217.986515677
810.320798345
390.499953136
974.268072247
140.743505622
203.015559807
790.596939986
355.373572288
930.427805215
974.650430209
18.4707438978
409.935820225
306.553438074
649.326284392
156.086574565
579.7272774
553.729109291
887.527152805
462.379278743
335.972808752
643.938387276
586.846642757
992.40350388
920.480786202
282.580601266
304.517994375
562.280199591
873.053164661
119.122986793
180.129106543
987.403395575
912.663155841
776.800129457
614.560203482
822.533892948
592.348453854
678.6177366
271.80739511
83.9307936846
111.186536258
906.256376803
380.16552877
543.131220045
781.312740565
905.096236794
903.223149804
424.549816377
932.161014826
833.094992898
604.978143248
997.784027463
498.209613605
34.4822935925
475.690587989
902.411710344
789.354013774
270.056989608
291.502204951
222.953898379
464.710500243
426.877763723
189.07276904
549.168413832
364.698173712
545.721401505
120.906894149
123.064139671
451.910283454
213.7127458
475.640198603
354.643553319
76.1969896539
856.716522814
531.453193224
265.509675295
668.156825637
736.281030787
6.22313204645
3.96878527216
559.972526519
942.687835561
290.655212112
377.719309417
949.774513852
633.592115138
609.38074242
28.9483013625
477.835290398
265.456713112
287.514963499
491.122813292
605.20988182
90.6893952283
404.075483223
261.783493103
104.005642862
18.0669095787
664.932673766
604.432842754
247.248149117
989.431373037
765.805608952
73.8645153376
848.284266025
497.859550256
535.752937464
329.513200043
414.106475644
483.986450055
994.407183159
318.743193107
944.492671775
174.566102262
690.782984976
502.259732855
166.992854365
700.024598603
304.434663943
133.395726052
798.172792463
9.16425038772
203.445926263
459.751858456
985.903868503
947.600882571
924.040251535
435.283021387
644.271453495
688.597181435
460.080507755
848.242034568
729.166582803
171.121593706
696.538799076
414.645098913
873.113634104
961.24934408
105.866700469
867.590248587
147.297371248
900.385394651
956.932106307
211.730071554
890.303198557
213.251992076
505.918493482
714.878118484
484.908163565
444.060186288
291.22736522
412.950563905
459.152539771
513.76861202
5.59463270511
730.813566311
438.734127432
806.96609371
651.175515464
17.2528894404
739.426830405
300.098552541
587.497436352
938.540444699
184.669398206
849.090194884
380.820185178
247.064497682
244.512794911
735.113420799
861.986296385
898.316859602
592.195391949
372.064926373
329.75794517
63.8318019504
491.814453449
157.950955843
160.167632665
322.312885604
681.053689303
893.11590274
645.269086848
600.279261515
999.988140972
168.649234463
716.579032171
900.454483046
711.811555924
884.501410794
765.653056606
890.431378397
926.577555299
952.685916588
560.295336086
211.473795603
24.902456811
193.921068568
149.928270871
106.866036205
157.327409114
984.962055713
739.472817645
789.356077483
743.731340257
713.979297974
170.751496362
417.776580361
598.914325395
998.915971816
91.900201181
484.948803846
42.2179484052
442.913861944
490.990585753
695.674577174
72.4493918877
213.702294074
979.141035301
913.919776238
138.633875582
261.034263913
801.30620763
599.3489785
67.1889305085
963.740119882
952.537130084
536.499229976
49.0943202061
40.9414703557
281.877329787
416.330628721
35.128325987
885.78478706
538.549567571
620.442838041
144.104776571
289.133598101
804.614860745
621.285782329
727.498172318
85.5484273075
194.303606957
970.105560485
86.1276896221
621.14011199
342.557641232
78.9739366953
856.506989732
104.538566073
908.860149827
359.82924999
430.149832412
970.064494284
759.46787942
518.412614634
25.8905980482
314.467172567
548.521849474
291.181818938
492.794524562
626.408258295
672.251783358
957.879320553
553.246825269
470.583039999
492.464409395
579.69450668
99.1215360948
549.363789997
436.789757674
50.7142020074
929.464632449
815.194523795
839.115152679
225.349422365
812.374323217
745.239708733
782.014989967
7.81543539559
154.661747771
116.935940924
266.563682016
828.411159477
375.373361372
396.923430167
185.82459438
234.731468212
342.125315439
425.412765224
233.71464179
43.3194417483
854.959126704
279.476087528
14.0459405136
755.143457836
69.2741621239
165.508947216
560.301215138
338.235372945
195.556741592
957.57888946
64.9678676121
227.946211293
106.665165782
783.968836824
558.882639201
964.221030889
270.402499487
465.574055777
887.492013304
126.185457641
564.637238224
196.833884177
934.408623611
983.516357743
513.367223761
709.597296084
581.625258175
814.374240236
526.345391893
501.135205868
681.357432889
30.9700550855
655.500958234
187.233211738
625.49822986
567.327353533
461.604860641
720.512909141
186.481311209
199.606951016
298.929310746
277.446670766
207.058232063
260.66940281
3.76162903373
888.427756955
775.258867611
525.546276686
236.627015506
217.829536454
169.766310455
912.111931773
829.342338821
826.432502329
435.319584497
130.339527196
427.075470551
399.893331588
409.464198213
210.162202056
749.168052741
373.266999743
414.311193413
203.477139983
739.869699966
169.478750312
155.917471354
547.050406032
984.801815285
28.064948611
836.557937075
463.928237084
764.352441391
81.9450445427
792.879507357
82.34967442
177.699120238
52.687956087
325.749390893
377.887200115
991.04005257
615.77860121
494.537989666
499.617557728
478.921627955
882.553815342
430.345557859
379.616270094
905.89944139
553.162963055
95.9957746428
4.84648479027
66.0173370639
981.587733003
466.811247926
865.151642091
611.57786705
770.019912224
327.286707264
995.495683294
602.869453251
361.64589761
466.807747596
733.282318053
816.236291834
823.404956359
838.812014197
490.023000217
806.958054043
846.866831652
349.439763917
149.459828155
290.162262938
160.867604191
46.5707362101
965.486725899
502.102527439
944.270348563
342.302015595
885.955571327
420.318304936
352.922779937
995.85606889
934.750882908
869.35283984
34.1496624979
129.771579927
645.132760803
968.10139773
7.82679221467
4.44489598884
582.219784947
485.359849137
491.501698362
740.877083704
95.7252297027
753.922633785
115.56730887
381.954967721
38.6698973773
352.395224219
938.94822764
518.629427544
133.616584155
920.821293685
403.092053258
516.973291436
335.207597293
166.750480525
526.663410705
982.660365836
371.476585526
127.267289329
435.61140953
686.738706344
748.555796497
843.965918545
252.974298705
321.486150903
804.002243901
245.07472498
1000.65394557
254.317395199
836.884404154
382.019122271
402.852824535
612.818427755
441.833204199
569.242374621
648.86231178
657.128647279
22.8020724728
779.987201444
309.497014544
150.430563475
455.858372326
894.521498933
129.206829216
980.893998664
580.122934709
748.758338455
217.495460252
855.624674589
242.146004586
496.801125707
603.966334428
104.27651468
746.212684719
581.06736898
368.574680144
80.0720781687
385.932469552
129.774426831
237.7018117
483.799646368
70.9612490756
944.944113529
938.476679691
901.67840226
98.2996055365
886.585790481
846.58985158
343.605804797
968.27106148
614.78005161
123.92097088
755.2598919
761.168568415
307.506753758
887.834814078
366.311335449
373.117924926
894.564408539
22.4588909028
250.69097305
704.250002547
940.626847995
926.513148594
130.284357999
988.977941315
48.2143329039
950.514081665
335.713555688
993.878957208
138.858607971
859.591804587
40.2614680755
293.974713297
888.992983431
215.368769762
593.94265258
519.766144114
605.522989594
516.275163397
664.158683667
417.295371483
595.607677126
669.575301176
908.706299808
741.04659071
157.096887036
297.407564955
894.093477875
503.589977713
804.518847779
813.643813153
420.421027651
503.000325102
308.685383746
678.830843324
585.853494305
78.5860300087
157.627481209
201.030083187
106.970487816
787.45922427
694.216497447
9.15676892248
57.8197052782
560.987767583
737.525780219
685.916478497
236.549305695
488.024466443
794.301459885
514.222882424
427.607291313
398.571784429
102.892200168
14.8508212563
434.351264601
54.7335250049
312.655610498
776.119989224
545.47440156
226.052827735
748.091477358
463.465560301
65.3402387981
168.782153535
964.814762823
652.834138494
398.335742513
997.10495504
440.525772332
936.185663788
313.484605496
17.924324909
620.914279375
247.442250291
425.636237422
809.191581567
966.314995119
555.910512665
241.697897704
676.840080824
363.066391696
542.879430892
304.249596869
208.732372524
915.601733325
978.737487744
171.132762975
798.00264332
912.75956839
15.251054122
513.869124519
236.979848242
65.356494631
608.491709849
578.643073589
730.26073876
534.076853376
744.297800369
286.996892289
716.275665672
128.388416882
424.362052311
680.766815115
956.885143154
918.084929862
149.711005891
960.118051751
752.807048977
832.752235361
585.082366372
648.026095611
438.814475258
298.573330505
843.149957062
712.531860345
595.477929281
671.412762212
364.939322885
655.916701227
218.890958115
776.963116067
881.245144892
29.2270192677
505.627811167
945.849933068
222.7358357
811.303799228
257.851894553
989.002184518
929.245680379
64.545153182
846.394000663
206.091500348
566.002987053
699.933004798
586.640229003
512.61332424
460.794549313
766.629635906
738.825996775
938.576976814
569.112048328
903.893026177
285.515390063
580.778014218
165.286574653
372.49231416
115.027124962
192.424651011
190.294084718
901.614059444
933.395457162
131.881829656
301.881154862
551.77735706
863.109315492
615.223651573
1.57850488272
808.646825145
363.373917135
100.474097601
814.860017824
966.351427015
505.699756754
969.601264125
24.6954365094
790.91087268
95.7693758685
106.756060517
484.224583696
882.675512553
744.554146519
823.002322894
890.267804962
479.59543199
325.692504324
997.74186004
288.043338909
234.220617682
589.398451433
612.018514809
840.475886752
979.046633303
84.6252184556
841.384873823
801.43667113
916.153818747
966.431004232
94.6962116351
451.366077422
128.979685157
348.081103851
265.905038618
394.975663645
751.088220738
603.287255106
365.730535904
571.848485023
465.156694915
993.474151549
185.181369802
297.177399925
517.981922145
380.476084368
867.656369292
185.185113052
567.323060121
575.34184384
537.949875905
154.99328024
411.599805074
902.199257135
588.853799295
25.8491684467
654.032706195
166.770164836
467.738027344
523.558449604
442.529079552
877.814189928
596.333583843
168.355161573
763.238092313
470.41820547
335.491380375
26.1200814313
605.647417715
576.680555284
635.838023348
83.7889195096
203.810391243
345.140958618
821.748996297
45.9483333936
200.940678224
712.193669686
513.224421565
348.334141696
404.848205257
895.039224199
364.018284574
932.605924215
85.3500883286
499.162138352
858.840406156
301.796257304
844.896978222
228.907602085
179.608667562
621.696723562
275.178083957
835.599017795
763.059141188
574.447210058
196.108465199
747.767680834
866.069566346
745.796369925
433.637968744
341.557041787
806.581542307
428.259799638
591.533234916
246.58636447
11.1610879784
66.1486769169
387.257921983
153.350100669
63.3230232692
680.459293284
146.499318718
493.746160384
366.099658053
965.741718221
56.8204914633
416.872584276
26.8968485082
813.831303392
280.061608269
522.368657378
832.492023313
611.097454573
971.747897519
943.238662842
522.195801086
366.641919042
504.038818755
605.477786248
750.641490944
709.554446588
230.337215964
521.102925837
133.995577152
570.080347824
803.541339079
929.738030364
85.6304145074
693.371953544
393.913498536
577.911877727
934.442795399
560.693884697
712.423045039
420.45226469
146.300021114
429.393725651
288.01075875
999.1435538
742.668155301
18.5237584505
827.31081432
432.669440494
330.581519639
372.38220903
591.428017407
190.168089275
931.644060318
271.088565979
189.369513554
520.258719391
343.079343014
788.84781409
570.597319734
487.112143301
415.145851991
226.883465376
606.614445163
842.636118307
536.052394061
69.3341005647
577.291236068
499.686050289
484.094744942
385.963671368
119.36594238
77.229910014
504.122333371
609.208766599
344.078804829
199.91347161
153.784930144
210.379348409
351.463623686
846.944829539
625.510224348
261.395908523
865.901109547
24.8766627099
277.213746281
549.566854397
712.638587452
494.845569688
427.647065443
865.894185652
516.429268978
721.689026938
867.783699655
653.277343136
66.7199048444
575.726794718
246.702339799
285.686191619
961.07937187
888.963776384
704.615751746
524.886470614
124.887119108
638.167111456
44.1308986864
559.945680537
400.736863901
853.338941963
527.800214154
4.70206168906
766.734285165
680.722140757
264.880792122
673.013451755
580.077824097
85.352726791
25.7028251259
707.510090623
689.875996132
604.575978786
839.946306567
118.573791238
143.083873659
137.773944073
51.1285171605
828.00303704
742.335443724
804.635605873
798.900692819
134.659840684
701.090774906
756.209047989
596.550811908
302.785689444
712.396391409
852.507152107
587.854518128
417.803903411
512.96394942
849.152572414
571.392067589
259.259606478
850.466132274
974.642626138
350.65183662
167.295453382
914.300411407
343.731413599
519.929988219
978.039595559
156.132274839
905.941120591
863.847261785
386.048273329
236.552090241
435.793574856
5.58641199941
270.542379159
806.903018075
839.062648134
752.868351298
72.9212321347
597.414957643
212.733047984
331.877950911
639.38363419
220.507284722
305.146144523
562.611183697
301.709040935
436.929216259
934.348978838
413.763912109
832.499378612
696.367340556
58.495856437
814.521488458
976.912516447
142.041150958
272.923120373
683.803036542
968.095046515
671.040817284
246.026624496
604.29601263
256.339497143
