536.454110432
793.833115362
802.942566865
836.720641095
771.221832588
608.365653441
64.3257995717
136.718800281
669.243028551
325.516841339
89.1866105847
66.8143601742
867.017418069
729.548020144
298.999170213
946.184922847
377.059209939
231.180800573
362.084378159
416.615249094
887.241628686
156.562152397
763.561397578
637.057446325
533.882792746
836.744429888
430.683298521
703.967352483
228.00529556
934.688576689
835.206113058
397.376935738
387.635380567
731.849786812
918.92203567
813.034524076
917.298556372
447.815375425
643.346922506
517.752599399
368.441815357
997.376929902
664.249859384
144.018589718
235.284596869
519.538703146
778.816513804
119.553937012
171.619019053
480.207245664
882.604887561
829.721964505
1.92615292302
548.685723563
387.101436657
759.234340836
411.206231014
901.957138513
2.7451878516
616.73804424
963.079144439
951.146255456
635.128201606
538.132348845
233.34263896
234.830490169
564.418836607
408.256773405
844.435218109
612.355852008
928.377762822
936.254401403
333.542284796
100.051248638
429.023357527
905.474299611
92.1858368763
426.293969907
148.065319359
135.241523199
579.63341265
759.228470341
167.401293685
738.783968939
874.862112988
159.380747119
14.8832786231
491.654782108
889.836699983
835.203553333
212.289900473
343.684052429
727.696182695
396.172925572
742.635499584
2.68620416781
797.217701105
275.755872431
667.091078917
283.103098105
974.677332625
887.757179266
51.215658034
759.721556982
682.057849494
857.649862433
994.438117851
936.668565077
41.312651112
198.966032595
106.583652427
987.62751034
591.145276869
490.009522217
587.817289246
391.047848953
75.787170836
82.2260758633
476.788243218
789.641381412
196.424706165
732.631085802
513.891952692
843.211656683
128.050741536
696.58840831
247.071422634
305.277601885
895.319801213
901.671000829
41.1336290562
310.896091711
498.479051486
277.988625034
466.101048336
79.333492393
700.679111989
948.69452862
108.855625601
124.606936655
777.528187076
913.867515213
598.169935187
73.0378902669
531.347226239
484.701887319
798.287552196
844.823355171
549.28528014
245.20912031
524.338849496
778.272704691
8.16102838847
298.54134628
128.686565948
405.989092105
31.9300976263
952.904836184
626.832394576
970.048954786
98.2088477646
764.156658498
534.90587235
96.1324888128
805.201737012
701.863529413
296.838059774
313.020286478
649.483588858
110.755113321
895.338622095
166.336480869
514.325529283
207.181549458
164.796073717
319.571822961
35.7199255051
995.243953661
843.314943171
344.308746258
971.018541055
899.617798383
840.150990043
468.952045545
229.404836756
141.369903271
441.659502185
592.008118974
120.942446462
48.3024542655
940.205073012
335.376655685
534.323128906
779.027931149
661.474824211
16.3554421134
551.702918257
462.149923066
255.771183041
740.627966684
844.082387329
279.18800173
869.583974634
979.339986847
123.917306717
203.212188458
889.767437241
642.903131436
543.559242042
1.93286792132
533.875698167
306.159327632
18.5866583675
660.85630272
166.798570097
865.521024709
713.182262885
509.184573906
91.5131363951
35.102841717
906.969654015
48.6196273634
421.080459996
660.807057761
887.344842253
853.852488484
38.6142749307
594.198207206
464.033047432
379.854607723
504.973103785
147.018478216
645.559143317
588.370770427
341.861088917
970.721218928
272.571139623
889.839561899
94.5335130719
17.1610269139
796.451220434
277.552035488
905.724670239
274.98603088
675.172317426
437.342322579
785.855720508
133.109045505
475.078426791
600.560794734
696.303458096
463.761429093
737.67014996
822.614333227
212.921956446
434.174983891
63.9643039432
446.891072338
291.214948597
529.390955011
697.881392441
955.058856552
667.574374431
376.913598308
64.8472139443
636.558421743
743.920184866
255.053965998
606.981706803
730.686081783
567.471796316
338.257055875
580.8592858
194.743066921
840.066893473
36.5542165698
467.067681335
240.43843543
44.8015434322
727.632779939
9.64993290267
195.019564148
89.934961082
641.330460152
228.960141336
994.616449158
12.8045044421
747.298506322
621.043307915
789.536578211
101.363809182
922.785123187
988.94311017
887.55732514
216.586296741
388.970251033
220.030216918
232.749176558
584.220282134
337.558536225
478.229060677
243.715202617
647.343431881
200.78050727
46.3632494147
948.998314931
997.757226143
846.435100226
889.046187768
550.707311049
879.05588014
912.848969367
161.006142266
824.200105698
138.767223186
943.58967894
425.575826138
688.275352574
401.880337106
357.070380532
417.017282998
989.426143176
522.752445956
642.931658961
355.591292982
380.681169762
937.051868539
723.108074513
123.313201351
137.979251932
500.483286794
973.608775984
859.983420008
401.047782899
716.088176126
769.166990781
564.206339732
899.84933777
227.965155815
920.724491072
64.1996541998
598.697608875
135.510109566
705.226855187
219.692023614
168.165088439
257.868935476
591.378384181
231.014129768
533.109187716
990.642364874
220.297160113
269.368050843
922.845916381
726.66419242
686.533239935
487.386935761
850.073545416
712.200011525
824.931069707
204.067173022
880.605461607
317.357878727
996.41941909
285.300258661
580.994049864
504.180591432
322.383058316
349.528485897
471.432381594
166.982717292
258.776743476
879.704127788
245.416001576
248.538454893
134.489342729
940.489720775
950.197379151
675.417397391
317.62513144
103.565524202
754.201791222
972.70731457
747.459237966
710.855994802
789.491853899
739.154656898
192.80608223
812.721313054
72.3716122787
668.840586901
488.771435226
598.788416626
135.442591267
456.572077679
822.716502686
435.918635774
420.434272739
108.248791552
189.472211944
706.07544036
428.391749683
927.829064764
742.16397032
617.306437167
113.392113388
850.444922629
995.252000365
837.085115474
399.43920586
69.0307258513
871.620000787
547.166183987
879.407331923
918.293692186
307.013724905
696.079062958
802.304809705
977.674304608
820.456366154
884.234781461
257.7949697
659.592134225
543.121062287
395.745944701
249.193819385
935.266503664
627.931593609
756.583584568
737.219702911
924.072618719
668.071315219
220.007956624
661.67355334
320.177291188
634.116738207
544.802004671
528.075031195
732.499731267
949.942130817
484.812935879
26.049181888
969.008187925
766.237123087
71.5654762361
966.668717258
766.838237704
989.331878903
103.349742293
767.719972605
814.142039306
741.328098972
796.734221657
681.922008642
849.011773136
637.954020768
459.792992107
871.058252791
139.692923217
733.905200793
821.29356807
35.4019759349
943.552089927
842.337844136
507.124611095
810.366466908
353.313758956
580.989789221
834.973536297
782.02128431
447.472379368
727.138812947
390.007010482
546.405411836
787.226497477
783.028870541
492.306689434
430.179102639
540.140484946
242.581471033
926.965598526
277.843763411
589.848378173
598.341364464
757.720402013
276.325129562
444.047165401
420.921081127
569.476644824
833.06503151
267.899347113
685.327473011
291.262979281
980.738947605
208.027446699
372.714719605
580.829439818
386.292076126
815.815520507
673.736600063
663.598205176
170.66794425
577.970612905
58.2334473654
437.169847422
279.572460615
849.243252729
986.570486395
39.8922495074
542.22436565
935.319802926
158.155223507
303.774473843
817.096501924
802.792520518
411.111805813
365.941999436
301.083161417
149.524090104
733.554860983
169.069286895
274.878338281
206.168650603
590.856395897
946.033612115
247.348867557
85.5936472924
786.764560066
569.192898922
599.421056124
239.346901752
437.700578338
157.271584519
182.224245554
639.722287887
492.245962317
486.276200993
806.641965332
172.103003213
231.337429946
22.5959195185
128.665892215
771.263490291
673.025954265
886.437527526
715.741406149
444.77800083
672.444187653
849.330689646
132.484780122
415.968796091
339.527364156
571.309734359
658.406261961
535.729281787
569.477129348
416.787975764
947.819200112
606.981812455
4.76394758443
536.887468429
7.64576225013
960.43289413
275.948942236
514.231192855
594.066521337
763.038327466
579.695897369
532.868111245
122.099150613
597.187176244
850.339143212
177.377957839
752.624226813
625.02148626
68.2538347337
96.0386578929
867.820358137
532.254978144
254.318702079
620.655349079
354.153343303
378.60948105
431.126381351
596.263274287
91.6582814046
718.798733221
777.841018856
35.652736992
423.02112842
172.553200984
385.122812982
28.3240467359
421.279012034
909.724531925
994.812428809
513.939594551
868.946285528
890.671778833
973.61588307
607.205569006
948.170108751
657.086254732
684.06634916
268.839618945
561.317722397
68.2225073071
896.894155441
989.334508871
598.268483967
240.517567423
512.40331001
112.620789356
735.360167231
900.036011184
183.260615008
867.482995529
816.515880009
774.506353518
575.68577786
362.812285258
459.999965848
738.782416633
690.250982063
700.28885124
973.35244909
207.17674836
236.763580065
646.071924256
631.306360889
327.715919782
312.334390956
253.329670297
149.141547351
411.586258386
934.164316305
923.793160838
299.027700593
764.64396522
106.863530888
299.681300822
747.72299883
847.953716815
845.596139717
672.50899239
215.430409901
261.507528343
590.100717393
610.809761381
560.546725258
460.918393207
798.56523203
300.221516863
458.203071835
889.266952649
973.114095057
197.630859624
384.03501529
479.353008189
895.959178212
767.237146617
911.780651623
356.724965526
436.93718277
330.759966531
649.354533078
331.942806748
316.064445269
992.688828026
452.09922441
309.998453999
668.231233855
760.221266358
866.930973105
129.473606602
854.544759778
15.9578534807
667.498377326
703.953581135
12.3469388448
366.990171523
908.808990029
168.878671873
570.990463514
164.693615241
467.470849556
665.136425996
712.038744319
440.959824128
973.390975228
716.450967829
931.679110139
493.16008219
350.519231605
975.96807934
558.01030659
750.471521943
985.694603644
974.743921557
853.49955245
747.916860203
750.334074902
764.044143632
995.70170227
722.893738495
241.831351708
77.4291198188
846.052887688
475.232385457
308.961094136
55.1960061776
265.72175946
683.766155308
801.028535121
415.606524798
149.444147486
960.819473574
617.04650361
833.610041768
704.880066165
572.568412412
189.731396993
30.5200270178
909.223727965
315.058419576
524.985881826
589.379484825
633.903775801
182.525179254
903.763216819
252.33529975
315.176911825
170.038498667
429.57515998
962.602450775
760.759935329
137.963413225
42.9950705178
732.362929384
253.383738573
751.603640496
618.773501167
316.171021808
23.7419137366
265.548941877
511.991980045
529.991811797
303.242249724
784.017586242
293.151422788
700.858434545
520.544653204
79.7675119606
569.033887461
864.905418965
308.364600763
831.303984138
537.878416507
851.87363465
816.213817682
639.235172131
773.059005631
159.358581974
987.103608791
984.760293231
463.193600776
658.003529815
837.411709545
740.502790722
549.461355988
898.393647205
786.51380448
792.461197711
863.896375527
274.265777986
377.983690524
935.502224953
420.650654383
663.144108256
224.499641094
132.094029732
909.541940241
977.112569317
559.927743134
191.116416851
335.505270922
627.47650763
142.019666148
437.89181071
514.916651102
541.0881838
901.271475274
58.6210024493
733.78112946
217.945749218
310.930764736
962.635622249
332.661438279
644.905154586
507.938876929
427.448797924
78.3534010772
657.421615108
510.279722917
753.540392253
182.772403052
295.752375057
665.420650948
293.393844642
534.034268735
403.603228669
732.46263058
880.71075262
118.24258775
636.553347965
811.744455194
951.40658065
825.682084266
545.523708683
425.91201681
94.9212555517
697.243456461
50.6374456585
809.849935829
921.818070265
225.127971522
704.145252611
164.782102638
752.722704857
372.286700503
320.596234019
725.310415766
202.709818159
855.968564919
106.360867949
662.358592479
791.785089282
458.119423895
616.751393782
885.851748354
429.057792067
192.608495006
543.268756835
5.78213103891
873.124240923
638.367691878
718.730440498
902.896036005
411.397967196
207.250361702
125.814485904
52.117986693
507.895977019
539.76173912
234.522671878
546.901566377
862.736527964
997.440989312
820.276225065
573.522030337
878.618065778
265.395944217
944.563584105
564.940506312
789.273983737
805.144213815
802.388063794
569.593715061
305.640525241
303.453904268
425.533167478
989.367557996
314.260905444
690.885816504
780.815038539
507.159119187
509.83825903
263.440691274
696.951812401
984.931105467
183.347648713
157.628183636
145.757196299
950.968033615
642.913074992
616.088248867
224.577059737
208.015471758
694.112602848
871.669890732
392.602623424
243.599747196
512.819718004
350.437940925
637.205659917
774.434166518
746.60290861
55.398320777
679.033252065
28.194392155
749.315343735
897.630456553
153.06412161
526.841041478
301.148347009
603.477123209
71.2574932372
708.005065371
54.0399428408
381.389270366
948.48187723
851.726216437
57.1524341511
908.528143715
307.194168026
346.27397456
784.201409951
600.177229199
846.412348367
296.854326079
956.636889317
268.900461459
730.518411115
366.012046043
274.58318397
425.558680778
361.624529526
623.30439243
151.241831655
175.159424076
694.922194858
326.63738116
518.19422739
997.14160144
691.951038916
413.265114694
333.25561225
486.474247954
150.562360002
346.626842694
414.642499532
416.320091353
863.793047699
565.517890884
250.901160426
71.6795416782
329.74678491
863.112635092
727.983406606
920.066756985
823.779986616
39.6456010731
808.530672288
778.15682381
879.876769947
625.270717461
849.701143623
357.896510465
25.2670334236
280.235857767
335.227097348
307.036137955
240.71043252
379.526178796
98.5391005237
916.906812709
949.590546054
194.183060686
635.787684588
511.516358797
512.615614885
928.740519206
840.6723427
610.177555423
814.316290993
55.7237553178
970.828708416
205.934857022
449.482447718
731.716210916
612.880433622
105.776262184
916.401441496
135.126925168
431.987692873
61.9633937932
884.252421372
494.329768082
479.036903569
235.242060931
657.262035266
472.579858561
394.138401042
345.325939506
455.689318068
964.06678087
185.672550851
829.333621935
92.5571541944
237.438100408
