596.633191399
192.182439416
553.768436126
378.998594241
591.493611661
659.878048798
171.048239331
228.202491307
590.463068612
357.991664303
521.699633733
91.5287377536
497.650215306
987.033322106
262.666453695
933.100169391
699.612881212
769.899687986
4.28696500625
86.520101287
88.8814659369
422.824839689
290.168057194
786.264161073
840.65704835
144.304653046
531.327203255
305.027424849
393.735322513
992.381419599
216.981383194
200.361717575
791.710623293
542.238866959
906.398962296
138.583973274
268.963323578
765.750672482
377.656151593
583.951946197
25.2229773778
158.894390543
617.817854514
501.590051102
472.617780752
385.443612092
768.907797656
291.530939799
962.318041142
50.9803855489
716.556826958
466.02181638
904.638656056
386.584721384
531.981948741
519.551419121
755.602583231
386.631855252
495.866093188
528.091818813
154.8400185
924.150530726
341.9597888
711.483833682
482.75841473
989.812427476
736.11922136
352.31413685
242.754398982
874.494625733
622.280680319
952.316178016
428.036694347
596.973942598
312.136128449
532.162213374
820.363154024
634.445047791
995.094560553
475.099784098
915.387755064
259.44677675
550.929024797
327.609583108
367.203883133
590.403303574
71.7663134458
246.748376188
384.45231311
114.704479289
1000.99812959
582.581254329
621.089313031
487.231684771
714.4481412
710.172540612
731.1906946
501.257398102
377.382305047
165.288713016
135.041677869
703.024090579
80.9291947919
242.830801249
503.492182649
951.892887075
326.250117402
488.617636684
99.3013290839
702.109415237
112.630172655
227.103729392
530.17752868
392.74472334
817.358436165
627.672899784
991.156827363
817.744492958
895.765565131
8.33681824681
83.6195555383
455.944522799
630.701224741
382.559255172
904.117704551
62.6754147427
140.609737514
462.456562585
200.613726898
573.778711125
629.81859006
852.279593291
934.602601639
746.700829837
134.347115463
691.061187524
790.152960623
572.440791915
798.657424705
230.939708435
33.8146537925
85.6333368007
677.713385946
319.613035654
720.055213673
313.06079333
38.5417273446
719.4239814
420.573277781
349.747457277
359.884531356
558.161631943
808.075396515
151.818182076
378.108161157
177.151028802
283.874781294
10.2110362561
216.772160864
142.638657482
573.541030144
78.7438001444
877.972600957
179.362135579
757.751842683
352.742064696
765.833487839
406.17549212
171.35138478
15.1931119408
639.018917338
531.452300468
134.5509535
722.327823021
127.888341555
54.1076414968
67.0313641688
7.4596095038
516.920802432
184.007973998
22.6254597287
860.681935775
268.384238011
862.969949538
233.127578894
243.438451016
255.81795775
523.907316023
585.545510691
81.3431337103
752.456074289
546.768728957
601.050499043
464.856575201
975.557018058
393.817348082
983.025402455
951.631854941
117.011439375
293.981010679
770.672257934
714.644234581
216.517338066
365.779349887
701.998159665
6.44251552916
497.505198046
947.578419453
885.64166255
121.394409818
271.857494274
699.249400246
27.8782484026
473.869185248
882.998637746
622.271096277
9.2929174997
177.112229382
848.350620358
798.875324374
560.08887489
320.526601389
348.886212425
538.837519751
753.713119803
546.505297135
219.759225136
592.673224916
714.178808221
38.1612090688
776.598679585
679.412576919
704.588896512
342.250059689
130.476375258
331.644233564
608.132789726
320.921658889
864.541847228
631.363353648
74.4662014127
214.841204675
580.36881972
191.823911673
249.568643438
194.584511973
424.865937071
644.152085695
599.514700941
260.183933039
562.087821558
420.377407402
539.158640117
692.770567383
342.693493035
579.531381786
938.499399605
143.136740093
809.910797118
82.9253475407
315.137460261
401.602381369
869.21404419
584.643289071
561.142620977
494.420827026
212.746534832
25.1362346718
383.755525954
769.704700367
941.996063483
417.133790319
749.387149461
121.18069319
621.800680668
60.3594274407
595.227994843
222.622283028
516.432911735
911.129579231
896.459777367
538.034680323
580.426643434
409.09523102
703.35629393
573.33933618
689.305843007
327.348937574
452.848475843
539.45156039
624.055023589
300.774029155
762.597102434
63.2025692548
215.080162819
93.762889777
0.750670569866
58.6420643965
898.387298196
73.6003530876
8.34279411152
76.0898068131
191.172748893
687.091928707
388.626560078
350.402797116
523.828114859
492.630841428
876.947223124
687.297957136
735.603797089
295.678829564
628.103789163
623.80220536
27.7001552879
975.142763094
297.979076327
904.790450373
426.346489535
627.258462583
162.291965543
770.321924871
930.874768822
760.64545353
335.516633491
411.312460646
570.286477956
172.610760966
38.037095247
201.248556117
720.310769887
463.839411134
647.300065344
760.628619178
187.763970591
572.293080206
795.419328902
805.107614471
975.293918463
96.3333021151
750.947906334
168.212682378
158.759616192
420.087705775
388.871740896
697.887901574
968.312747662
84.4269787053
432.081244821
198.109534341
442.011818453
129.137156144
476.759113043
18.4954074399
907.809558489
493.907643564
260.763085373
693.187088112
883.37239914
686.428414484
967.529938776
362.30403455
960.336803671
246.088848095
46.4162743356
941.644969599
469.955989954
871.249278919
456.025416286
943.083009511
830.937719445
105.319479368
685.877112698
543.693280899
287.08975718
257.528799136
46.140158955
566.17086961
28.5164917856
316.559884713
233.158999557
976.500770822
876.797211736
928.101574243
480.411900996
651.352132617
361.165141867
722.541404011
99.6565205046
219.915078241
950.969150999
509.59167217
436.076445588
18.8892050395
422.112456355
623.621813555
986.497657105
17.0619934083
606.768612724
396.581096328
275.7196809
304.399871403
294.787042552
581.468777341
28.844935998
754.775304739
499.242101142
730.187906955
188.115517786
904.74265387
474.267655385
755.29217056
841.722159125
984.407168684
449.87728363
388.11173423
40.4963338708
869.573058708
139.786019559
516.871413607
979.022264347
369.119411545
288.90502693
688.641169667
392.470121512
373.869179696
590.133699229
173.279273239
408.374870297
78.0713605358
68.631178301
519.21272699
835.856809073
120.571068359
388.174414627
67.727278012
869.597476163
569.539618936
826.837310959
437.222520994
401.197579671
254.653901551
98.9217891723
803.854769702
550.368200813
657.896698807
200.494273194
844.360915415
403.026958728
798.387778025
433.316681617
430.710844475
746.054315479
801.702254238
577.333082612
89.3227663803
139.820844534
119.655727814
601.454339473
356.384401806
749.712222597
323.079032912
607.697156242
800.227985283
784.596952056
203.943243182
340.989105121
448.004419682
937.385234072
696.229671948
259.572473888
454.502258424
875.152091958
508.218597703
995.276300038
975.987088292
744.669592125
840.209053586
256.881637351
553.739602544
123.927812981
519.448431718
144.689605833
431.158973291
819.963995964
359.858786093
617.017384022
114.065617636
304.382142478
414.730360083
448.902958169
445.663179871
444.882029577
739.366266857
430.514397244
250.21148526
781.586865142
69.4548957
491.850670626
18.3101032933
162.556627251
995.812530998
319.865987562
635.692838454
878.082043797
774.093467666
582.115877456
129.834884044
717.990653218
37.2027178366
276.080245442
762.713228687
477.491291554
670.695333689
171.05452844
992.930609279
724.959933305
129.585830201
808.432882966
404.931510753
122.108294699
998.415800703
540.930309238
713.351804953
613.257853854
325.78844303
992.860433379
943.161800022
653.381822842
672.939722841
237.786508197
402.10130828
629.003926536
951.198176186
893.355544816
436.193245849
428.467986622
953.052664395
822.064644584
561.176596993
963.215442177
986.623378435
209.554484723
159.584966763
254.184615885
549.026085588
559.721152209
197.22737919
210.589674953
815.708295187
481.981087463
312.607823679
721.814285488
30.1249275755
156.1837357
923.391770904
705.91080205
981.737139887
243.692024721
583.685576304
295.18360576
904.568201012
622.273984762
577.113299981
985.030636324
273.061694398
852.334189714
233.359363794
916.733156567
453.393615998
139.809883148
306.895481415
350.379324605
985.317975916
689.971627763
362.701270978
424.962295027
427.26036538
546.952333722
794.643060927
91.9207030055
52.0951305153
894.537123369
362.394352568
403.613570965
537.176455446
809.924447415
321.03935218
966.590104917
414.835178422
599.877981578
642.242156797
879.487404496
617.854340407
498.532008613
761.994065473
123.271165574
591.48877171
464.018037123
474.148950817
208.907079148
452.614441494
723.940038353
470.924949412
936.007586684
153.790809633
617.755225848
880.916575601
654.334085156
998.538045489
712.505906011
966.722677901
475.910915641
748.481721038
811.020958442
417.148318862
257.948902742
446.598813564
432.355378108
806.557344885
254.770035777
88.5309954963
262.352777252
151.98186604
526.911915066
505.331289065
456.488313178
532.711994571
742.084338979
293.74625785
309.708592237
454.166485957
922.628806085
83.0376904394
119.643564331
749.644720037
921.510425336
131.432972795
270.274011074
26.3516798227
259.914488966
184.121270332
207.738742858
508.889011176
38.3912301949
429.836276688
179.373415958
864.688167939
840.754499942
939.758022318
537.713739873
57.0141964823
45.5020114945
812.476046059
153.811518741
19.0719809657
360.764199472
830.269424918
390.814417698
454.269446989
863.149871091
276.486189405
49.103579906
773.696013837
123.766451402
296.331294224
480.787973157
97.0770768192
430.668072317
556.414039979
488.64361425
403.919240184
579.592213646
261.811445091
994.105725336
182.28766014
573.95555326
80.2024863052
630.825211667
753.681942105
57.6329142814
11.2078462816
876.363600608
416.504022886
800.26075056
781.665801996
301.004535011
292.977905881
399.218784394
404.436074026
872.201768761
112.661793338
3.08124789245
812.920995336
318.776435962
530.63468048
934.418069299
266.073844564
39.2581167663
489.154984384
926.481839313
304.010592966
854.933484286
901.616302279
22.0878381509
333.124159673
605.9234335
733.020589225
598.372943213
532.715249729
880.784554469
700.952208949
352.919885927
10.0145834293
424.363641583
191.158756881
980.600604056
68.7858559559
59.4703315332
385.573585345
683.590059643
948.688431333
645.074964618
287.470637937
575.763749464
7.12438813032
114.453251305
631.566170334
916.91603739
404.87673982
300.900051415
658.612406883
282.012085689
752.179170683
325.072671561
440.314233145
312.788601295
21.45507586
351.583402409
52.3211443552
367.680610212
703.109668115
913.698824443
34.7184949987
947.487688806
575.882502906
442.63576851
830.302895352
964.900683886
933.290377875
72.2878874751
984.600855774
460.290471084
226.106274556
223.919899901
891.697282677
818.537439497
944.11303443
259.629659856
167.219201258
71.1098259738
397.754606871
706.471750041
625.083966637
860.30491701
427.531645236
339.033541581
89.6857516296
839.356644303
979.055928488
898.296138348
624.240862282
264.255705353
164.95880588
207.678955162
52.8363077993
159.641900801
830.641198676
869.043285708
944.346609634
315.721970599
775.284774582
511.378958777
7.48427945553
49.2960796181
743.560200828
81.5475253747
385.785552915
12.96612113
446.702587318
250.814627325
783.427281397
461.257525871
16.0927484014
923.782327142
968.523667
120.197881871
268.713345369
186.505226392
450.246905735
386.825709902
133.227690245
246.135649843
792.47759399
238.556237645
520.911595874
944.992092642
966.167871645
972.29265708
708.875796652
597.350246307
571.257785611
571.647304624
829.713445256
445.515171221
406.599031175
790.513067308
672.898297469
247.688978169
596.89505823
382.91075915
921.310009344
250.454266706
974.16364918
450.014292021
31.4873968294
719.33581933
93.7523310191
148.701771033
943.069866751
269.363819391
450.291264671
187.300035603
93.5308431132
647.914837326
518.04322026
195.991001785
482.347366667
991.851559352
746.139111823
984.673142037
756.559826829
193.835500264
335.114034319
981.575006722
158.620601702
108.055379611
337.293792036
159.320449054
463.35757483
201.705109346
452.015870265
211.009880601
159.835817861
245.983889403
870.350066214
106.897343218
764.755083372
251.257728317
452.236726571
84.4224391896
193.75811235
885.562888617
969.181150722
256.177804586
891.771469039
123.439636606
585.230848526
128.934953304
866.743324762
366.172005599
16.7640079813
565.907040766
838.397365942
537.024332409
951.179010518
634.963476134
995.627242565
393.014631049
901.908102598
673.775585957
79.9565657004
516.711225749
935.612413495
919.142267882
7.30075762631
888.594691318
937.252729647
232.907128504
51.595578576
592.250805503
943.325951868
810.058356064
983.921871283
41.1070620744
235.491268856
761.369347911
855.714964889
742.762321825
758.38002167
94.29328985
894.141191022
759.968865269
115.000283501
993.616663347
110.128872731
116.700716987
556.272007038
60.797216064
111.322818115
627.980973286
817.917618755
723.73796853
751.43455834
763.835353095
29.7075198125
191.129811226
701.395969427
111.710438731
124.452436142
927.742637168
796.872378942
684.495102289
659.74393253
580.856248445
981.274187061
982.606764301
255.879597247
143.816362323
163.781072576
413.752066959
990.826028198
890.62241071
963.363845379
921.288110662
471.489342616
656.086106934
880.010593236
659.084881403
627.832175357
420.076538774
787.892513261
970.385048358
695.208709087
289.479789449
65.4516763666
879.707102846
921.243809214
2.67509649937
632.307702271
694.710160806
465.215495587
315.420563126
114.247194059
107.242506777
266.673963384
769.956968711
265.323265456
867.202990172
691.192450772
833.816074474
872.645470606
825.311650222
230.563222621
240.452804654
688.382193213
29.9703924901
48.3007060472
577.731660558
397.920173516
594.536899443
320.233244682
985.376020537
838.828721125
330.008667119
764.328172213
410.567988677
731.991789034
472.985952297
507.248459305
674.176204441
44.9418819044
251.508504336
477.028319172
436.095249903
949.13757112
981.42159178
583.668125266
607.489197342
839.016330478
851.220224603
640.034030175
244.918476465
256.986461692
873.223924318
431.30105495
919.084675652
352.916845057
719.630370228
883.003351061
