659.354592295
286.337112993
764.523584789
433.030054683
587.991810689
327.677733632
140.412860685
442.991837752
243.102676964
509.468705593
35.9856278322
209.284563674
947.229711563
105.164287513
682.565632927
345.348005263
921.088554037
168.659435477
45.431984549
416.528937526
241.245236328
859.546237083
990.836438652
980.930716118
75.8167132582
151.527810967
222.527038635
116.039344235
696.960157787
795.10128518
849.255238507
965.002835045
684.41167859
860.084318375
799.019564348
641.488530404
767.614156593
107.763644693
161.145380639
666.156525423
263.623939169
601.181878026
687.409387019
363.157501415
117.851598339
672.357636689
981.263037327
800.574182769
585.102759451
404.204901969
96.9263824152
136.314803223
999.423938103
520.119564581
710.32779182
979.861269515
710.039580468
170.659781077
520.1456731
715.244157873
152.91533217
853.523241977
916.526980264
881.499635856
333.507835129
451.667095616
565.469039834
189.007773587
770.005834304
557.632997762
613.715626318
628.088809277
61.3909541761
998.29260793
387.779943328
608.477143838
35.1261198848
160.288419742
714.616687013
953.819666262
78.6653617757
39.3085397581
468.997965476
446.5585893
310.425378519
80.4170538236
519.367142203
60.0377203574
910.021381353
803.5471134
498.95737083
273.76316389
594.801682446
827.003080205
695.734525353
676.151664791
916.020075069
930.073364037
960.422789876
20.5346092277
914.041546216
737.346355513
907.879145205
745.105199286
185.039013898
578.920027052
825.880283948
167.209254128
465.609369822
779.0325446
874.296991527
804.541992314
565.902416591
726.302362759
379.597377539
767.403502416
303.595848315
605.664588268
246.556959791
46.9945569137
963.10052274
168.813268168
589.407092527
419.843042483
136.816719984
170.570615802
952.058445841
498.341696552
748.205157133
670.151098825
722.334752032
511.272659445
679.810238538
846.201861074
650.098665522
453.651854819
124.712732505
403.443600813
471.264619701
447.88812271
499.961586228
737.697173226
967.691741797
281.929838821
324.295590267
55.6615914585
811.170329207
994.869057013
717.345798739
515.486179262
459.158902963
339.304770748
927.332992717
517.814762598
44.395543491
45.9816320588
620.690962134
447.352032623
356.57124646
88.9350471161
621.650383599
128.144836441
245.724932141
715.326569669
44.0885604622
86.9547195115
459.634763363
887.334520186
858.971640272
943.132011155
137.533496869
827.860492584
419.158207802
398.238301609
410.022838486
272.864063679
524.280286544
465.392334753
430.149728884
834.505804491
819.410544954
841.929885269
704.404416125
917.423583222
16.8592015157
241.615250218
352.287173868
269.650859393
965.699073399
201.499414257
393.402513069
333.98674931
393.860717308
321.854219132
350.156091505
687.3103174
843.129078151
393.057178776
72.7879078851
144.911167348
317.676419979
125.916828041
165.924608933
592.905410639
438.468338399
481.497996877
82.9688507581
973.781072704
847.963989774
789.607761619
226.945722085
272.096218802
544.654905157
730.203658889
563.259618255
750.234079817
864.346045065
899.116913918
767.744790235
360.58535037
267.662041014
691.500086803
781.117989573
789.661350483
796.509148852
121.267398711
108.495477358
799.372037042
904.691507276
372.354195061
181.99082994
904.638047088
646.590107159
368.830598566
532.107962374
524.255842324
448.559740649
208.019174112
631.068966554
550.989450273
368.95347808
137.062660593
756.678952407
566.007850887
288.712554236
794.549557524
707.884447385
339.242514021
33.657875303
165.907000874
497.766527751
915.765276365
984.869698832
713.232784855
696.901527598
45.5627938725
679.524738454
44.652182575
305.262478556
577.448362194
261.475519714
462.065814778
19.7743555446
130.281876938
57.0827103793
601.6719313
515.399273058
754.29619993
917.709471957
283.068538341
23.5491582103
475.97282256
689.479080069
181.249615665
472.517878474
821.756577044
42.7068453985
944.16941237
644.741717067
953.023606644
41.8190849456
490.803894836
543.599247198
979.973707328
814.289820454
615.030484372
552.933730378
494.177266915
568.141717697
650.85558562
520.538647753
440.230580796
543.723347645
561.653278628
90.1558053139
420.217114708
444.700800402
268.953304947
145.765161721
239.566514868
861.002129272
833.853838506
341.340035701
313.244622402
621.448555108
288.760302361
787.384786358
304.932836767
361.647049161
840.355574941
470.389086421
96.7256111144
923.326278114
567.050973117
228.000489479
942.022470615
512.028902549
863.943785483
444.873453363
883.729287239
916.594802751
919.47091562
328.783767925
556.617483803
678.153180941
728.922288554
377.128927397
249.02225336
14.2571797076
427.035808652
306.52295788
449.591011846
225.95382376
446.501163408
744.189374644
649.075531793
818.57709509
129.437991041
307.242005052
325.118283
809.348942884
172.496959029
653.962758185
545.233144711
259.698271099
262.128348015
249.955487069
124.52508186
890.206033953
514.634296627
995.878579063
44.9760700362
877.638733357
879.16696478
511.275755902
691.8614557
742.240699981
187.935338782
550.150164738
894.342478932
689.630912246
590.465883613
627.125272237
453.512722291
563.186688045
994.519272356
29.6100435879
803.60217055
832.906755751
682.376916665
602.480075117
230.252295032
692.558251023
3.55409260316
416.559549203
471.159490551
515.791175725
554.077249623
534.927017592
491.847755226
653.266877358
889.023446646
861.589883886
965.308069217
89.623712144
91.1243204372
848.841989084
177.100931973
424.935731508
501.423511488
254.524723071
543.80098197
207.217885623
571.020013536
34.476976139
51.6068846386
828.996299621
339.013912351
610.306886695
356.030395349
694.607501813
801.006632661
559.689036532
76.6472992967
192.533104585
891.7601568
831.551586067
701.519964683
498.822272165
368.14833271
676.382279162
373.837625484
431.988332481
472.841100532
516.403938156
578.371754871
603.678825285
326.93204488
894.775727127
231.845976091
469.355926652
883.699153139
160.571695537
391.747000067
127.593649854
558.277345851
325.477793116
316.435761721
444.247856134
703.538093797
229.304308425
832.863175036
195.82314976
67.3301089264
38.6825616056
790.150613066
886.213774348
247.534962928
127.376459131
771.726636234
80.8417957704
409.242792415
693.926334521
998.350547627
916.459364755
479.386422487
158.945413544
817.10969051
917.522785021
826.561323145
796.601672218
414.962671976
764.323106436
765.368525662
525.677318421
730.853939167
894.355326237
565.322536337
213.325328632
541.726215481
654.852933276
98.6633985424
594.899656793
549.55462482
517.908430909
610.281127285
451.749226955
838.020418587
10.8997755467
185.286398061
357.880568031
492.811541351
990.484028143
70.8532448027
46.7124541389
486.440502849
785.458685102
27.0331500783
173.627107175
646.651591939
406.979728221
325.78804771
146.165627894
685.170902795
354.60610826
719.508862936
526.125210687
726.147703858
255.083115063
475.543655453
625.559473561
984.123737218
668.915604394
190.697598572
450.152100143
484.252889666
677.27728848
846.90840789
27.1134834104
16.5732605881
73.7581179821
156.090575761
384.883012651
960.635706094
344.478916873
45.7583101249
852.323990915
211.555621784
193.57313229
654.059246495
515.294903569
949.37302414
948.582039315
543.850386574
805.792498256
222.587942237
495.854790786
825.474082894
490.744636345
615.847906783
170.089650898
745.268273752
557.032664336
146.226643168
846.589793543
30.8309995799
847.611511228
836.175330066
872.906877104
861.357789486
474.704898361
264.931001198
716.265035735
182.107185542
288.891873215
200.115404856
374.882483288
460.956482691
647.140939484
315.670398588
757.650306289
631.755035792
814.472795081
534.475499599
696.439865604
160.958140704
381.407398161
333.823181209
86.1289308868
525.370108867
712.499512441
702.569829466
892.63729127
156.897456286
92.7214918019
843.080536158
932.55311787
918.351941162
705.251398594
274.528341348
309.700213985
374.991105458
961.657654473
699.144932184
915.633925581
783.852906524
183.724443936
115.07578178
936.189512969
676.285071212
391.752637456
215.165031546
540.975025959
486.765792169
672.615323654
39.9761296139
221.623898272
625.362386243
527.641917266
542.991713941
586.775846261
792.533960527
312.256999782
898.766381129
35.4681733542
440.854973055
487.624536204
779.092181869
775.418080058
46.6904411293
506.238062229
843.182737088
854.991607501
70.8627269388
260.94423556
102.113759955
496.13190296
290.609067741
497.897720471
641.734165445
404.724469461
735.095196202
215.02787664
974.263938955
273.535132333
582.267715714
820.058004509
859.688772026
786.555698806
867.174240995
438.546257882
317.8621341
608.137129217
881.204493673
757.528523897
915.528379339
715.753515967
211.748697198
774.763363419
994.981116361
68.7623164817
615.716857988
799.111049824
753.058025379
663.282187084
974.422917877
789.656776764
299.076685175
340.774949146
731.082248259
600.051061402
730.687875132
598.442800359
611.820314048
240.168375345
578.078898486
112.600677035
718.875782281
477.945020063
285.160486383
325.699358601
54.8232518397
113.516527652
554.714967684
726.982925234
199.486202351
310.231474413
875.545960168
686.877247419
509.261582184
781.156822794
631.844755916
661.878515346
210.054474609
97.301785014
294.079418378
230.163030562
290.423148903
880.892773406
706.589705274
588.421957403
351.399915449
373.983055734
451.346600817
378.767449771
935.334836751
546.074648495
502.674207569
757.330448225
687.115404794
558.428339564
698.255901479
122.854709281
110.210896765
357.288557621
954.162135365
993.459113218
762.350980025
147.532193533
56.0555400381
462.508154931
77.6035544724
943.839945546
755.640600456
659.090823616
630.281039695
716.112510071
308.154710139
178.010978451
452.935652515
670.415065308
770.699145582
43.4077639637
955.6540903
738.41558219
439.138296427
903.281015842
763.077272462
277.070441523
589.722944507
546.84481283
844.07634502
671.007300773
167.851186868
200.149641413
493.417098313
238.109690575
446.286230007
17.0446472801
702.566772017
712.185595315
562.72092623
649.484554918
123.281333855
771.776398645
227.50424839
334.834474381
535.273983493
359.508559335
800.644267455
687.289150893
741.403556305
179.730382796
463.321194159
386.90674245
29.5925085137
557.010081901
626.119810205
365.015412391
310.217569218
395.734290574
892.419001338
69.5528345854
700.13088144
237.054622232
322.625931486
480.1624092
333.757984671
892.587142544
510.661095815
101.462836925
420.456577623
117.859350265
340.291095592
734.088371691
213.010377221
425.356316924
989.761583192
391.354769744
695.867157594
518.959333509
942.491696238
308.425230222
750.798603902
912.740532223
995.624325157
961.826743205
764.543799575
741.149678587
78.9163005493
827.947673408
586.147673014
497.179939148
818.574718866
571.747785973
331.225711623
72.1410534985
712.228472515
648.066483968
731.99524145
999.568579529
299.052967533
710.631313131
754.42910364
298.295184949
845.585226679
743.580790526
227.448081712
189.737596323
159.165755767
577.943273639
783.636480656
938.691150075
97.1155624503
927.762658993
820.644205301
336.276296635
723.304681474
974.214138096
116.283300217
948.204134575
976.658300157
784.090333483
43.0232287326
270.098699883
113.388693307
626.875086671
404.319968385
357.715393773
876.002559258
484.607686515
869.004767769
348.438126624
137.779929342
88.2541633316
387.296068606
241.192520968
884.179372228
266.410891862
547.235690671
682.042172197
900.073383064
237.446664604
715.401508631
694.966731799
213.549196323
243.368003951
795.231985653
162.276603937
964.741002873
562.076856788
524.442570821
297.728118732
187.214372022
256.076731805
81.3901572552
668.722628824
522.376495582
376.654425218
349.046336711
825.04558265
556.261544224
376.376106931
669.445596974
871.939891357
895.270438477
647.801152285
259.150175995
436.580016043
698.272732494
37.0393883664
352.124710919
197.432156992
183.11399908
556.740726708
904.317336495
632.526854674
661.973242291
691.71663871
211.736675674
646.433108665
579.299927516
947.802864635
744.048270342
141.99889552
633.929431026
724.251730576
228.622419284
342.244651898
738.316950701
490.466165978
447.764867706
951.555722219
320.974792114
292.108050451
94.1990950252
933.20769355
360.486091282
670.317667731
677.753671153
533.995970671
300.638403448
419.47829876
721.0571138
707.937111061
643.943448915
808.704337305
379.550287039
414.673039101
507.417769679
126.479303301
632.374288584
892.165916647
257.619775341
736.956202714
557.074770839
249.586632193
377.595948815
548.190868325
138.743066104
596.75442539
364.513478101
224.789853899
944.225584009
867.70528083
275.51331124
972.39482316
661.318903077
698.334686562
841.087980562
359.196302475
846.604063886
893.881318894
898.528433765
437.321841035
792.876163377
178.457449449
582.302840248
484.935393997
455.554265876
55.4719181645
54.9608599001
585.151834972
221.363708524
819.758037849
629.010762988
273.025481457
389.247638943
409.47900808
590.379291332
254.337957589
641.649772987
436.668081658
648.708528264
978.767145258
198.270379702
951.030563003
813.431064556
608.628612311
57.4540521568
238.050321509
64.6732496049
868.990263959
935.95149938
845.327658429
807.725607047
394.94169882
512.637535011
385.217325328
359.953809988
723.013156563
490.437472758
729.621377283
855.881346274
170.469907225
557.07333325
944.148057774
402.891421388
380.696037528
775.089310265
105.460776407
51.8240161392
112.717869568
662.720257773
249.359947288
630.828067253
754.959240179
169.572465289
507.071114173
578.781434387
871.631287234
889.81603582
702.601037668
450.546938482
811.761757822
438.282394367
209.499298237
174.783174532
64.3097547207
384.412831312
339.270967267
908.693340161
138.224688376
480.349478922
96.8321891247
748.776832177
818.771564227
115.515820567
241.069875323
230.472886499
673.065033215
53.2963947423
817.410995924
260.541522688
831.413273857
200.945651415
912.630692349
485.402083334
928.373390515
489.835181917
531.72147258
790.544143859
144.740342376
778.908610191
969.502256025
713.687843138
343.81227765
766.88446765
17.0520581633
169.306415844
