921.765502174
166.77620035
677.176202186
410.765085238
652.640192859
719.475434771
663.023386606
217.528445974
627.26189971
418.77465427
908.762737647
228.282494463
694.85976039
583.63781506
793.429382653
886.294468064
15.8148000393
586.839502224
889.380166464
714.045587183
120.173510933
276.832200579
16.4507647407
548.164226039
744.38876753
609.437846046
579.55380304
267.123014238
86.9692389762
658.889718132
246.585927585
360.205819151
174.048396775
26.0380676241
204.893783271
553.234739271
651.51676679
300.266514112
295.85186687
512.617176081
54.7930023664
588.682124355
316.852736922
442.493289005
422.057736522
389.80475437
808.004065155
970.628471115
718.601166011
431.886533214
169.699099359
425.657369649
717.117435351
927.976974682
191.090393859
975.499108457
877.266185713
982.978187645
260.826937445
5.04310334405
579.589803002
481.578464685
686.426564353
801.973798902
273.027248396
742.623762278
775.567594868
31.4662437082
570.191831741
133.886918462
225.766667093
267.598768879
603.17517877
934.706969282
94.2930693919
326.772317489
34.8458443207
124.868411381
121.056824858
993.525810845
776.279070555
370.019320678
877.573671486
882.843964985
954.659012789
590.032228228
837.139921934
810.886837364
63.7249977237
446.990356098
822.162874115
876.22678895
326.589135838
998.7476577
38.9354448846
881.055419329
640.917891975
955.891064664
803.690664978
17.110296339
276.584438539
112.820725128
704.624580706
671.755468508
822.751234995
682.913663115
702.629275224
817.176836232
504.061762172
873.101496532
886.818177654
835.868543901
293.031020619
324.717404321
921.546956563
996.482985367
411.69421623
268.314393633
717.590084339
138.355648411
48.2759256287
397.52499567
651.973353814
251.31345357
622.476516248
470.429975257
407.580019124
514.97408871
345.918086647
523.100562099
563.426126913
316.750540531
331.712325634
788.902412056
935.278453202
760.699043731
657.158713741
885.394902606
263.431416688
699.578184259
781.444152824
327.381965368
327.930778024
258.092223862
850.775606265
696.730646059
487.35374779
737.445902785
510.751391289
61.7314950737
958.130033965
527.474985068
4.52475865246
600.257820054
630.291929814
798.208149705
668.652346375
729.456188124
785.510663157
130.894460005
476.855512469
863.63986274
999.376262868
114.342549466
845.810662073
496.224430085
54.7851327157
691.417765258
451.744714774
463.64867589
83.6434331227
974.719681536
484.779548792
207.107545153
719.954273697
869.890078202
993.641412394
875.572361427
108.427005155
779.358992058
320.28777854
974.033945171
453.703201369
510.30252958
722.547828452
108.664969597
73.2962412802
187.658454597
203.651433467
34.061145642
871.238790968
528.438191964
636.924686726
925.785223673
792.964762074
438.03808736
62.2869404238
582.643160354
776.851300531
977.472778243
808.270134612
871.759699271
290.014692355
543.902285901
492.178082187
705.253546597
139.148043348
567.073709939
691.704156075
595.581274563
319.377328447
94.5321411535
831.208723599
249.950165269
861.568316451
56.1157352267
190.41032815
494.322900995
568.675830729
514.574767347
728.45522017
297.028390706
56.1994222472
240.907104299
909.08573456
585.181188098
976.325747248
788.85942681
327.237741021
416.884565663
594.101063022
271.196571503
447.273996173
617.688615343
136.909202056
507.762871324
834.757511062
68.0564964124
550.625884809
233.245478893
935.374436361
566.245177671
96.9272574804
142.30185027
865.930775569
42.4434698992
789.389320435
680.931763087
517.056321659
358.948414366
829.173175221
245.994127645
701.876058963
914.26970219
266.836359153
132.180007749
1.55887487242
95.7599631556
531.736542866
275.57403711
778.996780174
484.730923779
191.206236411
505.60469946
833.852171334
864.990187507
937.582792194
648.040740486
509.687965981
934.777143355
538.637805117
750.808300946
960.179182479
120.667169899
836.577077803
522.909262174
556.17577312
45.2316114824
746.201290497
142.251644313
966.458069661
373.993860488
201.794453577
211.070347296
779.119582731
791.339810247
688.323057387
985.707811864
579.82006279
905.77810794
709.370475867
442.741254495
946.670293866
419.888019341
951.235460256
264.016660568
763.707550949
919.940707791
411.666416158
279.123316942
675.278942229
63.3612774449
173.163326693
89.5550298492
9.17351157468
260.81847561
814.054702968
166.455297103
566.38653367
859.10934482
164.002334855
20.4549365751
299.137882803
127.585438297
203.359796324
404.853577768
637.950666253
941.33451296
393.997904095
967.611867444
346.601122494
625.30887277
2.81619922491
65.0263883728
91.2499505265
154.260470255
952.814573999
66.2570729604
591.982424442
299.48863857
201.597967378
732.215145451
498.652529484
947.842031176
251.98408432
937.960778177
500.048999677
306.829717642
897.547773016
655.164681234
496.018849488
816.396058338
57.557113215
462.549155082
853.295269699
117.676871295
970.087695946
443.879962159
265.029055459
628.64784194
49.1153414259
461.487179659
788.823959858
422.825742288
540.46814587
521.315562265
974.148451827
68.0124440794
960.907312364
139.320197796
717.331373093
502.74981368
736.818004594
85.4327636351
204.845002298
380.823118426
189.965127033
710.537347748
230.234481735
464.302150152
193.340772612
61.3907332006
404.853629686
121.726981669
44.1754435498
785.418394976
69.0980276943
811.740973151
855.959621295
109.776174196
516.442700611
35.2570512312
238.503030159
320.471738807
493.166592491
475.702424892
671.747977639
880.28653815
418.002727047
56.5048100957
730.042753227
67.3636810668
160.798542886
874.664291018
152.603293176
281.490375532
788.143764864
483.0469876
353.061231467
734.444774358
995.004410117
115.909378622
769.444916969
501.428871931
822.62945182
586.465562603
292.187173261
322.855914172
842.789540189
514.53261904
617.409640205
54.7766505369
69.2390391288
575.34474958
157.704290582
57.1088163976
941.196756687
436.313846714
502.312823277
368.325498503
865.629228579
600.132973037
886.497849653
725.725532688
375.681263015
217.150424136
545.596176749
638.673149008
744.756427867
171.244003958
941.427670173
575.020229533
155.236692013
343.509665113
785.133513822
775.573266698
750.998259355
110.662414934
496.918510149
91.1940887231
745.60268018
710.257017499
798.189938429
865.67903799
241.357449175
234.095447055
59.2243445136
732.684258561
870.963868052
26.4632696087
902.04182629
314.99725486
82.1348433779
514.312179172
144.526172341
36.9770808175
688.316152887
827.255858356
370.572004475
633.078943653
792.713264127
106.412583891
706.26986266
963.002439355
182.899291966
98.9732299619
127.334257999
804.927717478
535.622632725
928.356848475
797.515008701
613.884921454
807.968258622
520.636336482
978.047291879
678.745979275
502.902336318
936.681406438
757.378322045
942.504688209
799.181112265
712.356454294
379.290331918
879.962533718
579.918881757
968.673791722
512.375267718
345.181127793
552.38304132
695.134153951
256.319729881
14.8905341556
188.625816899
333.189225713
321.606351121
72.7703661095
113.200381602
342.297044014
26.9382175498
28.7496792877
165.765077217
405.734554261
302.290831285
490.880034415
13.6124866898
677.657563561
917.828468143
97.1308307811
37.3123309644
931.138742235
304.028574375
755.526235786
509.92858499
706.564401221
123.163412461
216.977289103
616.730023245
240.979213782
605.18951285
61.8660198342
85.3615640178
109.771135711
991.052720529
155.571528868
900.401056046
283.502877637
142.039380486
838.371497062
396.102041051
539.132692316
803.241942222
682.202119991
124.578235631
351.925088443
389.116304066
773.257096276
117.29902674
920.603465625
593.368196763
905.494852925
971.502251814
847.427228508
402.997713401
935.074113499
476.446854813
185.382824792
300.163249428
179.691182251
365.689748005
494.890037455
58.6604998943
119.130215334
914.372074438
53.192914603
270.806484893
741.707838112
459.006156892
49.3965628543
486.865397848
750.642056791
246.386040467
54.7501655165
494.933173644
948.496697336
94.9814944611
504.605490218
604.361858945
275.09513387
545.823545501
983.776339119
789.599119316
647.911760112
291.314663846
531.473981874
878.355927845
728.420312528
474.970476075
510.001184324
926.825543668
809.717161309
187.378955446
629.80300102
621.738536353
678.383706464
180.712426094
622.378201979
925.26635963
498.060060951
805.696200688
17.9143620148
888.72871225
256.258346501
433.535292964
727.330404882
494.932661252
108.873721249
503.330543745
317.948356527
388.804322067
860.752978126
279.7482863
637.833140587
831.308580862
945.467642975
437.968058178
649.623074933
676.304549602
634.239004203
783.208377429
650.71639634
543.039684797
578.116587967
323.282869997
902.964967229
123.72714408
225.657903149
955.557058943
998.424950074
234.491112198
98.0698116739
255.887895335
184.046758354
144.231485385
795.318563345
785.847393571
611.811960926
510.68218647
555.94186995
427.004810525
120.412971365
962.943574868
401.528974165
776.390370091
32.2919449782
628.156895503
865.194877545
140.10164498
987.805967794
609.352544582
544.587924245
965.549420483
853.559874612
339.160691367
144.086132508
223.633249385
429.831006566
123.934695263
735.946058302
308.267995931
155.711030022
946.347482377
795.875118288
144.035665512
621.672422032
582.551657389
569.390947347
690.435408196
506.195498548
147.767805826
138.374877181
372.460330469
907.368576956
762.827660947
140.592606091
364.311663351
397.444727941
231.180521628
708.939128643
800.778217973
824.897780495
502.062611708
513.98956036
429.245750937
147.829019194
995.09606895
691.928376176
959.347555521
496.444613408
182.009893615
318.162171054
491.923491552
557.77556222
427.446343245
52.5926433667
877.035655266
185.669658113
918.648099543
368.868007244
146.550835472
616.962860737
134.575379017
90.810174904
659.714585977
133.61639945
132.125930389
886.69619957
697.17931024
98.6795265734
813.952197186
693.989270611
589.624440002
199.370132885
327.870242048
190.122475392
919.539836665
400.5285719
757.417942394
720.759882462
45.2733883463
493.466021711
539.941872746
146.728813621
478.45241497
675.322360103
281.061097156
406.104063671
718.83309829
870.273988458
958.83766988
184.059609664
256.690055622
649.369942213
421.063520289
574.445286896
448.717962842
310.100258756
22.1336245209
397.687515643
815.564464838
242.313108607
197.88197508
821.436192844
846.132981293
690.005053435
802.547976324
821.381431975
816.021822195
111.251350722
558.070427582
212.49262395
890.902712586
967.215749429
634.055224594
901.980138129
269.424325987
474.43448628
727.711670863
234.312060422
153.947582456
571.671965174
912.029852878
825.534431179
338.555364182
997.607897175
845.422734404
614.17661315
693.398617032
125.072255048
431.340136808
298.371061413
108.276544507
593.105394653
140.690845995
100.060349959
100.063311916
55.9678683239
61.3295424328
772.862215383
86.3806889638
807.421675623
385.22078817
496.950708884
117.833590355
402.887383065
99.6383911514
448.941376799
148.265091723
215.774803272
262.081035217
200.197423887
459.888756859
842.657895032
760.936856468
405.04536091
525.707453968
301.996789391
731.454145671
556.326824413
465.462554172
93.5027408491
783.880775203
115.193392926
400.277578986
279.068393844
53.0446063405
537.881399589
957.390609582
799.972274609
638.160231389
259.705059916
198.139115071
310.622583459
732.364944162
17.7304664145
25.2596705985
245.785279652
460.491483833
372.254073374
928.822519816
830.391492193
169.145856874
138.631574396
680.403516611
712.490700949
915.965339215
609.307368502
530.343302531
101.478223954
189.970697468
539.408109284
948.129445124
186.475997868
396.780278004
444.173999124
157.105615739
241.309543382
894.403371797
623.893579901
360.4863943
808.824605796
865.944968963
197.903461634
107.034254482
608.77679943
775.473429287
597.978264962
999.616353469
429.643012515
760.322457529
164.303021527
700.299558411
122.315217202
109.296784894
793.979537015
107.883676302
800.454241311
237.663300967
745.227433665
244.307050504
765.309306455
397.618083414
603.875861249
350.038886811
273.109315915
1000.17537929
327.287945648
101.672778652
80.0724104309
151.804745823
426.078438224
966.78174966
46.7937773827
608.80799243
504.508718028
72.7513988187
264.59042253
948.36254647
44.8388129471
615.512225681
250.673454191
68.9209384307
442.872207052
572.834092321
248.231226582
306.958061849
248.454889282
505.409147912
963.887309182
745.352551712
638.28922617
250.04139926
249.502531042
890.479805043
593.770644238
574.526275299
712.443714813
495.573237745
220.561282502
334.746726357
318.804808543
639.045892461
704.308004423
54.432061823
344.970649007
734.974403261
8.83138010465
125.99732313
160.212280232
668.723572989
391.292872633
884.376610102
56.2403660227
896.982677182
971.067786082
392.510121653
875.336890383
158.285878211
47.4332064917
123.248261854
681.45110022
698.228024215
274.799435487
451.475029746
583.099571621
145.02480207
886.744843506
406.183763649
948.562436595
866.634866508
255.216969099
50.4947377133
266.815343804
146.765381311
116.46754718
402.368958005
510.232669667
254.915021532
496.896046713
159.00513697
573.261836858
14.8469023257
18.955246048
336.861728094
676.332664114
938.395858187
279.228687198
277.990146363
18.4618378799
145.631551929
34.8968675326
388.47078458
86.2980829814
666.944384944
345.668256214
250.356160488
807.035889023
24.5297356599
623.083612067
931.457248747
181.811623163
813.095085107
842.847517897
60.1845738982
721.511742436
955.713363469
607.517145015
940.706617214
738.235558622
232.075236296
341.271706634
322.952540608
475.618531951
422.103822602
374.289500944
240.933861272
536.977112372
339.711057925
627.5095486
577.140221798
526.250143856
193.863994039
587.685899974
390.463481693
116.608157131
877.056766885
605.807474868
425.710197171
441.955212702
727.202586624
454.730911395
247.403781142
594.454977846
688.980487642
633.666782719
331.504222651
614.621078022
847.055071934
411.195430606
477.152140957
866.568836281
684.353030409
392.818280452
234.180171877
26.0125467468
1.50500625832
902.959517467
361.198092379
88.6280720499
13.2021889139
868.729203998
