727.627173705
942.297591554
678.984362585
125.830988623
236.59509798
521.96567039
846.887567307
174.370192723
853.928539391
154.533380176
576.606206596
54.9513149983
752.124046997
997.451647629
457.666847901
712.400307619
101.510292121
697.928916989
623.439651827
118.160988706
414.801490803
693.984989619
391.935027884
977.888128823
57.4009139289
898.236789157
433.514660188
644.268065018
606.838164083
620.480119323
453.618243805
151.715616265
846.215243474
142.610941498
728.839592595
159.656436774
977.812937901
261.85555537
466.67227724
68.7599143666
800.382445382
516.901476912
558.158032624
115.029087999
979.285895198
940.53741197
908.095953609
277.763929656
63.1529923458
80.0055035276
309.442472679
66.3338866895
224.262327192
436.954462597
603.838949646
53.9199443448
88.565122492
302.160335011
123.633877472
633.772348673
572.827005379
338.094051957
571.36630066
737.351108299
949.24732041
969.132916365
1000.05426395
969.517944233
636.027782664
214.640372143
46.8284321233
141.293322264
487.24442267
268.849860242
849.18394009
319.989723611
318.025637719
35.0238334476
501.57687844
334.289825378
964.308762596
822.002780813
995.613939597
580.524110111
974.502564163
580.395015392
489.271880382
244.339010164
137.254705089
226.370026998
306.007406887
402.276774958
238.280947638
211.210488179
545.042566795
558.668559695
579.227785092
308.73953793
447.371826789
667.863166858
35.5816579219
472.201812306
121.519655557
696.418948831
186.196675585
498.861338518
954.253049206
129.434274995
382.882547519
290.762044424
987.625147707
927.564185572
778.889683127
416.935905728
783.289846627
779.969710539
382.552484744
750.727336538
974.228694924
458.534252578
374.147922125
162.091749637
258.938900497
304.507386877
493.57826252
907.235950941
744.941386237
537.892272577
373.296602382
43.6848809499
836.987784444
376.517668834
102.980128241
376.968976018
211.812712777
245.567751623
439.562537176
309.46084644
242.710206771
670.245184659
203.350958403
241.674531642
296.136010197
158.330371302
158.896548301
278.930367942
688.738815209
413.683430599
681.258578616
539.198194185
204.414210834
752.072321299
695.456738356
939.059325721
969.720251055
812.165246505
702.008905633
188.609052997
450.397048767
304.340316958
412.333811375
839.545812209
483.446548188
608.276679788
157.503988656
916.476475245
304.410842452
264.48015047
593.636271896
556.26000945
479.695048175
561.609467897
165.420587213
822.807258381
583.149811875
987.644151289
256.50124592
534.181977395
855.604669392
643.876467826
161.836768904
377.381651816
915.640752173
904.672141577
944.756212447
882.555146166
240.905206819
626.795348769
450.426824915
785.715809192
631.102057608
884.008364065
832.90404853
798.537921489
87.77788602
366.300439476
194.559549817
347.28836875
169.146604669
556.370185296
285.138499313
13.3613174858
679.019858769
808.230492116
879.877920167
940.211436317
799.967105347
52.0796827268
389.943442536
315.066040657
434.748144272
263.65335161
994.607892936
42.2678803991
920.939989209
509.620228426
998.847590604
743.748683872
714.173549633
414.686868657
63.75946066
908.044041913
82.1579067809
585.842431458
764.348928
175.354060029
197.283375007
528.157238921
282.158137669
959.114236912
885.456590727
524.27727494
691.292159236
579.771706661
727.670257005
510.368304157
396.239534524
446.201257478
646.125367552
536.095169479
590.677040358
838.935602557
97.6917040157
678.346835176
79.8182313461
648.386282712
453.886102529
152.282398793
845.799131139
935.607468604
702.679648189
409.940383917
122.144849672
540.590599303
171.585927614
912.069464693
761.077181076
73.8625191496
348.261104455
359.259001515
57.0472461884
10.9334397269
399.426752932
500.428897185
732.611068946
155.521301467
958.777068687
130.570930138
996.247668918
313.141956516
711.65959771
751.807941842
807.137199339
910.058338841
290.72511181
551.138403489
396.543642115
61.7594107106
982.266194888
872.321710096
808.146075668
191.491320725
682.530163663
411.115426922
78.3680143758
152.093554616
613.017392624
344.868099026
407.282137417
39.4791243291
751.37166529
783.308960422
899.401970108
372.222709549
40.6290668269
875.352726682
368.771737597
805.443571938
33.9860851969
575.301573582
409.679060741
902.746619291
554.513089546
387.719214341
433.471306374
16.9529047539
593.204992223
691.829364448
932.89258529
438.936188919
535.561631985
194.971993851
325.894744218
986.73712672
33.5478317511
514.280328067
838.293032826
944.236940326
889.236607491
42.0436679224
126.510894262
562.067520607
59.1378153117
342.914543984
585.230733308
838.173157282
735.088088464
173.093920798
383.503022107
776.296918274
155.426667465
203.472572248
281.275489623
307.134450974
690.408238383
37.9037874621
259.210992066
118.979251023
594.667118647
274.757980993
342.65087778
629.411125983
787.994572252
940.383604479
569.314069548
977.331281149
801.431885602
844.034356199
682.819548732
242.27675389
538.535118606
775.740025796
265.236718162
802.209658643
974.994079156
329.030194126
38.7170083756
687.933299188
304.475395715
328.45194544
401.657748584
125.447623572
930.452237686
315.160389375
631.838585362
276.976584978
952.229207463
793.348864829
651.773684608
810.35012104
87.709382776
88.7741347567
190.403076023
854.609807427
444.43784411
343.517206279
882.590834262
496.831787775
329.784725731
143.405418065
264.323193494
774.125702207
985.507801625
128.66964698
656.469346335
167.408211331
372.184344544
903.549609297
913.717026345
267.658496087
498.471694577
106.552135678
787.523141513
639.412141869
252.218695729
764.369093943
431.470991208
338.640405436
888.570095971
166.385947386
978.825602652
194.502988399
854.189053763
775.417607259
360.600039127
991.05900283
220.679570671
841.034271901
273.942694661
773.342916662
935.410869635
595.379747956
580.246249669
303.369850301
50.6976404176
293.026072006
75.9125247415
28.5676035779
722.504981528
258.910135113
209.42526276
907.918773823
629.517626763
190.118831462
614.662487717
537.218469032
384.231087941
149.652081605
692.189546535
659.751901442
395.376754935
550.242681056
818.034813698
227.100411082
253.382748368
139.885655439
941.705968137
777.158467766
559.978489616
733.221348197
650.370064268
335.588106758
340.574334925
685.451769944
723.881881607
824.937728323
408.316163513
272.626183886
185.705344044
900.825317202
4.27896670367
659.268565911
30.5448628319
699.335060761
417.517435717
687.619553788
124.50998237
496.244955009
864.507674185
801.777176603
426.171349671
154.929973167
201.558818493
580.4565261
754.549514603
901.409019116
452.335334039
748.092233973
128.815806808
627.959004538
186.490078872
663.185024684
734.228425238
926.097204456
772.561364424
924.578747266
639.255721177
703.852107612
754.008305343
801.981629622
140.916441578
101.859089196
98.8979125026
191.678493958
733.545986813
320.131794148
649.527762806
174.350994434
323.445564204
197.052692314
279.378291736
58.4461918301
644.79552781
49.3826509579
66.6603665401
960.364503433
591.082015102
327.556291302
108.535088217
424.243179431
663.391885959
610.584868929
663.675246071
716.822559884
38.2773584097
222.053385126
83.7010326703
687.887184083
326.127303535
707.249986761
441.074268432
927.216047544
573.293391368
475.330896458
843.812276192
102.339249644
603.596100191
62.287100135
212.04097046
934.413443105
139.110619279
904.685931134
946.28431365
273.653150193
423.693439327
623.666393467
148.023151899
726.565152318
566.131846717
173.059723087
31.7548002215
378.770179346
942.485922752
89.6692255694
300.276491408
501.248004618
968.074668636
837.051019338
601.759036946
137.192910368
494.072911777
540.842173334
304.749563561
120.497247009
675.55462514
315.286915762
579.072813756
159.305060433
645.493825068
648.346826838
85.4378426233
390.684642417
379.75406481
945.413143422
173.084980966
755.925587294
59.8675585369
389.12767054
775.54107676
240.701532511
506.233343088
504.788706582
970.899293304
362.102113523
941.194371279
222.479403545
590.858559333
306.201179655
144.352838301
194.97703601
418.684675063
826.858448881
406.100285747
212.373744774
882.56504837
397.957553728
990.992163673
698.65435547
362.896663001
958.801998442
251.117501897
174.595316423
293.851693731
194.285986072
106.715593186
177.986231695
223.992299622
967.355794546
344.703307045
587.800757433
407.261578198
732.979184222
120.205964194
719.772588203
662.255426114
30.5704225506
682.039884899
137.120748549
279.590925831
874.90266697
108.144890672
20.3270326992
70.2867988841
159.817607945
868.909802135
74.7504027305
652.866764981
981.352794649
270.591616601
20.8808942422
867.456647927
927.4213005
285.453460528
196.174334566
445.871589149
635.040964415
165.763643427
642.633005892
303.201918404
626.878064279
461.191090544
213.419996655
128.098626968
654.245710354
701.582390107
24.4960196629
834.070225348
782.179104151
569.723367766
209.426657224
672.567002858
643.283423155
978.159982897
27.5307299066
172.76325514
933.381528904
452.106839631
641.581397391
571.437886508
792.703967409
244.097218654
253.82081652
959.075729829
882.052317686
348.667283641
58.0860820958
944.472758548
561.433789745
319.057378506
678.348967619
880.307118109
329.151826443
922.902612529
979.075741216
163.970287689
274.93264358
206.616425038
8.47225384662
121.73748046
810.331386445
551.112858716
283.151770707
935.316568766
731.789892525
642.850773868
256.265826534
850.084371855
351.897107044
800.108908267
475.487082945
630.955449656
504.819864406
132.857035559
710.535116729
79.6352845685
48.1301028481
394.433413183
80.6406608299
455.590624503
299.547887381
102.214500398
722.572030726
263.407623248
129.542135919
279.499346522
429.39350511
586.255231738
428.166632003
634.435012458
655.352625321
896.922347589
505.568902024
730.451340969
310.163738724
49.9193838894
151.056165747
947.176568973
934.799594194
209.315903425
788.512754634
876.070315479
40.7829731704
378.992183352
749.180870955
705.427418294
255.235713245
878.496992591
581.103539114
144.049423397
105.877536533
275.486661423
179.585248808
768.590083643
650.51616996
61.1582573362
134.518277967
879.095876799
114.595109633
578.771398684
659.149456357
782.033182124
881.092695325
344.432855533
63.1924444522
895.260844492
879.243809297
426.822435369
529.337501143
549.226389515
641.146640095
453.283065022
233.107729698
72.1110676651
887.427443103
219.915182484
378.329996519
932.733962445
232.975770344
286.459080778
263.127271285
127.566452195
354.860302667
343.154389125
198.120366074
425.082662327
627.501886291
476.924224278
270.850968708
121.523037796
718.865793082
465.249447429
31.744382631
865.902082347
523.351578637
998.577869664
844.30729659
731.572804722
125.373928085
750.064642248
998.102032718
898.452675352
606.886499104
654.614359069
99.9637145136
960.623390738
570.652656362
486.099129268
425.72467192
23.6541996093
234.332134859
555.929025784
511.275096269
55.1505028547
39.9492884846
830.015774541
605.855580625
465.068370647
894.017402846
172.810515545
931.876696792
238.67007881
40.5298198147
601.772450913
905.867483907
176.80244059
560.098307896
369.174744654
876.064392981
65.2426646332
170.711539626
349.244148512
528.169015434
832.715574393
972.646838768
235.241244506
167.874219174
558.841270696
396.408117623
971.130748938
362.388261534
588.235284202
193.969064205
433.15067746
538.278482297
852.461406588
420.751325518
687.607789167
620.727647019
844.940287517
414.375948726
224.726509733
164.609829586
213.914059501
813.479210611
948.977396941
655.435928902
801.635668089
993.911952179
365.886891108
324.387843882
257.093530792
742.080245035
350.502896988
542.748544252
40.2700188194
242.060460119
549.022972822
918.247152895
58.0006008267
543.719512695
813.363575286
682.839250799
871.505224888
801.879978482
232.503584019
467.926809438
606.700067236
362.275805957
978.238534185
532.669550544
754.55165836
950.566378032
658.511584022
500.848121199
379.793016251
332.26677399
583.522276721
902.536565186
645.304872776
132.79571653
66.3544427487
574.521416447
209.055798657
677.966031777
1.80183103796
110.930429074
22.9872038897
81.7858477442
298.045693769
953.179730863
188.059901066
510.463879117
631.096303439
875.106629703
506.354421737
188.260789582
949.47820514
936.600311751
34.2527010047
138.784857632
192.656220059
129.455792339
897.322448192
225.554248219
586.798662171
288.448905643
697.213990779
541.768293675
934.236498922
379.148351007
690.038524752
495.724170216
366.355977109
834.223772798
198.116769043
208.399569817
908.79102355
445.044389921
530.070475608
332.611065227
188.713220863
10.7121540795
119.247803569
196.587171883
406.215503349
558.915499561
190.102897061
83.9570731105
147.484572746
792.611130076
208.065964088
716.59277928
459.330687761
944.211943485
751.921267065
138.113878795
642.504411174
234.849716452
420.158394132
569.900309176
623.138800563
340.684777634
808.250474448
394.985763043
945.74671286
833.74307085
893.344189552
773.725890776
357.089776265
92.2567654906
967.381891093
31.1127486459
441.503572663
100.035493079
385.583828742
633.112789638
458.502311204
630.896570681
393.454612336
342.242827866
6.76582548482
862.422730022
711.069021324
751.961515006
992.049654788
511.064487049
861.836532029
103.692548608
111.618969082
933.850149812
314.311525449
335.936407465
295.698480055
928.072528701
275.91800407
185.181675564
480.809664565
59.8110142988
317.498056303
503.370628211
370.076259794
864.930972197
416.67285198
616.816953108
209.101507811
77.3989778307
50.8554744614
734.273300713
593.048851482
76.653909031
228.809637758
132.061890588
617.689063392
332.692751497
87.4360300189
714.027975492
712.541212312
223.936918702
565.156257409
1000.42389088
882.781446668
803.177596187
237.912008766
819.77835558
372.379079057
601.450298204
773.123716108
940.966978494
984.207104372
619.682345538
271.769324961
278.989104069
119.216141188
564.91917294
608.279648773
377.750145972
203.61483764
138.149765019
504.904456972
223.370774977
584.307302676
259.362069717
467.123232276
900.397610642
331.297375349
303.243743345
990.748070874
271.319659872
779.238234023
665.291535234
