862.101782748
461.78440102
419.801207582
976.919195473
970.208350888
631.765433975
587.741508633
435.379103256
884.000943851
833.469768618
48.9079360603
230.137382486
994.056335592
581.794160266
583.528358913
743.100330144
412.308761561
432.313391087
970.977214509
505.252671827
518.491494271
990.483247652
803.29118315
770.838149929
456.041104523
37.0807007675
171.15540333
348.956349373
790.508419413
578.979277821
309.679715026
845.825424449
515.932576387
27.060327987
728.687972732
804.555693319
952.251268521
469.223779155
572.517569523
537.642064319
412.832075635
427.095563054
992.962826396
252.737993553
265.545219741
973.548207247
310.604633475
609.066375203
742.698912596
684.389317767
339.668422319
678.400033464
801.576780785
302.412593201
677.10689939
535.222149717
769.207999941
45.5996789303
942.331060633
332.429588788
627.653271349
171.833303913
599.094669728
22.352349267
242.810984684
871.445923259
353.723326845
269.827043258
776.108715988
121.506132127
433.580794689
723.060588243
293.109829371
781.4702754
792.051411089
769.661227609
615.380283777
929.204979223
531.486092956
872.85711407
848.829515436
600.471595836
860.713197159
938.138123985
9.58183452957
739.219604706
895.207279522
509.854430064
127.849226832
20.5411517969
536.311912179
637.916243427
135.20492095
34.5133264576
808.615346785
134.38510216
721.884176376
743.241261953
288.320572781
147.491933142
703.601566205
841.172513452
774.955870003
795.407285301
450.795401767
669.37218747
826.534484593
559.896055363
281.045874526
834.359987997
569.03180824
658.895204111
168.944678537
155.437934749
677.071405476
135.470940781
572.158135775
709.98569219
515.802813187
517.753397892
687.454376211
799.009203343
872.547366684
21.4037489503
646.697656193
29.4092016776
110.810654342
686.948936558
823.274706799
865.62409982
98.0034350833
360.703949776
803.047957928
163.390618276
666.507034253
180.966932958
518.009884246
407.246726758
376.5733661
373.232000289
7.85721778218
562.223388511
521.306018884
765.721118581
36.307189389
330.386883671
573.93465823
495.600615648
563.504501122
21.6039756351
896.228312249
505.953041179
118.938657522
34.4738850098
128.933858069
236.569641388
278.884856673
251.105181972
177.134632722
717.786042797
306.957981976
101.28953786
443.763017217
772.547844747
378.552920312
757.255343399
13.6849679892
654.662766358
562.08410491
968.861556857
71.3322696449
902.807534005
865.465481944
610.420585066
695.793838442
698.237905991
172.406293942
343.523082172
980.934384313
749.048658132
534.474927876
606.987076293
21.2082783145
797.878834378
162.704538156
578.38776229
246.281122196
541.858637711
410.965339404
229.402504681
302.312589747
970.574878242
743.226541447
22.062426352
292.868016605
37.6227997533
447.828018057
761.689425035
707.905107708
951.837420075
527.337688136
180.363212033
118.883206305
541.634226459
75.5089598982
261.791798122
966.7568707
722.275031105
608.369476138
607.053761696
346.036786357
566.736858337
412.093896066
46.4383198828
567.426687445
406.985838599
145.910473902
470.517534435
277.406374659
386.309395957
329.942602394
446.085566815
947.604455618
421.978746676
371.267169949
11.0823240668
473.72625066
754.47000893
529.923099099
802.241262965
704.249219318
802.709896893
652.004663356
716.093678522
880.770669703
644.853653748
938.525701537
883.372527343
445.081618816
896.975084446
81.8116246278
955.446590183
0.2860732907
716.478939364
786.930819664
49.5006032798
141.374004399
149.25989839
933.001943974
913.402493141
794.996119854
659.081317842
393.223484342
203.030661876
311.362705919
629.537809088
135.770721631
394.072209324
178.807075556
651.987893621
205.048526262
984.818301519
535.097831391
479.601037624
810.733695858
838.471252262
567.544130696
270.505148223
402.525062567
845.244622629
827.416283191
831.100459382
698.549051148
243.574769101
610.436120425
711.215273668
31.5156678807
189.952464792
425.877961031
640.759501692
75.4282928652
438.523845171
439.564965618
508.487025281
3.89878602503
430.922914694
942.754980478
599.097640765
60.7258167199
398.984322568
105.815660338
821.169061951
717.899724835
927.469020676
714.448674059
508.969943478
77.3988775059
225.767436347
52.7490143605
546.905389112
891.112647075
608.013896757
862.593096822
540.862149244
466.172571802
767.510226721
885.650820537
800.969665828
346.905225618
161.33322967
513.43762116
656.720831171
298.332779428
695.704048286
148.053922849
225.547111427
38.4222091462
351.688997077
287.607827457
855.11802803
269.349701936
895.369746516
164.798766061
70.0714538571
941.853601336
445.664165676
496.762839376
300.951700947
190.558546836
821.108310483
825.847264608
878.84908966
211.448638075
39.1846607125
650.887321902
308.181006046
279.491759501
285.982617947
539.540416805
856.010154447
904.744133089
944.838098801
477.561517001
533.0977936
171.362037183
854.203915456
235.870797866
348.124444368
959.209285983
215.2579816
319.529752764
91.3799302306
461.224094549
74.7099613577
820.318158946
840.229052326
253.325004474
830.859323352
607.740122201
913.550619871
806.060830467
428.210412191
20.4696576837
528.269381383
207.623325788
120.115249766
333.907022018
701.181236776
358.544160512
661.383027279
963.809808718
757.68698316
87.5351614149
667.115482197
720.941821256
661.534829755
889.217465702
101.948987405
741.321512866
938.457540628
373.443491578
551.391977607
159.34690907
674.363912288
536.575677109
378.143346819
585.90001295
594.476818306
232.174688093
819.468856932
416.228580244
561.938975627
315.299708893
88.0852442836
542.787292626
840.681551025
111.251938907
766.736673926
652.899812921
26.3976408756
230.825598154
883.383115266
566.825832267
276.320153859
692.638824898
264.00385817
719.635756666
261.605338092
668.223519629
158.208843222
832.569426784
219.856447735
970.236281211
830.823554491
977.931927315
819.573608853
214.073828914
430.46704076
179.714882442
292.8551593
349.388277938
713.137039614
488.573614197
907.265384024
147.335922558
497.682938243
228.321596812
7.63529842257
566.029951717
386.361806711
750.43590695
99.5225136955
592.276033302
517.534126468
758.035766671
537.949056189
944.739495287
831.118967315
584.15415832
594.622849045
201.193908819
888.979544933
369.80465754
464.096502762
810.197529338
315.794391578
348.181625555
437.593740994
941.067467421
569.812559922
185.625120982
844.59308949
520.311366833
324.453130524
113.168178352
119.396137365
964.374828076
789.36634253
906.913620736
753.182419335
391.621613551
532.845818733
109.694748999
897.615137513
316.252899262
828.234802121
742.117825846
114.978088001
971.640640334
243.273707542
983.164386468
195.911683251
840.790650128
377.959101534
992.303356986
846.10679402
602.710654621
271.358899524
133.288153239
873.353851293
582.983299665
578.591930426
545.674560213
979.152594426
819.579248902
2.28794834721
870.290467125
378.37058
565.697985915
447.284690756
813.614543903
783.842598376
318.365265276
4.88092955375
467.49653724
750.063782047
843.960965872
2.1374603963
926.586808823
130.319275415
233.095121593
479.600314129
297.159187156
667.805953669
201.827339333
707.028844772
383.684413786
781.453577604
695.960209635
920.710882151
318.503254155
127.569852175
190.893328825
327.227954552
390.234670696
150.027703693
490.543840964
688.423008168
130.278254902
987.878030449
595.674608063
231.331945858
239.505579927
733.191779698
726.278613467
101.98629439
488.438015144
491.778358381
113.070338213
250.689505049
529.073808149
52.2355339339
971.912441693
99.9453661792
624.408015192
645.836034466
387.251721173
420.622846592
651.362187183
827.613699654
724.083410999
102.684594566
692.130876686
355.190869998
950.472748872
632.342480542
338.108532128
465.228166937
208.361043152
614.048325465
828.710061602
217.173178429
950.930797695
438.154742598
145.597767031
846.358076839
237.812998969
389.771476236
717.152398875
807.957555854
587.160968546
417.028897381
528.3055311
189.607197859
913.93277605
859.808704302
320.723614153
986.227339881
122.181409714
148.298505382
573.092302892
253.301353998
460.018246289
587.120109086
741.578374987
656.474246793
592.278555329
153.480840845
933.205381059
667.805092367
581.65306087
731.662234946
340.45580589
481.354698229
163.653107599
336.607897399
644.794994502
156.857576774
635.035513276
80.0601304995
809.423536802
272.133941344
951.27043041
49.6037598893
57.9781831055
942.738017875
670.172291228
344.45749489
273.059771769
267.429888267
863.288075591
654.388150353
637.331861478
623.490812762
155.408290311
22.5690895136
844.6308509
706.566293859
1.52169604987
490.987919782
481.740395401
254.790860292
141.955661567
549.841616045
66.7849386699
639.848185916
358.884172693
977.763058717
552.026657468
744.407511216
151.128868694
765.740204667
399.767598383
390.717256501
59.5780685381
518.631620186
432.305869946
24.4429044329
624.801857128
227.34468779
105.100290266
310.381898858
405.908431347
916.108826231
685.411894812
122.586248862
938.467024665
220.35663203
943.259921496
878.990844205
653.187369547
62.3034217737
632.374302067
639.307026257
842.91067293
660.801560097
724.922519658
302.608648629
247.647730407
121.383184944
51.4666829232
681.816126023
159.500297775
213.53408297
594.529131974
212.624759418
258.737936308
473.067745524
67.1466380113
899.834790902
398.095514011
671.265654237
450.215502744
272.252229216
111.087220969
629.368157917
44.845696751
392.777612443
361.600920544
446.839527946
426.42187068
857.502448178
420.035423999
756.550785209
903.769293523
894.625123851
570.878024502
482.576548318
401.612846397
551.389935789
864.682764062
798.80047718
919.012807814
660.073360833
335.370296242
979.124844858
398.832006228
175.500434089
317.043981027
427.785738653
43.3334339529
457.659744162
831.816089967
940.017044286
13.3788130741
151.571489443
205.52415246
87.9898853852
243.577164786
57.5255117756
735.758239802
975.099061731
472.223089939
996.350067218
381.317512527
531.911831175
272.589864116
40.3164169963
360.54192646
707.469925152
659.058853297
859.104455985
865.776057372
433.041660975
348.617572931
661.945983578
208.800955893
379.715945532
999.202087318
961.78971269
672.515959706
863.57934602
327.470478126
5.56356751663
877.862527059
866.939983152
139.749023733
342.599556869
160.606130551
807.694377421
956.770172408
944.120120034
363.699732793
512.778127588
606.073402591
727.182328378
977.635816809
859.164626874
153.890459436
247.847456196
271.718426459
364.972749268
350.586785352
221.961051714
907.420706452
996.823133036
416.52423315
447.566809365
820.579263395
381.976723752
849.445052557
267.039946674
481.685147732
759.328602344
961.785788179
511.627456972
615.290994827
275.111992722
799.701204567
378.298481645
895.153090469
630.444597356
567.1638564
774.943757215
196.530310069
116.333964058
399.022281295
975.618389982
173.156452025
835.006383891
204.723089767
606.105662537
503.42302354
500.317620544
935.658121262
465.361516412
1000.13495123
17.2170403698
186.854544154
82.3763466463
639.542850715
26.5511695445
728.289428627
961.416419582
565.020644838
243.115804807
506.654099983
130.277050805
70.8397522185
936.035878087
320.681795815
840.784610663
615.304082528
426.076555121
990.389772437
194.600810466
586.235780273
912.803924693
94.5286281211
975.326455979
243.846388446
107.298750017
732.835366841
716.005707253
14.7323362269
597.837696013
58.2096881069
821.926268376
957.129741502
96.2765032954
694.271045308
807.582478597
873.806111307
835.882615151
503.263386099
761.809745261
562.691850292
99.4457832309
129.906946102
627.470001969
431.197937098
10.6258158089
245.674402937
956.786621834
328.225397347
270.736694648
478.331391381
984.047112667
172.179980204
613.893750028
254.512951627
987.872967223
502.645170746
871.60500945
24.3623192547
860.372185893
607.343036849
564.675092663
950.958893502
988.899090665
135.172000435
512.057972165
433.563681763
524.749334091
991.062987658
87.5944108879
183.180043193
122.462815608
910.629099842
606.957685582
537.588853304
810.680545879
696.523783777
241.832655566
353.841593136
716.140069213
458.70964203
653.102743956
675.319339774
56.8760845605
11.9500598915
295.671334184
291.975391387
985.832795856
682.918642873
58.3685604374
634.746911097
149.235961548
318.622891605
648.766435916
171.359101455
874.23785516
962.810536425
450.504781192
383.919425622
600.884321381
35.1563416771
978.740939657
134.170985416
980.89702591
22.0085396933
252.295940895
118.802893723
930.272408202
60.7643921931
476.97621425
173.245158261
748.641781283
957.883031218
286.350706279
515.817693634
351.747171528
68.2101092065
473.420697447
504.303794544
162.313038496
738.727310814
971.27052778
199.638977236
478.523293431
389.629457891
528.811678178
605.268004194
475.123671399
413.946078499
452.294427896
414.523738407
410.280883305
367.427804929
298.520709489
847.18037564
665.211994408
107.006192777
590.795430958
282.67829437
285.391844533
391.140659238
219.121729008
788.148317103
131.931131283
899.622144421
836.910837093
224.612275561
790.048047912
144.840641158
145.080409486
604.947235867
111.73576771
647.417923527
38.5041276111
672.558210374
400.876542039
143.370635365
521.929110015
671.841464674
388.714352154
969.67658706
727.535452872
796.800895978
923.421646726
630.182367988
67.2875519172
237.257456961
817.848193875
16.7729583663
404.214758564
72.2873305806
922.954265135
209.500961781
875.971758152
748.23782919
80.6285694257
776.694265281
422.325413314
87.1668479303
982.460350788
217.051973811
493.541302639
183.393440083
796.891024994
30.8140547532
136.884612114
984.780571438
817.835134193
501.400879621
529.058517467
545.594513374
609.280309487
370.436063231
888.81627088
393.307587829
580.913990519
660.580783133
614.135469747
772.178444611
945.39720152
23.8274039986
773.473948432
963.946952402
38.5735379494
336.092423941
640.235021573
562.35884184
246.177443853
896.512030269
575.694191826
306.141203949
513.057805166
323.403340185
979.357344936
922.403649294
582.66377417
521.705022833
616.068432555
656.27787463
470.422302727
320.509053939
150.749098141
646.356195369
563.240938865
