732.308705803
950.46221965
620.389704584
531.216086799
450.952581899
480.536230777
729.76904844
759.291011054
855.751003417
987.067209438
694.274902186
714.900214486
54.1231445752
930.169934858
71.2980825687
337.750713606
90.8614984863
258.568163014
275.294199643
24.4388204004
164.509175201
827.462754364
541.549705784
495.349538079
839.615682128
325.460898769
712.074687813
823.169672802
570.056656391
221.570963969
378.430997393
868.350334434
359.13669585
9.79541102227
687.038795139
60.4541213625
207.935628805
476.707905994
624.583448393
615.119084767
430.568045269
727.228792839
452.629682538
933.665318791
320.747330823
272.104394433
901.89475514
500.865797283
799.038264587
938.508751938
658.675879822
597.759552987
295.141774384
397.004442749
817.709226318
251.82241555
696.385749419
243.066359584
683.177836178
796.79985986
738.253388497
78.3732181047
188.234920782
383.972581719
3.25977806781
693.696167648
351.108659696
531.119296235
878.716707979
398.780413904
161.617867708
943.750671175
664.876211503
323.825507701
431.937466295
824.048581014
643.684058869
504.20047899
290.892975803
550.141315143
262.595351368
674.867820104
745.234350587
749.479443646
43.6723653197
70.4657049332
895.368630687
201.745404153
622.2569932
120.01227038
198.825064631
760.489200077
553.152100912
22.9899912597
351.99174456
44.4994349258
313.3479168
23.6957265219
798.629687453
833.289315223
560.602053977
193.78763
631.745674315
412.831432097
437.241878507
766.545202058
302.706215559
22.3903194908
390.927765548
443.257476789
720.255830819
271.719673256
530.998084803
801.233777952
341.805982656
657.704448509
186.64060741
463.924924149
842.519930567
188.959746754
436.323737668
123.078022717
34.3252374325
141.598678197
448.057865287
653.926629482
120.664819481
92.6823676203
570.273772787
531.031684067
949.478056928
629.965083286
992.397670632
691.034490832
2.3661068753
904.270575976
564.786749379
494.931492892
681.91574391
843.269158098
466.586723629
480.480062938
940.639263207
801.531609506
305.662715546
638.935711028
239.846168108
46.3243548143
362.7404724
115.865763176
418.478397406
794.060431515
690.41017755
853.917072579
334.141169267
569.14419074
676.754722361
372.942313127
250.656881647
327.030310832
928.13324729
313.530067311
576.353655603
866.207882485
549.161856846
73.4092575367
669.274409493
326.423231374
967.346507172
900.569663964
185.089926575
606.850769472
401.524138842
105.7273983
592.702057305
107.738434001
361.09157264
892.61612121
995.883676321
656.727693956
317.08914015
221.589157361
255.652523442
991.205915111
981.689272708
562.216964004
499.718874505
613.505132506
581.907776047
278.615628769
58.1460293115
343.52588117
805.296028261
62.0851391936
458.300794707
874.78585627
963.44673885
444.048069434
493.181170791
68.6359544398
710.713332399
718.617579778
921.765849718
210.629856745
216.283681434
699.679754926
409.034701762
742.469100779
37.8446397451
342.159924356
230.643211442
42.541661366
539.638935795
507.12868684
891.755827965
637.165370634
661.775754528
565.470030337
771.630040529
116.802135453
199.583385824
989.557279201
657.198694726
909.296281757
614.568275381
567.65335075
543.997256698
793.253722487
116.635382181
681.624636238
277.340033623
738.612013392
228.935927996
329.237228349
46.2928726571
423.463181748
164.53759803
840.419724791
571.585342525
815.261580546
827.571345356
144.236317357
400.820251517
526.687446107
105.217002963
943.091515535
513.229237723
385.938512261
488.704481681
569.15414609
448.98037925
705.201584215
190.276938871
540.46768613
691.1420648
730.947172704
89.6874193937
753.422083778
24.6686214643
286.769497801
613.719368294
54.1932700482
224.726715847
86.9548677985
244.372238679
474.641616366
408.331752904
271.687597044
744.20052924
431.780336437
118.763473456
168.801018967
770.263948269
205.954306745
195.297658217
40.930950421
390.205816114
854.276438066
840.543921454
186.190217816
750.605352866
314.134846966
178.434205531
206.89553103
527.173955679
436.504491016
390.201590041
940.82490118
999.832351179
188.636243926
655.406998868
500.003283073
514.376836458
618.015617931
729.883908127
489.078567785
486.856659459
747.753810424
76.5183212091
3.38790363498
152.525106504
833.804267648
694.605073056
777.210595273
434.585661459
828.267085335
387.731904756
26.5861443876
206.60319404
747.442093355
621.107279786
665.817554033
819.187297917
221.828399396
74.0436245709
225.565305475
784.322050771
23.7292414052
597.935158376
947.965696015
759.8288018
103.265740802
69.9943567358
65.93668515
100.100840646
300.322423333
852.383755079
738.399149793
736.208365696
422.126885218
530.741522463
647.351748906
735.56318448
64.1888819517
825.052111158
124.576382242
893.047081319
690.287606153
289.539011874
86.8408607703
34.1156322463
306.956166977
632.560752346
618.478314551
455.3347465
366.917940814
291.224683968
978.08777998
457.608347454
513.602452863
266.990998894
477.009068254
30.1695829952
183.817952284
988.538880908
429.210822896
593.076444698
298.956179426
751.65393752
947.776403245
665.659494083
531.744516451
366.945427877
92.2509919507
422.807893871
165.741168802
51.2450538748
318.925262344
294.688309435
203.656507689
542.079948866
825.531892411
561.867197169
85.1858990407
794.320449377
356.324073816
456.78765649
711.048144462
533.886778946
934.762064027
579.409573509
633.253254067
625.7780627
452.40657635
449.49574517
609.328323368
843.127608638
858.579543095
884.621681563
482.830898582
197.68689133
110.305874861
116.763754189
859.702566102
913.395284179
660.035300276
337.455303093
427.277192665
385.006775687
532.711968063
62.160024878
848.897481537
257.078153696
741.902612227
367.635934193
147.850336766
778.61194898
48.5667655971
793.277312318
249.291869872
945.120470369
794.508507553
952.576308173
135.336537612
77.9338611465
450.854063504
806.010958206
933.749283529
110.534718383
970.5384828
366.550926624
91.7963331133
374.311057033
188.712660124
144.778965855
348.454810319
182.782090301
400.419716173
14.6910307145
164.900237598
273.105283518
27.1396740865
536.557190289
500.875885311
953.067079912
746.810190795
35.0776905493
149.576628615
52.0373774389
759.431223251
819.147399853
898.094884015
853.471764568
966.093850587
472.103784495
331.352121185
483.278905166
810.274113206
679.707949034
18.5871434778
287.218734456
373.936470036
115.041397491
745.063820726
243.147112858
766.152407
202.1451742
84.4379111694
150.896551995
553.521297403
929.268590184
612.818237108
592.538691137
309.945048881
500.62845433
439.498581104
533.499553719
795.386508518
805.796950716
116.469255952
612.75568579
457.218469289
313.198176365
185.079323412
62.3483829056
206.355922687
970.331041094
723.315534641
144.460902029
304.92226737
809.192613886
456.517087187
596.074214014
656.16586873
664.346803946
159.393109396
235.318309881
287.447755986
678.887821407
262.304417305
530.914852405
432.047821918
126.941657649
84.0699107707
226.107792331
864.76765096
541.766773881
738.885383256
676.448969296
25.0734094614
491.51326036
66.5693316031
13.2538585309
403.212426703
818.244066374
931.301843992
121.918890292
618.554852351
550.102980331
749.86871928
495.54426239
431.964459586
939.85970469
964.055728892
378.373373248
548.808051542
979.273480802
872.407493933
196.712891829
671.418300241
877.020458517
696.680986918
117.036830584
749.219354803
189.298587148
523.712835725
748.327297911
381.983773741
527.332768354
944.950910065
733.662528248
687.556166686
565.244478148
962.238939697
167.01766038
500.385068039
315.154968209
702.370612168
251.795909831
888.857935586
125.930110205
508.187120708
623.952076919
85.561419842
83.8039098568
49.9026364877
120.956239734
364.051081414
359.179369712
632.33361779
67.7295901258
565.275207564
237.859884462
224.66160654
415.930996709
865.838194432
283.916339002
268.481001442
605.482736424
675.319534504
502.447192733
240.499055019
644.825346877
246.850125384
969.49073845
216.096788752
755.022513987
119.434598942
934.013277345
55.6849760309
898.453398062
987.025559428
165.390945484
503.786834825
827.636455492
248.467307748
500.741484575
186.732181481
592.860209116
592.326067642
4.83765078096
702.311272244
812.745817976
549.930166872
185.226152659
343.319396312
970.162988228
743.872464958
741.874005035
467.847542775
437.570114333
499.895622994
784.146959788
281.748564597
569.056115438
295.118025202
570.873757742
876.717829541
203.033534399
587.84917529
525.006329893
200.273952311
978.889804523
409.672946541
912.616286743
375.326199313
162.210737076
800.338893969
345.24982561
336.679373036
639.683598382
226.652605385
530.026944893
599.982840028
671.544995215
501.161562787
87.2247194973
8.78260109582
75.8496596481
169.269180826
986.026265192
383.306420451
421.908238501
945.164294129
273.806774341
425.955420149
890.283909352
761.680143317
111.519666872
564.18405671
932.005057287
211.621991721
964.601958215
697.432935209
348.841758795
807.540158263
21.6960137546
58.7523505889
739.403239631
278.999530279
791.425735955
848.283790644
753.734102836
327.665130128
463.344627176
579.548253874
8.18519260164
76.3864683341
754.03924831
385.971169303
454.709692892
10.8783052142
975.124633728
965.768727481
500.270193699
495.939017277
817.062028372
757.138549231
815.138218033
9.17127822424
621.020437158
621.377742026
476.327402843
438.830424918
185.955207446
466.32473414
303.435451073
12.0226708327
245.322235521
576.293835096
412.20443304
520.108872574
28.0647706134
408.182735567
653.033427372
437.948677391
446.55789175
18.1743927662
92.2344190897
813.152247568
683.213636605
635.97404173
528.677602303
79.3239786838
657.999681675
808.246520146
891.561327828
387.8513506
80.5558111291
825.117141958
538.323649556
329.863912946
967.118613103
974.246437062
861.958315344
850.544203079
435.575131041
112.531982589
74.8425058412
253.401025094
157.863452447
144.726743476
502.185832915
986.025456662
633.38336382
855.238612608
301.811696282
787.23729258
34.5984756956
958.282507927
992.340788438
629.491386079
492.706887151
184.254457839
858.479448915
504.638692518
240.981974013
857.211823964
147.309980206
908.649549608
260.05337114
890.11405346
219.068703188
286.015022844
678.464805929
788.076573893
492.218939259
314.537217825
902.485186683
929.495299912
924.895002687
81.8789412308
323.630179505
1000.30614573
634.926044364
252.018358289
459.88618
970.023102321
94.0382075797
910.4635192
284.967980918
493.551345217
894.866272676
240.476584016
344.898533076
254.315371053
496.816934495
420.349250796
816.056135111
399.131600748
72.9266223969
444.02782183
27.3881432653
54.0427317864
179.201463251
46.3998776003
905.494727302
592.85804304
960.281393356
645.3767888
836.790468649
153.849798836
716.640000168
416.391862534
165.371114492
9.65665117602
976.608209567
518.342831635
311.754189141
932.210015954
506.377017496
344.838801108
968.041621338
118.156419067
866.914084242
995.821900555
649.959969308
101.836681459
862.774929326
459.219438039
142.45434775
203.996581342
406.667704055
948.053576576
323.594328123
654.986593015
336.810608825
132.77926412
396.244986893
454.999710658
76.0292321594
169.568902617
209.651887081
970.590276896
323.997267999
624.773280335
562.078644222
521.198126879
390.87099213
639.599560306
532.218785493
971.889473497
516.272826724
970.570251509
581.173282486
341.647926876
706.487510849
52.6542384324
728.822124103
988.295995205
469.417064417
727.683393089
623.588292671
546.741359714
735.938649793
505.02406978
416.303489128
147.752598781
13.2093593289
1.57640446259
743.798089021
592.665008256
217.527630083
791.154694801
582.34520088
688.630968006
958.657148286
823.389324881
653.163270399
882.199175212
628.645521575
118.938263779
470.571450483
997.784085765
264.251671065
536.281284109
446.578321866
360.630183329
580.013154258
816.159190779
564.220185726
968.3615523
2.03079194545
133.386125923
160.194104711
777.567800206
398.8537026
559.692819717
255.148532815
586.521438324
348.190538393
937.817435708
6.09979796332
838.483446302
277.937169391
608.351689476
41.9821757928
843.306674759
571.98537811
903.79657723
889.533577637
34.0708970978
418.082888147
667.034897081
793.718802536
759.890606993
498.546268855
647.507975431
860.251635048
10.8815546108
939.724079824
334.072013529
904.166024037
896.108904577
841.941677408
88.5780436148
821.616622941
904.104780971
356.919705898
949.530415649
323.51928545
871.728151719
14.7336830808
466.25825035
194.146879694
871.460193042
344.666597676
886.912231215
317.792006225
246.963391579
839.70051153
432.904919352
906.069125709
317.41672662
345.352511387
384.830604574
42.2229110991
900.493566252
750.775656583
184.366923536
53.4594178464
315.26349738
823.939027541
548.855929826
881.005936816
811.316554971
692.417672885
68.6174418448
942.207587602
496.555700887
529.312141623
434.426284848
820.052865777
543.52863155
410.555150399
11.0111924832
88.0413985707
367.524554379
395.613232162
951.793038557
721.727029645
58.5014059875
516.938585039
44.7790006904
730.760530863
22.749866371
923.158253372
151.957882193
993.499623085
729.455741283
797.392954697
494.505365414
165.316171292
250.736493357
272.60983346
635.067509032
526.960197094
457.247788431
868.425511108
596.787653721
51.6880182147
903.625612276
499.036000222
491.889141058
377.032709147
889.735194665
944.233443684
478.791018096
435.253403513
169.684497543
657.822498983
410.004661732
725.692902113
482.417743335
889.734081526
290.472328422
163.029587627
671.751292635
12.1488854918
669.696164518
294.295225197
878.428456316
819.587260699
593.743064819
884.192256819
548.777950205
218.628838353
712.345511207
753.755144384
646.598191868
159.148395838
271.112336749
970.194901555
228.848272842
269.43404256
615.906102093
577.379685303
354.096270805
130.933601654
625.570151853
536.006810957
621.608121214
908.186312015
637.063706126
619.814791096
480.610149354
429.004324268
669.676161949
722.71912188
23.5202999822
140.788466287
242.657829563
3.05713529415
70.271671787
569.752531134
823.766562228
490.735283593
597.228885256
954.300721565
313.924445398
