257.654884292
977.76990256
388.82282601
704.127199131
287.584455438
775.03572988
594.40518608
197.796570812
810.186520762
866.544729801
777.196931036
705.13024791
523.104156206
762.293034303
716.18336481
14.0843733263
476.948286225
37.3119489393
724.961769681
236.076038096
266.270935313
499.115340954
454.018246614
953.383689552
310.121796037
894.282824418
405.932671478
103.814348779
366.840677327
53.3216910208
874.543290634
697.835313011
630.291967742
712.49953623
536.922362907
226.291062195
359.776755753
907.732974688
935.78678753
189.008881063
36.9553038361
567.422153958
285.935396639
484.966321354
615.950767198
418.571373792
521.576785737
949.862211637
582.811824967
203.671518501
954.643636768
778.766875804
367.676620828
132.089647498
712.85183807
328.491260461
208.35674417
69.4814315057
546.280017036
109.08032767
501.570943917
366.521193168
543.195099642
951.90455618
818.225228436
796.387639206
864.137092899
618.052943369
666.804727034
247.51014496
578.861183919
146.475162843
410.470356091
859.323495519
135.476141998
212.937987497
766.090168896
907.79342365
743.42656921
796.907729363
275.355832467
68.1855575194
615.262568883
588.148630492
769.373150346
517.966972258
552.926561284
234.337308112
570.504012313
964.828904624
954.846729344
183.313824384
148.844704377
459.757549333
702.666776267
382.889790385
561.694138965
508.92700219
864.145005196
923.400203543
108.671735143
840.929489478
474.539518685
350.168929888
52.5994265748
293.280703878
294.894199563
924.056240449
482.097888469
377.699793875
60.4412311237
791.449965155
926.527928399
422.686068621
194.117192429
205.724024175
260.520014881
366.172518994
505.39893509
590.632072764
102.516055856
505.833757088
19.0079041577
609.762527791
312.986403964
649.914520097
410.242580107
239.469418771
317.881298605
87.1010958693
457.398632649
107.875335651
655.042413274
701.051503745
395.126371503
69.4241298555
650.951654472
12.6109647405
273.808571035
717.837286859
930.608832894
820.171533852
257.230121094
161.412092353
704.214006174
196.236666421
657.568228483
871.115151961
460.40569845
207.952239901
508.101395052
59.7048625161
807.925070519
42.2232530037
377.041792724
245.767938441
857.774177749
574.058128018
822.420221711
358.880080959
312.055306901
119.743408626
622.765478852
706.626601514
960.010793529
90.9798911338
593.355385456
965.881315109
661.047587402
871.837511073
726.972956126
193.101497774
271.731034322
865.81750607
616.022677796
23.7866169634
650.719625371
744.089826268
397.038382383
474.093656175
746.944028019
371.815899882
290.556205538
763.702612882
271.394501824
998.484957205
106.778950976
104.420612501
525.099392658
599.342823612
351.813940782
210.769715334
91.2633121241
922.588298378
179.290721939
166.576167279
769.668240495
499.329216245
992.259861522
797.654373016
446.015036875
320.600532875
518.907660068
421.752840984
930.091328688
933.021033792
21.8395707132
945.97222434
273.047659338
557.812145392
16.5420048603
126.133837638
581.954947669
1.34357368645
769.838157586
523.254671699
263.168479023
550.95920121
67.4774848194
748.079411072
284.735802288
971.951722157
131.450927949
583.905820742
102.311970553
393.962712853
73.265491364
316.575206163
684.657080658
957.260466554
315.028063065
819.474841312
100.546804983
730.551407449
340.093592108
982.716023034
301.774649657
251.772360051
308.973779248
294.29037351
530.000555551
818.34845833
916.231885916
255.735002594
544.577096798
86.5769006818
637.193385015
548.550921543
603.820117024
976.360716305
995.968889175
788.395469062
108.266916939
898.300919333
743.008462852
600.463582081
210.214882382
489.477573544
974.120317485
352.841419515
756.85774844
864.889656942
791.929180387
853.099946648
770.445391079
357.694757645
818.618622637
723.969245619
841.934701009
190.146616553
809.056569162
622.231810218
966.79775889
557.599803755
700.983541612
433.100213164
835.555861476
166.477101268
156.641672127
1.54175673473
838.007309571
172.915971305
30.4798137385
23.7849464957
531.91040036
55.5524060211
652.791970002
564.750244654
844.625800394
926.236812057
777.60067327
507.23931202
583.772612272
507.661754969
179.756589261
142.497968528
922.535736117
176.093949946
743.554072383
831.468053349
965.416451136
560.554343263
297.105427801
307.299695219
748.306542775
336.933616184
691.200064137
966.731154542
451.331330819
424.312023654
80.3777138791
47.5448744537
786.24182734
715.953393135
401.485815391
116.416971362
10.8918964764
674.834785296
568.634794918
764.425939859
306.190896114
30.6649052854
240.021394299
705.260131743
858.434174774
546.014205497
187.534733005
950.121628606
97.009912147
745.463015215
890.885927578
216.430565291
160.154331141
331.749250927
643.288473141
857.88930269
736.567926925
32.9759178579
705.389790806
455.760695042
22.3005955354
233.752287735
481.815535095
554.707603808
336.317330742
391.079434769
901.16091552
264.375429216
661.17397652
161.604183389
750.890269325
198.987274988
817.935780997
428.846122315
123.602498676
701.457402055
171.262118948
217.240136599
736.311063845
700.225583431
26.0990854945
468.422985259
76.036997367
859.767791658
69.6493249082
821.741572109
981.451668209
1.24688452046
704.493826118
645.818139131
576.286855308
162.705777406
588.250969687
57.968426977
576.598324434
32.0266302369
199.120755024
838.535196065
110.336665005
289.536570364
633.275197334
672.723046824
225.694697231
184.003276274
720.74357381
402.731701494
209.921798076
496.368168465
930.492546658
901.971683746
954.148252824
505.891340109
29.1405677864
74.3159243339
864.104811918
847.17145061
49.4259821007
256.029265699
783.397826608
856.277793085
434.227798877
597.090204477
741.972133858
855.77894248
316.978270316
396.235708465
684.4612877
962.453312853
322.873462404
470.160757874
171.773681284
439.283281784
943.496846659
612.00475509
511.832157767
488.857190756
248.570201371
834.343124914
838.484475355
483.04859712
971.048342854
397.082829853
950.76652455
916.016510023
288.415526521
415.285690377
262.797730429
45.7276786107
966.374752459
509.1343627
129.236704996
228.58347116
461.800722982
124.420135725
108.057259509
302.351817927
238.114332473
327.065200182
159.689044912
86.8995856167
288.924723305
575.471510215
212.955666808
514.30601826
736.144040978
413.825914349
830.158775083
819.259081812
562.456671065
742.807955465
711.888663755
285.005076479
809.121369113
834.979692566
137.481587368
883.786150121
981.842587439
266.358433578
861.378270524
732.959583187
73.5115736028
630.021213575
950.584188755
993.127316896
569.902804532
2.53771084201
689.035739335
297.117676308
78.4909483442
848.875385816
248.458887725
348.639202179
636.258271142
32.2084947314
688.786241978
914.745858864
330.382711119
925.707717995
418.867190669
218.028474684
944.16297235
564.911027695
978.477447883
579.024526053
849.446683814
646.069430427
71.545857248
991.836540027
103.970405956
311.624278982
454.826544358
693.017424653
588.333514547
108.312581181
446.50176808
995.713316036
373.137553785
725.519779352
854.504690562
70.065400719
143.721717678
586.468359894
82.876730153
559.146345626
615.428319279
291.53899762
246.772933179
65.603159498
247.597093761
771.113232851
861.165144035
434.801021729
422.888027859
397.760241895
233.822290231
8.89039615262
935.657313596
747.261113998
802.807054157
356.543645851
834.367784918
631.923892665
775.682632071
801.604028667
59.1069563198
172.921065329
760.590470779
347.259031931
802.828612058
743.021654938
656.748483326
581.007835234
245.991863603
852.145060669
949.023623935
927.149938247
313.177282778
943.413272579
77.1132022494
529.569278833
847.81098593
549.911870304
74.4748106416
359.523542197
845.974180416
203.617842976
923.178727846
429.4281302
265.744358815
832.862839149
837.931397425
571.061171827
459.066872434
640.524304278
662.337255101
510.541041059
966.996561371
948.598432332
171.508982194
50.1895326665
609.127241849
413.669146708
53.8976292663
399.648588279
514.712070704
309.872864217
178.000500446
934.875531097
954.794302853
661.364099677
384.145039273
838.421083936
451.633577351
788.831272685
8.40573627153
470.315375901
480.69782253
486.149727469
668.329130121
695.903806302
275.341745731
530.45182147
304.65145692
748.860875622
850.125870565
431.676480927
57.1080080348
922.265785289
949.853728416
719.973784609
130.429441013
942.890737288
826.208995931
192.046077319
614.687647891
225.409751665
431.914403819
444.264243387
761.769097609
478.750806833
309.843621041
723.831459735
10.6021877963
199.103186068
239.961998834
545.843628109
464.257192173
964.052980475
234.155302222
422.442784143
353.359644146
266.024801059
914.903513935
717.023761583
489.246903787
511.495591685
244.911051018
587.208708177
586.974062598
596.193431428
513.805701673
783.422324686
863.863796395
646.56130512
102.528697827
807.953468947
765.7386299
825.522793452
870.845491098
596.819645853
457.462186931
178.097413946
672.209102733
282.214151038
0.373196531134
328.324870742
847.407189093
230.617765026
113.62036485
780.549307507
65.2524710069
782.043039895
788.248136214
72.5058365061
597.397851477
622.981677128
783.882351142
475.554249103
99.7846886946
885.930557158
281.009578746
133.208081232
21.6335730678
305.170322158
539.144498758
891.878313372
468.304125556
286.745233733
499.192785791
121.870442098
293.851943757
750.897109592
91.3554620861
72.6873385912
802.835258873
386.287783834
862.471257428
917.452083805
927.702277571
199.183223685
457.346540983
118.796579208
472.868444345
901.266363081
369.385698479
322.290887865
687.903726347
136.649121656
985.539062333
977.502298533
902.332353534
389.647649922
346.86596695
561.036022572
45.1915085028
146.49845248
551.537667951
109.807305504
974.360612435
686.95225695
924.245018373
921.097637952
890.999684958
296.866183341
172.754883215
148.191062846
81.3332212432
512.331938918
855.203953643
238.223139993
966.754374028
62.8946878779
449.739132262
294.387111437
411.359972079
328.686206557
685.079487311
950.909474934
127.340237005
320.175875616
569.646713178
564.176358744
119.589073641
889.992886464
589.095259914
952.400750913
275.91051254
595.622798453
958.54999134
979.713608377
139.455448773
912.542247872
358.595695935
375.052595897
220.065923118
110.228263198
820.234485448
72.4524356289
305.009075483
471.68669283
179.442732182
387.229509567
712.707059803
278.134287555
416.812622574
956.016978931
139.945116389
597.427084152
194.806996904
522.354718629
388.418390902
276.021271844
527.978041735
41.6432677007
432.342152398
162.704496757
699.401894569
298.983769139
116.57687776
530.122633238
638.545612091
551.767611037
452.709097037
630.948837336
926.308359181
922.917161493
875.833014994
89.6787364699
71.1274742772
395.030939621
856.015511074
103.854933957
426.826666296
723.761334293
204.029271874
45.0447151306
582.458499412
481.938800171
852.902097323
804.622405743
642.901377665
575.258190984
514.810094006
203.94439932
725.284027157
749.308013061
57.699130725
351.06137828
362.787805918
213.128907249
766.395436704
224.561307467
741.954615784
919.712065711
205.65990486
11.7982083045
878.683356679
97.6142081747
428.818905924
682.899274719
753.303488981
252.457586835
821.725368528
635.97223253
242.601165309
260.167123641
834.245519281
591.786785136
856.805610576
915.613826145
598.90352255
255.122723423
992.498338283
137.863030244
611.267084838
304.542879565
18.3422161561
642.470589208
725.527620658
888.06254681
449.916031482
823.562677641
162.471928409
628.110974649
955.791102904
675.886322619
457.716938904
395.51098892
313.084297308
886.326161355
419.620809326
562.66282992
523.455346654
403.109678653
137.14370811
923.299476807
711.593718102
290.478692987
668.673259838
1.32962617437
652.973461876
511.293498913
528.031471028
491.231612254
883.105211765
855.400183538
728.394310306
198.033537761
927.666323212
815.894709539
344.649572089
45.2605403189
350.680839922
768.287542349
637.837079095
614.200497939
807.695016594
597.650468762
520.428492894
888.540815584
27.8343455279
75.0488515428
962.034259311
512.059603891
203.218742743
355.80469747
441.382526278
748.47619708
132.121484392
642.707775829
808.091613929
458.302610996
576.181745263
225.240246009
378.007025808
383.886759377
672.256305864
862.311869387
684.420456079
95.4201539331
962.024178739
482.442590684
385.90966427
660.871362182
17.1144726339
575.676066566
812.290101575
59.9981998405
663.343969395
231.3139659
307.706567481
821.180296234
397.750374817
585.775411698
46.6949508564
697.779756701
50.5155307255
197.820553186
732.160558725
617.388065574
551.255457934
810.75994164
573.097069277
264.059167223
89.3319818695
780.24145248
678.092085677
363.932001943
301.329100235
489.756621644
788.361521725
160.841899597
726.647929866
975.096820947
960.512241553
810.38725485
566.626430067
86.2574208952
260.166400679
933.579043834
800.887189563
156.573280467
891.518698549
591.294540161
534.642419088
344.635921333
497.187966773
635.678736502
170.217730794
839.8180945
963.917958537
399.51379567
806.84671747
814.727057855
138.954985971
668.477768008
698.400872319
249.159592118
439.395216172
255.47254911
744.312538925
571.625728098
672.788291661
874.803195878
799.248358494
684.355303176
236.650764582
334.115518737
250.072815461
858.7624899
493.050670954
711.400460654
47.1176814469
679.044097008
217.025107625
773.180590076
202.386541596
930.861659
707.081151582
734.1841491
556.558463049
487.49580382
450.505429956
531.835710445
579.992571416
851.294515565
484.086444079
886.712168346
965.043248909
497.788008476
788.868197494
484.572140459
55.5463846134
853.841149992
245.699144641
214.271694598
786.522764993
406.482353583
618.738534442
776.033670037
151.290912531
784.089813038
167.703231447
457.485664988
940.391121435
724.269179569
571.051556364
188.906531182
33.8987573125
284.057898473
158.198625366
264.957788518
673.772580778
690.759310091
844.072518281
781.533926825
4.03082169424
448.623389988
764.216362113
165.102881242
385.185546784
844.498154164
87.1279137343
730.374032663
922.769546518
928.09987817
971.247362594
569.611811841
581.942193401
490.418184262
