735.14021482
953.645304078
486.6151532
775.910077615
140.047021414
923.229371869
428.656150296
852.734884626
700.528006087
184.960376638
496.306598623
600.053619741
173.541709227
806.308872069
895.673272866
460.2004127
564.886830027
625.384627899
678.008576011
906.255034123
267.382954758
986.946134458
692.215352112
57.2190832172
251.037711608
425.611401465
988.633425614
861.364206163
144.307795272
275.611448997
300.642402412
424.822256367
910.795785628
147.15334494
327.651186691
769.273992385
337.232956503
632.898047285
221.715682402
679.197403855
868.532975725
784.760147937
731.925191347
465.637222664
0.330513728848
441.414683413
228.483222711
985.506151415
780.712510823
912.936943442
756.579465567
810.382531513
444.496707425
415.460284791
788.457426295
782.616350706
711.184994802
797.152922133
918.585244761
238.577929861
232.87639674
7.45518721705
835.088571034
76.8268985026
923.412831156
654.082812955
213.923854109
354.111032413
639.263086597
810.082547287
280.785482774
200.834837141
622.652505711
246.016314704
884.253157453
624.742462007
949.274029353
391.933370799
584.292016929
704.211483324
0.29333522825
177.993894355
67.3742214333
924.980114631
797.642145801
691.988784786
34.238203804
323.057055135
472.144589739
908.504495837
174.884694958
293.740519092
135.7782169
716.138981256
942.599633036
798.153592029
271.275257598
750.287832294
98.6649257182
33.9762305843
731.650329854
174.206600816
941.094353161
501.861285182
816.90615125
39.7031990498
922.48403624
12.1685420213
700.839936044
850.968099363
295.507350888
835.442685494
240.666291718
291.611687163
755.278575937
402.08273607
919.607408028
3.00031615837
539.884838968
126.249129202
786.761398715
587.063076808
691.2369573
150.777680621
650.5173443
518.462173862
716.770317081
397.730344914
602.716162476
554.623127182
704.006692196
68.8474971018
684.093964874
371.072781232
674.478873365
23.140193518
847.570021979
382.75764805
226.141652069
283.620355084
169.081982996
744.006285646
286.774366562
104.436625702
67.5173068436
797.008481428
934.287736459
596.843908755
509.040243655
266.30203598
630.172130127
183.182405979
573.651249257
820.528510223
293.405456934
784.815748774
158.496773192
521.20033932
879.647031596
127.06418176
239.528279588
935.075218987
155.972757294
580.574582143
54.6598172235
682.99605314
30.9692545567
322.15498153
144.868495986
181.63446316
820.639221848
444.446470356
178.947901506
933.133812236
560.950170451
763.684064679
170.075759931
362.749264826
997.212118221
415.667964769
754.036867699
239.196827448
336.30006741
120.691755654
396.761627364
396.300706787
819.907756105
24.8789950524
649.659781689
621.534362169
106.673419469
984.921458983
840.350983605
265.832752724
623.543479491
398.696360449
565.034251923
851.15042945
793.710863806
485.638332149
937.695181526
509.317113818
643.522722686
574.846027289
994.014167802
417.939148964
450.945795461
403.30334511
845.830327417
942.84829073
605.83632356
95.6587508756
21.875107265
240.57128441
880.464954602
794.541470947
430.635541967
42.5738629879
61.9147895698
495.131447753
897.94118363
247.89342623
439.060769312
492.943041492
429.37347005
802.651946403
888.370804025
878.030713773
894.797442119
328.311810785
490.371949322
475.376493302
336.547314597
467.912040078
795.871509905
872.262914035
758.883520341
608.726033383
927.46042753
20.4490238829
238.525100272
778.499806761
177.578120873
931.925525714
360.804949323
842.564211184
187.423681474
309.564343087
608.15392912
39.9979494401
977.971626478
638.339012581
340.803060763
593.075271024
363.338629648
737.097775631
7.28317554822
804.282603757
574.90216668
842.875682249
25.4294430118
280.248554214
650.424351646
131.322588736
843.598491788
730.588698215
579.945909559
272.943661683
76.9368502802
313.543903327
529.822785264
473.61581088
47.4388291911
292.02148009
983.072487536
90.6627220909
312.108360988
887.927556453
409.371953366
587.62712894
524.887690218
985.346644694
794.017981259
594.89854353
718.73051295
147.970665669
783.055675234
887.166256899
294.447916113
187.209630265
354.985749457
292.093848841
527.290174082
423.667779605
926.534008436
714.225910926
545.223850215
227.854683403
807.258589627
345.307718265
457.853876708
322.60154137
687.471671529
530.858441351
882.634805708
332.312044918
913.909298331
134.277225281
577.338609735
100.313771996
274.975269657
472.248533033
552.344089838
288.635732966
542.232137309
642.709964828
324.739935263
338.757724618
591.626144189
828.176409892
111.192910956
565.108960966
831.009900991
873.227237912
764.342564688
234.335101221
573.421470487
979.200409839
964.826549233
69.7863350246
98.5218102385
613.185061275
333.229798028
59.0641511987
44.6723181725
247.337654635
817.880006181
668.741427091
308.237244318
829.753327541
46.3150585729
842.351327221
209.70305052
405.022218053
559.931317768
103.477803033
703.014241344
408.048821095
482.602499414
853.389958655
75.1512162255
491.695269104
587.041285231
910.600378117
522.646918179
766.923304336
431.620944136
782.984740411
128.8287498
49.0560025997
535.1739059
844.412020755
497.974056492
915.146896571
48.8068568734
429.304435222
607.049257526
530.420849604
347.480153923
68.2254143131
126.278852927
675.728824623
74.4474228921
487.724617368
245.856712776
58.7884667274
626.945875863
462.014917868
272.930082904
873.011641392
155.86619171
518.387384912
172.970597007
750.172996976
286.083638702
639.588842114
898.418348754
63.7450159304
401.416444226
972.687681094
827.398161066
34.9413353396
337.83381885
425.392771535
368.797286691
44.8202587366
709.122308363
322.024504642
839.44060457
543.606780868
82.5883465271
896.691121589
863.28287583
458.871030931
702.308108927
915.327440588
838.618115249
880.964293894
488.868395054
81.7870361958
416.823476378
316.552431191
318.513765419
234.799775657
522.785210196
421.738372182
304.886447586
990.662674742
645.280179095
618.375285797
221.050418662
507.518016031
56.4301169158
225.798536254
857.818327333
342.444360986
793.589472697
499.038162631
778.511894447
535.102097112
890.022347703
838.079900557
813.320535243
110.404461953
668.505213284
967.669463662
111.65963336
447.456398012
264.284869096
734.353396101
910.98246354
863.517182771
830.655292674
689.128218399
487.153179294
327.806817801
964.491848112
616.520491722
808.944158413
559.147914071
886.700429739
750.467173032
199.882273694
720.697329894
140.603337279
313.915217642
409.984406636
88.5017896499
810.673204039
182.424804245
372.670907157
481.540095266
11.0950873931
160.341787003
296.6695715
819.796797001
875.999351409
243.806106086
533.324831182
928.535229839
149.357872425
521.731585633
312.53279002
231.270116184
666.427380231
672.142939372
36.544281186
695.643489774
371.877865466
46.037280653
950.498521397
187.854251792
494.219250644
836.935661457
879.978050481
140.620967408
662.483903266
376.142702849
517.285720452
688.106828483
194.883988808
484.561207356
552.640697807
398.614180365
397.556858098
348.443660796
771.010763546
390.282602321
721.337122962
142.838758402
984.518080047
972.796538705
565.900242846
304.187205328
460.215261177
22.1402866646
101.02186938
543.212861932
877.819742512
177.122325127
387.468929594
60.6031229521
638.648033452
901.019692316
419.238558682
907.358827702
419.039925619
340.484379353
658.001083218
288.917003768
418.596891147
910.341234053
629.010708262
662.685764224
355.578523387
608.573759887
544.756487019
736.758631877
674.907809269
929.513351279
615.126901054
561.20929976
606.438724612
372.928933418
749.882289704
682.104802106
389.700154317
527.429385789
914.477180603
360.365380223
592.977969227
948.360674791
440.791741624
897.280563178
176.336480284
941.026421603
338.250089788
936.245859851
363.212125071
649.137966876
297.587714818
92.6471818769
381.541455399
700.175220827
901.172677098
552.70670403
17.206883803
77.3621591874
62.9220427746
518.462541332
948.63827084
970.349179267
865.718510792
42.6543604464
258.266629702
61.9014271066
341.508979748
235.068110857
81.62368313
682.066952914
2.0193739176
548.092102058
241.656775207
955.281917617
170.51077595
332.632584655
283.450931691
375.002720037
246.335845202
720.070526519
100.704308056
67.5554550253
957.665373415
680.866885888
573.549204127
843.565723433
53.4527996486
646.08166135
486.96012544
22.47317821
278.105237179
506.737807473
540.384994434
851.153090644
195.571911952
116.879827228
376.543302059
249.339930923
811.018379656
161.053277037
893.761122534
478.180752432
550.30114206
84.1253328665
602.514835697
144.505783306
490.446195405
201.911379684
488.33019646
519.904889499
454.536012654
695.432311809
133.533554643
871.522541097
477.581416454
618.655878624
81.9259060029
138.338189199
645.012043559
379.890395592
637.793634817
395.652347657
483.189094957
723.773796543
953.276937087
380.5455339
916.101338431
8.97173299364
624.908874143
236.330581885
386.093573951
187.495321449
583.428542174
483.648521056
861.587730674
105.850579311
973.591259273
395.741437215
338.868346563
549.914351142
323.916387323
919.293925652
211.42815633
81.3069303457
847.753500276
961.896934099
912.189826431
870.65227118
848.716971852
913.009463414
149.304980409
84.0958934377
520.297719433
788.666925908
408.481779336
123.924684907
915.555673051
286.537683537
891.29348678
555.115062755
218.884030874
519.386972942
223.141996561
708.612730048
227.134169675
798.409600485
790.282531089
389.568952262
888.470075491
362.799185396
81.784914241
875.244380689
674.903648658
149.209551343
620.976579003
789.81063721
911.195367467
587.184785517
522.490086763
736.524777613
137.868027706
903.356656886
408.355778955
59.8135497977
796.991287198
104.996463493
995.770924396
323.691095902
391.625100697
645.675569305
88.7239231954
400.629372059
115.804813894
845.417022995
307.176320593
969.021253574
458.434226834
255.193547875
725.617297381
661.649476656
657.811680684
902.614181888
978.434039733
443.039767141
301.765555342
43.8868536048
754.688229818
42.6421752707
237.595470763
576.535790722
847.854139921
470.917593415
236.015066217
131.96997717
936.515123204
353.93524569
702.65003583
494.492067306
842.077115192
902.327621739
758.710625954
1.12129634128
470.660053974
134.300689781
55.6174885592
621.435946653
409.966074613
973.329271586
689.959697184
238.509514829
913.065148623
876.541706153
189.670445301
325.763844352
824.336644317
322.203925027
634.678986484
772.712410451
263.874956528
267.962242543
576.957681762
814.836988355
165.469155422
383.095347605
99.913808668
536.165214405
252.896935943
69.5790447443
267.885238521
289.234098911
356.922340626
477.572663333
969.622537101
454.043153532
876.734119441
332.170099483
341.193511557
114.518645808
862.780096057
472.477728407
712.980300374
708.736465766
977.002611978
486.067098778
886.094199205
396.416922958
770.252145521
783.838149984
784.956591742
156.830663436
231.293162059
994.568516294
177.197799343
321.485684805
955.957353257
722.635976029
169.978318041
889.275487509
774.951757762
682.809456375
253.507156946
274.853614212
740.99369047
113.025773857
553.863048901
174.29949991
704.220371139
993.380542643
212.181514996
255.914150596
566.943988411
449.071355156
515.544447919
100.796050891
748.518658403
863.940277864
944.852167559
624.624257355
732.761274365
585.769826361
602.137532997
109.559552926
580.335177902
299.550492205
653.704376796
611.792974305
774.009590376
11.3447458884
461.793855149
829.563426674
640.64776502
57.2090680494
867.132879842
936.620455105
692.210178047
861.371898359
779.559580549
558.873480018
438.093827871
39.3673304757
285.084318067
746.666994772
846.417529164
248.791205715
823.875111005
282.883859766
582.140044191
189.391737745
675.313418017
829.731583517
805.027208463
919.751231509
140.933192436
368.162871198
581.192172489
664.361356223
453.697845839
395.145263191
737.648938539
572.801414135
610.653942322
417.989305665
62.2100356034
673.427691315
226.803834477
718.081279414
150.837739976
139.85038181
556.489201268
98.7761306743
223.576141873
601.747101866
830.321360933
215.108079248
977.097786316
766.435816702
641.706126338
152.435041798
333.483003791
761.756597926
48.7061522218
643.686805892
704.436214345
48.4946172083
194.440245038
506.615125617
192.76978109
676.552788938
802.890292432
554.104952376
689.214834546
683.423437326
586.489874008
892.036298285
228.032182798
532.909231917
659.324525012
522.025030636
33.4405136443
23.4105260293
269.055518775
504.593292381
576.925989635
596.837303189
22.2515520069
715.078805092
735.754993794
302.14454238
824.55569257
2.68421984007
901.553832382
191.777753722
229.607134448
99.6552468461
614.885215086
643.662036379
843.886469022
492.32572592
379.00996546
930.420577719
580.966732025
347.323859211
265.50352079
545.06260352
842.537129176
740.976058554
552.728519751
92.2169396752
952.059565347
546.51200479
808.194515722
637.902016992
212.088235261
186.42013402
37.5438823576
688.679185629
11.5578498696
552.16226663
305.340110465
904.715317871
31.1509915294
885.041949944
743.652074165
837.914829416
315.772542877
192.906917062
214.204081323
887.563390093
900.55799642
801.696890817
82.3776422293
896.331799553
504.617747819
749.741839812
229.030928833
43.6048329733
872.986090678
746.170410011
226.293383855
256.682834623
46.2162190026
387.590931785
614.099415043
996.187643938
225.316615584
131.75634064
38.5945808536
742.353337701
695.767960727
581.265008603
978.481795755
195.915697552
865.30653798
663.635048678
324.389161826
282.525787346
45.7097425717
269.572660684
636.727557061
957.11655263
950.152070954
190.948007589
821.831557114
10.122707119
137.337833814
636.125673921
502.287144638
601.57000826
945.458504237
295.373315399
581.355065102
630.734387323
271.351320515
345.495948283
46.0406138766
363.482436628
896.208160427
665.860122442
451.395279709
374.211556222
447.562635899
770.986493046
817.140218149
829.478600673
942.656908112
140.788093814
31.2396116465
372.966615314
961.290340387
749.073785085
290.334990071
28.1212477603
58.9241596597
358.672928842
354.363746949
577.868328642
304.552303259
515.385932076
252.35366683
829.875220538
