675.504777361
190.261174765
255.868099326
907.32122275
640.784282016
2.91442228708
571.518178541
391.969186331
899.767474436
329.08138879
543.809525907
516.341519325
942.253111666
947.653822136
583.118108628
323.743423232
928.081528859
290.530819402
409.333566974
156.227343133
271.084303665
441.868565813
20.0302521631
627.858871612
516.854433347
884.735417786
206.865366316
319.39090824
536.77158299
794.239422002
581.168058713
320.144810619
419.562038819
504.600673907
152.317196972
17.7474719445
123.954770074
368.88401254
521.596405041
976.761132947
723.83891134
330.320911462
973.226298559
40.3166136549
691.804659442
916.123524244
506.686661246
1000.47525994
422.145697523
289.659043619
488.455165245
583.703596082
947.631586522
374.197011273
919.468679043
462.498105433
104.799735217
982.524830914
940.44848101
167.899245144
839.853360755
142.950208846
218.690970817
575.1918222
764.185799132
738.700843876
577.342737732
275.006956748
148.36648345
480.75941922
717.808075774
700.047070703
256.033347897
49.5467393093
735.68288336
307.76445389
215.452919448
31.9656726415
171.115627358
392.17583745
388.244433472
964.74238592
40.1823332969
283.62417239
23.6436984618
972.649063613
268.964116247
456.897775376
835.689526736
458.469182534
452.665791967
45.6823263829
52.8204946869
404.619954461
932.938499694
900.711925619
151.042344158
623.047773775
842.305711836
647.257364579
988.042129284
398.80195469
50.2090841176
550.843230419
113.155537279
438.45028465
120.695688669
297.007650333
925.758857199
131.678305545
152.20404391
769.384145258
72.2321186173
481.127901085
960.088860659
209.589154899
771.493061706
591.424534064
760.656252208
376.98581536
466.134367407
975.390287707
187.561055593
278.824923532
794.324502397
998.315143195
525.975426183
754.587336188
24.6187608405
402.602269448
778.062547918
45.9598742557
764.548636965
608.752237733
275.015940515
993.330075754
82.8341467368
477.290287059
192.448672818
826.871459462
767.05070626
816.931638386
263.242804493
899.764792351
518.448802778
766.397669324
600.327574036
652.353683348
865.815863027
643.582495773
836.671774447
734.841502256
5.16036035505
418.602292194
449.293864875
847.63697441
340.770846654
59.4203384491
258.357879725
831.29726377
52.0110911169
846.318245356
161.198341046
474.920856817
737.080311914
524.313206507
347.954994488
120.820888043
268.124322505
561.567280139
887.328267214
844.904098581
889.207695587
994.523422822
153.431612566
191.227404561
114.360094699
13.1253665998
318.909042648
136.381312771
187.06838144
227.737584672
256.363109153
85.7625386831
780.758867162
545.652090568
528.417477605
657.220966534
419.950690692
330.52898909
418.19202684
729.079266506
805.706286976
864.667250098
967.777475379
686.470241489
291.936846301
169.289247416
440.966920464
921.902269717
895.016282323
258.321082652
806.231388354
266.541166528
276.601042846
776.381340545
933.734684874
733.788727418
503.334535176
189.111500358
127.435774567
746.548815875
309.901848438
975.075838638
152.46109349
172.491369985
486.965236324
68.6978073671
686.088735543
277.812146006
888.523187286
128.51844086
578.897026291
797.465764387
120.911836886
537.260941782
314.903038662
482.386927646
38.0700144654
583.46682593
24.1574484565
492.657182329
180.394912187
694.444858296
542.555572663
906.458984295
937.686303754
865.86577031
856.667421275
418.751187909
0.121798489112
762.410047161
622.987236247
973.449546426
759.627458843
895.283712625
451.176113702
266.054052456
641.735327049
700.833234877
376.9253042
415.046390739
317.635542271
654.756417124
86.8142880351
508.195826017
156.109392166
242.187879466
718.223920099
843.961783198
17.7826234451
949.851331329
59.0923846496
531.038187762
186.824522343
177.074715922
210.798313257
772.583644623
105.460153499
543.838915268
829.854698678
952.748936248
427.590179328
222.69125945
15.501919327
42.1744449459
40.0319343972
869.058596344
985.068882475
103.599268363
172.200556353
105.347421172
15.3994207104
689.319027902
736.108806354
807.828867093
270.837199631
231.046046855
413.88019165
99.6577769826
190.854416852
621.04913887
952.111519983
488.112965501
235.305128242
204.677941167
981.140331084
179.527584719
815.650797927
358.850683838
401.122290821
768.263607571
908.399438674
589.763957897
758.913724339
559.668515375
434.600215211
384.841849493
688.322813629
866.963253863
918.499260498
826.722406059
317.01028385
151.562176439
617.043349738
727.215600519
147.009523744
880.161730452
880.134780909
976.492323477
973.056867963
718.786704793
104.5754843
619.902439634
273.019057211
428.088890199
217.411843557
614.567509628
493.829653524
202.78112494
463.318883667
752.183865972
846.120738463
703.891409596
88.4697483166
664.975332304
857.278772861
466.40582083
120.320802783
122.811358273
817.267637881
573.018467374
711.645775133
231.971368535
106.020177288
47.0556756078
506.215469654
666.553429083
787.046137639
679.967300968
497.127996554
66.2172445869
365.904782721
375.584780101
351.491642527
149.220474879
643.886630273
600.608888291
229.883721543
398.291430014
225.296661658
378.73496114
51.9658845162
440.113002678
610.888462437
592.302772381
421.556568442
921.91139517
413.207242217
502.622986335
23.6560007867
369.82267741
814.274339474
278.619902634
939.613761704
586.653819739
483.055467208
859.954441758
42.7024434503
451.434848422
534.324396768
85.4580690453
628.762494165
832.143738453
133.347380757
534.802568783
349.313156964
214.902851887
48.4219814024
231.240072043
978.185791535
283.044020028
796.105597776
573.647042388
385.036307342
457.062212957
431.680273361
21.420901247
762.746901656
518.582793238
640.740204749
695.670739917
784.101028844
36.9850096954
47.0862530683
532.615345906
78.1145373654
282.925260264
849.175480661
345.356934757
100.192231416
275.967174899
385.75579962
102.642807708
226.016449279
1.0860818046
174.536945796
796.120891807
257.129109856
593.035501352
401.039567899
448.66034795
987.896835931
517.203873567
676.812028663
131.359171022
596.649353503
934.616346596
705.611260823
434.032081795
306.453470308
931.515328937
741.782830328
229.501900047
883.47981838
650.387654229
49.2549829613
913.400361008
504.769552645
222.088457181
311.480505663
342.072484324
195.068364533
91.8826236973
380.15354566
193.856957143
275.944060721
270.511589326
10.4403433338
588.528895911
125.35434085
309.506718018
664.21573045
568.365077152
235.952226006
530.396561391
539.304124426
873.236238928
506.558103157
513.359875332
391.240716581
33.088077407
244.869737915
145.293764444
816.429512158
9.103118808
768.310595267
795.939989876
464.234262864
257.882901269
944.446889523
40.7618509268
874.845087643
751.434148485
778.678049646
752.627661997
70.0330218107
782.863082977
171.607500591
93.1551808621
594.65216537
888.438903748
438.108594831
376.267768682
924.248874469
332.350298513
27.2989118509
538.629031217
922.076076127
845.473982663
643.311079267
818.336488858
37.9497457143
139.634634053
780.170712707
498.92236749
433.685715553
382.25168847
376.19150929
560.64307848
456.408869694
911.873816872
888.162411855
298.982124336
238.702526583
5.25595082726
990.93720341
213.413483263
444.578687891
60.1371026486
28.9188484568
758.430386282
317.306597978
504.346915509
472.690115618
533.005711575
739.654669862
277.669703208
727.157743909
384.934455605
241.176737731
675.58643225
896.835610427
207.464995779
927.828264426
120.61125368
393.760475544
933.216155409
918.439293954
537.287360465
756.352197688
695.973520776
315.802756004
190.070418938
242.343312308
323.503483039
631.016028612
288.730220054
518.569133074
99.028767773
142.549433977
628.572667606
223.749132015
611.157927609
103.53301537
733.959590911
920.535803603
542.000275504
21.1147186102
219.023197836
637.153110067
418.605447443
403.151236399
138.568488726
399.800716825
543.837948698
768.784867027
905.452697657
955.885130418
104.105437104
651.652157483
197.070531178
932.629738839
753.290981846
687.314966528
398.435906423
113.26729814
373.393748542
763.438389753
19.0533275523
519.822833434
785.96309936
383.0397454
620.745870944
505.038862687
478.007517606
820.690477756
291.622557592
238.813792697
550.14447006
335.472688999
117.525049335
403.898626598
889.035566915
723.265983541
357.728050342
148.173858313
869.908372554
154.586649225
126.560207988
14.6823674168
602.494193279
480.722003923
135.586749115
469.602165728
748.011805719
780.016469319
897.405558558
646.89097374
841.84251471
44.6856283256
969.042102162
318.571939767
288.750763557
850.663859674
826.733235787
493.504617255
988.570618654
238.875363119
312.969406453
320.527991109
766.661188508
614.152160589
697.196147498
250.712715572
251.488247293
371.266709802
412.984654329
625.395620488
129.440317456
446.738240703
819.664178735
461.256574708
117.692660566
125.258549219
282.580708189
376.916869036
995.573958054
987.132676835
248.463389962
137.693698441
774.790214614
829.056449332
694.798865719
299.491519606
124.12660305
728.428665129
614.857478866
508.773970446
726.035162891
270.084339723
721.420567477
857.540713704
30.5945278868
928.291274522
198.123333311
497.272740018
131.891356809
721.831572259
82.1651741853
507.945049395
783.826766818
580.583145126
537.451695828
193.914451623
50.6906423994
481.174861405
651.905408844
739.499692169
558.467571978
893.164883162
591.398911014
612.189862719
10.6558531776
545.861663636
51.6424897731
238.673391159
367.855087485
291.145424799
448.438127435
39.5428206029
427.123558796
691.534225682
646.30325217
390.0437979
610.114550353
353.702638367
194.287390154
142.474822676
43.8397276063
412.961524619
469.04045668
362.325724358
357.418062297
252.942793694
364.196478936
872.354167729
609.849813816
24.9163581478
640.392557618
312.243948045
17.0818110884
422.599595688
977.427108305
537.601608893
868.157443665
711.075591745
117.995595467
235.202493368
658.986972214
234.94650867
248.982621533
215.572495034
120.411974763
152.398164808
258.499790354
333.175085778
477.40532476
684.613015669
985.731246635
978.784218695
165.146186175
332.579891134
742.325028293
791.026614477
546.311310962
559.641229072
501.940058429
21.8359944727
359.85163163
858.386700089
465.805404145
658.900460426
978.886438923
96.842981878
780.985247444
740.137251246
906.949290793
214.883315496
833.026818163
460.451669179
232.033111602
133.615126068
933.417922088
548.132213467
472.296737
232.430884156
346.105705915
764.965207609
950.234055897
196.971708004
207.572721348
647.117574313
855.122724555
937.633602671
282.026601719
128.988595205
768.183737805
196.175114444
358.395858227
239.455263711
440.636954364
893.833268834
758.029514887
635.35273156
409.318542341
754.647051172
721.398296001
555.538999728
754.899689174
673.829825621
535.233999048
564.446812973
958.975515955
433.365188539
535.313718596
259.971213024
348.719179778
978.481068427
473.947836238
943.465815809
418.705297483
723.447815624
316.974722217
455.823102552
235.091687553
607.902964659
24.6646089825
738.22122618
655.736686822
30.6228590251
306.974268016
672.380283895
12.1641713331
728.416383166
455.113400625
413.576333673
55.2915751508
717.158055598
203.286156535
586.542954462
518.478016987
651.077586506
890.318678815
537.065197833
956.580861825
232.482726901
79.8291731833
74.5370409887
627.048230146
661.947911283
288.310440365
733.798853245
548.515635181
297.189476588
632.676054837
770.996630757
866.917434023
656.292761305
448.282357883
202.407399984
438.707093236
250.033870898
376.628992017
354.930401878
162.646306452
326.954892483
178.06011216
305.187991383
390.627733952
895.872778314
650.421620215
433.807085626
352.875107875
941.050377552
862.412439716
468.28576326
492.82951252
742.508067843
515.170115184
267.124921725
131.749602968
525.812846994
95.9522164884
760.408858194
371.42010854
119.811680395
629.147889635
754.315563374
723.599587007
25.057503965
934.473910617
350.515721626
973.768739565
886.959828838
612.791634994
226.876634748
519.56608616
192.931050941
898.319805507
556.92363437
977.425828188
212.538388208
944.026421092
453.438616733
840.075507521
55.5997695838
905.53795171
608.238831047
153.95651377
881.124456121
812.100344709
160.496479267
251.598468086
641.018014578
546.668830794
744.227545319
309.578631933
678.513441656
991.023284107
264.24017496
740.287312719
731.709031472
701.405240779
621.199758271
854.332645137
77.0406101835
757.819597014
357.642600731
256.741875734
741.966964024
498.473911581
302.434794715
323.825199291
396.574822631
393.672547792
214.277347535
868.708413936
215.293269227
396.244840373
801.104982981
961.072365882
599.211982352
343.445058828
191.911616404
369.227813124
102.730842076
905.33793899
952.294164365
725.532478163
686.483134965
177.604996513
507.727345093
364.310476192
218.43583384
351.851218114
95.9965348106
179.481615659
865.330023307
965.144167782
598.075482265
762.974584062
366.764923549
348.607688172
484.738668258
296.627132632
580.15853289
705.210454136
440.49387313
108.028182464
312.555592349
383.897894541
580.921554317
948.91194655
982.058943879
157.796571663
760.787138736
994.98118829
743.450078027
114.502499681
770.934300884
977.528751343
340.606346801
79.6712783934
773.327607749
256.667572504
681.855438041
576.768317729
828.374046695
389.389900244
546.960059458
29.5613313975
242.000236563
354.283161384
221.697855214
122.344206793
633.915814061
823.870125083
129.334378993
947.411340597
29.4458984754
542.502579038
513.866177334
359.677067397
788.531621364
452.447043911
103.169577475
325.231696537
666.921479505
50.821991592
717.501813259
129.002744074
620.737743488
151.036674619
861.845557366
870.202124836
348.114495881
731.441817466
141.697646124
578.209201059
89.3809693489
963.304535474
140.327163243
772.764633251
966.269624658
15.7714655248
414.376670569
407.622936012
132.65606029
202.376437451
8.67866975634
956.64905074
774.774908478
956.707261279
683.928428396
586.526360314
534.915922584
195.152969589
248.984748177
434.317184935
909.270121978
38.8013368052
211.897900268
118.83728128
172.620779751
45.3093737881
902.928407789
531.930099143
174.817973184
47.6630313342
