146.095113297
738.471103849
724.636116665
456.983067373
890.948147895
464.781481331
709.347016146
606.570949051
817.272641254
744.222660504
315.981484048
851.46929781
644.012912166
160.640858793
401.254892132
841.770873013
591.329020354
338.33124624
543.576697538
944.3873458
284.990544506
447.322624312
934.089610256
755.454984751
531.75515115
492.516452447
240.245478043
596.985168761
946.058687073
356.307424689
288.352472075
98.2617498467
828.212027413
181.346432488
845.118154703
544.115420197
706.059478421
975.351733997
11.5411969996
880.321202651
795.52159019
677.510877726
103.495787937
889.132391648
94.1072677602
218.62206065
569.48783594
302.100526066
137.278476673
159.365730314
553.772631476
544.738168793
391.94902096
569.493497235
666.245945943
576.767204746
109.086724596
40.7001855364
491.715426123
178.386051165
339.002306377
236.46874454
610.464641359
189.328269183
743.675264529
742.257466426
600.600625767
313.271662814
935.861424233
518.12336853
144.453859881
443.907861382
685.054174538
684.452416107
79.6058791398
304.844690527
418.516754202
563.61956944
937.867695676
20.4154593479
284.53293412
53.3230865711
7.67577862504
580.842420412
96.9464362407
399.796557405
956.773367286
84.2812404526
67.8073100199
491.143687933
573.314469741
833.497054762
972.492195936
375.473495719
453.726887382
663.795298611
37.671322433
172.116551953
795.428818758
718.196621092
173.334660667
364.067410157
299.07529411
334.724982188
903.86966264
527.145928546
839.660220709
858.266480538
513.060641565
964.036855597
494.01639415
809.465329568
925.295712255
112.508879571
179.635572517
366.017005153
207.05293908
271.841788436
289.948423018
893.41726654
181.573977352
635.415992133
142.995144581
43.1289611315
529.308213858
883.690674753
956.331617531
692.241616072
373.163308858
279.906511732
600.584179098
539.449736446
496.47985608
195.53125132
673.954976736
824.656256453
798.56250475
838.556831415
590.428162308
565.433546228
168.831580987
895.656049843
470.194654363
707.867545235
850.285311077
506.546779537
596.044482929
735.388201576
97.8325871193
99.5600542023
119.514136106
599.27513515
161.292809063
536.699246682
683.45422236
235.376494536
704.786095987
344.859099288
294.357352716
259.125506658
602.010264103
906.665288887
620.143685746
90.5074663849
44.3212773725
881.438446336
142.886593654
357.574365645
920.080718092
262.366002904
21.0902291197
331.865800337
488.729000084
933.831018351
88.0971979894
620.554223173
252.183731837
133.23629366
4.70864898155
595.955342873
695.085058808
783.10132007
256.927137517
63.8622129073
233.745813756
980.252407861
142.938554869
360.252648207
47.0042238208
283.336344637
407.379807257
322.51085685
777.581816889
536.056946363
892.085499466
531.050604586
106.568227381
478.091057056
997.25388528
788.372578722
576.881752091
758.520490253
730.019367797
516.131032531
13.2663644363
168.673662093
853.493387762
863.971940398
574.571444692
439.863693831
810.657625254
879.133693747
111.964026338
793.043186572
7.89257770183
81.508505122
549.470383896
791.940409159
909.229527541
966.99097982
163.830700806
751.072202688
750.662566934
221.479034947
550.707493392
193.10967985
92.1399914776
719.287748867
770.252887361
7.34853942508
448.716112415
474.240800615
94.8851784591
689.373395262
489.328529701
655.45317475
593.223204993
939.290187907
916.465502354
142.540417456
238.964194246
949.838452511
86.7074999047
754.042532693
439.708654592
526.572478771
671.732262572
930.02518885
959.904842502
846.967378029
784.504652874
996.877494176
325.851595963
483.264809639
753.71869477
686.785590829
277.274352179
223.323509916
67.0760781408
6.53214729309
389.913336451
933.569373333
745.488206639
806.489683979
488.865042012
95.9960490892
443.565471143
719.60957466
422.8519246
541.133615963
401.580176592
248.136623366
59.4582679074
92.4911623767
121.220234723
233.441046584
217.335941733
254.348126236
600.045643306
602.952873978
92.1908890619
474.278029897
95.2236525276
457.988653299
136.788270516
76.7685517749
328.115567038
297.387650034
295.124841115
152.575709578
317.359540433
854.525955379
268.533981647
267.377765997
375.873833352
664.077510437
110.617038468
185.110674161
830.339033615
65.380705375
415.414328222
413.706377041
720.137655711
608.406601087
510.227279874
131.21488555
690.496768407
438.633643653
323.910643363
956.773200086
345.037376601
912.030244157
436.969402277
866.366721585
793.769999851
451.461041584
289.228566048
22.10582915
216.090625783
628.039987951
121.351595957
47.9581945389
241.014242011
412.018899835
885.655933456
125.76835537
269.741956739
933.421908677
202.912296678
796.762949248
396.239782394
170.150183394
51.9581264618
245.621277606
932.817690305
360.276880566
197.249659375
83.7837421993
692.417081652
223.650404506
248.568369236
548.768845333
798.430134778
491.865066491
668.493429588
148.063261873
437.04183841
796.008657412
472.041053874
15.8087878532
753.247921868
821.667655919
960.612594385
88.0095501784
432.506226971
791.13076144
11.63164833
491.241650518
390.991902056
145.796204456
979.611026685
281.278871629
849.686519171
693.491749484
990.460010234
820.889226447
787.813581407
465.712740962
873.410269287
790.483576478
341.275079083
596.276619234
493.824026399
829.377102569
552.487697849
358.867595413
996.095834902
972.708752853
90.5075485637
924.913646584
429.390804637
876.207686751
414.218364547
330.196166346
416.094718833
621.496371844
424.465412427
471.344323564
631.111041553
117.935382727
742.278426876
120.160782353
855.257312559
634.536141049
421.499846947
175.48015547
929.040655534
106.49647905
297.308641706
28.5348594071
382.281118122
308.049147888
48.9026462273
521.381119805
386.884185924
37.8721264754
316.92535584
166.018416539
810.794699667
383.452330333
451.184866311
194.476276304
31.0004265948
736.023172242
418.773780901
521.881124007
679.396163421
529.459202744
929.321269772
551.324437443
550.416508782
572.333807574
946.479054315
996.036615267
882.883409457
442.32226987
637.88880555
68.8043892083
750.14326468
161.504554881
335.13226366
211.459039284
475.66390781
855.081119321
373.21514499
202.458048603
922.77749948
970.129970771
12.4533198666
700.445153353
361.525400163
923.662396008
474.792565892
937.237743387
929.653039432
867.458528639
550.130193801
281.465372497
121.963162091
410.713974445
685.499238813
60.0164948389
105.381128252
116.237392505
349.856503568
180.072716921
441.467501743
230.141898961
118.700768712
56.8161954874
235.121927538
385.995668146
723.710835289
484.261739697
530.527559667
316.482867108
720.544470754
661.916856802
39.4366579575
507.652088196
228.044470458
759.11327459
558.208104466
231.0927965
733.320521611
860.989179766
421.502875305
90.7993065743
138.195703991
218.063951243
893.485908632
145.56785718
95.0464008043
662.953325176
387.074353435
5.1339299061
986.973040885
156.622223464
46.1887785328
792.084961202
366.0601617
778.886154215
123.149145424
727.086012289
137.432742578
366.25652901
54.7246041085
101.449372735
206.753958519
656.726521458
838.998004065
12.5707119377
895.7966956
768.225687203
600.065875432
902.288965469
225.553188055
71.0806096219
129.90265013
97.4546376321
877.076108522
505.068628523
858.197529598
824.192912358
826.691363187
122.272319505
693.361023818
473.245402932
17.7207947785
176.9702433
727.192535066
871.173433747
81.4166452535
886.951453093
837.606778526
8.84698522329
167.143735488
765.242336167
208.212823354
932.801298206
236.708531629
412.731955807
875.619547987
294.237973433
750.370931995
909.223864424
982.214309382
486.57264467
991.881199809
222.143481169
110.258508011
388.726033868
934.867018649
87.5473975184
349.943760438
131.749295763
66.3783506262
159.014530854
359.169097182
158.79596995
1.52978833017
480.261162687
748.339961622
479.361052166
648.394287981
14.6644237781
161.722999212
188.897653951
478.267959005
365.94967563
163.202221668
211.851230021
63.5217098852
575.119323604
358.604415284
704.405991118
935.084644121
749.2279782
937.372558243
100.149127623
651.748068898
464.391986796
765.312325948
603.441713715
405.534398447
475.686157902
57.5775770032
569.265888406
432.056501327
741.592959525
226.355073663
48.8681382825
475.33332761
315.273199841
980.831082699
939.336721407
149.246723223
300.690023705
483.6264296
64.3165978667
598.476780853
460.460517847
683.381153893
90.3259621262
875.815812584
164.852860144
433.089977478
189.639541454
713.235668634
123.047903559
950.559450158
650.653393111
892.626359901
981.123052062
237.968404009
678.409696364
154.209790477
362.312806054
179.488846565
226.488668779
439.109796946
694.689354934
752.299073177
995.906502552
935.18714328
11.9913987744
503.106165973
768.539947974
913.641092545
909.318872661
828.85131684
140.146167069
250.366239752
991.373199532
120.831806298
524.457996903
733.344576185
48.0221704261
996.364771021
201.57086046
919.381890463
435.127480429
823.275223843
230.520920921
566.617238312
160.831419086
468.768272497
214.398156789
630.276875638
456.590451955
287.664132511
419.350585904
883.76301174
532.803255961
407.822308691
530.454635963
615.647479349
985.494922041
490.705699457
831.687602384
804.93742954
871.976171725
942.288337344
379.310880649
46.0340709861
715.124105539
417.278273618
449.542175171
450.469544006
198.538886014
694.769969684
242.750328973
671.595997515
875.328345732
299.290848856
523.000354507
111.646872912
62.421784303
166.805805062
999.678599271
81.8151906784
385.680627074
770.071898369
16.2942604147
254.896751546
561.600728744
491.400426559
990.066121603
616.611787668
715.302772741
447.315129696
177.043918555
575.400200102
296.614168349
528.243015451
245.239653154
581.256021376
12.9511954137
486.24422167
884.754671373
940.428893418
533.300951892
761.277899137
868.954570594
54.5552345861
940.364199966
838.854764734
615.214550454
633.567948391
655.142857964
300.545114097
44.3820568649
230.472898279
573.163046786
21.2718642194
192.537122688
307.253585256
997.363942904
949.689988547
179.752093363
500.154842613
346.764895217
895.642965248
752.021221707
217.009580796
787.988995315
501.259663449
916.679121727
953.2651388
633.170564424
431.745854505
242.880717138
494.911661212
104.258379247
954.259861195
696.634459972
439.689493682
50.3317933646
46.9548837138
714.522759745
633.211951306
664.222427619
773.607904295
865.546522986
523.225426135
950.393999017
160.934157615
293.952103992
338.81167263
581.502295344
414.431600518
329.110462904
572.439005556
538.12782929
650.301337409
399.60425034
891.371739495
904.929084422
840.830142311
8.52043948258
971.004889266
22.3790540645
356.673411043
680.72520646
920.872986344
708.929894135
572.01460255
538.923573276
705.585861544
543.597053905
762.715472358
745.545492256
265.813366003
235.325427163
730.910841256
225.794980667
679.369259857
771.792309727
180.607542906
918.328555752
144.660870642
162.120251545
335.660652934
95.0348493705
578.700361361
820.490064005
542.949091825
805.576395322
288.406890827
794.540781819
553.232479284
47.9396193513
942.584399903
882.459061369
704.682370645
622.567197355
584.135400151
314.347879378
127.325566805
787.317387321
991.334100688
235.760344937
320.651874095
772.081302445
149.134778247
178.491206532
584.417800713
296.665504825
184.242940014
49.1087914594
579.625626868
957.952218474
298.762283889
558.830448651
239.249537752
308.669334804
457.927502044
975.487347255
313.145016568
869.141343301
636.60342023
174.344278137
31.509858287
701.173818205
138.083943956
927.783903779
175.704273899
1000.40227548
800.581105994
953.991716705
229.51339188
224.018557264
427.425191736
170.817911261
613.505621125
349.64191605
617.266135041
525.832335521
460.293147188
521.166353359
861.339507355
120.194674917
262.319241514
92.2114980072
310.705272476
418.595206441
281.499651046
262.13204979
617.314721506
647.320396556
623.936602728
246.174314365
880.853770407
847.200185067
962.95866924
301.5627061
540.057574902
892.810270282
54.1514467386
210.767575955
156.801082461
876.259460995
912.975691866
596.658128124
698.104858774
135.976151854
486.410991124
370.772449606
95.3011414287
974.509594079
378.231176498
630.885514404
977.84155165
780.021410579
170.073303599
95.3303406693
459.474492395
21.9713001458
622.678190882
625.923247299
753.70133871
305.772357254
951.858909737
748.793135847
575.392561169
313.971926299
131.59882506
337.003056382
718.013337402
995.201491902
959.707968612
366.588635728
328.656123708
33.9522277155
419.2200241
475.970941673
316.42381183
343.028419543
104.896051752
838.85767575
667.235042035
318.307082938
142.875424901
52.5718709446
584.859212607
505.773972851
782.617452417
834.948763933
115.422488212
539.498507669
416.406066766
424.862087088
272.241482034
554.428768156
161.302939983
824.705885216
68.8063775861
229.348333823
160.502402716
599.997659726
823.303368468
46.5400636587
934.172265899
834.968740214
33.2204995043
707.805066784
127.132970199
332.812362679
790.703639784
479.634938119
838.646566832
466.496000485
703.268125996
821.474398832
871.565669221
700.784173784
660.681128984
235.838396762
410.766207693
517.88229915
112.230132389
454.882130092
97.0754568097
930.573096772
719.570200611
348.017663561
309.772141852
491.821563935
705.294983471
206.90884801
615.933475328
41.9240851512
87.531235177
681.074674796
586.329054364
149.974622818
316.629352502
595.165275474
978.270918111
878.548988555
144.232720354
711.09647018
217.15470648
970.639486863
890.376334822
603.164153836
403.876227592
102.451696953
37.9252945258
294.585249101
9.46606134589
531.115899136
530.561868204
49.7286364206
44.1837617865
210.207023089
0.065247776175
481.017218755
732.258426817
464.121382458
405.276285604
692.085122953
592.250360375
678.498316004
507.842497977
803.207972047
835.84061469
473.8091723
990.471379271
395.971557227
240.545546623
505.938189221
801.331067142
310.953353737
974.45134731
124.310854472
932.329481381
759.442651829
499.162227697
617.540910995
132.947588937
827.840045726
797.045859307
692.120051384
500.323384623
48.8821383943
654.593591346
392.836705116
579.324884909
828.024952658
