155.359789124
129.947102386
67.6799483053
635.209622313
561.027420197
773.17296433
983.745063859
171.463247162
958.297180046
654.785776175
343.18853116
538.207387924
548.862054696
410.214936319
855.852191599
700.797027742
242.475388134
795.337043648
37.8189864484
91.4150199234
58.4880651893
528.02902391
530.905420376
807.393080105
584.10453832
858.247342296
659.238712216
873.731189031
331.192220777
721.805443914
879.97604711
66.8094052811
312.681118781
675.351586896
113.673351599
322.939569119
27.2683781209
450.185736733
617.825806046
72.1699642627
48.5684741077
714.893915224
131.538625872
436.397671573
720.367810257
460.31283173
670.439489157
705.318007275
108.754195616
919.096360508
755.606191849
579.132041638
761.792410439
534.451664067
79.296778254
830.165470503
129.945552635
565.203872491
543.301411804
500.970014401
718.830417442
148.246818895
384.280497985
535.748579583
794.540129001
16.3956450152
38.2278784837
457.629395168
387.644096285
606.497901854
600.600440609
167.894877026
914.359854264
861.14378047
168.185880111
637.465163283
376.493314744
687.633493768
681.274548521
385.595358075
850.714703649
649.455588814
917.020143093
572.094437873
880.272665493
457.285820342
841.981586269
846.747260327
471.512852975
220.952738898
470.805619308
885.009550766
314.107603284
338.757923139
870.17928264
936.983642604
665.494488829
746.531838272
828.982976542
628.257582161
502.122940172
619.238569638
966.31984984
886.148870975
732.948640528
572.986180622
982.90444281
813.059170434
422.49840953
111.468683651
992.211632745
134.000604832
622.897521019
827.091807755
182.225795518
494.896900701
270.764413088
218.846709086
617.830723176
305.235436459
782.169902656
857.501673357
3.78856633479
506.759638722
303.076254341
719.696996438
796.836581509
558.582866451
278.106163944
574.450302416
730.634601303
81.2485251656
645.974239464
373.428481886
262.966686973
457.153222663
419.936846947
853.793547354
129.178011504
899.65168598
691.972568667
432.19913784
648.185041578
508.539284611
191.102985326
745.542774757
571.312997806
101.188418354
923.475538382
872.336864139
790.206385542
987.295160916
518.904313439
677.891003571
984.353160297
579.044740334
258.429072609
414.938543242
559.528235537
816.988409058
271.746926864
576.705773384
354.982434985
33.167311324
514.788807575
208.704088149
400.67895825
609.057499835
316.374930191
944.935502775
75.2943191271
597.18291374
210.081181025
45.9982784869
599.756762548
433.262093113
240.46415121
607.229441873
385.001036604
421.207063834
734.704399297
899.304343511
523.663146329
49.7897954775
423.208506232
956.043092966
109.76994095
579.033616687
553.489204141
311.768023586
986.82588549
642.024973301
693.568975496
747.34865639
487.882799728
530.342791099
23.8687145844
435.366618212
742.092289568
549.670545935
324.61209271
569.890526413
901.858862772
725.441325925
496.438151659
362.077037622
75.0112267664
472.233402054
857.043316598
215.343364256
64.5578424131
797.468189471
673.588168487
70.1039763515
916.256460023
472.043124427
58.6510244125
301.621711823
879.515005331
611.602819968
939.793423823
643.941643319
176.423740655
682.139167376
483.887476333
149.452342998
862.609897274
373.645802611
140.093572103
735.661736871
604.339796112
230.147056083
86.9163430389
948.337826163
986.687474721
334.19208616
134.94364726
339.175885714
571.044021059
967.790952135
155.415394388
494.92563397
266.305632931
451.596795507
514.705897201
737.697479009
135.313393372
977.134413922
489.477552699
499.086535781
281.285683954
125.467946767
200.05911476
86.1994441748
784.631728442
88.1780127946
754.067295801
275.540382084
368.207791228
3.67273179987
151.95634507
789.462090457
470.042984307
136.683962091
5.80675315507
185.351101131
724.999092214
140.211928751
438.418202793
1.23242680201
267.861643446
469.187404863
278.514697001
470.863870756
705.488406853
617.027464688
232.538785805
510.301961741
442.06382411
525.450179515
662.535028725
933.771612573
27.056100233
988.696833358
767.842819252
316.077205964
920.225352421
373.74607944
205.633159568
756.373768295
710.295548149
461.680128437
287.565558804
545.192098612
774.541874916
249.076426579
697.682721861
111.727313679
874.207341828
437.749219227
240.591332288
403.917651035
291.903434283
637.292597921
525.860656452
118.721560053
937.107723493
306.303756894
476.229235263
365.571237714
680.408496572
685.235589375
915.574849231
899.929394257
912.91488414
893.489633708
267.442983476
98.0771311015
392.214155328
442.269493087
770.57608122
855.075827571
491.673736159
486.50647562
939.072395346
915.817171322
333.22913974
675.369554302
766.169692288
733.536645352
680.106025086
485.23572325
837.912583714
222.276415205
961.117234556
930.214876057
1.93899536338
86.8515975062
59.853847298
193.503039375
811.772734197
398.169125123
215.139623204
632.251497633
617.270434896
847.543533803
470.963927421
651.689935008
621.572602852
653.30513745
704.230745225
348.202556138
699.425395125
470.898102586
686.64216799
399.680884563
178.226401121
471.159100449
783.983447341
650.389242809
667.324314918
41.7555198341
931.730800229
486.54424641
376.986354765
572.876963678
965.665880507
629.014279667
460.040623349
515.679456892
369.429421614
53.1983917946
948.644015122
912.593967153
36.949234646
875.851997657
715.080948453
800.935176739
373.115466919
627.51854912
380.333497557
836.996054663
967.294181718
117.886016165
817.144598256
762.401212177
525.223695052
791.564972187
434.518927205
734.887257779
704.145552494
473.718493973
656.676774516
678.47014769
534.481750403
872.002345016
201.925020037
934.785657962
357.826409946
358.834754651
968.988968848
388.362754249
617.876999825
64.0467866329
94.3684578347
4.02641373628
640.043063935
44.4133530249
867.875037125
952.245639401
133.933462662
717.369800581
688.600371129
946.941893374
701.986029381
722.397934928
681.923297044
599.801729833
999.95303611
850.80965214
280.051158756
696.877345053
971.814286428
528.275575624
225.974671142
448.465290243
943.479248876
469.887021146
250.001274653
32.3945564646
82.8202097294
927.126998889
662.211147886
544.742121774
900.422498247
353.547184457
385.840433973
262.652666531
149.681937054
794.894053846
69.1375023978
45.617970957
35.2079363553
714.770407794
58.2873514128
615.284065523
222.78951599
412.065224109
275.875358672
979.306401635
751.493893307
418.459923407
601.190225738
1.39989278896
901.145854885
320.497953673
454.516265766
457.019827314
515.956953304
496.153518572
840.547869186
107.702437193
210.056356035
500.188611629
28.4502921897
669.191048458
444.958621249
64.5887306732
286.238889178
839.990398544
237.79631666
522.771165211
637.32091047
420.773366593
763.027091199
121.739102209
565.696014313
889.502372438
447.106939198
918.827078737
720.592570371
486.900894905
588.069969619
512.686522404
274.043053125
342.08829935
372.339433151
0.429687559975
801.57354506
729.72724324
665.823149601
197.039470723
343.081519458
445.829640402
372.330851024
547.302796369
184.599367837
445.125634777
896.939356575
553.858885302
463.329700856
644.230475757
450.191767462
644.474361512
206.76744276
961.482425041
580.784900833
968.271478871
555.468813451
567.948923418
521.178559463
541.240699806
419.041127145
936.183730483
104.626588994
573.18358192
186.330727472
369.913232099
142.307432045
891.977527486
245.952311563
978.870229718
673.814213641
846.493607526
180.50435146
55.4474829433
254.654022833
493.745093102
106.198718483
616.661110917
372.475895885
469.247783846
149.471975714
702.945528218
628.879740076
171.634444286
997.277042234
366.43552682
392.277957879
79.2609036873
75.8439146668
682.542689685
548.491073595
813.145078553
943.373687376
984.595983759
84.2655283472
273.439805672
64.5481378616
711.481461951
522.82548392
191.176958946
309.848748101
370.301320519
715.131375852
553.555284858
970.759067993
641.043717197
330.931462012
63.5658242243
595.140318063
115.827318046
898.349898542
479.043222877
439.834749021
505.013391702
900.8948334
326.437517292
864.780052782
159.222353658
766.27351595
52.9068857242
795.161704767
651.44791187
606.843844987
83.4858041528
391.006905616
20.9839662575
977.358641727
155.057575336
978.152565341
416.092405307
665.17005086
55.2552776211
925.67827778
108.575477264
708.710174691
535.163023651
863.616192143
567.400575245
277.767728172
19.3207918141
294.981663644
329.748643447
480.818770917
138.998520254
411.843717394
301.337877064
130.961201904
600.86088024
506.316111196
249.661643046
491.525307244
543.82117281
44.1218239526
173.154707237
578.813074435
675.803290167
412.887984269
300.476157284
588.596194536
438.939119862
741.393992192
563.255739945
799.820740222
213.440596194
563.930332879
934.389471789
363.930423388
947.555972022
285.532147038
494.669267186
931.348871298
776.488086422
263.223439164
132.817208858
91.906627708
258.98986355
393.417901132
332.527608194
531.58929831
510.958838087
384.070103708
12.9474374391
772.875413818
480.838655477
44.9756911722
162.223888126
41.0531151047
193.641477293
556.500292098
310.361882294
47.3542324242
847.129029764
172.14470605
151.257069154
882.392347019
417.488554363
675.602264957
141.273138946
271.052801714
415.636555699
882.824967277
636.715730928
627.540039385
657.610480211
306.277082908
306.925988249
866.00001886
414.79597145
170.332438756
604.993323024
174.081116629
834.572770233
453.980691447
6.12859018213
136.902629636
243.97762589
701.588853134
811.710782486
100.235193463
601.327583412
264.786572352
351.368369968
550.365986103
575.514585567
92.4636304626
588.36920459
321.375407435
455.761260628
544.227204336
385.911732961
522.379337507
42.0290341407
602.328854963
254.778849724
426.318616349
826.840494644
408.738461892
800.188417797
470.635436696
955.404738657
359.862258368
531.353378393
873.469639718
230.279970856
487.903566371
388.380618889
408.021498235
240.310870713
754.015035893
691.407592772
257.165986294
114.775981158
553.079880963
940.970072908
22.6505068131
131.10191554
663.676050982
34.0505741362
446.143682343
685.61124723
46.8652768497
689.094159952
671.929953948
454.28438326
742.219646233
267.352665599
486.492574133
497.940781199
581.5087288
296.190802356
97.8150482322
177.417477947
402.234240204
592.783549639
46.421486803
642.871382371
759.18828499
806.223465687
574.667623121
224.054057947
892.652598771
982.932762478
671.266645971
486.415554165
702.834571063
544.983448159
653.524444003
478.647245562
946.421639359
43.099644431
629.032160742
517.558469549
747.680652951
883.390552182
508.730363976
101.362987538
365.129623304
443.491065326
111.277919267
177.604431523
781.342582107
420.994892138
927.809630983
87.6458147453
350.867349113
83.9933042419
179.278283587
934.308046549
796.475258164
423.155102078
475.883272657
446.8168319
829.874890458
430.012978479
902.863077856
0.858326843995
483.740582641
515.989543215
901.033477931
719.272769624
152.75833064
19.7755595623
347.134720705
569.471497209
65.7368608388
669.074363529
146.667257693
725.2466547
480.98841478
376.555617553
41.9246338807
536.345517774
670.246762663
89.4705327455
673.990359246
407.626895671
846.256486626
344.97431056
654.245920722
124.253526256
736.226738885
597.726899993
559.256380141
406.9416887
685.100130216
4.35584773488
242.196013982
451.612215253
580.919217652
323.070369697
856.245372951
263.483351914
239.439399795
787.232929087
171.422270808
177.39506617
483.166403159
457.730642848
265.858760374
130.730908951
33.82512984
113.853461751
285.643027717
894.207261766
522.098856621
384.596661318
809.557660443
913.907659849
352.374716379
546.043665964
958.643782708
841.346569594
825.538742341
250.80781453
702.983212618
748.784076354
85.1052085269
39.3941062886
745.504398453
56.2841067919
509.303397547
279.228319861
348.251376179
716.437566134
410.488788209
736.664411444
818.593747731
164.715226671
992.498126704
699.627653644
270.644245347
43.4057301889
283.682595596
708.520060475
626.834779688
917.802861656
287.875860596
736.599555448
707.194614853
724.643109249
135.421477528
698.144159739
336.931905484
719.498955602
159.462676917
207.276461438
1.09918124786
53.2247443814
470.650210232
982.913714037
59.1813603252
395.57151726
422.440956639
43.9706144935
292.893139861
223.182993005
402.998436544
244.568212586
914.843898835
555.54037265
288.602701903
381.930679834
114.172690036
106.831426412
83.7713898443
31.3710842972
121.893891025
0.659437984293
667.731556929
378.58182406
117.800277711
787.409124259
939.044735302
149.03129721
682.969896073
100.400559986
703.731007232
144.289623361
260.447442648
489.588017727
774.110540653
137.379265403
971.938281555
277.662341009
898.331813352
464.821468308
278.451611445
925.649939124
118.736449363
119.72415157
590.98851874
686.814809535
381.948346652
16.946829494
124.755519225
311.876547635
145.082501555
202.063058052
517.627374009
166.949848362
54.5173650733
555.08021514
625.708078834
449.608098487
87.7630912176
42.0094640225
936.762639027
643.908058542
20.0699030159
223.444732483
160.219678795
636.119307598
360.204769353
563.265447623
339.128599473
677.652576361
993.361484315
346.571201558
895.578518045
965.133320281
476.95842262
639.652567634
798.711027327
135.194696779
686.347663242
717.570884601
99.7118034557
463.868588935
245.032068115
788.985316321
478.236061528
646.651624491
329.815167927
860.517425732
802.314666781
588.482886792
912.60797506
84.517285159
757.441730974
117.388751581
241.729712545
920.022810683
380.513199258
375.434316725
299.061364548
853.685281971
694.670859799
858.143297975
727.356524759
292.462728691
895.43334232
655.702257285
504.441290972
929.74815474
632.209678527
890.671018079
470.227612276
785.426236725
253.407298952
842.722106452
955.529182622
349.381194661
374.63828431
38.8839511113
479.985201901
331.330093454
52.6696666988
850.243196237
307.734631148
10.1899375302
46.4428729605
299.275709653
617.5074092
999.670368711
156.285389588
193.934751841
532.521751755
702.697882113
424.385217188
425.148116772
370.84365696
152.731845122
6.66825530396
144.432656092
864.064345709
291.269671301
349.551654029
268.485045938
