901.592782805
635.85017431
729.033803254
193.186205669
400.911347215
849.406887629
672.309574299
534.430809399
622.657536649
343.393923078
590.205272766
748.440653598
845.75988459
401.441676055
880.279020794
229.809909876
139.307328157
104.903118808
393.663362293
52.9372473011
542.035633115
192.004883198
380.748813743
269.541773092
403.618464472
557.429347871
683.814637435
265.098062627
596.033797592
98.3692253638
540.948878671
841.84722764
890.245610731
606.581239678
798.743348285
807.765654285
6.06502931027
558.086427364
413.947511627
926.61978942
376.014878685
368.91852538
194.810063355
196.277520619
505.435607501
508.933140451
677.89603033
609.615333585
582.286805549
102.916411182
818.883101748
964.212473225
297.873664591
211.126629925
32.3888635798
827.871771876
614.12233662
635.659709992
816.258656336
707.291271616
532.051211
8.33367735789
93.9563827087
61.0208372178
787.596297821
262.733814124
899.201911544
384.047679776
376.346535064
294.799880003
190.447046634
757.503941096
575.927341716
222.140247943
107.440845443
571.264940715
468.159938111
376.217743527
485.939595465
938.52373439
895.916783495
796.842224353
937.259451254
138.735011461
978.581010725
867.027542033
322.178843903
712.093848919
646.349552909
495.164823014
568.879957357
746.018818572
863.867419469
535.419788357
766.894640341
431.381634685
313.98365355
108.191994656
717.897809424
79.7531405705
868.876540048
670.830050916
201.319653501
353.592975359
39.4622992232
76.1437804711
153.54392782
423.277211206
168.532767259
490.507485998
927.689289129
308.44271038
953.511900523
289.631652315
238.168951138
769.996382027
346.267511859
801.642548758
764.834383965
757.432915918
352.268891589
858.93038093
206.63272381
244.910449145
685.869281896
651.901051396
954.027692023
790.9835594
854.155500374
836.641590488
653.623213804
923.683973803
566.480900035
610.655442379
83.9260390177
555.977451244
842.031233526
243.819602159
365.72847838
123.683413301
286.288776818
236.155158301
803.195218709
520.643176404
886.596277967
324.537523574
617.316449491
509.574335779
662.007815148
831.65671665
916.972263601
665.200655814
73.1541565755
593.153212093
194.47718848
106.38258203
996.432160516
225.204369274
408.645334092
703.421165042
64.7815546387
442.394202653
303.668162086
128.783701479
539.539278908
695.440547598
775.113553193
805.421300071
988.895716015
516.786793036
555.366939227
952.133697968
207.568985304
550.727297681
865.511268613
217.771272788
758.621863263
630.959266357
283.701032029
920.411937587
762.229550917
148.386791864
541.288059369
705.061544602
871.222960274
344.046956636
614.781995319
984.863923867
500.400085569
746.013789049
226.205280863
136.820007349
138.507489844
832.243743912
693.610266381
156.782796542
521.051940158
213.176857135
97.179913163
690.920990463
263.688917192
629.080199033
989.261890404
287.693634683
813.156073543
231.575739412
844.182340212
765.840728586
599.303601254
365.920412615
471.21176892
110.599245101
764.49340533
275.460208625
405.43643455
363.83794585
824.45536473
354.941454996
470.015079426
313.117995588
734.575861695
774.578197371
719.256295624
721.531029576
585.001294776
699.919802694
802.318859854
317.991548862
136.394462623
758.099121944
877.175909201
665.674948184
544.759004103
851.292932665
935.163212135
475.355707967
330.547231888
478.095857496
649.820533586
39.2375460529
180.508525584
42.5103647797
843.301626618
603.050177535
75.0246686739
943.533448647
943.474505776
331.085360473
411.60005883
976.23748968
87.2343915193
946.25030759
682.85102893
297.136490116
393.802165541
550.638167978
106.895213707
445.778483685
552.048844061
996.276766339
390.750962598
236.282900878
805.218117375
996.009592396
318.941169504
656.881221727
216.116310516
947.803254622
223.762944437
956.790899312
208.999095562
975.959943681
799.50302663
501.537066724
405.270550319
332.850279543
54.9249838057
619.217126603
923.844315366
84.1801728177
603.717783643
159.830628763
789.705026152
748.490861064
351.211539469
353.463996377
407.55598839
959.39201932
776.339252092
938.745740634
366.067311905
51.0668497989
313.27826395
329.327970351
84.7893741336
286.249186445
842.801845577
711.386699877
227.517820107
313.083499856
167.161211395
148.568520825
355.963244978
514.814756762
529.377820728
299.191018107
383.959159797
937.852232445
920.32501718
178.212758036
454.71335109
229.342908738
794.087172554
915.599519158
69.1542660493
494.29833175
458.26242923
477.100780784
42.8596096647
285.237234426
304.476765798
3.84646167252
134.386420214
923.131917555
695.91414478
524.533393893
296.889806053
289.662788841
585.69058297
886.402821917
440.902914549
12.3702051641
510.756453154
701.868333135
25.7342997868
426.299629481
259.25714032
917.500621464
707.945775412
836.494420722
739.886521046
601.515674805
160.103875767
886.639460276
654.002368561
626.253492508
370.85632705
512.506854326
591.183747348
7.69157789451
441.792952483
752.083364582
69.4999345996
31.0035097544
730.523036077
308.929211871
804.351236889
715.532685949
820.104394919
857.783051003
583.497253593
298.787119316
216.286146192
69.1848120232
533.10876163
881.49789126
212.298609637
335.069816229
681.418343465
534.516236331
994.03122967
496.38292361
89.2424661375
40.7170522928
486.983652482
352.022183222
641.38434855
919.122792781
12.7568779017
60.5195352253
862.612768018
721.720657636
214.156518593
58.9557232122
72.2526827786
819.146356824
260.157463123
669.471577012
470.643974547
89.1758665061
980.247038497
656.594941394
621.31985084
782.929186762
852.63989682
770.605259025
643.740318713
817.36760479
389.620847455
35.5437815256
656.767912518
601.996346841
390.978889224
16.8455411395
285.229634145
128.753730911
45.7141178393
256.58694759
990.753038926
381.378823298
627.598022605
837.633306866
174.619073904
182.942541346
186.13403698
3.97625342466
152.915488615
837.675626117
701.242275406
760.643081802
176.662192552
729.936509686
834.275237489
870.176765197
910.606083044
338.203256023
783.360337812
902.154929447
66.7292447607
826.839796249
35.1242582088
756.65152249
96.005283621
7.87571708026
49.3339451348
162.378722844
535.295584082
762.963698323
391.085538114
144.680664575
826.358475945
831.717717082
886.569328352
56.6853268521
146.187079037
437.330641275
705.999688592
390.747299009
432.931950914
349.594921374
716.622371357
380.986537903
717.903089654
447.939354908
841.296673446
140.843335321
62.8820734098
628.587702749
989.740442027
15.2586249581
845.818081477
695.368649231
161.19763088
910.992373492
324.091252807
414.344875663
70.0358693868
205.282981803
443.497147619
636.421014372
821.950260071
515.565016162
123.066059869
289.123284157
680.99899467
399.252682817
396.465534452
511.029687508
398.423259275
629.109807105
601.823382677
414.544866721
573.990031433
830.986580598
120.069633887
694.007483053
385.441903712
836.053626697
993.754008241
154.502443486
527.957427022
300.211598846
652.684500892
943.929678072
615.785407835
11.5895148945
899.490263913
314.564206564
694.780599546
164.416692974
873.846395716
772.499115274
758.399003324
115.436663465
606.147403683
120.163473384
162.308382694
163.765436769
423.303283024
7.66731418759
449.282800845
319.043832862
492.192049005
356.133626488
40.4083263249
643.950081423
291.861091001
199.337075866
661.47609482
460.376714795
687.89424545
322.336308119
393.758998142
395.960876041
90.3165637376
835.374364711
934.297814046
750.162430934
953.410874181
252.374279992
842.629051102
18.9125483989
608.301760778
205.183794779
445.618319373
921.986420609
952.383158823
672.463022018
501.785028278
862.674667854
571.205236603
403.929450556
972.543574671
379.508674219
181.958240395
473.944022395
792.969154847
901.139803818
709.914608811
704.862875467
770.463404822
146.639208525
480.136362048
963.949262032
951.157854922
11.3982533903
768.418169819
652.93429883
656.410205993
576.134628686
640.59684709
886.00231695
34.552594531
403.175557654
161.970087773
744.815842623
42.0591052283
438.558916244
113.806793128
830.535408357
171.667120894
584.41049364
943.68888841
122.693478696
580.538209614
912.317126846
904.11397835
912.694718761
106.512686278
737.01441916
602.573735606
164.992382766
150.149428192
673.097484407
993.216359009
822.51804746
387.790335188
801.144185603
877.843558735
725.879540092
376.952977968
142.229028438
807.938148149
280.922545749
716.137042973
147.86892938
411.185871008
451.90981589
265.074777681
774.019330469
853.968788875
990.189291808
153.41168392
362.357152005
543.622324743
60.7066780843
975.796550351
622.274201152
187.695671166
125.900529521
417.209437255
425.48709685
580.859768999
228.265677474
90.6920672495
267.533178083
884.09819596
414.712508829
145.061744878
93.8430805315
707.860510741
989.29435027
929.45508612
749.996134428
313.649054651
722.111776675
23.3583766334
707.78206879
680.132108602
928.431177772
438.963199608
525.446020093
504.505149168
740.780392215
559.059299351
933.643714516
684.790405417
54.4385558914
570.099295621
549.246494757
517.089710768
475.203826578
662.233288222
631.763220944
640.974208282
961.89880546
713.690655934
858.203677127
925.256378207
735.506501993
369.186018355
205.632562
104.750203885
954.758769718
787.500713797
26.9968021402
230.914067576
973.903289443
714.811260731
882.693240784
864.542089526
146.62575323
743.707311104
908.869453288
320.064245767
476.215500029
581.508305398
818.09217338
34.4013441768
199.625838694
754.895161549
151.236390391
469.668003774
749.119577157
145.902621837
867.497538905
562.94002748
804.304791936
939.511048723
319.563042766
169.643544709
23.5277953268
573.613599254
303.16706667
260.085240991
401.816717427
265.984503791
79.2163135308
816.571665148
258.870967614
417.915784536
801.623136617
69.0655588941
693.464947485
149.425962414
220.839304081
775.940076128
667.308820309
516.88687521
143.015789844
119.940348403
570.453446473
497.932701528
261.962653591
845.095163553
580.959811796
50.0263288301
123.136042597
279.924579376
634.990454925
47.0264666605
446.030927697
337.970510852
467.708642837
317.825559531
999.112582597
147.307176088
306.33863319
509.844984135
257.266057498
254.651472577
744.508228135
469.016787649
452.791605719
219.768081224
393.902407187
777.001992649
655.162541891
735.521230157
962.932630078
843.3650807
718.989627735
655.37365101
755.662168272
170.140609045
442.065770467
509.710596164
921.462503983
842.948498799
919.963438591
966.359657215
285.831661388
247.291336948
226.0113946
593.293090281
970.146220609
127.668256115
675.319682813
134.202325943
964.407433017
874.288504156
157.968450261
687.190475576
92.1879299027
448.020844579
855.51368093
427.092923737
707.076601647
716.792824989
72.9180524291
119.028515305
647.978255504
63.0503836023
524.42835138
491.929471142
613.917499036
416.344107933
25.0703780294
885.656268098
369.922691737
514.209678241
272.809093926
730.629818889
311.728926221
652.217219094
350.246295207
980.27290623
430.246426293
583.726224637
376.030996592
907.752154923
394.738262959
683.43393337
326.586497684
81.7409923056
387.845345768
40.5150815407
434.034463428
367.861480443
94.2898721904
652.418867072
649.246910903
559.529149257
222.022957494
827.424894432
231.192111885
101.6330031
550.00058926
627.600122654
962.212804628
570.064282303
128.011929667
550.443626542
229.768828527
979.392966514
223.67570373
837.160698239
170.059579833
568.125020008
34.6730024603
58.0835505531
215.250438203
477.924784823
745.526828427
876.957761425
376.189305875
487.952590627
878.78079118
838.393259615
118.408163531
399.414301746
786.217673201
264.621073442
327.905579274
82.3321776346
937.516238699
607.757222626
498.707024559
917.499097402
999.080062931
728.342766351
144.46880417
92.7706438759
165.66638714
825.885241249
562.559824088
257.443120028
409.103490198
364.032767375
53.0423827208
9.74714698549
95.2477226783
712.731565011
493.012468962
296.348987637
359.617424974
266.015698986
50.7058485312
207.240216859
182.140416969
81.4115081071
53.5508062632
471.784785287
935.500489626
772.51309769
837.902302728
452.747699875
673.247678519
519.811784226
416.715023383
509.188448714
134.858414045
872.484555077
404.9044402
963.744946251
976.556251461
656.53545609
247.999125996
366.908395397
868.745272116
607.782439468
770.20938149
516.07428357
975.089513939
784.051071952
5.48744410536
853.288149076
487.213246735
391.407271874
484.031292187
869.238530141
165.887902821
54.3032761615
766.135021183
560.848644167
593.385369471
961.541733788
566.618103716
527.019934153
397.305148162
82.9769312177
371.280161634
225.695218967
136.088850837
527.063370849
136.763308825
575.523935278
255.932881867
934.886635521
685.666906031
125.043140651
310.343887231
651.16722998
77.2632351096
603.855878497
627.298559337
550.69457831
202.797116713
75.4142611778
881.899113143
667.129640224
30.8265537312
512.678047057
588.004783982
483.780184753
10.1046882684
571.261088781
530.655036641
358.855879508
690.254529351
445.315544289
189.265277626
481.832666052
508.95243974
139.923016318
894.804566094
233.326655664
711.542496081
246.169516804
452.488115401
653.58896226
299.511383055
137.992350412
270.825660396
794.802687343
465.675507494
811.377985838
134.281453152
383.200244132
399.720726485
743.307770964
179.78174949
603.84046788
838.75114553
875.292742297
182.385554296
158.524495076
486.987716794
453.917250454
872.455521988
570.030380974
720.442093075
161.750499973
2.55176643188
232.036698826
63.7786404984
5.78005046659
124.506860036
103.173962398
766.761895647
486.419555775
481.721221407
979.758785625
230.975150844
194.326640262
268.455015727
490.124193193
390.035752572
475.627839595
148.805157274
88.9108746654
230.731475448
32.2116373596
964.215534546
328.459207237
289.081166562
167.434324558
505.663067086
178.927809243
666.523572142
878.379186989
210.121528293
465.127703852
825.25947681
204.602459526
282.863769374
149.565349261
247.636508956
675.826135943
258.774997375
390.330572957
460.143106606
835.181202048
896.23611315
891.399478052
67.151801565
37.5506744033
233.70337766
122.680874824
209.032329223
