486.985466541
765.203059283
357.868702604
694.244153088
576.879288616
107.478507155
915.047539659
127.7775388
75.4925427972
35.0778684564
863.035594777
418.386861449
293.53458988
823.390823904
250.511767532
158.239270105
991.405306063
162.974700389
69.2403232308
796.735077352
162.590117108
899.749437809
726.323442755
422.989450509
172.013573609
859.606594026
369.239901646
680.735312931
292.737971859
696.109184133
774.301753509
370.945152576
247.678601817
426.996438493
821.727472544
382.855994967
757.034081792
543.156309193
783.798747314
839.921349701
624.346890257
666.905090346
547.830170794
558.928410973
368.523979864
416.086530123
439.768266895
464.698104961
194.468296281
713.272981672
624.239128817
74.7644097644
616.550819941
229.691985043
622.18881501
958.901307385
819.249596735
331.445189051
164.778947171
948.927301461
949.107511952
823.835483023
407.381370292
793.976350956
777.154194173
170.284378147
972.15506511
257.982438206
94.914705113
348.301266639
58.6306154602
783.554486657
194.197725655
419.919222886
61.4167995293
217.601557466
420.665455284
533.389996434
209.590238432
433.596155395
819.089816383
245.665056827
814.332347935
614.81002142
52.2284667872
755.273240601
211.572873974
309.328349142
562.203495357
402.35642371
411.405171032
447.534004755
70.86727735
45.8636074854
349.791965469
175.190652838
269.675768562
948.026964798
445.061927386
81.522927572
544.187074794
701.477167194
41.9127043725
949.682076963
64.922235186
417.955232025
722.5904835
416.96739474
317.694373819
191.761305451
280.151861323
610.854474464
349.007694309
904.996139019
150.793453829
472.395332077
988.729368664
912.436583863
654.166822383
572.03539867
268.001911001
177.590816397
734.439180938
383.518508808
616.973809035
778.183272461
130.216927334
608.364655983
541.68789086
647.444495327
464.540077317
949.29809847
137.803717991
378.350736442
432.844000763
264.025646049
988.814445801
184.031580516
541.726496454
645.269911044
354.675882794
210.29754053
876.407039402
254.500828656
218.807786183
369.76362371
443.823608143
771.147280197
531.298572657
331.941855463
417.514113046
887.187173516
410.475265082
317.770680355
13.9053343857
805.17701249
62.3089131384
525.685095625
167.237429072
850.220167771
90.7745166968
996.458887761
101.36381577
357.741198939
331.555159352
829.224264358
170.043535402
161.073027681
946.461659733
189.789858788
620.403299565
826.397234967
1000.79375153
578.228584759
481.503871806
115.582393919
568.953956948
506.913560132
922.113545254
606.263659673
657.242385937
433.259837528
8.16336526891
224.120287994
438.445429476
680.024380955
262.308599418
125.924024255
157.811549622
528.300584422
736.772915207
952.085921645
854.362298075
191.929067332
817.862456842
786.836127845
417.839586529
726.88133802
430.257248291
385.344872232
472.249403433
142.698739101
751.575138481
403.518509852
353.33249962
637.338556458
764.458875153
601.626940995
219.787255805
919.82948879
190.308264409
289.353850819
403.995862703
757.342847282
556.07787242
478.082922032
265.207924441
881.485722347
198.466035576
99.0616267125
170.89970554
427.36309568
29.1215206012
372.535249636
223.731232946
889.431116398
625.734607131
102.526941834
503.854153191
614.1418626
408.453112931
657.008819915
930.770530471
659.66732547
75.2495011336
499.292698707
656.89938328
308.648001387
845.9648062
966.13419712
438.938319609
191.941284596
880.330048326
628.499570577
801.485441978
701.025165415
263.10495281
909.219134243
623.140855962
265.60958776
49.3737069061
763.536727095
725.06062849
593.193101898
341.091243588
926.802258986
259.67059803
891.070560764
351.68817927
167.446120141
984.872007958
811.249537813
517.744778438
294.132684437
613.996340256
739.773158642
793.854053724
820.70106023
28.630871725
440.151592093
973.057506339
506.54904346
486.627771374
311.221243429
178.430299519
259.280287008
527.285227754
541.385666046
865.590275725
710.689560476
440.756967039
15.6200506864
281.227611143
144.184046176
50.289107902
487.631698386
866.740527776
46.670556174
687.893423308
555.701181501
438.230482522
89.7890240817
986.950413704
873.020214697
537.631732304
31.3343481554
224.686770798
335.486568676
481.579502208
712.331856176
489.625993903
654.057978779
917.444809477
964.403606642
397.233830989
215.930938777
955.981198022
930.932299113
122.215914607
830.898556443
563.194219261
704.609464007
853.342088845
532.46373686
676.58682114
173.308640253
74.7054148419
307.714680519
492.221691566
583.142058862
317.356874647
992.939476073
51.1982507206
417.090626234
716.865320755
998.043913498
834.497420064
858.519356579
780.298634693
477.019267764
73.1821141874
661.526727508
14.5175973717
175.372142366
257.750329968
498.530675621
594.590799844
373.531846282
970.147854997
506.369640581
75.6954101701
141.977832828
894.756130392
147.739578931
3.08595129573
225.401985239
641.792964178
465.31853591
600.31124992
18.9434582634
725.738983586
936.166779444
31.9799021492
78.6586283164
400.881953822
576.710132893
856.162316374
412.050713022
783.740333049
775.314713762
934.667121904
87.8001740035
176.703648918
110.932800559
426.971251924
854.005511347
596.923830181
152.458790611
848.261853183
626.488988283
311.904513192
994.408505992
546.729866573
75.6839123036
75.6511978868
484.066267189
449.54006201
418.866211658
701.759741401
760.989730327
13.6174880963
302.857644065
436.934784694
159.317170553
298.865564253
701.770443572
57.4740432629
146.822153022
690.761431698
978.352448965
133.29929981
1000.34313856
984.834415962
27.3587596286
497.414203849
280.157620341
766.791984459
819.474299443
617.303220886
15.0960189645
804.342482471
759.632763542
257.886224814
451.18493878
221.933573582
62.3203071428
963.094669971
447.567359383
27.7415316324
8.78734073969
31.6475394964
145.141552481
817.417681583
639.07464051
672.407943864
292.018049397
934.153503121
655.465339267
235.077978111
3.93119817042
729.962838731
350.207311408
733.555647096
593.211446776
754.104235114
24.4565593898
222.736589164
929.755096462
924.315772938
213.808075134
111.966996359
248.983989636
257.096215342
590.612829502
350.138058738
737.688580623
264.667229959
740.423774566
851.470061432
777.62385229
454.235302631
972.52921763
273.150044037
368.285718272
831.176155527
202.735461863
170.032562935
339.338032989
67.0023518565
328.32691196
172.684291728
960.352915369
492.526884496
936.182962227
386.45512952
750.243799516
792.697328313
198.423827016
572.736641744
607.968716095
383.162529792
513.550517197
727.367315024
990.320956436
675.797334588
641.179035509
660.007887429
53.1214447758
508.689867913
695.049862842
981.826103364
24.8090564384
86.3926214211
128.092154407
146.377352596
497.060146968
897.202901441
474.808594757
118.793218575
343.063644991
251.311035233
787.612123685
283.219698117
214.193906442
675.192951731
874.468605366
304.341817113
48.7882314051
762.587058222
321.964645775
842.508832837
876.530832461
768.87093475
817.281229862
255.223813979
701.911422936
395.940877187
344.472937715
386.555899737
503.06533241
296.146430039
150.372264715
196.62490645
65.740281882
5.81702224608
192.40456043
654.468822847
369.440475061
4.55498253807
450.537134221
41.2763751405
429.039716718
238.001400163
195.845863183
148.868904082
801.247792588
790.987138013
595.474806368
342.937415516
681.687257322
445.725140975
569.55570604
217.610881487
800.527029982
648.643063378
506.150996271
469.957661818
748.118195946
867.338070972
209.502633676
944.284600552
930.608778865
665.340843334
773.497960352
372.345602471
464.713094781
118.439794497
394.468096366
981.955995456
942.956339676
850.670235862
961.911269013
224.880908292
68.8762187251
532.481529833
246.849549276
874.705528975
577.907255879
55.8055587613
249.520280791
915.831872151
333.459279616
763.505259015
697.651501837
410.320227514
520.101843099
537.200550224
393.095229087
678.311480498
639.890673472
764.608354639
100.687552914
98.8943963639
480.983751846
308.156541855
926.988475801
570.986539232
335.431046543
530.468262178
426.445855656
952.686229797
14.0671696271
521.44258599
211.131256727
750.899136153
403.414029996
610.418375062
810.590836414
917.473497544
583.422091071
376.922977429
337.403403719
165.11456904
534.128898577
237.228995688
160.156596912
99.5663887342
93.610717042
387.444063853
108.312571833
196.562555403
84.7919995597
420.919564595
437.979629872
851.345726078
447.58669462
814.943722667
718.626924528
701.359647785
827.393461861
460.716605052
195.523902216
351.831605736
526.378568558
233.813665458
644.865314736
543.526746949
718.530408444
83.5134990828
377.938268823
525.896835376
116.359004499
617.057454513
919.770972752
434.9400714
502.046650881
4.05229011291
834.25632055
92.3786469465
22.539484975
152.43352961
194.310330875
146.045935467
506.560956791
652.315903113
273.732707545
542.523762126
101.07955738
394.6127553
897.421498649
471.837603338
513.97554218
964.050519208
893.472019484
516.786099825
243.536939651
196.347349761
942.364839512
3.1573703426
297.837090167
654.124185685
696.594094976
960.189252869
976.880391441
883.560815418
100.33257312
534.328473697
670.39924719
715.730427037
830.534812475
378.92967816
800.847485241
138.658208112
507.44831342
455.377285778
22.5135033931
115.384615171
110.464212907
113.359666027
992.955113999
1000.89009631
444.085788511
423.952306678
92.9483998392
809.556080851
577.619214879
318.64520753
870.386063318
504.682110116
279.773675863
262.00009106
438.179125677
680.822567654
607.00053173
457.016456228
191.758055659
101.563026513
414.002815409
867.526951689
411.383752671
364.692852134
232.638903416
700.838188495
115.537506677
310.533911852
615.122169482
541.023258271
749.98650295
96.5504728457
731.461498064
490.444907201
358.060910729
818.492122384
507.604721882
114.143969725
745.368495498
484.537191543
877.869698754
462.385154173
518.310611767
124.576292492
9.55507142194
492.869233696
617.913447375
271.019072402
760.025106674
462.272061985
41.3302171958
998.116843909
913.457156665
422.152799548
464.68525553
292.21646375
603.251730555
437.131760036
252.231110867
927.236350387
492.421481637
865.317104181
597.212168071
99.2479583078
180.030933489
465.028469555
0.713955989772
600.307261158
492.891234567
547.589174022
281.218920576
113.295940735
223.457992864
235.026178774
865.837076385
267.599759947
400.901018628
916.770167808
924.15502571
547.194996551
334.842340535
591.894817131
315.148337087
354.676355528
700.637293714
292.80341979
858.379969136
662.148323304
267.109467248
416.574615504
670.303456604
114.745622873
977.064358598
301.833999131
549.627583749
821.26431574
228.412586752
997.142167023
188.083112521
967.430088662
726.180220341
691.26922485
582.665036131
543.502580211
784.365851578
800.465250128
300.650066733
157.41153022
527.100400997
495.038471205
340.812443172
784.462481367
663.652023069
308.066354193
784.4957903
46.4416688481
537.876224925
17.5102535132
922.109160881
765.915510924
454.728254813
217.59173588
24.4600954491
539.382128314
474.90352798
716.605588883
423.788186552
518.389715621
667.035218533
158.784383091
30.9410590414
67.8431085201
208.938854918
286.735573346
302.379994331
230.819908345
749.074506942
462.428736951
44.4800248048
463.698685335
743.518315628
886.456534848
740.05317031
794.334226323
258.493319299
390.559673695
718.87524697
518.301082964
613.522336019
955.234913545
800.810470671
117.905599183
719.083601095
360.285924807
282.363995046
34.5628517074
470.338435964
503.454215751
215.899148918
174.673156541
988.629858748
92.4579751474
631.507436289
636.258977882
819.056470986
250.766329063
900.151006914
37.3478323243
742.474141401
878.831825759
299.812594591
453.82584563
657.193822436
675.600411229
421.774478062
191.066015776
842.349093726
424.235773184
111.779821298
370.410413294
565.380825644
641.849834549
777.56450687
645.568618564
783.662622405
624.536065796
195.759342382
469.534149382
214.671922008
850.406331667
85.6041882855
197.988661076
279.694118159
218.520988377
511.693813154
654.665313903
319.46862697
697.423298182
491.404724262
398.200831756
481.125899149
702.59745452
391.888757992
261.613402193
556.050386265
301.066495483
535.033334488
61.8200546735
630.294598757
28.4595296684
748.62124496
205.250458313
863.65883923
858.5106601
861.391010289
695.820893174
474.221721855
831.46812677
833.604818336
139.92997238
488.050576926
133.029803663
398.300762332
917.624481525
849.991912736
650.479149267
315.875238
570.725010303
245.173325585
362.151214714
238.880212846
399.028729195
583.03753481
76.8592083766
884.925452493
780.239161366
181.274594919
94.6616389859
1000.78526231
825.610026277
446.631339187
863.150456258
942.846439411
418.814073116
509.99026602
740.682742145
379.113822985
628.469264862
23.0732323617
494.274804247
459.874291213
276.475789946
585.901362633
594.34384479
744.831556712
72.0879403408
238.610149937
876.22199789
466.666698255
970.492486186
389.521178782
23.0904989685
848.28343398
993.740487494
576.70825133
645.021043788
353.290762103
557.899862464
448.971343129
662.505455685
15.0489132769
25.5282841404
38.099047448
518.766884455
990.638054481
87.8238230393
233.220689834
553.483042663
36.4119658579
325.15126669
507.589388763
308.220302768
697.160668127
778.543570978
858.689483288
532.658288139
69.3325908562
958.587681592
275.128097547
672.730457799
740.325854825
366.828897273
348.416547106
485.604814313
903.720460571
668.126875194
711.434385927
590.712740754
857.660690025
147.235854196
890.594317951
773.906511004
284.86079551
859.651613842
290.834458539
243.304622224
268.925931603
181.547895267
495.457197335
52.1243652592
633.196367803
317.00766783
492.008392807
510.797509513
204.04073041
362.175504731
482.372590757
653.142181719
660.815986305
3.74526991515
572.810887335
38.0356354499
450.830908208
957.617187819
631.78137924
804.717352551
652.373106432
904.420710488
899.125274199
113.32895356
560.847508074
916.875420894
503.517571477
379.476489096
820.444167401
819.943999141
869.780162635
234.848901148
810.307689101
633.558197167
669.29019758
160.082807013
667.949764331
