41.9205453762
27.5508514221
451.550510972
402.334367262
68.7694157482
867.45260994
53.9823372805
826.107123469
367.285874272
123.137465649
591.716011976
290.114063272
780.739598323
315.039589443
952.879420924
784.929860461
517.783545819
295.028192579
132.639358352
511.002106949
172.960906062
31.9355090287
769.543083618
796.794444173
602.173380511
530.588846067
668.581616362
675.342043618
987.200514486
11.4431148592
729.246934579
845.42450029
657.034585392
846.629826984
941.343517575
458.593554862
725.963645159
327.055714306
812.574817082
258.015343885
777.001143668
79.4180537759
675.512104314
656.62222582
643.833807268
690.319244442
64.3381190404
2.92734880185
439.810821018
729.08422288
205.498284918
799.389563221
576.908288293
75.2066919045
772.522232437
59.1373753103
301.68533709
818.234274128
56.4180102092
938.268296042
323.15653032
517.971421998
47.1420709435
573.500002971
696.58393393
344.992206889
163.124288115
911.458983813
975.365975122
248.447325993
963.900290863
786.627976552
295.336612239
413.793385594
583.789079121
746.523433941
635.861356663
737.868862211
273.977007023
385.725809042
856.547793467
436.615250866
207.531033626
746.418258733
525.343654466
30.2696308006
524.319806008
951.440214778
461.440620012
170.285230185
655.08152832
84.0649004716
427.367571326
104.659157692
864.785876421
866.281225449
103.001012913
750.711698381
90.5349893328
979.08792395
466.388683495
745.213948044
399.519071987
978.488618053
463.785417773
741.998065813
139.379303681
399.997100713
68.6923258373
157.121888939
135.341987968
74.3169050644
687.964559489
325.182138535
786.343598766
967.429558583
705.860682775
123.218456533
327.412092669
84.8845731873
820.245948003
96.6351274168
466.841346218
794.746529455
606.910635224
960.643497273
938.479859137
315.190227508
792.293555115
471.957880254
358.811857852
525.744433339
993.292673409
273.86922128
534.023281155
449.058094008
910.095305539
153.482743962
89.6457517158
153.084401314
311.735062446
206.00249387
709.842866961
294.338232801
446.988607409
130.284498258
594.542486655
944.651250418
398.412379707
263.624660113
523.501806755
196.749517945
783.3944305
217.676617218
714.399614531
984.30069489
460.965868737
670.452092948
121.506305465
810.848862702
664.86149106
839.43693009
167.73714387
768.828240175
782.751386749
823.817936581
733.248798298
432.229797663
260.453536706
287.69524499
192.820970886
975.46340099
437.991952879
294.864373242
600.718555396
937.039087357
419.59011229
710.483344868
156.721392172
72.6880591712
527.969794716
868.871553778
707.607815294
545.100548302
789.081733991
502.685756578
588.217270043
909.734110602
970.652271671
753.975043044
797.648472505
257.845612326
778.782364685
407.113378649
37.1483997441
304.909211667
605.70221701
927.923617813
677.144966016
531.271451275
206.118483599
936.361072484
931.237311624
195.470714057
86.5507382413
532.853194255
776.46716645
738.909359481
383.468925494
368.994081974
202.008718211
931.328482467
400.080781969
50.2942409256
218.548505072
653.489278274
554.713714951
576.314321321
319.91237848
82.8468751971
839.234356681
575.966633507
65.1493801097
428.023944997
122.804143862
702.29449938
808.785950275
796.954958008
705.104499498
879.241455577
46.2656668656
178.941081016
673.807762559
290.201656536
832.808605994
203.828441435
199.997778895
788.188274403
666.160591471
827.844991822
251.292289943
134.147508177
390.736258653
273.456478579
464.692008778
290.947728838
440.840049317
407.831166552
824.745501042
182.109450402
896.399728924
398.274274854
940.557993575
302.417443289
565.787425468
596.465340731
754.150302212
639.031284115
986.96444172
916.027003581
30.0146649239
308.36038438
884.055958636
864.553911244
821.203258147
406.42977169
947.826568181
382.922627676
360.280047713
365.19317023
459.113447202
567.872330394
380.469684927
41.9618459001
517.176763654
26.2657338136
940.154688914
530.539551237
124.54505381
34.9330468746
650.166530658
609.633630657
292.91274896
338.240096963
774.408927941
817.886412442
769.47434206
149.182249497
461.052076853
989.678359666
442.480057839
875.718907172
427.479657757
552.13873154
931.472686582
849.339664539
655.620162336
766.602122836
640.166534889
43.7304527857
19.8261189682
498.440444782
745.679442708
910.965602188
7.39808868253
701.86959697
834.941909396
20.0405426406
582.727298178
647.111021454
567.555286194
668.998993807
452.732719604
384.492197748
118.862057263
556.00979099
801.60158087
794.247692835
145.412328019
300.731905762
785.653030289
417.450619599
107.616490339
950.777124497
75.6463203205
323.116686939
261.82129915
946.137389948
85.4075765159
187.634703847
449.316169347
789.188836352
669.830162673
470.397603513
830.873329095
613.802474855
278.18602394
968.89707941
933.421819157
455.919249234
304.32108598
958.473764428
396.8615552
877.192557643
666.400637456
803.136651819
626.367976391
279.434473584
572.086487242
632.996528972
605.656483069
686.007380449
119.286014503
663.158499954
176.246184506
13.5806005715
705.233252096
529.714994849
618.836235344
932.879330352
483.743830398
57.5296642809
262.051707518
245.440041056
27.9089283091
327.538352777
622.122134591
190.353681305
315.869071994
710.807312443
669.458624865
939.020935389
386.763679517
766.908474648
676.281427454
574.796782842
197.599656295
263.655537243
786.439463869
587.872521252
547.623738478
111.492042482
755.730447285
780.786568839
83.3153880811
481.252444628
351.511049484
262.31939917
369.949304417
551.684210191
480.589718144
423.448697351
458.620350338
188.386527945
947.110116577
599.26381487
769.442644398
956.36163254
742.425095112
24.5958482641
152.920238281
546.423724154
725.399256045
798.41842206
760.297868771
438.094556091
352.832214102
38.9602842995
717.545638851
256.282337513
63.8227797226
414.344267426
17.1635919911
328.325339076
638.590854693
179.755056131
475.115613527
8.16593749667
847.663351275
734.123878691
752.143642878
888.711784641
226.889387417
820.783716405
999.707115538
138.633535289
336.580285535
332.782713519
352.894425331
56.0143349308
519.804159348
80.0576890691
23.2050341593
748.76829308
218.971631872
164.667391862
890.628636385
912.127428965
162.949089689
715.353887547
66.3461048196
258.213016783
561.326569916
194.070883936
57.6238353101
439.668865904
723.350925707
598.919549573
918.327062188
672.318826426
212.17567
78.0097800936
170.721206373
780.230817051
936.52542014
447.416917091
622.604691544
15.7080023776
442.349201769
292.673955959
178.530216348
210.049385586
818.610432884
327.893846183
159.4932671
891.550480818
214.334989866
648.205745409
456.647794961
814.242345986
987.423633013
351.889260236
664.308704322
989.833680085
832.733832457
280.80420286
177.397286077
288.258681114
208.802086526
1.76702069666
214.543282538
906.162715555
890.238364453
514.035772782
885.910009206
689.637278497
784.511579358
885.046469648
536.399822006
834.637896137
39.5661519737
462.724260511
393.742566327
551.265989332
91.36187333
443.405516984
690.808460921
775.867429478
773.87379486
994.303395866
546.565566872
591.504278994
215.712280083
242.262481197
621.389595001
910.029609642
512.734040403
495.694901519
795.560526822
94.7265537374
141.498509682
814.279536335
172.11677786
902.023617151
851.808992668
563.451635813
977.517797159
361.995887035
318.135806469
759.697768375
708.766779702
399.50048376
117.132781853
757.310593168
815.348656134
642.60112547
118.627371906
61.9994029468
118.281967633
665.955116293
931.560529189
441.308449465
969.214506856
702.921323062
434.575324259
170.000671309
282.788391295
198.828317103
42.5551457621
329.965554969
276.649731558
912.860729336
922.497043872
11.7433240925
891.48670342
824.165622922
425.547734926
990.510619209
984.972857855
473.596295538
991.121012338
703.390750526
514.922351692
468.387782354
900.514666762
724.873742535
186.060919402
269.085188319
282.046571548
845.430543512
472.354654304
307.904351519
654.89903187
307.121849902
807.340728823
77.2327032754
790.602241374
104.710190774
513.593090224
752.025635904
238.446596114
122.25102088
308.432328336
969.947532004
448.213404555
534.964988104
471.625415571
77.2737756694
110.040274521
421.987377881
294.23329088
567.65853583
925.021815319
844.818726815
47.9685027359
369.531591514
498.159121974
632.772807332
564.97155411
977.09358093
980.555752964
687.56333639
479.988438595
538.385840181
999.565750341
756.370829754
174.21844978
240.587283743
783.026519634
797.00883167
311.123212478
252.078140948
365.713798844
461.698392632
532.958957597
399.427387156
451.924404624
778.134646463
253.029259183
963.633196876
320.56175179
19.9376875651
347.804950396
987.980029915
52.6197524778
859.578755715
928.693455861
649.719084779
962.509027722
961.683013561
912.244779756
560.524303892
984.764415604
530.340479829
959.327714271
724.008283141
193.817197181
23.8517216382
542.970916904
730.242073165
916.370478063
442.308972566
585.687712282
15.8236822895
860.708874582
228.998203961
763.496085818
74.9487613383
900.891921675
963.539632211
376.834966849
616.664783107
254.267511537
840.394978405
947.523922632
968.739590458
185.029683359
523.942698148
695.058125003
135.093047328
970.375333051
665.677036873
671.154609753
320.840649497
9.7163959853
259.715610289
296.542348096
705.665158419
971.671673167
417.92438991
45.2575408098
873.620730971
787.892422452
656.082705942
909.761210854
986.229910515
636.917092575
397.933398604
852.567250409
0.342283878078
295.500985958
204.100509775
681.719609279
637.831296396
272.224116949
665.55544738
668.547617128
843.836032217
61.8276749
562.810990913
818.731730121
291.308093963
3.81662082663
499.811236752
150.155659938
189.662233754
156.123917566
114.797774256
12.1884100797
217.060988686
741.386029365
288.257602184
212.00014246
391.729189487
701.425054743
954.116298406
199.534072906
974.607137651
233.169557232
352.209757941
518.688604729
419.95893042
549.280904653
553.196619265
325.470088496
344.196675252
204.368777884
97.4695674827
582.939525467
957.066735358
90.9878478821
0.0839780028414
825.11175623
792.591164151
74.5668824279
191.756196061
282.730437497
76.249175871
448.621208495
427.416607595
604.259210828
175.095436394
821.439853285
771.579019508
511.544207464
908.695959784
613.223919698
940.148083577
927.799974874
795.765002009
75.0427963975
233.209778546
965.319139413
834.150897539
176.531147551
452.094765129
639.349191638
640.384361206
492.534228684
161.660818856
847.365070742
997.399292015
38.3004938031
972.994024558
708.288565227
372.413339085
799.493364659
522.191249442
610.622660406
575.143695059
439.924282296
503.462180234
640.313980825
467.801018271
34.4774853378
646.979732115
959.500345879
358.693249848
607.873323012
572.55527028
804.045757743
282.687160966
210.45312074
532.138567189
362.567203764
585.546428577
415.245133054
18.9753820855
492.289791423
354.937231887
965.186547698
374.866711884
776.374493443
388.265275719
565.888449589
229.33987851
800.290881338
576.155828015
887.947878199
144.850847895
440.277420422
313.40164155
288.929147791
553.013524025
571.712422441
315.273079454
654.082853999
949.498322632
187.524516144
717.189519048
778.622452883
488.653966976
93.5011099361
275.556113873
362.08100689
485.201449899
338.664275422
722.741910399
959.151267319
933.45303912
290.270971072
908.219577895
68.1372240878
602.999121719
569.573263525
458.141080742
320.025362663
273.449985908
256.233965757
904.935087306
866.466811754
190.131576247
118.960833288
219.128407471
197.872530457
75.5239445291
593.059273248
53.8476723523
163.72896875
553.43788355
678.412474989
22.5323450078
540.405008885
57.023226811
944.953613514
511.757497784
338.537905849
626.650831329
170.09867508
491.436690112
953.167616858
968.495066354
692.178958617
407.631346585
660.515442088
3.14343505835
961.351282579
796.204404566
590.471747535
367.481211222
1000.65552982
656.552128425
650.582850137
694.301550958
973.515606409
324.764736526
477.316384786
955.054670413
706.194255041
422.724648557
974.601628376
641.980108781
296.603337266
524.776782026
623.046254303
2.88413185849
710.940823522
281.953576815
127.295200171
152.920806213
537.078922435
797.828318899
500.580457664
317.276681454
494.344661419
601.243677757
878.829193933
966.389467306
102.908905202
168.691885489
309.132405608
887.568005066
453.126502732
31.9157588584
962.014618882
452.063488003
63.2307673816
989.978037509
252.318788442
639.123215252
253.570927259
638.574870567
680.472579044
71.5299262305
903.981276497
323.355505774
308.10948774
666.9570754
743.719213431
295.307325163
6.73575466939
867.621712431
421.260063214
45.1267024674
3.00651189904
688.300908704
270.647223468
360.611662952
413.588964593
706.684457494
946.587578882
100.39990026
76.746447501
287.40385021
543.847105679
475.086596823
777.429455352
538.397835867
298.727717997
646.002763012
807.170274301
359.403193021
907.668088328
818.008672411
374.865478696
108.933865495
375.138123324
569.674845366
813.995790795
542.989927761
845.493058055
803.252908229
898.373141445
711.678326778
275.381844507
688.035600337
379.633860997
327.693107278
169.935768287
796.119859049
167.94498175
414.983017106
726.096699213
146.228473876
418.238568582
602.945311726
883.681803754
460.099836933
590.442638521
823.203463293
33.0034464172
395.069266813
199.944582402
961.305721779
119.972748198
804.14699985
937.783733238
501.245759571
735.664122771
273.524140983
248.249156587
492.783952565
647.644731051
12.6322677459
589.465204246
958.173448162
405.679505033
612.631372688
283.699741348
184.418469611
843.663566295
606.338049971
37.4472865216
374.824794485
182.911005403
919.012121046
714.966637461
738.58095223
127.780030992
771.297946148
994.101827038
496.043853565
517.920874744
259.250372926
775.46318859
745.521459858
364.065445484
469.370706506
823.682344792
201.708402764
970.554189651
247.300449354
264.565400773
449.098258516
774.790861288
84.2373468793
943.602075772
57.8693515499
468.080246794
27.1267546175
994.250079464
586.764719459
606.776176985
777.622427463
171.444156764
666.634068412
391.391335917
444.9001679
957.725023427
515.003324583
