281.10715268
13.0803770647
374.516793456
628.696631068
741.990181949
443.672685114
249.022750502
462.488867192
63.8169986019
348.399483028
112.613291134
389.51568031
707.653557752
604.351725985
279.952463361
7.62949012504
128.148652292
216.959672647
807.663683355
524.022080645
920.965778247
180.47275335
15.6382809897
229.597859934
891.614151135
918.736796872
443.613948677
451.920111082
505.868790971
206.255673187
186.395840172
709.392864227
923.444816071
474.913613346
294.550535044
30.6275609151
906.7204916
219.199051869
719.988473255
299.228033663
837.665659345
200.696025766
817.126461123
437.786281447
266.034812892
944.261675946
446.088933673
704.87279739
644.582750463
157.318762681
570.356393009
316.221844348
726.473210507
4.64465409897
519.821385413
357.814755667
449.06400975
87.8315934348
705.655467175
884.807983991
486.016145124
781.81748118
324.682497828
928.351646669
510.649129272
640.358845864
931.291664241
649.578407533
372.39266421
92.6687478378
22.6103441411
763.915026285
515.906899152
828.109974129
407.954506892
420.222056863
688.534930201
189.04711392
32.7573314699
565.401531088
892.454434739
424.035120315
251.130366033
238.768334484
47.7400416396
743.28498542
327.305862387
627.735598793
850.732295294
871.197760998
795.647723949
787.938198909
273.37746677
598.024308815
188.459270294
456.102385763
355.562740059
620.331055604
700.146328585
673.812434091
711.3165787
105.98867353
644.397862184
600.109134057
118.930102548
933.114046444
973.820378811
478.429103271
787.557391019
744.609424737
608.186405888
56.6706173436
399.796381764
440.826769099
766.698941849
509.888362423
751.974917219
292.261338761
459.677019459
999.014385515
812.003022567
767.036725957
105.673421982
728.337787789
126.261847803
4.57609844525
896.169011288
267.11320025
706.875771371
901.710583951
474.951463298
131.682977588
118.98751195
494.38743608
509.430689355
428.17982976
100.848058995
322.110110085
541.914254877
500.318733431
487.106052512
383.489630466
25.0497467838
595.839940098
610.903216102
76.9613599369
255.854007229
76.9946756573
199.986147914
329.735232577
805.160697258
225.735532732
643.331241186
520.361667866
645.260272944
76.4902795498
741.614122082
193.748372459
789.664974458
342.552981939
42.8811283805
667.718719827
210.757059279
933.077780648
604.115588625
78.1164921966
907.442372782
618.913244316
564.301919488
450.584993765
953.395834539
616.223973388
114.638732905
199.790449371
279.052296278
619.728092196
223.225680573
895.075196918
299.193237317
993.538169541
6.76500126386
116.850595055
150.260926907
377.47836626
623.382050775
559.536188093
320.38530424
623.718359805
426.956398929
146.142829082
266.885664949
755.210815305
17.9533514941
452.069347514
370.836286877
315.94905676
75.9884867546
545.192973345
539.307211937
624.076486458
374.84942295
896.733073908
893.493206593
669.259300932
756.266429427
404.574968674
643.127685893
15.0991101015
329.162355896
51.7687396165
34.4793682802
988.446174758
271.162620365
274.84213873
136.977826375
493.2723537
534.696606837
907.897186719
201.733956139
276.783896636
758.018282871
644.858709858
910.6050347
123.376586277
563.420338296
513.586379737
587.062983201
484.235619355
37.9459406075
877.034642154
369.115531648
569.181691097
773.34511377
5.13384587791
146.013815784
527.714381764
242.736986326
885.210644815
379.349509498
775.112347127
750.429943785
542.079453415
590.368128131
219.579785498
810.292888096
208.892405352
597.377294032
820.436045784
223.20291611
847.961873459
155.812005679
850.198908357
110.865019297
863.191294261
31.5035659157
302.010534096
164.611984545
836.394571056
721.798240949
886.912105136
667.934621885
630.12001897
3.33359544897
601.078656752
224.681246536
512.063052705
916.029184942
769.644381484
289.5544567
23.0683952541
55.2660536287
596.424517873
831.372399795
259.936444442
711.562217588
215.111051935
873.741980013
475.410333965
334.151334968
566.765972265
819.518193267
692.983841907
210.602253474
173.223760285
693.200706275
460.804337175
529.35309949
355.389904576
42.0699706062
774.461153877
413.246698639
596.527650563
374.299563218
257.115039118
760.154867482
801.44186502
543.097702023
970.347193304
688.162654363
622.707214293
528.230026682
50.7763695126
277.48248781
433.283454508
798.598561908
117.791499098
737.470904204
66.8230089874
194.7483152
927.343946512
587.361216314
944.636922694
746.694638296
574.248318493
12.2173658356
153.844992421
971.357278295
530.126106148
30.079682042
911.821988403
875.717053616
691.360431652
673.151888862
523.145357431
992.786706037
102.544970174
40.4325333313
373.928828053
856.513462134
496.503453269
699.058386156
994.843668854
325.441496692
990.787397464
998.400028719
369.207212132
53.4956674656
159.809024988
798.028336228
776.00619586
365.25299419
770.973118139
775.837764614
562.62240059
830.865453346
818.49348928
810.53860538
28.2939495826
575.015975989
242.366438246
343.095743108
737.894829011
197.998274567
146.286345335
669.098110695
130.349161432
790.405666401
104.041012435
50.5415031231
956.193247357
77.4853587594
518.509983647
657.380011501
819.718097932
424.788116743
524.93113334
674.558223533
533.311067338
531.877624201
308.40784761
328.560801392
893.112874215
927.968663329
96.6469741446
940.961454138
302.716406749
18.9009110129
295.629681578
423.43130946
747.875398011
470.381581805
88.1878134512
186.507462382
650.187129545
729.296753859
813.814522564
951.074170542
797.190966528
775.734648332
187.479616539
767.735856851
580.536043947
348.804542737
884.583429103
460.036611528
498.764672364
372.367618047
608.964240923
36.6974789157
44.7497537613
343.977036387
89.1272465394
276.033351189
845.839387497
916.323755622
366.223739167
758.255624282
647.684345101
593.433750724
650.249073847
805.16704205
274.447989127
900.92688074
94.0996862176
227.004816059
546.158910495
471.929183543
189.176110521
470.679659496
661.711228587
914.523314803
316.621343627
368.297969416
817.625582994
809.380315771
76.3109987122
626.544845136
889.738689092
983.254613774
889.377793188
841.285795057
749.70983528
927.210115227
529.704751477
990.37095054
840.104228049
73.1909336011
677.729205237
655.351896295
521.973907887
524.760214456
759.270455425
957.987750887
849.096064303
387.528314085
718.865448432
10.9349071459
732.48187726
84.1756413069
716.854223841
482.998457917
693.906459974
905.866578698
532.83436392
440.101724228
517.75946287
264.945559857
693.207735591
815.368184343
115.265655397
3.37920910825
804.038525306
855.376893191
412.320775335
575.592884687
921.922335194
479.553322253
963.87695504
175.382811226
314.39853617
733.246110919
281.785953381
657.791557189
670.252895416
100.78298455
183.940031046
765.746672415
779.74092273
402.73346473
916.02553958
334.276154864
158.753957726
12.4018049517
36.5371570855
824.822365079
602.09149861
408.857180145
305.180518267
954.148107523
1000.7354715
951.6265257
691.628532406
934.052779961
297.270589071
297.690120484
968.49974157
680.837518641
519.104269969
747.10895263
563.889672963
228.300472934
655.771570681
419.530723741
914.26705431
948.695208999
409.651439189
172.530231422
79.8230878423
847.131929178
211.341700012
471.351501542
732.154956796
176.881861336
627.016990913
320.83715605
294.694960232
542.820372985
739.475774265
821.8856591
432.821819797
859.41277533
807.683412232
31.1126919244
572.739958992
946.189960613
309.005779634
827.764189372
824.990559631
821.91653206
544.743532616
482.601368632
783.092034402
530.240665044
232.827140156
353.689587507
158.574286338
24.9912605992
488.58076442
223.038995751
758.757929914
867.135415632
503.572084679
804.358057157
53.4954068711
328.416249389
249.306907849
622.990989593
908.285329903
950.448650563
550.071636634
988.569755013
860.622879291
423.650845053
587.778386997
619.469666803
93.1413155849
974.223979344
498.597832985
458.192134219
984.635679766
560.654440676
924.254826181
203.507860247
607.118625723
391.376681579
757.668719314
830.836037845
642.264768305
247.200874659
373.93455794
529.635735443
144.778920962
587.124133874
800.480058131
893.732959926
758.071137871
233.779865727
694.457511613
56.0065290616
626.715744807
465.856346761
774.690502288
676.373643421
381.739188928
870.433400296
809.231461281
95.8294858002
23.2368407242
632.593531057
641.441617568
82.0331537644
588.560470785
515.096496242
943.904661587
162.865260593
609.001233365
691.537277435
418.395561586
628.31752001
242.443011337
884.29948224
682.108896704
24.1819241656
941.750051889
824.552485475
879.323690971
134.694348536
463.368621961
99.2820258284
715.146255787
771.323531927
843.147152286
872.926284153
316.777795212
588.222568216
505.227424992
636.497706749
128.985368028
560.988615678
651.471034141
708.185039005
560.03524383
300.996264283
787.325774413
322.275940014
54.8173214558
527.672506453
771.36476514
247.072065235
986.586288352
436.068969214
656.110507961
346.146434126
377.993484251
408.209221387
825.783405402
222.823536383
46.6035210668
40.3028656413
353.565652379
706.256459126
691.03269296
746.997790771
849.038735971
307.674337021
713.781086844
499.095681835
816.830286152
173.910769146
108.66492316
146.333678145
79.3252597744
280.521970132
718.529171614
936.684276285
74.5690182437
294.996475884
927.462369357
124.144934281
541.486645484
416.790486555
771.947868388
945.079975051
779.842671003
983.575085297
895.81275424
22.064510316
956.793536936
212.408238125
458.991665786
617.667513741
715.792775559
42.8360756021
857.55569896
171.546657666
544.238646067
220.014487163
440.33598265
377.587796742
736.270675427
512.168596253
472.667262555
518.905492614
839.039827321
281.795896517
619.581981103
15.5968131381
248.873899697
95.2279028568
930.998806706
276.565257719
348.085127089
767.32141468
170.630336244
784.359622783
116.233145794
375.170999951
442.380118159
105.301254342
222.113505085
421.738455945
397.682002295
428.677056691
996.105038282
959.832362063
182.885667864
573.020756226
528.274148862
809.54377202
162.141991404
988.828763345
945.616138685
435.28205533
723.770612461
703.775083861
125.784938805
184.937628554
975.977684207
454.535428971
549.565231684
298.827732694
787.661794749
133.982119613
409.652818236
73.3980066908
276.10795344
887.051430926
373.057008178
796.57900747
585.129048278
341.530598315
830.688928985
676.782675288
510.764923219
188.402873254
255.846091907
673.124240134
992.382773495
631.645013952
164.132547932
304.201741967
189.531512173
224.510471756
900.816909588
432.396472874
540.244470131
732.364824613
751.382223354
559.699890989
439.996600126
682.53276987
489.564045724
487.127622411
312.950699425
277.275521636
427.71836773
224.917935201
694.361156989
349.761758234
27.7445387747
646.918083023
484.618795791
77.4124862955
934.222577243
760.943368594
987.532789655
942.098588781
663.402282892
28.4133070533
475.018591056
480.635681047
995.122050842
951.905722474
623.621982521
170.352315422
158.289230585
967.555797473
937.541559951
50.6055681107
632.242442121
163.136480292
434.212113574
926.24788297
364.325659436
321.705931478
540.624799657
745.428089282
504.841269715
274.91075624
773.600126072
996.675144126
978.052488771
586.385844561
303.780546522
224.309184797
289.318199323
166.000328357
76.6807287988
334.390301078
455.930894894
737.17954617
142.126784482
252.750695222
291.79547894
441.117198405
107.233993531
301.183371231
417.719406338
790.411283066
37.9492799886
823.794574457
46.6743943181
874.145860177
146.876819968
752.658350221
476.471575659
223.576106847
381.624877476
131.691662345
497.114748397
751.880214073
167.326905159
902.383818809
982.131808811
570.142162831
798.573996107
250.897368383
265.061701162
364.226101667
92.2674574343
665.863262637
972.821362937
53.0720046096
991.403776687
630.5066051
475.15335096
975.412220846
696.743122286
306.64637833
913.892835389
987.522233224
752.964795433
570.781041401
994.584362574
344.387558066
674.709067332
128.521916089
569.278194617
379.901368429
620.695601365
475.261228165
213.283418251
564.050806934
898.243275602
492.537607313
971.762406175
439.425031083
337.45081159
897.416392947
659.227989181
982.130645533
401.496596389
261.89308754
83.3361726202
726.847684178
920.40168812
894.513883414
123.213583635
599.122404619
592.723237731
336.221940953
171.433013304
894.487237028
60.993197689
83.5950765509
170.967324126
626.986201522
52.1217165537
358.581641538
620.593457308
930.868461837
177.780397753
128.744287265
392.394552653
462.25926086
716.110556421
418.862427134
442.251241453
160.784705453
979.747045411
721.946766069
298.727389478
522.746914921
609.318298511
665.751241479
773.631681321
593.935368895
52.843584432
663.460583236
70.6046662609
829.430237885
838.384053778
801.128684296
227.314597454
201.474196114
629.759472619
854.233455604
734.928095049
526.942886772
232.282927061
821.420481582
101.068661546
923.16047594
483.219930018
212.928205862
123.569596455
218.534397791
521.433293613
135.843280257
920.082452567
109.962311917
847.173788816
592.408609503
485.149319498
164.154411077
296.73839903
639.044236452
110.746288788
759.008969829
704.900449676
215.143067647
256.352286608
275.263745252
248.170891957
676.709491067
602.046417791
585.131722165
437.142968583
456.534059411
735.286251792
201.078899376
449.636889605
483.045580875
240.058569797
17.4944531605
627.24227939
612.457022731
330.647285192
43.3580750954
6.42549832831
135.686411095
437.34446816
120.171569464
894.525714851
66.5609431887
528.027993799
842.007232677
231.513900675
350.150124531
677.375366189
884.930915928
439.931139254
781.086922922
686.7419099
680.903673027
933.997622016
89.5835744783
202.226722871
782.643276219
503.194425378
574.375085187
169.497782157
114.807984089
976.667360298
902.625953973
68.4760935852
489.973008204
766.476118017
915.142692744
535.457868307
690.666403549
39.992840196
305.832258628
924.939402104
561.190678038
194.931631766
689.571561991
121.175206989
473.981639903
888.452177746
498.296378583
190.425040602
781.943185812
404.277755622
431.476699605
669.223071976
713.812762921
516.370412645
633.959815606
878.732969182
