327.828825884
209.18356727
731.753877762
213.537833895
282.027356598
250.587929798
286.690979086
765.881294564
460.986939428
732.439859366
604.467894444
714.27773452
695.579729635
73.8466416326
854.059388914
775.088763724
158.796311537
792.25579646
285.693876257
769.486196807
495.257967398
183.969739699
224.288438841
869.605429432
699.750868892
9.30974733663
364.597378627
661.939870916
601.498257808
898.986649665
440.362104977
569.575228265
715.027682084
64.1398323254
715.818621399
202.342406334
150.825738032
419.696053536
965.770260402
436.248185979
134.948928941
639.128326518
842.355901586
123.68763637
540.51649654
976.406657062
804.933246908
97.9158724776
230.275176454
715.392848592
980.697759085
655.308058176
204.370352273
832.391776547
89.5393580813
11.4699013026
140.84097192
370.291662478
185.199027515
832.678212994
27.5140518188
555.936952939
277.678534703
34.3805598175
624.174555699
562.347021393
63.0639355905
987.379069374
703.893292177
68.8573416198
968.74501876
281.281298772
53.0660638598
204.127679804
215.034498248
777.695219476
692.081994674
128.87879187
228.480559317
70.8909867159
754.223819901
492.233394792
704.694013327
289.995429805
591.671715697
671.673789979
67.0017763386
220.715647561
564.157137993
919.222264145
413.137885155
256.439143887
320.151356091
252.491849286
880.96217658
532.420245142
893.547015034
934.729485569
40.2264163762
160.654290242
762.555244687
957.031427544
717.797303987
308.457132706
950.4962735
314.322281731
431.547181364
686.43945124
862.607552557
535.092269046
727.396666252
304.03307657
223.505684442
756.808486099
577.966401914
749.381178886
878.085306436
379.706017918
842.539298101
655.941715063
8.59477746167
517.459824006
735.053471149
842.892926044
533.276154956
736.640040042
614.35835714
726.840608835
813.428754974
296.070146635
898.135338231
896.314608364
201.443895614
749.41083139
833.204586208
248.386322639
145.520999803
149.561626822
878.529891117
842.263875357
910.501753266
713.162892014
19.757511196
30.3701341778
159.270086974
546.662806986
721.400810376
427.300197989
436.416738578
9.43556296459
287.129502596
712.254659415
351.730477931
576.223599642
770.379296152
722.486203014
130.045421594
401.987464395
435.887145644
402.585679118
306.850099909
245.315882217
477.742996587
545.297393351
634.023237935
343.681309199
732.723606698
751.767661978
812.15053764
887.75643038
963.359778523
946.825060479
107.519268575
669.698705389
450.93269598
179.489689016
419.038139411
785.532221902
958.760035865
833.061357231
293.696568931
780.075839382
422.419430688
981.697672732
197.034049424
929.103439953
712.47342053
322.168732553
852.581220243
555.079689036
958.991497327
663.925854182
429.923752543
52.0557980736
675.91200516
458.568922905
559.972964765
640.679073844
812.071226263
505.394203541
190.154682203
251.32975983
311.961201025
48.8253478157
355.433336775
542.645197246
13.3266532023
305.619943989
931.917251459
945.692450272
898.188435276
378.602755376
279.763724549
857.73123172
550.346849687
858.977585058
24.6292438021
369.421567941
50.6052861111
67.9044697403
645.853689199
177.071823689
742.218749168
204.771396699
13.4451988777
447.700533457
100.803179508
108.465877818
199.16748598
547.560413827
354.663268061
937.922781161
157.487466945
742.412053462
576.153108817
204.000013999
795.926848399
457.048127383
501.141071221
361.699014459
920.482185433
468.785756343
294.98536971
440.131578191
592.360717176
227.701751584
970.578467687
582.573296997
152.223307815
429.177740996
988.129301982
103.339963301
709.275068664
45.0900774969
417.506924934
276.467872535
75.0975798645
464.183329917
58.2907703558
960.98345514
814.396087127
648.49599513
546.454298643
113.217680975
912.798226998
467.659405873
310.965210261
813.191564775
55.1048128259
395.740305963
865.126067491
799.068157257
279.38990485
772.314536116
767.764844613
898.01975835
141.313244768
795.035507962
141.20355435
549.39942966
981.141254749
485.869628122
111.769900647
633.265136023
601.819991766
526.101765037
0.847566334152
74.5690717712
698.705713596
582.671619859
950.922711376
634.122681103
754.604842144
678.606987866
383.873320796
959.503631672
8.49487974924
813.152135773
248.086318588
939.230745706
556.665351687
566.015255644
715.691429658
309.626033371
327.53142791
413.320676973
652.250501533
821.902026833
203.629672582
774.144507926
290.140006269
528.396801692
811.776974842
697.48830716
969.459992479
55.4678589649
624.14773797
523.881586648
943.772704691
542.677065201
905.891305709
928.676436166
181.090063252
707.018938686
354.185842814
489.953992527
658.166206176
227.988700442
667.419491684
761.944215013
546.165257684
814.151396433
259.994793403
28.1989408631
741.87796683
604.819326523
98.2878996029
882.57789691
494.91213132
539.282914172
247.288733416
814.048112287
684.594867054
776.765638894
938.63583326
640.642978274
892.732171596
252.609415068
237.534948984
898.416185491
651.884277797
809.20666005
248.628007161
433.001121086
60.4252053681
308.020594915
16.9977151085
478.484849578
651.373756383
231.547308389
475.45388355
341.015965091
858.676479266
594.206541709
12.4786161885
299.74809597
634.005520884
803.058789378
807.193951285
381.194778177
365.660127347
594.384904334
947.799385704
494.643601804
185.580063005
764.799757694
871.983770171
842.420755803
973.614234001
898.66261963
718.193223859
462.371448653
295.286076761
627.509590818
89.2171717485
65.493602075
916.826247139
144.172778544
148.255385254
669.904830129
437.625846472
209.713224442
693.176793141
352.542821692
621.983477863
562.415883952
657.283822389
498.175630785
235.298387085
688.339509303
545.038001712
771.457585089
283.218117488
559.211543372
307.761551053
68.2127078519
73.8107458413
962.565032534
277.565708572
43.8183099226
675.484541725
880.430264947
32.9895963731
231.402951934
366.21371111
612.503518447
943.833235983
547.758861047
383.372451471
267.677865717
782.087706348
358.922651122
504.862189767
205.50071092
203.548061951
139.421759273
930.002783507
358.631757033
732.854303584
502.226679615
949.343437831
800.78078987
230.225604426
596.528462438
809.888785837
486.747607028
286.02532136
320.497920145
470.378178839
988.209885081
343.544012782
475.645109478
67.4477714834
454.775585175
748.117632315
556.677374377
993.185221585
178.160244151
978.223021528
953.581186554
364.131858015
914.903967297
849.449813277
927.722710317
707.546759202
84.998594181
528.089199316
886.812892006
496.651429825
585.051791664
54.3631581456
153.606124269
853.443292111
903.148517967
985.219624128
950.360579455
709.004051442
846.51736178
368.984784289
613.000314672
609.662863858
313.961603421
865.953482612
153.742201008
935.54469108
682.686984107
184.729214857
785.989785574
181.491858493
305.738557177
560.796364501
335.723860579
290.725496731
683.295068421
418.20239642
900.034656226
69.2500300417
927.21555495
616.659210781
687.244779543
658.573871333
426.354738091
432.652929555
364.593389353
697.89362565
884.013557818
437.813593697
162.244914636
130.261611484
399.677135903
375.02911558
888.332521152
964.241246918
768.119345998
242.994926618
212.785634525
110.120431084
486.46101233
713.062331025
727.898311032
130.76518324
921.670304054
672.984442302
403.127080282
385.000723448
369.965352985
616.425600753
360.45627981
195.201355199
736.598615113
295.543454523
448.00210125
57.3886374943
583.744970096
157.550116636
948.378861449
189.621814808
799.033745453
471.175587378
323.981585858
853.150309374
471.628152275
250.843357084
70.8228963081
264.828575907
251.051863839
53.0606318811
250.248845602
560.001044024
180.844263832
258.159126752
384.845663878
431.250359787
381.383757343
112.017816719
769.601326905
266.122971343
190.056716963
193.395486252
685.03886308
354.695170653
554.252538631
939.458927584
865.130670849
107.905561924
562.714216613
513.475603546
836.58671674
279.064523734
569.975744345
18.5254133889
744.603315155
264.415859648
916.628589846
323.610142197
612.317299479
56.862709438
548.521590484
685.155033235
552.796734859
934.616781574
436.924569033
183.869580088
295.216531081
866.522811823
868.428438114
245.786243988
787.13638445
110.285442763
606.402202063
863.826513933
933.963404288
984.849157539
469.230490574
828.389414104
785.499816552
584.621465056
44.9892473599
29.4289303431
159.027575854
319.388164623
49.9653280802
171.348745623
517.653442905
688.246158366
614.693277691
29.8852389375
373.486460355
908.368722824
500.967817254
124.684370806
476.66864941
168.497190332
781.439342058
330.893169109
656.498359969
312.495968977
86.5280558894
622.63746651
568.103935016
799.389734758
749.288627523
472.085554293
30.3281829507
166.104472611
931.594084255
310.843023906
30.1959685589
866.474036933
460.523188592
664.325433904
898.233747969
71.3371064627
547.389794836
556.131357433
120.58973715
8.72939629397
67.2068547977
706.374374938
459.287436837
548.912990159
459.840972188
627.305542076
318.861929178
798.663139558
341.801956618
745.752600286
57.1993241127
138.361734859
526.942375104
947.658065122
648.088711381
143.024719662
26.3564640367
139.690665963
30.2012606855
759.362034609
525.930373492
407.849621437
734.851445972
644.114114135
749.243229167
942.809223428
847.112823495
666.452124737
949.427192279
367.649678582
7.22386688754
573.48866259
322.211353293
146.330427205
211.961428159
75.6035731776
478.832909121
850.356527055
540.1214051
33.0881362747
741.146749365
505.120106918
936.164267025
171.963821556
923.426163558
273.646399452
556.623141702
913.144011639
56.9868287334
517.00189926
652.178937692
132.17304751
472.23522398
236.787559151
451.635250248
756.060634698
125.024589313
814.381997414
207.6273621
613.571006459
21.8061166188
237.320336391
293.810263556
586.042365106
736.627156279
501.191863908
309.657905694
291.092234614
567.630785539
796.15865896
310.201682698
18.1149199161
899.634658242
454.211118958
190.647020601
538.444066956
329.664969758
802.81650346
75.4482058004
672.877757058
574.28482004
32.5969140607
875.363183192
27.2650528056
869.780224765
141.573745175
294.148681028
529.310750587
508.978271846
152.381897916
287.660036549
275.167622368
785.713471412
350.131306026
809.89629873
22.5774209147
676.421248392
332.166444286
79.7647071021
18.9839690325
873.891753327
514.826311169
995.583165215
319.364505741
672.679599818
879.86406326
417.26696714
710.139343116
282.851452273
971.880216075
748.326138627
291.506189918
191.089126987
812.627774885
627.90525799
627.925589644
775.063187621
239.2188852
600.216807865
531.707949407
859.687252104
413.781003697
613.038594399
210.905032379
926.248435958
529.561270556
882.878876538
286.99980315
588.092884151
524.550612316
780.098755978
716.886496721
391.910130987
865.444296526
422.245214642
522.487461578
162.851192839
55.4200964874
279.642641891
623.10117043
694.971474092
951.865558636
565.236110525
180.940916791
973.907285154
293.879438062
7.4512231934
346.509156263
759.893769696
490.702935141
405.42709168
408.778563741
225.521090406
944.521569988
788.613864851
377.907745197
278.052762969
367.4439508
319.667148867
532.708321307
807.768390271
915.597518296
327.641447662
598.316900855
51.738523957
738.207776423
27.015738944
463.083016378
424.061361085
474.146901447
690.251599855
607.560431513
908.02387334
265.053237956
336.188457003
325.691140724
635.595003034
609.507169791
782.608780821
193.545189152
980.262665569
807.591050105
849.98168779
569.703129666
732.81685497
127.434308967
855.025969377
545.775828866
309.519103678
27.7610247056
625.206977236
402.786218346
231.560982752
879.256919934
862.074499365
373.885654994
608.206844888
344.288270299
148.923694276
508.722277899
454.551396955
471.722799297
162.060843721
651.459689933
995.027193053
443.567350809
63.6303553848
515.917780862
322.104467162
853.74476851
167.553925275
900.740366355
259.71555842
984.651856806
229.622198734
72.0543799462
468.027896168
981.749427742
774.621382446
854.506936281
326.487274164
914.924197421
217.961912869
931.902653642
270.544425208
555.978027868
512.564416061
240.296925256
267.27566203
710.723205795
237.243458661
425.04921392
450.249213924
200.839764015
435.60717663
61.3496912652
713.593297805
958.104435925
412.379333133
276.459083277
558.846855891
496.948712557
701.121859793
307.436465778
658.153174653
672.332011341
942.837651197
988.67918
865.578383443
727.34722676
204.982214208
557.00027058
800.116395093
305.856664492
705.846724968
23.7926356564
764.713632561
236.545071737
720.915053709
973.428805745
61.2873974724
94.8035151669
355.023694236
122.633443166
178.306987475
759.093923007
459.959016138
806.973954667
952.238296125
854.583438713
264.515124009
382.816561154
283.931666188
69.5282521987
621.129705905
603.455225001
733.041026593
856.03828146
312.703011613
568.042705946
163.478513114
457.088899583
631.295149091
696.062579234
676.521422573
573.26755119
928.923084471
692.809397074
379.432703972
193.27489071
595.940323425
499.459504002
913.468308992
63.0665544942
430.845235315
810.925320692
34.5162196088
330.066234924
633.260601476
891.332760841
109.893356019
183.498771899
763.842443315
668.089870555
599.330594626
185.516609968
697.134365405
893.81265529
214.083665304
744.091379605
684.555238229
151.089982084
714.982083831
440.608894286
935.860653451
634.591417845
254.757257524
774.69692133
739.301385601
936.0728882
749.44874209
719.743087139
560.829020625
801.261524379
715.202629599
972.924782354
99.2935569242
225.653616515
706.314365794
314.281169152
807.143635359
911.555821356
445.37447976
465.161155461
424.214752839
138.454924165
296.066858523
513.983826924
161.700895254
207.038946968
96.4461782396
982.255054069
285.292597975
821.564745182
96.587384529
45.7694947666
305.470196422
829.016331895
687.853412132
529.414703386
847.044196446
169.341339144
116.798876328
785.589214625
786.220658414
525.724992979
824.928735615
141.431509365
321.085202294
741.644987719
677.399192285
898.416158267
997.085015744
114.093877798
284.195136483
295.340127958
226.167144011
852.922134764
680.94172545
963.84863106
211.382540897
640.903617087
57.265209728
