644.941163527
162.836876047
290.881478065
327.119085596
578.451382545
558.483072652
83.8382983011
528.984283267
625.650360092
366.543449688
409.022147653
918.39071553
100.379025622
549.353154713
770.305739357
137.587987743
388.655318084
112.681419927
950.487749368
715.716474546
392.331291826
193.561263958
968.076199626
747.001286097
964.290566737
243.70181671
123.860574289
61.0672392368
406.447508478
850.310876782
91.3751512039
763.64316916
619.867907455
759.406523693
384.525768793
608.194490966
487.268662371
578.137197068
901.916826388
656.486955565
741.875080548
338.642959419
569.669376764
593.629330529
729.849506051
242.344306365
853.306528067
92.80581172
537.712678308
879.060393138
929.391790689
144.323225181
849.942533372
288.664321554
942.481374075
176.006713306
567.721268584
466.523863806
739.25952387
796.610470692
937.282526941
340.197465977
17.7474403328
889.527726096
878.911134344
372.562259367
9.81813147702
227.16379515
675.954068869
850.524205495
61.0006184182
764.241519447
138.051305131
543.078454517
937.221074905
528.384969117
880.227203071
258.789439022
86.5840926935
422.640622803
501.820302258
34.1111522746
333.614090381
880.267188542
766.500090194
244.563379276
534.251348685
695.269638227
300.733386543
561.493573006
288.967818459
454.102838385
849.567068588
798.323094495
815.697722469
835.62453942
805.974316863
135.988921995
404.248734644
137.457038426
121.460502937
863.153764611
875.50424682
332.71809643
958.492490806
799.475290217
447.414252232
649.727095849
783.849056125
715.081378129
642.42740575
992.918875169
758.165697123
619.526507145
345.091588325
813.209775243
796.427648922
978.660251961
517.768633277
243.613664027
843.819469071
555.486264929
781.696032003
559.47217719
964.188246589
524.777242033
819.630200142
743.501384288
711.582438868
651.972140307
921.726086611
678.719747194
37.6418577642
578.245456147
830.786087662
474.367200068
534.223544534
918.935676969
57.9264650471
833.122027542
49.1346826462
38.7820804258
811.29904865
349.748154279
980.916380582
365.939685774
111.857693634
374.564389528
794.707662313
659.370521345
261.379124756
603.585448066
492.317301896
925.016262497
674.29429856
282.245549189
451.280185947
523.048701235
652.544495319
900.589091884
301.91468931
853.531846549
950.760529082
88.8531903205
503.107703146
874.898533379
68.7760898246
269.092543795
209.38153089
561.49961684
757.645611226
977.766341447
896.511309728
587.806389359
905.281689769
957.91073334
956.449754461
1000.20644483
449.662616053
752.022704163
518.843891347
991.49408342
921.122312282
745.560426632
407.081268503
797.998089081
134.407862648
653.369728203
839.434802537
612.23455154
368.364588689
688.207164823
340.808092682
614.235209477
305.865184765
301.480039669
309.315673298
34.7894509791
888.195110116
141.219247805
576.423774467
640.727388411
574.15739198
270.722858035
504.744556205
880.589535463
807.786547473
371.643314094
971.723816531
566.616984258
320.522156716
595.615903673
588.927057151
757.368926883
727.546553624
691.675111983
376.755074853
429.322093149
384.40205242
850.209868841
806.060060842
930.705081807
915.645392539
577.839631355
125.059697045
616.69100182
872.770193965
15.6557316234
463.991559046
608.748591386
190.27123472
77.7840036534
753.301541572
447.372270974
695.6238296
787.960993857
431.708554931
650.341089262
81.604309654
44.3823105858
350.539587548
495.777757665
358.070376513
182.267575037
304.43026717
340.987624199
927.059008214
740.66457727
723.76724004
177.45726759
592.602368578
74.2372480094
603.672229801
820.846654889
466.000981192
630.745753924
742.993930273
446.493055242
283.064527627
616.444085671
14.618939138
393.169573006
444.596408945
437.138446387
923.459348247
75.2360900664
204.39896178
735.721429532
312.763600211
983.039041095
198.188942205
334.724314612
885.529611145
134.63394662
814.800165302
263.638053416
158.267910159
100.639821989
474.841482812
607.23108523
521.608536716
327.746289708
517.171616832
178.056618394
863.362261287
777.501880273
752.140332787
250.424294543
227.485992475
573.721674113
65.5892197079
333.087124183
223.56323621
202.361788943
862.869661745
377.853126736
985.162510238
862.02955697
363.336034464
82.3533207282
1.50872600513
774.989083398
950.3214023
564.521530196
645.681661358
661.039029787
252.136635779
438.312762244
165.61789155
308.729009512
12.4499427978
826.236810915
639.559592971
665.636660684
485.102639079
416.807085659
303.812400057
536.773327444
985.086434765
126.615025322
833.200340872
80.0867056548
241.833282262
150.688986634
664.123426709
636.877577654
193.833288543
120.393008831
274.979482368
988.086119687
750.646882082
442.413744681
218.435106818
673.433456658
126.957087717
490.469589761
947.53755897
796.505552182
790.40888395
986.62108548
119.598829363
183.098932055
686.283493282
910.25217999
831.521152987
552.552695209
7.66846835696
681.250136511
420.626948995
790.12017557
752.630735325
714.915236112
502.586159904
140.141610614
789.793756371
580.299054848
353.536702295
298.365438919
886.824824266
22.3281197601
38.0728592638
103.175268319
808.687881562
862.218808707
500.831749232
494.382142911
165.268709811
562.266583581
913.513143672
588.089182202
799.36638405
531.980943062
33.3283639154
805.152531108
981.834092425
20.0694680761
24.4171138987
446.844981632
313.550619178
503.330614756
55.449135155
485.214903181
900.589209063
753.879377684
107.28767622
238.252547225
892.866608269
365.468218367
242.012441681
237.670796211
943.072982586
736.419230006
539.692690254
942.108339593
96.1529242786
713.241533861
174.976279619
974.994806412
50.133508282
924.441348734
985.646787899
444.378741858
964.365363393
456.44791985
449.221187796
342.330048793
89.8758170319
739.26042997
49.786460689
986.079784312
217.125217006
222.471652927
610.558254413
877.345248506
554.910184482
453.305139104
969.814494084
352.153281355
143.523331852
251.198871647
205.855699096
952.852665863
763.733639494
187.304464839
386.630246367
314.804708363
880.998320174
25.2140505388
121.873594475
374.032778529
143.290588396
803.929722905
669.082838774
97.402667683
231.223739651
50.9801058426
791.595231298
866.92559048
478.168470403
811.980653583
489.100681537
142.830499285
978.455585587
757.424320884
838.897191439
543.627849959
715.577576408
98.1731504962
688.351416555
444.075151619
474.249950495
934.120205659
813.635833895
289.86047915
613.988315102
876.769873883
100.822615776
365.954647795
226.33141484
905.577794101
754.58459658
758.471095293
35.5338013622
579.09563272
4.44566705108
318.990173742
468.216597019
413.407885615
829.736263726
312.984708831
264.488647455
306.932460497
656.857884547
839.55437342
497.844551638
298.758793081
536.862282389
491.280400682
947.63093728
106.484810407
813.751169074
473.685870509
575.556570347
50.7871100393
501.508783118
333.902375261
80.2767608815
998.783669307
858.231607029
466.353419346
589.768467765
511.804677833
886.417228964
406.009411591
10.3341079638
686.564871513
329.008936989
927.716878504
98.6489916287
869.569504595
989.89837887
225.311293421
125.47551399
167.640988022
614.820598878
941.975374367
751.141016405
524.899283124
87.8942731345
929.021753352
292.908272443
635.261100412
24.1292326418
296.06954959
173.632341344
34.5538246269
711.582813888
593.739175638
664.035454211
201.945598416
224.342753749
726.577105701
680.866416701
437.560930357
594.155736405
43.5920057256
628.83442912
456.148989785
706.308514062
352.856410992
509.342877536
493.671143
791.67108918
66.6986231464
123.946007961
933.564105532
269.792558799
538.78582502
959.453791403
727.5662251
540.887672706
369.758217984
374.414493671
914.28062437
91.5378170408
753.196760069
110.287932637
587.081017637
315.744312826
869.028847526
560.116108352
844.866729019
843.042657447
382.614054964
229.558460583
386.581750357
642.068348555
605.983392414
761.34883111
261.745754231
688.149566097
256.369839247
444.405044415
144.289487014
869.176295331
908.170891559
937.162494424
727.673623761
327.021402097
781.68956947
563.295359371
747.416313137
707.975528192
871.889954841
719.960055074
668.887403012
493.099287021
137.256448928
326.285158025
367.931820459
983.913260298
396.189330325
598.556325104
692.672646466
797.260520491
654.563997098
883.600599363
578.433441277
712.631685833
133.268471942
143.58154675
561.983828431
265.61826651
174.631221201
120.551113597
760.522220664
981.699248076
747.73054831
115.530994088
496.127506971
471.560805336
811.833669848
736.799962845
620.772194293
680.427917227
791.501736157
752.973278574
698.422384068
97.1889417083
875.637557187
883.78571779
149.476161576
788.080171085
939.457738939
482.401227881
251.955288614
635.121099096
317.00971738
263.759557949
719.208114274
948.072186876
860.720104312
499.263798721
850.462900602
361.216463822
232.564342621
485.408867852
329.626487265
403.815235282
258.231035414
539.188053068
2.33018395746
225.215683264
926.122522963
843.364048102
335.328602281
942.347593304
279.275695829
237.426082362
895.037111821
921.183463836
465.909102921
473.158179599
806.227040654
250.39528206
963.561889776
119.078665781
240.619971292
618.985472332
812.992408574
570.754089991
911.273736591
670.927930489
616.806427947
274.132658504
844.645118896
144.001928459
794.406487435
936.44431181
319.982579762
78.0301401814
576.932684339
456.640975575
197.745146479
975.341070185
491.900769216
785.583628518
246.410278159
424.979384607
885.384073772
965.254418796
956.533877116
808.805262355
882.669026077
480.976219415
179.787431463
144.123984722
981.708358159
991.989153343
529.695203965
213.64859934
843.846516836
134.73657629
162.545555605
717.658173909
386.489344126
329.116057989
235.473667231
765.721493721
492.932351768
789.78090167
378.189339023
989.824159187
436.479829409
354.762758111
580.671361846
909.53303898
536.8648154
291.255362428
21.6370112152
488.829463957
498.514981169
869.966869416
689.518512025
953.472668183
320.95954053
120.835260268
492.271888181
47.6980634219
412.204328444
666.720970369
327.967314666
95.559369536
454.699520984
592.063458167
247.292961581
678.804455693
500.023075524
512.302433809
713.443819515
498.421432873
971.3298738
403.997924336
30.3761604727
977.204878571
145.857674212
441.79505182
488.148819488
182.26520441
419.725874265
568.883640796
68.5321949019
290.851899086
536.008487172
711.710991625
937.130487197
969.409289369
812.430164754
534.906760422
274.694891269
339.165169885
647.93050917
395.844964726
673.279399904
955.007716263
645.902165924
425.501230829
252.131099272
483.878305579
21.3066200826
755.796260931
778.828688436
973.12766949
380.932544681
735.840742071
44.9063268219
995.597376707
344.522086155
59.6253724617
284.886059468
291.938372101
613.201745191
44.198024972
963.6990588
112.980295389
922.868612184
134.596084849
51.3521642765
923.593679804
610.173468423
304.815527504
869.28436279
746.499067866
731.501156534
8.97295446825
281.11700604
743.045735504
344.592766561
277.182781276
63.1797255098
503.291909786
98.3307746504
861.694428892
783.557879383
646.294981185
382.266190789
945.08733427
681.61404773
539.667062897
505.429053537
550.215472148
695.587247685
273.216740773
516.931252952
163.304729227
431.600565413
323.64933869
762.48015994
225.272333462
202.647764546
31.119872773
239.912048426
622.186918549
666.952141499
508.440111968
820.676667412
264.411375903
456.542021349
664.88871608
679.996687965
900.709062549
961.69716832
997.43294584
176.020049131
655.235317372
383.276316734
336.038812879
580.637608363
985.6523407
967.360518106
339.192618349
594.101011546
497.9229182
892.175654572
906.589701223
858.009706234
351.447779305
405.203378512
530.712795058
787.422154208
319.538105184
492.455401713
561.68632768
84.9199233945
139.714642134
186.046499367
234.949959249
710.504182565
580.902045726
281.804345669
816.591544994
632.245178005
472.424368753
182.614484156
802.06104067
387.733366806
198.115904455
409.212195607
389.579622307
780.517142639
468.208426727
101.925712222
388.698421755
325.764208136
622.555663255
430.379719872
493.785151086
425.106569762
285.954093737
844.354089601
631.386959856
491.693018498
524.479364593
259.430645488
489.303476279
402.450913643
221.430885544
796.610567487
420.807051417
607.815959894
544.021947156
628.877566813
703.337503806
2.15141815304
817.207370866
704.739028418
227.513707125
222.667673057
325.2753266
295.761439766
368.640678113
154.807196005
429.14813178
757.471597179
865.522760303
835.180019343
436.323010874
323.694405036
367.051296904
156.331439326
411.956105468
651.208379696
776.708178143
743.81149858
16.5945283676
671.891584704
381.122237774
426.250114511
968.805495517
6.29188892514
558.222978674
717.642489335
349.739955438
998.258981837
237.938529442
971.163696005
837.302919628
934.002870769
25.9275694551
39.1486686404
39.0479985367
716.014188713
643.048818359
598.517670985
104.452489359
480.849571505
437.55138813
888.619293363
757.724651796
44.4736418618
534.352212939
621.218996652
480.323225418
991.135955102
927.767958278
639.23476221
729.061951959
199.507969182
959.309892797
777.277640161
776.250159177
456.147282971
233.204804098
632.90071192
739.16048351
394.257943157
228.584727049
249.631842188
709.477971935
115.210684471
230.661288406
452.978986774
784.535083933
265.948489688
611.507220573
934.230653743
134.010856579
46.4500615076
667.571682486
596.07139211
30.5059387337
922.004437286
866.128924822
766.984721116
737.162317741
111.442371097
580.945452066
418.325999056
85.8910566109
665.11531823
548.233573092
632.537232442
798.489086233
963.531832522
815.757746585
782.995447088
382.169710371
287.602938652
866.716323361
306.460817216
378.386185904
565.203785206
70.9673293057
819.421587387
442.002055941
449.262272551
581.67857099
14.8810519427
32.6465065905
455.549661937
276.794382044
130.107278423
299.588415597
644.259073326
417.231843507
666.519278609
668.463475656
739.574950667
564.023535116
783.277333033
131.443157691
662.169688698
729.875649196
695.030674774
977.205904195
966.377002871
258.35914588
438.22969699
561.438695795
590.342606602
