244.913082226
993.013817624
351.085733009
496.432448691
816.892907922
755.831668316
334.56301937
184.126974618
801.757432449
770.575401841
942.975608214
947.268920243
910.635521663
24.9502111042
515.965038
671.413125938
734.625572089
603.764843858
710.842918409
338.140115275
203.020562926
1.75069662505
229.485295697
83.1441473074
23.675195475
58.4025377743
174.819779198
597.35156471
159.219698838
523.685034731
693.473223649
244.227021809
826.704451326
171.656392494
598.652029268
959.510611956
204.697844606
991.378002318
973.381472943
390.633953903
108.068742278
794.365141274
8.13382260952
175.487404547
452.768588268
755.260550192
478.614242224
699.806140979
636.385994347
197.259512404
547.387260585
500.798535526
818.908776163
995.329038835
675.688171064
881.827088612
840.285685407
483.697884609
957.136330883
5.51837571617
662.696048148
995.745211788
463.555981827
34.6518446519
258.288678808
967.883153363
103.943001981
996.461736746
724.750643666
915.047636399
903.06054181
788.165869144
801.395902015
434.499691908
55.8285686607
337.527313105
974.574072959
873.417867604
898.006591626
262.077518849
654.0381133
574.703525362
415.859124871
112.572140389
335.752638912
773.67440291
399.505532418
696.888473348
553.391619978
752.360349706
981.16810635
454.734176123
424.153497982
474.523515678
707.653359894
976.378294023
51.8354274603
237.251206147
731.604900073
356.934559905
593.940918159
682.225615567
353.611723785
886.094854167
312.581609264
131.116546906
966.582606861
909.678954393
318.771693539
803.377484961
94.4789308987
48.1688068571
89.5843881832
169.926091679
331.715576134
725.689075985
667.083464622
15.1577388278
699.592883837
236.117134548
279.145398237
243.841123994
453.677801957
601.832809779
82.0601998674
288.574169432
660.590977003
731.937916354
164.562586298
566.733559702
623.890658396
571.522280573
984.923423475
344.749395927
795.650247216
708.86937189
696.313306869
789.80893559
227.27737109
493.432969405
548.622544976
476.218462836
114.251719075
324.722556698
727.519439212
70.5722777803
35.3476545386
450.149312531
397.357081008
203.636045913
66.857234009
734.000149159
197.25856312
360.472588439
921.57861815
826.110021852
698.053233265
20.0382007544
851.76863439
635.463227093
92.9924073072
792.744989867
54.6606039442
249.480696973
484.145002855
53.8943281339
402.101598579
877.693620097
155.411796246
191.708445227
907.984227305
970.413911278
3.56331123826
325.156977534
594.595740908
732.02425395
788.081946025
849.926953898
504.382715157
85.9771297591
635.102502514
170.583664297
440.554250071
647.629772052
541.116868544
421.226621973
397.007233446
459.226677208
339.235874042
518.681630139
134.560526371
325.33937899
985.236156014
540.492002518
583.375163678
720.840688944
938.944147815
808.392025382
41.784037192
629.70121462
793.801153596
134.148213263
991.19565223
532.628038322
177.690941881
395.939647591
48.1118879443
736.526784963
526.663460565
449.469579244
367.122074839
123.949667119
897.097632719
441.783968758
956.869582159
798.217846996
14.1159110593
681.943517765
754.20043395
790.483150771
300.492849376
539.216188994
1000.97228355
339.621771404
118.69468831
742.155735853
476.276433377
264.870312817
449.443237261
689.754697988
555.666484942
466.861782074
269.048987626
139.842439476
878.778133808
604.870009317
82.1450679115
357.67394693
943.453427292
458.454887237
815.809950818
412.690961117
477.814574578
664.807778342
532.257746232
885.032707239
111.829019401
645.665324662
684.430906544
957.131171584
435.425448603
830.014182181
23.6152592658
609.241469862
900.984904
408.726663379
876.472424365
451.266125276
108.928976088
548.865013611
808.511385239
755.329042719
243.665549914
907.175117023
945.089862926
150.317981783
263.512832334
377.269586222
152.035101721
869.197099815
313.279340827
130.453924643
756.450689571
864.276929201
438.661185998
131.55473206
991.866750828
289.479343815
344.634472879
738.114665575
161.675051993
575.753185709
122.776181412
561.138451471
34.0019343646
278.01372038
514.800549624
565.989993675
565.27799691
798.433023622
674.457657865
174.697324148
837.92588443
466.222872119
227.613475641
151.20163785
437.944389157
308.320202043
587.834010626
564.423871225
673.77810064
830.202098146
203.398741856
463.606202607
105.676425729
96.0588007285
962.604147791
888.392444901
865.945822902
117.431351505
431.878339512
413.343419177
297.802843836
574.067343006
52.5747049769
811.879351716
730.752036523
484.488032164
465.182263425
646.958941149
760.890608637
567.196778485
546.27034086
202.422042368
513.741731506
39.0246032078
690.894732704
513.529045523
309.561367953
925.512769985
972.719105888
46.4596121081
818.274977595
765.864043114
682.259542526
703.675623786
604.574040527
624.242785884
344.498600077
267.192523458
179.932750042
497.881420777
666.663892188
231.994581154
432.204872047
822.648572405
890.427192403
869.160515147
985.789202774
177.476657497
448.294087723
311.099495719
466.659963239
688.496564055
23.2360217285
829.715372588
820.035258835
298.035963742
964.198385761
243.725493403
797.664479489
673.398993221
499.991997687
576.701958432
371.14729658
42.1630463672
499.053654161
350.991900186
663.134856776
571.731316719
610.178943608
807.332083226
101.082649423
877.525902335
493.529317352
820.513002699
333.542825928
63.882035446
482.554104808
283.16358377
982.318779466
988.698483368
25.1010158072
342.583452555
837.108503955
245.375948686
216.621978954
758.341612064
730.059365333
798.745473497
835.153219011
613.546588375
525.641350084
334.773139482
901.804430864
723.877458414
162.674539755
951.266815967
231.180239206
81.0862564308
995.091119656
261.219205722
122.603907208
607.442825864
312.35274849
8.44078135859
185.90548485
238.315228876
465.454242095
721.35511035
503.78390833
535.740620006
80.0424236293
286.377545773
364.845043754
721.888568833
938.181828301
369.385992262
428.086625808
101.044316847
196.988778967
836.296885423
534.569395767
402.982833553
757.695999443
990.850394609
23.3610171905
634.703050141
297.555197595
677.912179253
770.986131675
683.231039189
976.614314673
634.415011542
202.619778779
875.603764281
700.252106056
925.896095593
115.237552187
680.311536867
483.217432113
360.401894187
495.102826615
359.144666364
797.398798109
714.47875525
246.373172578
918.071111695
295.523232444
953.338821455
959.741806755
650.57420741
422.192774166
583.676422958
32.9252470795
795.329477325
549.543536002
212.976877905
246.635931494
399.015679644
560.361053524
408.761383884
652.113938376
810.471221379
431.08085795
233.86674758
837.949762814
601.646099312
911.617070305
555.455408336
116.137398342
212.191719976
987.609692142
55.5652459303
897.79096649
700.458149145
879.541542642
867.662858497
247.603514013
617.253882839
659.914443121
433.418641338
238.478763688
401.834194242
441.008234821
758.261728444
847.813679825
811.432047932
772.328127751
563.337336051
51.4105881534
581.038558432
449.194212656
500.014112351
716.062428289
77.8533481122
431.707859517
354.55194124
545.219360713
499.324980746
839.722139509
98.7169847937
301.487390516
274.883556962
336.135562271
88.4174196974
155.426479523
593.451964687
301.143331607
314.539969722
924.150758893
578.597274408
418.121555655
446.981743484
298.479247534
875.59065375
427.095490285
300.196218745
656.883450658
259.757897164
194.591120696
996.400009095
585.97445508
682.895040493
480.132947723
974.957481127
131.765169406
368.806917546
254.971593415
723.691300171
549.562455086
345.496674586
58.5124777238
230.897696025
226.873943251
916.490153107
681.111000385
707.126147363
643.865569718
529.259976776
722.183048146
609.534737381
82.2030128481
208.374078257
714.789180906
504.939973086
722.599041437
934.244253979
827.555001855
487.420750831
605.174513234
938.022847962
567.969052802
174.055841353
963.963608374
377.625417568
772.44069393
851.111832881
695.805747481
894.223072174
677.445408677
348.372133118
595.562709458
147.295669539
201.07615696
338.57101458
682.378853208
215.113821846
385.107840387
787.057433019
385.783216826
958.593044774
201.330639085
219.375426237
945.931741027
615.779310376
289.458902918
502.528038505
553.3703736
454.761073362
354.234745467
277.787554684
429.581264752
74.2722755771
681.199456685
209.843688792
157.376354732
519.508590458
720.698045369
791.568921142
740.729498667
374.203431835
396.37355407
426.988605525
895.950805084
441.217963478
769.526295684
326.488291895
196.49708899
852.947405213
845.996609157
951.789312195
901.422936605
260.958096638
294.471485717
40.8073701791
200.704938004
964.860457776
683.520363521
130.905579136
653.091740002
843.219013956
421.336450887
635.719004397
810.348196907
477.005867083
856.256950005
790.731463919
448.652928598
872.033514263
419.865471827
458.792141032
715.655253681
967.544668057
118.485407312
428.599215802
141.298733854
28.5332727395
131.984913146
245.758006008
100.928445557
421.849330828
904.393163595
395.630027334
38.6520563058
123.177225856
812.631869513
551.347455015
956.209305235
854.844444627
110.334652981
828.173567396
646.679713395
718.12800099
633.048123801
680.004732639
865.049571733
250.412654345
156.739864588
380.725221279
592.552742019
667.832530842
640.235374537
326.519538168
46.8151395158
758.586259967
987.388895549
840.301795076
344.080671268
546.318473223
415.317924694
574.308294715
976.888478679
780.441152012
145.51928313
807.926936096
762.465886626
481.99886414
22.9259416135
951.922476137
304.535461409
429.880918415
116.114600454
889.339000585
648.008699348
300.464167944
813.590403127
875.900153744
97.3447834228
763.162982133
423.444177149
332.564575917
848.586362645
937.798853808
497.9660305
480.517548145
235.024881081
60.3032192325
253.803239986
255.741279907
459.564943671
298.236486687
213.318038942
235.771818525
7.9402712273
749.855954469
90.5015498134
544.351610041
930.074698599
503.400482816
3.12274265742
205.39058307
614.693661076
813.852786827
98.2792109281
74.6646886565
303.869550554
51.9156678538
921.585174003
978.586853432
563.467816113
621.662245056
512.894907203
723.954618019
360.612621885
592.168930417
606.898944494
650.618914207
710.74696
663.212633026
871.796001494
70.8638529757
575.310249963
647.955322892
90.1607529689
244.915241268
215.403936223
468.284690695
813.037460036
343.0271301
706.125259029
154.33885584
636.633586813
785.560004733
815.415139825
112.583021509
705.029653776
654.043077664
731.023817564
161.694652527
545.959706156
543.597182735
806.89532943
845.524626445
707.768780348
32.5237931668
260.204169723
440.997985632
365.916474945
221.301601975
390.073104488
821.671242063
945.802692543
594.108793934
896.487091295
647.136565634
283.352604971
369.742259563
438.420158296
35.8958629875
61.2214462312
419.66196599
18.1226560375
849.731123424
450.722922167
524.548514952
424.869502787
417.929429739
56.9140436205
121.586394743
960.38439324
430.805825487
297.282712212
345.110790772
178.687471189
654.315108364
581.475412602
206.967069438
821.008901202
664.743036224
352.50042648
191.787719842
625.581688564
39.4408244898
871.048400131
978.213519759
232.5821874
672.821793432
14.6941291574
670.06810587
517.865303786
178.445814349
340.395878342
638.890027835
539.116947596
966.245502517
234.325860057
783.425480182
197.408252457
819.068786615
216.042538126
541.911706911
250.295491295
285.744781299
454.337536216
724.347661223
804.123532938
573.823843594
953.908921314
833.730720397
854.726883461
89.9518573895
688.019271407
840.615186371
980.117269117
677.160605531
889.620070201
417.477327726
543.740880392
141.939745383
287.844850524
501.171044734
765.483286837
765.049959244
376.397726249
733.77568258
326.9657525
284.095155791
228.809731586
258.641656679
401.808855733
966.131616511
839.443226732
663.387271613
678.888732595
220.729613242
604.984679406
537.232934265
322.250524203
359.342329988
973.584489564
382.25968596
875.72045698
285.929191147
47.1712553647
628.636647991
689.065119891
568.792246921
461.415298755
551.463372367
178.413216892
103.017100592
558.321650379
240.463193121
121.720870857
580.8814948
228.271683162
185.591714693
498.234929555
516.867195794
83.7034910638
784.962897933
139.814248483
496.027782593
954.705545
49.0578391084
968.112870266
350.35213542
34.285374679
507.913469667
275.655843477
440.688169666
533.235783107
52.9940230682
63.137217618
905.238347608
501.801737324
1000.51647635
229.974966088
331.59907776
110.597180326
102.140188983
988.632180837
305.554395844
1.05955711034
97.2156231693
709.576212345
650.978000742
294.422398116
348.435811134
831.132022529
984.300608695
156.713868191
119.2607219
365.86804698
622.323658082
960.19740976
881.842658384
568.916833104
556.420493601
506.624269779
253.057689235
379.631276697
610.837607764
597.120859411
263.415264457
282.299133769
253.148833496
151.630752696
260.438648507
963.981214097
773.393541203
108.592562907
545.613437328
30.5425761934
526.4591606
565.461832486
474.661257244
462.887230884
477.592888324
174.505570618
155.518713478
228.386749529
57.8674999257
359.148456743
850.096751355
412.955838751
332.543087163
328.579589721
654.879793837
287.579827364
897.834777761
756.969053597
598.75384936
40.9429691377
385.689976715
468.720614275
826.013527713
490.501791461
741.519348164
149.13953167
731.832564587
469.991693525
83.2460749012
336.884593382
999.950549076
530.236154343
626.267725796
631.770964249
948.675870144
789.919023737
392.235088881
560.396385091
1.96310351954
682.781813118
343.856378742
623.332051584
431.44926041
491.980493703
938.12908073
986.557233104
6.44151288233
423.901084923
39.5955172816
960.694948359
290.829745301
360.90775765
147.199861123
212.060476729
322.352545533
768.440506862
508.797243774
367.096710348
426.824931922
957.210966993
68.2174365428
950.913983181
537.579817569
26.3987240738
143.699489879
63.506819219
258.935646903
910.209292399
472.407623778
557.597251206
750.724616466
273.981580741
603.726479209
268.890965658
607.205235043
902.90434547
506.636379777
662.065262171
377.643452929
602.301169136
303.145236688
532.463541304
868.943890235
240.062996077
906.616695285
