782.794670857
852.995717038
398.917868358
475.278889908
183.651049515
954.67867531
710.387221689
623.4970507
647.196558977
801.208669449
338.289659316
87.1922555805
713.497899584
380.355155176
365.59179412
715.006411115
498.742896739
913.747912957
793.866079944
477.653114998
614.724917225
911.400977309
233.382540451
920.818986648
643.888918621
438.159436874
814.938157307
933.79691259
458.071235578
816.333385978
842.813410873
563.385672912
847.776193972
494.623422599
700.888300223
317.6272408
142.527703297
80.1970810387
422.057495663
564.428306111
381.10709994
466.261923369
231.252571248
1.98044675492
462.079906763
616.360054641
915.881518823
371.136878413
494.714569977
977.782874078
526.77983169
694.923148027
656.456886604
533.423240731
624.710499064
291.224686563
144.285727017
441.81191821
226.730100236
472.643577669
618.436102456
920.785836425
543.928560858
517.728524836
972.900609798
503.676071995
721.358092025
402.976044876
378.928439599
939.6021551
277.121015434
278.585246322
914.470830097
588.196739853
641.882500608
306.224436354
978.75065864
265.904069857
245.506867469
710.253343122
880.486231218
610.361650065
535.912821605
803.955362916
671.514659668
775.377453353
216.970303203
670.096070443
998.568355007
419.791401026
672.830466368
912.997916038
21.0434463344
518.607542404
19.5103722931
296.49618373
375.157629051
383.675616056
848.14155944
628.587886732
343.779162559
870.634223805
148.591473914
817.534185753
77.4999541062
415.436598
132.083151382
707.234724523
416.55864484
708.181596084
27.9374066703
985.120579499
687.843074225
256.684844506
464.996606364
950.364880271
76.6568554591
734.995729679
88.1525857596
188.127907309
644.676368371
122.35653745
476.052372279
135.344142735
698.765741322
891.950137631
683.421203224
837.416477744
842.645412609
59.3220908698
519.014479654
501.803503605
886.462855009
796.628241799
890.355429276
184.874241133
781.897435799
307.528642698
115.968723163
259.838983291
14.4349658543
254.298207861
638.651011175
799.200519184
4.21250068178
410.251063487
890.759342777
182.759164044
787.179094927
947.228073998
242.165239274
141.862045769
958.760515851
964.986342089
753.487822691
377.498343987
302.171991053
441.094004142
271.642063129
975.594949851
692.562786244
380.446370093
858.868841073
353.750248301
6.51420433694
993.026410548
569.39506846
564.040879565
852.542766106
482.418625551
536.076665739
496.817807424
439.088349525
96.0916726321
544.479597272
180.638736434
538.562297528
281.785503763
845.799827946
30.3905270843
84.154564637
238.613204807
628.434063514
164.93952482
377.120023213
157.488745383
580.729381974
625.630328396
862.184462439
228.113916393
999.369712921
867.174955523
784.524720714
635.745670981
560.316929943
734.152081137
47.0590770847
391.554773871
846.430882692
646.040950255
956.675963193
439.304632649
483.023034924
97.5931998279
37.0155818126
714.028175134
522.890443149
932.928837286
228.589245828
674.070090903
68.8820508663
593.468931169
566.655608492
744.452805649
767.252136335
5.38858118038
638.957149871
577.127063508
28.0403211874
649.720946446
857.886882476
708.950057709
908.975332408
719.503424835
755.886106535
316.230576906
8.71625609685
264.188389592
209.471405132
674.985962281
151.974641052
199.670716291
508.716750973
710.509608812
192.240278878
363.195337565
956.456784598
94.5484863906
496.869909518
639.977740279
407.720579573
671.60199707
87.0172198727
205.700477226
397.423516453
455.716489206
71.5232051004
807.456739352
144.701631488
925.923800718
290.280446028
348.306357771
872.11353568
73.8008686879
883.543114872
2.40906534552
538.036115646
648.817771102
451.092941491
239.493324078
456.950476113
394.162116287
27.6160138941
563.361647947
99.9875279388
289.863349874
914.355034598
101.746558535
651.716139463
829.134042926
282.67423084
245.915880226
309.834805504
440.649682876
229.233746924
633.877188499
565.151932078
54.1120809255
216.272689825
575.728098113
90.4133095498
180.2582455
391.732120775
931.563393885
331.747667085
137.971946635
468.485727921
423.064797984
666.325517167
9.7626021653
805.402574881
136.603956237
104.220105165
822.027126254
778.059388266
740.776515963
117.818147833
761.656376085
277.018972276
182.891852985
971.301577291
441.901166762
721.642742379
561.499360763
129.51100946
679.12042537
244.555061881
637.868227022
283.721874444
316.651176682
644.772809979
872.585780562
343.963745794
885.238742565
501.21201089
103.473094303
63.6307552298
80.1957972449
812.450566022
762.476965432
487.564923216
153.800378371
679.041539355
583.332965597
252.888123312
6.36789063689
44.4107708555
840.515872949
353.287924336
687.632151757
507.873238587
76.3207753768
966.575982367
2.04251698087
395.138776563
538.742028613
867.273177233
240.602803313
889.832291098
285.347127137
216.010801948
506.483400178
292.035684124
238.955819443
579.078698427
398.10196902
865.823095484
208.132352601
504.618925281
84.4824431899
761.409090043
170.734570541
194.157668293
505.123896075
135.068772269
592.220900396
955.767044056
120.527399154
462.10797894
705.49646528
579.71591996
288.543362482
181.942477953
183.542572126
73.3313587004
910.201211778
6.06635484589
167.648208749
347.102064386
411.877421927
693.635860532
195.006813367
591.267397067
775.657320228
98.0314439738
683.041761336
539.559707223
108.529560079
981.173715408
841.714255174
742.648651506
991.657883861
675.020164984
960.777454518
784.454189425
241.853725861
711.978558767
623.171169838
691.800142893
627.313793506
166.490322499
633.950569334
162.617995015
560.740586226
495.411012703
329.241050652
160.495575338
381.899576117
28.6022476855
980.351281567
994.427757919
735.767553355
95.6616367076
524.852175707
368.547143745
622.187130497
123.690029808
221.318504918
527.268810984
498.385173658
645.556871656
198.901192172
342.440832851
203.466013457
852.719312909
24.927108485
881.400776004
426.927211745
863.386129888
615.145387476
106.136264441
519.231710619
597.286351213
854.900912352
386.975346685
516.565045418
456.464732666
160.546352045
66.7768754624
368.983360202
459.807087968
197.075417843
539.550279107
744.541319576
375.092972386
55.0043806511
230.818172601
114.312005536
726.329621492
897.013961037
124.525085787
194.828589828
745.129038119
486.724075181
672.023334854
760.262112639
287.427415742
189.400751132
992.51234957
736.923566009
412.951717758
546.69514646
955.374300274
762.877348313
250.744133735
214.816608724
338.569518072
734.63979532
898.441128859
654.988008272
891.134924846
380.492891878
17.4008728453
756.336947477
478.440852689
874.732689129
821.470350215
796.456123938
892.163666386
647.263748508
114.925312151
861.646551661
176.069203127
14.2924735805
271.38397594
711.746573059
445.507660075
233.860394364
634.229733155
644.171320899
990.539816044
387.440442953
337.510850287
17.204242923
717.616601599
865.315103308
200.828314687
331.230652946
99.4182436498
524.293023605
662.047606832
369.638640729
860.067927858
205.311615225
353.818784128
583.169000181
838.397190856
732.074226672
423.452934166
519.788843179
224.364334903
70.5002717835
236.961500294
109.283194498
40.921778479
455.156280899
512.583517618
0.0385657835676
87.7214549156
897.610494711
212.331189583
798.057054086
236.666819573
805.452506801
152.070011141
98.4935183736
856.697561385
888.94735235
179.897855329
988.309336486
790.80190502
61.7720000423
195.69437946
207.349088982
660.743368156
919.784182261
881.939435409
207.514392249
744.163435986
460.606643552
809.335669669
603.939998539
137.832357981
803.68394049
710.747151964
742.468285714
408.364395302
116.293751693
562.760511212
984.173852392
603.531081428
563.531496826
255.003975423
305.775355566
736.993719492
244.19173546
560.309002096
697.567753574
185.230527866
129.256849319
622.554367391
612.634536015
539.705808461
971.234870333
824.624320974
451.741898232
315.154271497
61.7477099989
501.40103831
164.594468517
53.7085576418
209.454209929
976.887332551
932.045784786
711.472130295
441.181780487
106.872989641
763.323316018
452.511060804
184.556453819
308.534023079
425.633176887
117.569554219
85.6724176515
718.936034946
182.164979675
739.697424932
332.008125518
577.432798889
443.243164843
418.80898247
508.087910176
112.445897042
453.601002169
21.1399809788
457.594288714
561.301983804
930.57510498
56.3860412647
939.567311405
401.464888171
655.911037234
263.327634952
402.067549607
527.467858023
347.62754048
825.53801769
699.367147555
113.896703213
57.72151808
315.818687447
894.074194169
27.9327059181
380.850608776
320.563437618
941.322787091
158.307909237
147.10308063
22.9181271274
262.685553417
814.309805194
781.186237572
932.579194783
43.6754209946
178.349127878
846.318394551
517.374760949
372.802332963
908.57864971
830.035089746
193.26789599
230.541203606
750.981010057
656.687147663
160.303480651
554.744261496
326.865890757
785.515172787
20.1233125456
998.59392409
293.376844405
655.575287908
421.742669377
305.711744025
254.659509523
859.596964167
657.402044547
617.402103012
476.055658004
568.616063414
854.42315012
609.801310396
718.679581679
38.4672573978
636.514237142
903.359048362
534.374816959
376.428609507
80.5092171837
824.484934876
483.236285314
114.370498047
429.858297779
754.623537334
96.9298362206
408.129483178
79.9460065414
712.336816065
834.891480433
420.923291321
572.298112485
585.788688146
719.805981221
1.19952051837
879.142193626
621.526856906
829.625624329
427.689212055
362.71065349
2.94440460384
443.52772803
507.735673668
273.112535498
816.707609242
178.700103081
394.296145729
709.841992651
900.971285496
706.880969941
633.456795435
354.837594783
467.707684549
214.186798385
249.781862488
240.733768986
163.582870023
302.336916637
91.8803616017
327.98954801
434.020639825
508.294546437
143.632538522
957.010130794
246.354788836
528.984291804
949.084217695
561.586481575
565.06062779
866.463996528
498.401168206
488.762597088
149.433250269
827.437918201
344.597334996
205.120729449
313.601560384
817.076494433
460.333146782
702.817785067
742.363210409
337.078626514
857.490143944
767.918305048
941.562775977
926.183714282
924.343224549
729.408385569
292.184197456
619.911356859
953.692364617
738.116937196
474.391103097
377.748718124
538.422702495
806.869543437
168.035688656
366.568815841
787.133518142
266.272503424
770.689996109
23.7482421349
878.082319331
415.603273792
110.174293355
564.950895456
967.75320786
196.983967868
591.409578205
575.531416916
454.865209154
958.310553012
882.80559338
827.902093864
268.763541362
830.894928542
43.2995088092
641.45227508
411.16812296
553.215482939
855.384212275
103.024682076
511.472645402
556.532564263
298.996473896
793.313724454
423.021542508
824.55669124
126.870798393
586.415579497
123.226643554
93.7091772312
458.131896485
633.783267616
728.300791927
954.310490685
177.254159122
11.9559141795
527.524002557
523.00956631
534.542410064
612.935354578
480.2993573
219.013768491
141.269247413
7.7730904663
996.760526847
207.688887147
907.980287819
414.95339472
271.15559041
200.064414108
518.614922359
816.219908235
9.29160015965
857.081109014
570.338542584
39.9430170092
86.6055916757
980.244455888
715.687522277
14.7235291173
647.43936169
178.808312012
79.6740492341
154.079210474
185.211463832
984.3740033
389.502876943
433.215439367
328.506439443
994.53172902
389.82566641
440.035491433
870.071110733
45.041485074
660.891537906
743.71655668
908.303220247
234.89227976
496.121124978
202.751311477
616.820003738
388.889465272
223.288928635
741.412357051
184.972709008
140.624090698
528.427453278
463.948383861
281.355749256
682.711157293
916.729621168
250.860021976
346.118345779
156.764181057
169.381778469
713.544747537
600.554775122
220.985119132
805.855903392
44.0642339519
707.8395104
55.135416194
905.289427343
547.486676131
367.272060937
550.885239291
600.485467319
797.627778852
754.260053562
132.931799377
453.168702004
174.725656371
104.664759983
342.910956613
420.882057682
442.117459525
858.588520152
783.481626005
478.929443701
3.34811066772
347.521072882
670.825110785
200.414121528
244.243815002
749.642246781
344.460785796
60.9948871214
988.214864777
568.724560353
919.962245314
623.880117535
757.404665156
387.769029997
802.968115063
908.916384643
274.604154115
526.93910901
691.985355102
947.288145326
820.165947228
379.655477857
195.796394926
285.064136067
305.409584894
312.485525411
817.520914245
462.698886544
690.210828369
784.647863984
293.662417631
162.16994707
309.251393301
948.225180382
955.315847847
649.197557566
508.087671149
931.193345769
887.277468129
954.83441689
600.027696872
692.237791622
164.642649066
912.417567391
976.048699336
69.246308136
41.1366940879
486.48529099
725.807108438
888.011514604
740.637804
596.470588834
375.716107804
831.472662345
844.749616252
375.818702161
397.252666523
289.685511646
662.251200039
160.403062396
753.849034987
72.1870136726
553.095564069
936.750906984
551.311276398
535.02875098
432.017640254
734.150288103
412.02762761
488.368584424
635.672564642
604.559462382
330.005539703
868.094793979
556.379959797
949.603571314
283.252249724
318.941506349
180.820492116
195.14491024
539.444606294
67.9331002005
778.543021665
773.892041297
772.51597392
695.283875451
163.745468261
231.799038016
881.168592481
764.988682734
705.352321026
805.454993883
936.494000827
485.106656647
182.40466423
967.899534689
883.843050874
784.20439526
208.877123989
761.772738421
676.378300945
528.535836507
453.056314949
264.486896198
424.944460656
879.50871864
651.476530135
867.891855141
947.997191567
258.870338358
107.802833012
415.249892703
701.863991272
293.462279632
859.35666853
260.461712015
222.664344043
106.29664606
746.100929405
438.425164143
731.563007701
665.395323671
410.48674782
418.20253901
421.781111953
966.646809165
367.283450909
815.579850727
42.0116498816
581.933656528
655.564393992
311.701822555
488.76493741
273.845849799
916.454315715
190.354776672
407.917089971
82.9098615346
506.137212281
897.795898944
17.6229649343
388.581917405
279.038805353
360.42011388
744.912632792
904.930114688
380.958701054
627.029217993
198.925220125
380.564291862
