876.053557319
239.43794576
771.306185494
506.054759619
340.756403334
242.543099833
587.200568894
733.51797298
104.99255306
338.337175529
414.250016316
597.664374258
606.239678011
927.387669825
2.01320781195
705.611416026
784.651484888
11.3672417887
916.76373896
574.147412219
896.025351734
474.550763439
962.849397302
441.806846607
918.057622979
603.257526639
255.990796283
946.718689112
609.113461647
264.68519037
477.260304929
960.360133326
673.499101204
808.852609619
414.47679566
908.569714548
969.090932596
159.933861126
374.158522436
16.3114051668
234.344560585
335.495386615
298.818886284
286.60794514
228.06828763
78.0144258386
943.05830495
717.718070876
478.647999082
841.335298658
347.202519466
344.653672309
969.111975986
372.753612492
795.747839342
818.695002934
789.44409934
322.842756234
515.499325385
288.439775326
442.096879537
2.70496717907
695.271117481
941.088146354
105.896607897
942.970932646
661.373326975
199.441188413
958.316234938
789.353201728
693.195450846
925.97962148
668.380954507
164.833846638
270.715250036
772.51678088
234.56815103
117.496691869
279.970452403
437.287400515
399.140157336
768.734574035
791.93717992
614.859346993
403.638860823
620.860179874
183.321669978
306.096895335
618.172750799
491.395397724
200.208018959
979.441089044
671.464488169
392.988362169
813.538496151
377.857723994
600.156049957
900.313447885
778.969021355
831.665240988
989.93553064
780.797160805
201.30590191
825.687702826
159.542515657
132.886463615
66.6885708286
280.794474151
645.652554293
61.549570213
290.995498803
163.60630761
93.3814791954
94.0951123055
311.432437185
279.140788078
820.82244847
102.858078449
69.1072207966
490.242784819
637.534137202
569.159743998
385.095774808
608.105490883
942.425775108
133.409391473
332.018967094
277.729062115
949.12874057
774.801543393
199.316565857
179.613973092
947.128735192
838.708249267
133.923572281
101.068288543
462.875842135
290.253835624
4.7922831607
127.981491494
52.6049311608
659.302799692
211.066209697
493.550433487
365.178814213
62.7283791735
695.067060528
169.3751963
318.616339876
263.550572058
333.515078811
466.846990908
390.988685215
112.36042136
463.863745062
918.71018486
650.318849063
71.1454610083
449.127204199
274.588625006
500.652196547
267.430383969
442.983015505
982.284529482
615.523405772
476.851773316
875.921938534
881.172767582
407.256052373
445.536881819
552.441559963
402.093738641
718.455409573
532.741084846
856.649841141
17.5373626452
587.65610546
13.166580195
837.742315616
420.711229819
850.790268945
226.91957269
733.729718984
770.781539968
651.574975744
809.775719093
597.60356968
97.3438364404
589.500397616
929.257460721
865.853478325
803.35801232
225.218003719
555.530293584
236.247000064
573.320862115
782.156482303
254.627271038
93.862131476
727.788371857
519.958175196
668.822147815
69.6636535975
220.782131391
687.089560862
103.635814714
541.282432815
414.756574341
870.28220168
80.7618543398
437.000674203
592.948801245
358.131033445
249.061616797
372.338734984
499.596307331
854.975273962
283.207708215
950.565310372
262.459140836
418.200026417
974.958729873
552.032341568
82.1417671432
166.521670731
939.334901306
38.7371670556
144.498229896
159.509798119
86.3754570281
538.041522339
434.609526436
182.66741876
418.864644024
593.330036262
836.173124943
377.022357269
398.807093942
582.0513564
431.84111085
282.039062616
463.480669116
296.947828977
249.811434529
310.076628858
414.827496942
287.785326824
573.737255783
520.587013749
882.51716923
474.176591742
262.529656796
166.513043394
48.1529105628
742.457555959
530.76664553
547.958775271
981.441908543
571.99204651
826.995718947
491.621535229
882.181576208
990.590593556
285.666162049
25.977367448
437.042625822
61.9081718626
133.08933988
193.569758335
521.331901211
707.805523543
428.29940404
396.53976706
149.681019164
722.498910536
274.868115962
768.46601546
433.757588803
559.594672664
34.7770918533
211.20144393
758.276118426
255.998205434
455.105362673
420.291025443
639.08169422
515.063541453
843.990723168
925.468511866
991.80025018
123.070564362
349.781191781
214.437574558
539.28412839
148.729734244
523.247609312
128.53780735
758.116042098
87.417782587
931.915404466
514.613470297
797.403205124
753.723692528
737.247290342
273.33162349
370.31222078
212.52219322
418.342577092
745.385175614
970.091220222
463.460776104
328.279416327
719.081904775
725.917373175
502.565112282
267.508075632
283.734896218
413.129235077
357.870701284
626.926400144
142.295131658
802.962463413
567.074454772
864.782237607
716.377785867
759.406642999
992.828783983
973.200835772
687.803006355
354.127750524
419.389840514
645.369061133
267.115720227
568.601461714
603.221150859
689.479303808
288.757009722
148.381902296
46.3846782067
598.264966696
542.619186997
750.669443154
78.9674088003
683.051439669
377.816169086
985.379493276
945.484834451
382.477070348
354.644410208
991.515518856
237.874457806
412.32321243
94.9402674044
248.365516949
145.28843544
139.579768504
35.7939991392
86.0075457757
245.945611366
146.893056175
877.032953463
332.212002281
143.735078008
446.043965585
411.041979462
868.534455702
457.477959674
267.946554591
920.304080263
402.237316109
304.160351077
68.5489988015
637.470914498
197.072158386
399.543664874
575.535794268
816.394591526
91.4894064447
184.110453219
438.058774095
207.096038736
982.799170125
177.375739941
974.980041096
587.470724671
964.681460638
319.13906967
57.4230804799
489.075743196
724.582129213
960.823909297
451.978705724
309.342050057
878.853714855
730.464138534
206.172742635
79.8698680115
708.596391155
716.458122569
704.383297728
262.216746296
276.033241049
42.728990963
24.6178160059
490.316744508
171.282070701
185.962343383
678.51504408
503.204070279
671.706112607
803.470366022
557.001954695
833.268294918
506.086514752
7.4874175645
802.364869333
649.58786078
527.980315358
763.933500856
582.992636516
670.439406934
955.86869356
372.27187604
113.736316802
416.493464872
406.013398909
39.1613090576
860.125601125
339.872798659
675.531814068
678.937212679
474.522717026
561.542989941
877.234474923
324.420471064
309.046395455
813.120590052
313.666540986
126.646585081
30.1037534884
737.623372637
278.290934277
343.239273511
468.346725784
793.802550647
730.33399814
568.774880507
517.441376833
432.291854819
854.918730126
135.153286554
832.06392655
908.292531025
454.999234681
563.78794113
998.379825572
129.540651904
771.291328185
374.736825129
179.291410807
208.173907534
677.246111513
558.84527697
297.099245133
824.199990691
242.431253544
353.449594734
811.189759262
485.631172523
266.638066058
531.267524639
635.025743646
283.922760904
57.845061932
532.912695243
629.063730513
202.531953856
972.599267201
848.84456824
869.623831595
82.906116615
728.390155633
242.534095437
704.357519823
127.14595213
650.521945973
505.936257302
991.579615727
214.873281312
263.984920786
708.566387097
171.234523848
111.274358943
877.907447788
771.823307833
685.630178786
242.355475984
730.706063097
70.4927590244
424.930435974
937.704045256
951.607291694
111.283382226
956.682992661
303.913982007
505.944316129
223.511398837
772.278656739
921.439806261
269.971537962
921.173782985
272.51005581
468.292492533
918.358237823
733.346390583
187.676403626
694.395819043
709.099450009
288.567723377
342.819926319
904.853968286
773.590734248
2.00991445763
705.137092692
976.597684477
332.121839305
241.739160999
49.594215098
936.40655379
856.406331483
803.663134751
969.469431961
261.287415834
781.527061583
460.752034516
741.502961811
712.094421436
445.60197455
499.971271394
472.072091107
169.426841707
512.215671171
726.295312746
487.43801741
653.54832202
459.460330537
240.912063916
352.107480425
805.804683239
923.302348894
429.222981561
390.1488289
227.021602262
310.987750055
386.707931128
612.014132541
738.324366583
399.96383161
394.420445929
773.893521926
600.28602471
586.867039962
968.658713425
521.661595674
687.552023929
226.661350084
26.4573313178
169.079959036
478.371338136
88.0077116264
80.1350559836
101.580041464
537.328879426
272.519630113
861.780716297
13.8678322719
892.410174897
475.46921358
282.539127171
186.659209797
65.0064213769
62.6392804296
428.559028664
639.679632684
770.525883991
553.723454265
179.501141795
89.9084577221
321.859323121
403.352066729
354.890594413
789.867913349
196.119285426
390.479088029
728.701394017
594.028563782
377.781673572
830.960859391
660.363444345
628.298560623
621.553978955
248.442776523
788.715856431
51.045727642
4.84978792463
764.824398425
462.179666003
654.783352279
843.996120858
721.27703376
744.70460513
201.904901399
692.809432415
898.636078371
326.75399214
653.934094975
626.608592274
723.660467143
238.961020189
497.166963645
131.007820024
548.95305979
522.390848443
333.260087708
28.9996375477
1000.11106582
36.0133090575
47.8269819719
992.143200329
138.572554421
86.5098991187
672.604628056
28.8358830804
473.529931174
480.163984205
459.252870998
788.80685301
51.2059556769
752.050005691
473.851386708
558.543006948
124.787574269
542.834680084
5.68803486722
773.976185263
824.767003987
282.885224594
967.070909704
186.324036491
834.465140543
150.490449323
101.346976286
660.871485237
139.489526447
82.8739596492
326.32965594
990.952375379
151.092702811
487.997158734
435.64807152
23.4856774333
4.80277800254
851.127195045
12.5954261332
433.663894161
425.633432517
754.061131134
772.454034152
67.6472157596
465.631798588
458.751116193
971.038544798
816.240381865
806.016054887
943.807133522
443.909202608
270.145705331
804.063633863
348.807613115
831.288554006
90.8179716968
648.607518837
694.746810292
43.2065638737
948.702318129
575.239724482
833.608298023
930.146603699
142.165842849
631.127156811
567.869894962
958.455505044
224.078821735
713.765279272
507.614727328
446.183574873
928.908488999
111.546883618
859.027399648
146.967108131
126.535029475
261.928171462
992.732440807
593.616160266
302.945464791
502.571779667
726.371516234
902.800168223
446.524892811
11.7500161957
385.831006315
831.037567957
609.334900498
166.421629565
847.600491183
65.6760889262
139.21042414
660.474003463
830.530481091
445.907533756
819.511946327
737.492640329
38.0792652633
655.278620006
139.414849688
771.165772568
320.470972342
326.644083686
156.089866908
317.346083399
875.179566449
620.490765021
437.955103937
564.837700515
45.6290402898
978.704474174
679.795027041
29.9049289442
575.102349065
42.4141371257
532.696593671
890.329721344
163.898562264
326.687354724
410.225931035
728.68745584
54.0340042925
188.126070781
886.634940151
72.9071005196
508.205727474
296.05071667
354.037363346
23.7102567717
437.383130371
925.792333464
408.197718246
895.613555706
574.816562458
766.053742977
72.3194522311
796.746581311
138.420279434
725.417629877
196.133616831
919.603887892
135.237383171
290.62516512
453.369038605
993.266070593
752.710993673
98.0580758018
908.008721554
351.206189879
136.947483762
4.83879837191
69.8479008252
632.48842089
249.858424178
585.663266168
942.322724474
420.915825264
447.193797443
359.56103215
704.497590535
124.138900754
977.685367745
233.200420198
709.2437956
475.87047701
187.273574104
152.355199087
607.146246398
578.252306209
562.312798051
181.337354093
298.078292829
832.856949539
221.663771097
510.678312407
233.851327127
757.896432605
19.3129145846
792.787502386
746.578938794
943.993206572
418.297198259
960.769563292
373.279174792
943.058972494
87.8310470619
128.213031835
487.449326285
999.67182006
230.703851634
570.033308812
150.732174262
7.86176147279
75.7343182198
702.392344386
568.409987503
23.6457335936
967.595094293
385.465534628
957.876455497
915.968541363
4.75531906896
626.474820847
417.450323594
542.392731624
33.009848254
408.313392854
866.290808296
639.450946606
877.104350452
944.644379743
363.649147056
773.790339163
608.084536217
272.925675439
706.104074048
242.411829701
820.493537366
959.70076425
409.158567025
274.881203472
579.960399861
644.634896992
544.359649818
161.943287568
784.368613564
224.587582621
747.894291705
736.405746848
577.190852897
297.202784414
76.3618289075
333.732791451
986.419269799
388.748331492
345.28299138
36.2538336454
186.002570205
64.5238142357
908.355800868
446.531841884
383.416946951
257.715936818
987.198414802
622.064886535
588.466198723
827.291841056
709.45357214
659.55499063
697.891275786
956.116124756
944.885703431
412.963290619
195.283781939
338.976780823
69.338138006
210.002077763
365.192578264
237.873029903
424.353302577
378.034762234
348.632122475
549.718356465
264.991809771
52.9719954472
869.934118184
471.952339617
512.25294147
953.322187478
626.473473319
808.572886868
898.472311097
687.661548343
104.080364255
57.3729603426
114.795152942
22.2790428339
739.988510528
687.678006142
757.35749209
958.613597984
960.475482672
442.02376763
833.832692183
674.860413576
497.7072082
483.478044948
776.778648629
659.959040621
814.266067299
734.526885129
611.702649185
379.828933995
872.077308441
954.611640061
495.992264208
210.651942765
361.596995104
798.029836276
218.909075211
12.7298217112
372.341898312
169.695204923
427.832923308
757.208115962
504.613317059
171.688334401
44.1038958902
541.846022773
24.5272147543
333.929137751
495.185675886
304.924880445
399.926554227
373.364532256
167.622538072
734.179758116
711.956744103
275.267286305
843.02495429
132.496219582
894.086430258
908.1262453
347.393025285
588.856089211
728.065294338
619.321387534
778.369909192
73.0099999704
58.2496400305
509.828407498
318.909722771
712.651808909
406.2251103
534.478567983
596.226643151
795.928674116
365.818701353
511.385514931
94.8376513887
901.127937215
464.610618624
489.429043475
387.299705548
2.96704847056
861.387355254
840.105312047
648.483687311
9.6574322932
199.053589787
275.386913652
958.824538771
225.114097024
960.235678796
745.563247514
0.300997450516
382.128157852
547.220217943
691.755982143
244.831504894
224.435875327
354.910727857
524.674524577
424.003850835
247.851033858
265.332396428
741.970348191
532.115268588
712.446751126
695.659330102
208.447077991
364.488522546
234.610162428
864.460500411
859.214050952
