654.834416655
53.0660850544
366.904535091
330.785121215
127.090568468
205.183647
538.832634805
681.835573055
399.572109925
107.977960646
294.97441904
151.888856341
60.0816807434
670.10233083
118.65876647
179.741865507
476.367853814
457.427096433
271.176426074
106.780879776
835.948490796
239.371255391
661.362385414
689.516130948
228.368178702
789.581066957
461.72050586
730.863952163
160.980699731
45.4727406157
737.342189055
893.607968451
766.676825838
446.070233085
579.487913396
762.991994615
96.3009646123
408.98315001
691.487178786
723.909197319
535.263369366
846.570633187
909.458175281
389.334874755
978.782695474
355.027170922
720.259163929
204.723195918
561.784451786
786.956747278
535.993109008
869.613272357
154.437483584
189.836235053
135.732966842
778.544568391
116.746428213
266.770879485
638.92057213
569.05318098
386.031481205
256.708341438
452.938431462
604.831300106
945.502588455
410.145371827
133.046499866
927.040586362
426.697415418
253.402270888
988.949356679
635.021442892
405.610093755
802.165019611
893.736420998
344.201544044
299.573727488
158.056516339
761.801937622
254.97035481
826.825941756
307.248393261
731.332824865
209.621442234
980.172097291
645.086386583
325.162386158
524.088454705
905.890733255
876.438997833
380.307247444
859.872165634
830.49542763
755.042931741
497.830204273
421.331582339
86.7224259232
359.135564585
378.459620728
776.879389139
677.869618593
942.754041939
169.388524569
626.952475004
506.500850887
972.423192165
343.505975935
221.542905486
571.287790454
566.383154284
43.228932067
312.788303848
689.142897011
929.850626815
928.245764426
220.487058431
516.562335591
267.076236304
849.218035653
446.106145526
954.025306049
154.262158403
319.307613075
539.661629883
459.059813171
108.34580375
106.178584673
674.454257106
994.810210768
159.528794965
190.997113794
625.280296905
680.170695197
528.30231352
759.829539091
915.300679621
660.483723836
953.458938875
14.4062028334
141.890755829
393.390699458
927.93995804
165.933432564
202.455954152
780.38516174
520.363362815
556.133704167
891.045887456
98.8333108355
981.429336221
988.89008604
758.541969203
285.382383484
939.309826657
483.825052826
923.935213668
506.15640074
387.758362218
148.403342153
753.04685252
140.818150242
930.144999554
656.6311385
659.422466869
169.228691267
776.557205728
787.674375313
783.768819611
438.835076682
320.413275704
535.659032943
47.8363802958
533.087192847
667.915501282
460.783778895
762.290268383
611.065950399
13.305054732
409.117490299
512.320480599
609.35003266
250.774673263
948.893409035
843.298235376
342.609130114
996.605960105
866.500776628
785.824396321
114.307578905
178.962992122
171.353045738
816.575900657
257.021171192
513.732598012
453.310485198
961.252171846
217.025936816
670.821450713
44.9948310268
23.1443831141
980.168507648
97.6702576689
177.321816743
759.268511894
30.6942952788
115.767314465
411.265587046
325.926246619
742.249673937
263.237660586
253.6772075
881.397654844
813.989153226
228.332158691
400.891915067
908.857841536
788.055164177
380.93251654
583.827062174
943.38552422
560.154444524
573.711898415
564.708071565
909.009688434
357.280724497
912.079078965
706.608644257
281.534183034
39.1122477689
899.588687687
285.06837757
657.591718007
758.247956343
987.773225801
957.855485538
548.774086937
78.0082890323
990.12577318
790.616408069
831.911701488
663.833241835
609.515634259
885.78239335
715.770834815
487.916402792
515.283154639
806.486395096
524.970841515
992.628773693
144.317505579
669.402804444
889.471104416
428.211606293
506.967601755
292.98723324
640.205976731
651.252539139
310.696353853
471.38369567
988.004229673
542.040383223
653.652722423
973.049711278
385.978023543
196.816277327
680.204226261
745.890309086
230.794776942
730.841975298
566.92171896
269.100634836
215.836126145
586.401546616
315.974123148
920.139917102
825.113348655
324.678383145
354.191408106
290.932694328
399.598004556
610.812936636
893.058757144
273.046115108
302.607757693
293.439080315
387.382442968
526.486519767
277.837409868
57.2721979235
80.4061358526
90.6352058952
257.072389431
62.2478087234
442.963373111
683.478336109
124.667882715
922.338368795
407.396593423
767.678371868
478.495051313
324.943616942
138.532385113
943.643079994
454.737901645
960.165861374
290.615346447
751.420466507
633.768259436
932.775360236
842.221085339
817.589245546
271.089214375
269.654411681
132.641466246
494.045465949
232.607753614
350.919570374
520.294052398
274.040922063
496.917911811
89.9440586677
282.58375671
200.000768673
147.76366057
102.102209918
93.9805477345
205.601023828
520.993427788
340.035809697
812.745796904
765.083768397
269.976538012
534.902352174
162.23522367
238.397791942
85.4630225018
168.728899508
431.833682557
219.605006779
164.877069214
337.078320746
548.824965095
928.449534686
617.398034067
69.1110068183
188.017960239
893.720671986
818.717973805
136.89760908
307.989654651
958.729188679
294.611046532
821.254117348
288.367176571
885.288126609
81.844249109
536.298634826
57.9147047833
439.672402332
355.260068871
969.620476225
894.671519014
704.388689642
893.924693834
562.536510843
270.25675495
270.464964173
249.552649585
930.590741293
547.694586633
317.741567848
39.7540211071
185.107514642
258.161998107
471.766521591
890.305549456
363.828865363
44.7056878735
203.217402908
604.636992592
378.968708189
22.6697899715
900.670963755
365.254071754
357.542868786
604.159821361
564.718640906
184.41720536
405.576238015
251.518761702
760.473688898
599.133447012
832.14794314
756.611988651
813.195418657
640.348133417
155.694025648
858.95249015
453.771704462
148.344969599
556.329656274
344.052613926
468.978049912
756.764127712
805.022586679
592.121594649
12.9596458679
815.709752354
510.129363284
206.678014389
227.153671169
363.905212072
828.531657717
859.010541655
794.466505934
681.160512806
344.762151499
53.8952993441
799.860012401
854.945156805
487.318440037
859.952287427
381.347348211
419.066159556
879.853028609
241.477056677
10.3405173493
287.4601418
460.138373511
659.262630066
48.3995233505
601.20644819
882.197284599
836.979561692
506.414172749
781.511858697
818.854885256
55.917706425
172.526405783
525.367345137
803.905049735
798.130573524
806.516196352
758.632105901
251.672221817
232.690347899
773.123709657
953.241630405
35.2782647034
214.908419407
407.440390749
269.109467542
481.632382366
493.107228043
357.533209629
932.602599867
17.2123564471
167.01974436
284.523761405
745.332503598
325.19704332
111.829470076
196.480510799
897.628960665
569.721340258
983.258221514
503.799264407
405.580748786
165.25476151
409.073366729
676.685687279
219.095928571
366.74799253
113.947822117
107.052214576
399.680794868
202.145460726
204.708582038
571.238427116
991.920960785
812.197426942
278.204444281
642.103454993
822.480658108
919.123291324
425.555658127
547.751093682
792.230280339
483.241582281
599.25513335
871.163490007
826.906688597
620.80118953
41.4596297774
352.44591702
1000.37871265
316.038485575
328.441400684
673.544190309
889.557830245
543.545022601
504.224101885
194.434286852
291.288163441
306.425464567
861.061200145
655.52501489
976.123261908
126.285851675
144.773179879
540.217412967
310.859008274
138.083556443
229.335512341
765.682340416
825.435510357
772.855378336
463.83356526
452.592063246
720.27293161
420.501808584
2.72838569344
42.5226626454
679.793550528
48.8108701737
764.293717238
792.600557332
969.51676059
391.061747265
409.148065467
991.969828059
108.562111951
461.067010799
958.781894444
311.031358751
718.728045246
331.889079022
177.64514582
757.02299266
150.040427013
333.306517078
307.621613113
433.42948417
721.33654886
848.537885587
783.976172047
666.907661124
335.756662977
522.586330906
49.2608873432
990.126041662
230.783739691
801.071116428
112.965190241
910.048324044
879.507194944
955.834786756
311.746347497
694.775039837
412.725119513
62.9222563871
892.674481736
676.661507546
873.599453584
277.058065561
75.6526792862
153.803054142
139.833852188
413.004944103
690.917541228
45.5013954193
15.0726225826
148.424936607
345.647671744
210.167993441
146.198419712
948.485617929
988.225420987
477.455408109
844.121029226
753.830061012
643.968920152
870.603163232
921.600986915
663.034239141
654.21371477
839.577100422
813.790819271
84.065799684
266.316927078
219.657124243
89.5037624561
901.969513543
986.859217692
432.951457548
943.803136024
580.791987492
750.666833799
349.231928448
787.416047636
425.373855506
988.372283713
316.821233117
231.108921045
449.227062545
621.135234253
371.275622137
382.311117488
982.519987771
981.740578047
347.402243704
511.740949401
563.664353244
227.614767545
356.671925753
753.896395658
185.360760788
324.515971222
244.925736019
970.609123439
489.275637924
407.260964343
584.252155455
925.090949583
345.650715176
264.633562559
424.943623715
477.308664627
813.475966998
472.281636534
678.42978874
762.133982398
593.367518996
332.122169614
648.165138572
721.604511448
38.9322585579
35.6261944984
814.085485493
337.06909153
790.770863143
995.763209285
950.407685848
676.610975678
685.527476223
269.488703102
923.065548272
627.779014037
541.603662398
987.935580464
226.127006031
339.679713665
1000.6501011
526.689062465
586.553568968
688.100564691
353.609079242
671.806559855
807.68950568
277.521698881
905.650003875
408.337361856
20.2482033
531.428471626
487.893465792
894.886768325
218.65308411
804.56827108
41.0493982278
931.468677257
290.897163301
648.482013702
845.093323265
846.212127696
510.399755688
755.173247862
991.705628512
61.1452359374
135.280106613
149.852345836
152.603610781
666.533801895
175.056215854
226.335366353
801.476666796
151.570590871
439.411589122
345.643318403
710.986503882
357.188518001
542.019317366
794.196630449
902.821740096
955.078986934
10.4295270066
83.6387884706
872.386142718
306.932844228
524.884667701
576.746099504
693.798777093
835.643243196
518.476995116
376.641263227
177.920606048
666.944148198
266.607489261
248.462976294
345.097419642
704.628149408
609.608909316
957.990841635
78.187849401
893.378264235
740.378698731
625.05777388
504.284744636
345.543608546
515.165505848
383.588371981
973.090302842
822.309559162
200.981366921
136.033181115
798.969594191
974.942204127
860.068310855
781.925051103
817.440938085
143.973372329
16.4063288597
827.236188345
5.56415429134
624.502604144
429.268467964
662.43197267
526.827885378
394.166925255
68.4444029969
872.655555197
214.452712971
836.625981578
809.758775867
784.709954341
117.228648208
366.156954528
415.765357523
485.21586462
452.462071635
273.238873899
979.062886615
451.559366135
522.099820541
496.222451094
99.3608252773
409.127268011
347.223488442
625.002806688
932.520810558
651.879572952
6.07665234942
623.3532873
670.300484696
270.104672365
655.520687693
723.674193298
460.502519966
98.9470970076
298.274096699
679.69850932
848.115410557
212.987712922
865.186064223
851.430141116
804.233864711
145.728135947
102.870205763
24.723884184
513.282454487
852.685972315
293.121227845
716.949375373
265.568567238
37.9695210219
999.579695335
850.5773467
80.2594157856
239.910202241
899.354061714
127.978104918
285.117999566
954.810872562
661.352861899
381.18512907
773.95366475
688.794332414
348.477189358
947.796985086
829.736948399
48.5228255745
955.347056097
14.2175979133
935.99214652
509.779546852
192.294532532
928.250023048
350.751747736
758.21543376
867.423494351
963.205187437
60.062649211
349.231857231
246.407613628
416.849721466
454.396441974
961.374317985
118.335018932
666.100816327
290.95349775
681.410347646
982.245489732
238.938406458
264.804290105
0.464713191038
968.970096026
535.319040669
108.076484923
980.54662972
312.418168103
467.623713029
776.175250984
393.852621244
152.522540192
818.233461647
619.303355577
106.230818395
349.481242826
661.538530936
498.366756191
458.982991321
822.001304116
878.399587519
65.3558061975
945.588706283
253.071471895
292.998727393
713.482137692
565.377561103
711.727000061
573.777565768
564.703685412
909.686164237
166.82366479
186.782154791
589.339809269
778.225456694
943.461730646
734.967321979
174.323514949
769.946941804
663.566066482
965.506760807
103.322481333
425.883829969
884.28841553
871.318279876
360.092387335
588.854701277
518.062346227
868.790164399
96.5199669092
945.657680139
248.539024164
943.158146325
675.006878879
929.484855564
555.424544469
680.657703576
91.9636388813
144.363145054
889.988513462
281.037418831
278.883488197
330.817549065
147.681317914
540.422940357
759.7139252
152.059590909
233.017909358
333.612716907
852.070150822
674.833239338
292.355068682
472.09893725
160.779845098
45.3388342737
801.969329109
33.5972036237
55.2444818282
927.692756758
980.192120879
0.0186537239507
21.3196200928
884.347523748
461.955891677
702.25011827
492.867520156
272.346841161
971.842910709
151.489427673
90.3384674987
467.897891853
311.806890292
554.125179818
808.090726312
445.567812449
951.999212315
681.549661511
3.05569112037
162.869964947
321.872143172
610.380628768
389.543786684
319.173988159
59.720854454
761.667282862
276.655846828
412.270977446
52.9416201429
306.151349863
194.234710419
28.5793449391
797.523443789
677.263687323
150.395987862
570.792468028
434.292576802
361.529693485
815.581115689
872.100958768
565.275308996
829.526408835
576.581740955
10.1581169592
288.37164758
104.245805895
649.257780761
971.652263867
532.666733964
997.7780631
687.505970354
456.264423467
126.138830847
964.903183522
194.493645698
108.266121848
190.317309523
860.49543607
423.731394515
139.637929138
385.137370968
693.605896128
839.872557485
765.27987431
840.898821496
743.997104029
188.036093366
937.988306063
361.595887871
339.544352848
15.925507646
200.829924352
651.977139405
967.689521743
760.573458687
944.148789054
371.810651601
992.981625138
463.740433691
13.3213194599
124.743827616
474.393037286
749.970877237
376.036851275
732.775894564
714.97118876
99.6846700402
945.335484032
679.12189694
461.319618305
659.213333841
267.826323428
182.30888472
427.035133701
2.29461304279
204.942055268
597.198757097
132.629116438
657.214723457
473.366509312
