797.673365277
24.4812540692
517.249528266
857.255058879
771.038716272
161.653534152
381.713598179
825.923798016
491.826018421
851.450083691
789.170975745
461.06747139
633.655414885
516.533759396
635.595864903
381.048098966
453.436537409
261.518776329
177.150530388
828.888823809
592.235043978
484.851562677
523.559637628
717.971023828
271.007419919
592.570732449
799.960889958
129.060236031
284.555430891
576.78522596
182.774996476
106.930021952
743.046273643
993.842056906
956.723881465
297.776081772
766.833867516
181.40836972
281.321575965
310.488997385
448.90231835
685.925326294
147.788367778
260.017358872
460.219220177
581.424481147
496.327896821
426.915961986
492.588454201
720.817265085
549.325712874
148.324338375
942.684977736
519.625023519
80.3167888593
64.4774157213
329.426663188
57.9360345459
482.056265511
126.409141071
624.097968505
143.98830386
208.514934694
406.18178381
455.892152554
363.117748651
148.629313107
666.557393587
735.333973987
823.119810305
219.76293327
149.470415385
102.952542063
666.771491346
589.147171332
606.820763081
315.829877585
723.166236434
586.947635922
407.616461112
123.964139982
909.938429198
432.221412931
160.755114879
793.334593084
490.464190639
492.742731317
340.82076106
198.03241571
687.177366551
874.479594465
88.3564748029
776.476131631
682.048824357
699.500709732
643.056417066
790.857414535
7.41744618039
484.453315498
692.965951493
997.744951788
1.32948937587
755.211565678
528.973058242
705.380844961
100.745851429
145.529280218
616.40167412
824.407344683
550.10716612
222.401754428
434.317909595
725.355125826
662.039872812
40.3427201944
71.0947078934
345.335921947
553.159055431
344.885548423
356.697560322
120.551738934
723.115385463
722.019665096
559.704889385
854.502242279
196.036959635
884.614749818
88.6210148655
909.692043538
210.518898576
952.05578495
976.690600588
849.790775567
263.896639761
254.046924913
333.190691215
520.259443006
702.874095229
650.284723981
775.320001586
132.076138579
42.7198668337
852.961573439
478.666480329
744.810130998
865.920863094
312.086791602
67.8174086175
455.551125677
953.157765512
83.6972493722
108.760174885
504.917131896
431.555939139
74.1698065276
628.960403581
590.517987664
698.190096032
148.426024317
800.965563215
805.253448637
607.08414044
745.574506323
932.796113004
650.140395301
927.910034515
379.525091098
506.704431399
392.370481692
24.189343827
185.968413598
997.464525927
707.086076219
636.44366345
128.406817084
317.786224004
490.690130973
64.1406561234
549.775331216
63.5256220727
179.159208947
394.453620534
134.647184851
809.523357794
886.576699766
144.364630354
412.285718899
729.232595551
223.126940529
165.216185668
6.73551848095
20.5253801149
43.9544015003
25.9712895147
863.612257572
907.725636924
720.647503315
828.922402567
569.556167807
35.3096795976
636.507213081
210.896425001
360.059037014
55.859650674
251.48814439
92.4354946038
516.198334072
340.689699863
949.994554773
727.300117744
125.180355917
904.30174496
412.265763934
779.960500628
228.099204123
68.1579704447
285.583476111
963.75239908
712.944300968
838.127699112
954.015955172
890.31141685
324.898475016
137.803035481
747.646896552
545.694453825
375.091786528
437.149967968
907.023031061
35.5323766154
301.993992882
706.905024384
420.58260417
225.065786327
602.426313187
317.41458861
269.725827672
362.682512575
228.870506962
959.227165874
458.137832445
268.049850363
442.426091713
789.629377726
392.919159429
7.17485064726
143.996028283
583.491392849
188.729970158
294.40028295
347.392622199
479.979050406
148.246663986
389.826061096
503.984633569
939.071006306
892.527716013
823.265303763
63.668503169
115.910138775
635.962898458
230.029792164
850.497350329
452.824940435
291.31240608
885.542728045
18.2972162583
548.633106127
728.429407403
165.826338098
652.023064367
763.561855479
936.88730739
880.32428588
111.278219385
537.700698699
811.039895778
673.753191407
978.693040679
625.819328353
757.191832136
263.839628636
273.665778671
783.222090792
268.90396897
404.024874622
982.568768354
245.030479368
305.872807266
866.532741845
490.791998034
680.112507025
920.486290855
140.272613565
591.45133517
527.358504531
703.038491719
175.368876886
176.518505521
649.207337564
497.41687361
234.353232474
765.078364763
845.689736148
652.125644817
528.099235012
143.413690225
477.587681543
794.333844897
956.979188091
392.550278341
469.239761184
275.327889797
77.5261849625
27.2736994278
894.761561932
636.240840964
989.74086121
763.155873658
153.508288448
793.547938799
440.713086319
596.15390598
298.381976626
565.884668347
629.749157367
840.178977953
724.305336497
678.652587151
814.352797412
664.804793522
599.318388168
585.001785597
340.87717796
783.416027564
186.584428564
68.3591042237
894.788665972
7.68796290419
35.0531369847
52.3309645689
981.011073199
464.003580698
686.675383324
917.667408366
663.225620224
356.46864579
352.622271961
289.242312697
223.575658852
971.83650951
708.630535925
823.882465752
996.904344056
467.470731708
950.989371771
553.694243142
126.343367095
842.283132498
497.689114626
636.504547988
823.03305629
701.344692804
779.408200193
717.743440309
839.333388634
187.845999505
638.710122421
142.862130751
51.7272644752
920.086086106
142.347645746
515.848416943
784.999583107
387.054670506
486.402960086
42.0387349776
564.683919973
281.07160311
139.524682846
59.2995953659
883.943386356
179.156507272
757.279873946
150.391602628
45.4350955014
346.770791032
16.3312998464
618.448587949
136.257693803
900.393967489
754.724812015
93.1218142479
840.804402013
686.738312904
133.455299784
770.290738786
174.630535215
763.006879716
507.30231205
139.93610198
622.962226804
707.053025915
435.182807416
218.259852675
431.18409512
379.843477063
90.9907508309
838.123519238
541.157060358
666.54058688
757.227840774
965.181474623
974.502764647
955.40387779
110.504032227
425.038390415
558.622656561
96.9194142124
392.322225211
232.803545683
841.617413871
296.693755502
772.422204639
835.91473838
539.779187681
294.670561239
620.995699389
903.938981521
672.023091672
132.586791557
450.67589871
116.557213886
652.1369
853.104377362
701.730587513
225.278855218
861.254076588
507.387393252
95.3360382248
370.383150684
509.061463467
350.479271801
308.767179375
738.929709162
308.591070898
601.222673593
757.449908949
821.260307223
671.782754577
905.295056448
356.904311044
887.651178273
725.01522983
152.64178103
950.867712063
232.879538017
736.588758353
717.354711918
140.425480801
774.063327311
965.298065689
990.875724361
57.5739670686
739.756234266
247.908266271
452.423953553
610.384565365
731.835499405
460.950169628
966.277582528
19.3519166336
585.318177641
662.361712261
65.8458950813
819.641354225
752.153002717
681.6993218
691.726259223
891.27529943
689.724861862
950.545917536
549.696893399
971.836275495
28.1171401001
58.7548862612
499.045004802
842.004194155
518.250185817
967.092204867
643.833737851
903.119835976
105.220202262
213.010498979
841.037519487
583.318250884
862.672774225
852.436050724
998.778374655
498.333329348
989.11460684
326.044512837
256.37149264
370.20948958
312.031058392
900.928945656
0.969630885705
400.86913975
946.608787826
114.564426696
635.031927449
0.538642429461
839.96060943
572.420024045
935.079814776
353.297924492
22.6118998404
367.899399052
716.921195852
599.364595953
592.238892665
134.3554436
991.555119702
952.109899635
453.512388424
311.877298782
509.345945934
593.640590626
111.176453398
824.778315744
151.341224999
832.832735178
513.55456998
974.561401934
844.914143813
885.467945583
176.380255778
850.121773825
881.024801422
222.940624614
442.504467405
137.467169146
832.497201325
224.020755998
366.912333225
996.683854161
328.815900077
749.75241012
724.690839761
115.685370881
68.5769221865
525.650982958
155.028065329
586.095858449
640.033837308
507.71817774
380.162928424
923.713947051
900.984004238
426.533594479
502.713919905
315.451523544
342.235861387
88.0954729571
293.939627768
281.876584408
596.01717509
606.065467806
647.82875372
118.622110477
79.996369579
528.706439259
994.37297291
576.213441888
499.556223641
246.278426862
911.952078092
896.624885052
797.000105645
463.007185003
73.6482657149
177.509540548
934.342379675
361.27704296
848.401236421
402.448833638
446.523811739
292.865886326
849.157222806
540.705087647
28.3679741448
967.11639857
648.888853185
861.502878387
892.439607689
77.9496818334
593.564415869
52.8472522782
892.776386735
455.029503281
603.315676725
393.549973216
375.146475283
390.968007938
345.409445013
786.942524051
2.71434374133
987.716744617
945.124368053
196.988974689
846.093662527
651.416839997
658.849091472
676.233042581
375.007311064
847.002193413
399.002296716
560.313915563
948.528675119
28.4952311689
560.100231206
107.696998016
644.791354995
434.118433678
504.255849994
414.238207408
529.713777047
751.400187904
722.428925554
700.483147783
433.150509132
371.771935751
753.022375676
151.566044589
584.44683612
716.582119364
114.067417213
797.362185036
585.5195357
105.993090921
204.033277036
266.940500914
313.216795397
758.168411339
675.23266302
484.545768692
406.310986171
270.090395478
897.840265144
990.875852363
652.984739097
599.122824328
866.693961046
418.599434275
657.308834664
369.177881059
335.731739611
221.061298322
570.912771935
800.829621109
369.164944111
580.145824506
704.207120243
793.985213912
233.013750496
58.2387654536
898.198024284
173.732606341
695.764472712
563.303530331
893.314782309
771.190950735
924.083409289
899.114021393
367.992059658
68.8205947449
990.848705884
897.578676974
97.2911335975
237.354603165
367.127321038
694.834369018
471.795737192
675.126169565
840.437680276
104.066860644
663.794094417
567.177956224
212.379715068
919.269382961
695.028396951
785.102630011
993.684530461
262.215230357
883.666312003
360.751144539
433.134880936
510.711181464
846.189666551
767.343715088
856.663250186
511.614821677
894.631366
679.094099209
941.811819636
936.128190737
910.385147163
28.4955940346
313.834746315
367.304376258
434.58839917
277.63018089
974.407412917
294.260013988
372.578798048
345.867650377
748.284767473
355.521665762
67.5701807396
208.698948698
280.890711356
990.728042537
19.5460185263
908.749596449
889.998893542
913.648663601
750.086494585
24.8820302544
471.52749254
3.09114247166
541.724054295
608.040424494
349.262060982
316.822557287
988.474076464
592.581958537
606.386802478
279.283326712
128.144259405
380.644650539
863.469562802
365.301445994
852.760937782
289.64621347
678.515806811
177.748016018
943.747187319
620.345685703
871.955222012
430.783404673
801.272571852
71.4545728563
168.043178048
754.103027474
891.729110427
804.732007893
905.84928313
526.236661527
705.676330251
675.534249945
436.671022552
371.03116939
676.611916327
278.459632668
522.93466262
848.023400626
711.817290482
781.412125426
819.322438467
571.906989678
882.660070357
896.720820458
387.673397371
264.846582241
645.307115186
947.260428546
793.009981732
685.637260138
140.082495066
704.993085731
691.962168175
88.8224177701
579.53045674
790.436871478
387.151146863
768.776070391
702.261229283
36.6425482871
695.947475319
208.486601408
39.3764635045
613.877612418
870.273500554
942.47030437
199.81800896
289.440552951
242.591077147
357.22963934
465.667082276
939.527548113
288.374998996
698.735346349
862.141259411
730.455542945
794.336380207
651.50856828
538.427091042
418.751698101
438.156692595
69.2893450589
540.403624034
1000.22224593
418.584625934
931.650781238
128.924348732
277.611134753
433.238007502
300.925947804
485.64557094
154.618765202
272.902785524
261.976807998
994.954514611
635.648240223
886.261164039
709.140804949
216.8780315
903.184155255
682.267106291
64.6621945344
275.576599224
247.035230422
331.619033017
980.863281393
4.36414330625
865.03969459
367.928571754
413.391540966
9.08271444084
585.689388535
38.6380357497
244.854861923
43.327009382
515.054618855
394.019872778
674.570172832
485.949400328
509.262225406
211.539283397
12.7306958027
113.362630422
706.369351201
743.27397715
502.932423764
981.125040221
311.72597425
109.646759231
409.741637476
993.525693789
516.11095169
724.606567785
641.48107999
921.373705826
716.067293496
652.811912908
56.9916607792
571.911756732
153.943318931
413.393003773
595.238718105
818.35166101
588.125298309
816.202638548
217.678699254
71.0491663245
409.571292596
979.382457334
270.189266305
641.046645331
427.64672459
186.295078608
168.957120776
748.539334745
173.890479971
145.727072406
936.254008571
707.418079746
862.793335639
491.597777206
488.992511778
596.813732785
427.237822276
97.7465717058
681.119902652
767.140585434
433.416664761
910.711636131
607.267296441
460.361079994
434.441313288
759.236510325
523.905765125
388.626496973
36.3328669845
527.089942317
297.881599225
513.867108215
315.631542696
116.70335399
860.671038463
311.268645881
212.274021212
620.580259993
846.528292807
242.075242018
881.748946074
429.261854442
422.960748294
219.066815935
282.28241188
388.935121684
235.366422321
817.45207562
142.258811047
691.682476759
428.227241065
371.669543803
367.600573327
297.193306891
495.799524996
983.890588537
243.125647309
58.0155212407
514.184328489
527.649126
218.225314932
478.509059352
356.998388383
210.077905758
960.283041708
63.6947169892
265.805823623
539.202385379
963.601758545
124.935929204
350.435854326
264.339152157
213.385818114
990.826418362
402.61789292
230.9523008
436.95440934
92.3726589584
843.953037772
837.182944829
996.880571415
750.587523633
106.260853615
78.8445138591
244.338722799
499.077542166
124.214149319
338.960355536
550.74220546
547.948442866
81.6072964975
648.749460645
978.173851324
534.537340488
800.453675227
842.698840817
30.5957972995
314.560214162
234.925963681
679.158181846
641.823862429
332.554020727
283.940465861
229.272192044
10.4751865415
557.081974071
113.377673108
966.497329925
753.039706513
513.000363958
702.545812834
68.8121766604
632.618712428
695.891277593
699.068852428
437.89348186
703.030416522
684.436155588
141.571587999
909.982797323
306.423094156
796.950921007
463.848663159
303.478743072
815.818045566
