740.193207577
496.025022917
500.569454054
532.040899208
532.525966567
673.781410388
554.535099703
471.555357931
834.23469493
333.662466295
271.345475884
209.24689628
539.183383404
895.318089023
123.943525211
469.601475173
872.009657342
282.811263282
19.696271351
563.457068807
148.7207206
403.848429318
935.370073102
647.828006192
205.202850909
810.776838407
708.45004013
624.79783315
308.873269954
648.957129583
999.594411052
102.517891914
125.823372322
498.438416553
870.563273311
956.578365282
291.402461579
184.707308115
635.072941463
312.196224853
320.820536921
96.6965818176
274.824664943
140.170079263
512.752892633
213.26630882
562.522848012
424.995147977
35.7271612128
897.534201271
264.864484129
829.134637621
187.908792718
922.422887133
746.54088939
592.690331339
38.3869994896
583.461932801
617.038247769
530.404933804
733.277229145
74.8994765778
799.731537104
389.395220736
998.067952565
887.001037996
683.752647706
194.066036997
527.260501021
245.228900882
945.552532944
961.907007091
574.299045202
607.373046557
171.958569114
485.543461323
135.215716445
519.296465133
686.668071526
857.147016621
693.549330707
830.314732766
850.1767315
293.637936356
728.529973994
311.353104482
849.679103797
892.739666794
403.982266159
282.294130216
258.955495682
281.725453317
773.967719199
77.0185844897
812.402139365
451.233045669
647.15281952
530.882476617
554.66631385
305.932509759
661.116161943
208.432943094
627.097313713
315.275219594
94.1999730116
955.37681043
700.301181601
295.150861113
361.605694284
393.264861368
376.5552329
497.333111676
380.247540631
58.7900769854
993.081232242
370.727026645
384.712872062
859.035536019
813.181987143
198.624118213
242.120744403
122.599230496
422.649609097
799.600654236
219.428001357
437.708493055
934.558313425
778.092423578
850.896907253
509.41808905
408.747163088
578.379583513
465.259873248
106.553916083
989.174234164
541.385616555
484.382468605
491.674700031
472.246331446
435.497602318
813.655312405
768.915905494
852.922200394
141.45752917
374.43232866
691.773226252
539.697997716
152.294942848
465.495728707
380.487791782
622.175017914
780.429810698
265.914439065
103.498292309
216.360772028
26.6076777367
109.124456096
226.300298396
6.4964692984
993.907616878
320.748208726
837.995059101
176.327396178
737.846582407
593.393993844
305.775982033
767.735499593
296.829084108
135.591247878
452.704982766
823.884683104
293.884380986
835.244831458
183.23898178
989.511373801
676.161340459
398.331790342
899.694134825
46.4295675431
574.091071753
879.431372161
424.774777783
729.201276699
490.036742927
113.091696807
615.90057174
389.22929658
351.465227634
927.914764622
593.060647336
800.68194257
632.784011383
562.296688719
56.4084519415
952.297490732
924.608381449
596.516522615
100.043001472
614.837236036
544.707521221
920.92013375
346.704796348
438.274360982
949.627576546
938.979828619
109.722869381
827.539589845
521.876182948
169.221693508
840.598021665
503.245814976
321.137338946
42.2043711454
885.149552619
742.627477638
781.678078676
714.326267894
150.838279305
902.415695356
26.4092309584
165.796838408
827.590926636
275.813586843
897.69060411
732.507822855
240.06331451
815.671079143
30.0172824241
623.622949038
406.914062672
363.696646017
120.783562435
655.129592472
473.247638262
685.574582112
988.157854445
443.639985195
400.903657271
300.978281871
962.041578577
224.312591949
818.40339264
239.741842758
949.53276062
222.910711727
178.966245479
952.475973785
557.960636028
465.699393372
225.646577201
510.328060768
551.644697416
300.561331601
742.136426123
934.429133622
612.761085107
809.472943122
830.286294531
112.850755064
986.177906758
613.777319029
566.510433293
758.571776629
61.3255963429
888.44065483
882.567822011
719.417309441
917.701783783
772.507856955
612.538250059
566.208188527
497.316250477
537.025901042
957.514764893
290.192685992
293.556181865
261.227104112
179.957947144
685.964354919
617.242026626
689.786533141
971.75789542
159.587121732
534.843660698
69.7251781102
264.866403901
848.436036366
412.245395259
936.476585654
126.27133304
482.608247184
284.103367478
121.038169383
896.926546816
900.21602255
208.161668823
387.931433626
667.292196033
25.2215733488
10.6586896162
559.411288051
180.060951326
55.4282548832
963.59033106
515.413601262
637.494514697
37.9965559278
978.732509076
896.759677354
637.284427827
645.219024434
532.433141165
532.952811754
566.776236689
822.924796919
811.453639264
236.582325307
485.420540299
332.148479315
176.905518778
562.61261702
839.922999659
118.680429056
369.540119468
310.02440153
278.201725408
517.040540581
718.108626119
938.990683179
663.344248789
534.28132694
283.196852424
365.77051873
49.6628690154
140.266232342
852.670494296
732.050106602
666.376250488
631.585272382
978.181637083
271.18387303
720.336633458
395.502900643
355.77850948
827.913690487
282.057821673
141.482690383
378.199644972
499.602760642
695.269366184
540.941524765
714.397256485
900.296962254
601.337141823
640.697149596
52.2319495973
567.455900447
46.7139167412
914.062688963
182.329492517
325.878210959
148.802145383
421.819602767
796.767114318
24.2593736783
667.534316988
15.3138442696
291.837674467
143.262633108
307.822962608
989.660615877
117.870493752
281.406678955
2.96745622819
303.850158274
378.836489141
587.160660895
807.619942593
568.301006855
879.09972866
818.172851032
941.279415578
901.234276105
136.351553298
92.8545768839
291.010859811
92.820753899
49.9119518644
826.475159644
971.180473186
133.791552635
744.101895785
404.423469146
825.176186817
104.917911814
402.198452619
323.072414294
588.046737272
324.019279532
661.463606701
702.842416161
861.979356693
607.27008188
243.614124653
362.096388781
187.09657572
43.2749993023
585.277611031
121.446854555
367.949472882
559.188026882
705.869989599
630.289106804
666.853367148
476.922023647
79.5716520748
733.257157325
465.808104027
315.936448333
37.5841314987
69.9498922757
963.985211118
428.302994455
637.407989364
82.1330170513
56.1574048409
55.3565526254
486.230542787
459.794973309
73.5494680075
746.962278854
647.731351207
226.607904051
787.835510319
336.63016805
236.615905456
674.324604616
71.9873507479
78.9546141293
5.37293806568
166.436328926
317.14356173
549.340404201
211.762612466
549.515521595
119.856358985
179.67124183
777.966092384
655.701589518
476.060587934
358.593884618
157.071753106
299.082143461
255.829038389
618.901566571
19.4235805725
738.165189634
6.44327216256
895.563018161
749.867053136
824.545843122
122.951163897
798.418792698
587.136872302
958.026885232
225.964699137
45.7939346661
835.059897364
330.015692084
872.106507543
166.314439898
548.43739918
99.2831296279
115.556470574
223.538658433
603.395942046
229.68067123
559.5491262
756.508068734
704.770017153
418.21402712
877.242959228
976.192353632
614.883794806
876.652763511
185.856906644
45.79109498
339.273446002
357.14185149
815.760195117
902.71634262
114.514663056
875.034639488
328.077708017
83.5085517589
617.374371104
191.214344139
47.0273273834
400.425832457
859.435425321
891.095907514
222.692373022
235.207815087
548.398823061
780.266845423
952.638827049
100.90856069
680.960053519
846.062497347
973.596073709
147.68887615
515.468742961
525.281878572
466.370166429
630.581658173
584.416007852
29.0113871764
123.84916142
290.177867955
253.654928742
352.831710209
752.141609913
662.356110172
839.660822009
918.560296018
966.414281974
228.519216786
573.161095489
461.016024052
24.4455667882
141.375028028
156.779448026
838.389902335
946.17638476
716.782843437
443.116150853
155.015333321
598.240314372
421.200136752
430.342648194
173.632785897
788.768550259
773.822891457
457.314489409
974.734391728
520.551639371
250.320311268
120.838512564
900.650200541
385.958844317
1.97148116335
715.712524613
512.965523913
150.877400987
905.367267546
67.8601597882
310.39012493
443.780986987
107.963741662
289.771239492
511.756255096
564.746107462
965.945310291
965.86263495
884.41884104
660.872385545
276.883141594
765.303610207
30.5497116758
284.664094098
743.458894882
471.358721436
156.130938825
709.112669785
237.785873563
114.791501505
624.453759032
13.9714055366
205.175147063
576.275932267
282.958213891
485.103295617
808.66547362
325.84674652
73.8909147445
492.544815437
60.3154727057
155.996375071
887.303079084
378.594464501
852.342982222
955.143421559
352.513501028
91.861480801
401.051915957
599.095108585
917.779807337
525.594650145
12.5737505266
192.640940555
19.846020072
86.3687792138
992.82842665
550.654365024
768.671755395
299.078248619
700.428551448
680.095039822
257.489849692
932.056640721
643.818613668
919.259974136
825.214693535
480.2014704
730.094726348
451.18268535
328.434384936
282.669235249
195.035498015
964.386732163
765.477222892
785.532721834
476.706512721
355.626333206
493.834631714
279.557210057
368.255053284
749.334591629
422.506381642
544.15948401
83.1705299643
376.089245133
327.494695658
630.242315875
515.43457739
250.552261044
912.167947926
64.8854027013
602.292800822
332.780999555
378.589183166
474.037027955
285.082393526
569.573616517
362.191951838
475.126483245
183.831005467
138.700497175
674.760947327
333.36142761
672.433984856
699.630414408
412.033292207
41.0202903394
674.812241812
148.764143005
948.68924086
705.231231651
490.787518649
73.8370556975
357.371812729
410.886346996
810.483122842
421.259403629
376.409104197
177.079843368
248.07065866
720.753280669
607.794209132
572.023216088
245.602984212
523.437931476
883.796865358
655.580750875
325.80799535
274.717109187
869.607637647
868.5535107
421.330651519
158.267615667
745.805904174
730.736416338
406.52695818
695.752706
200.948034174
69.4346729348
613.780388967
627.331471969
480.050796862
91.8871641905
40.1733498839
157.871418477
778.739473538
842.465368549
725.404916466
694.209363616
663.899734782
290.78581004
790.730023344
293.141670938
415.95699411
559.029817004
967.772996556
795.719846292
334.391989567
734.136690543
352.019581339
384.057238581
762.379111602
605.263151462
309.745118575
840.236840465
918.469380198
856.773788762
115.319580743
236.02298098
764.160782947
173.71104503
331.41286081
93.5896556683
784.427014048
763.738749567
997.191287981
552.923426249
914.96942008
209.596105604
646.507605526
346.379653499
342.029704348
912.893283121
618.592321473
522.534364793
965.083513891
990.581555328
489.071519227
99.5267479451
404.292568522
405.975524881
653.808357712
947.742690242
277.787226647
152.158608721
1000.79876567
426.426105828
661.002246018
876.316437231
975.788235776
361.80825942
1000.35856203
356.204597701
82.5897934917
403.657172342
284.389522547
537.827294743
149.439405592
960.843375289
117.761784274
969.594821597
507.999398187
619.792511325
433.337356654
949.708987815
996.890876637
798.540522349
892.122798404
884.344654462
122.548447623
731.77817205
711.952671065
708.823995214
862.022638653
899.36626553
969.572350421
456.62991306
564.50789272
612.160701612
569.859553947
328.836602635
643.243743043
342.121836087
333.371388952
167.566065027
28.9432253856
654.865470639
911.087202786
218.849221551
790.959217723
686.144934698
331.569044696
568.639894962
703.036484399
738.745095333
947.758498453
127.178011482
587.80993672
486.98929408
12.32939634
557.111162816
416.775289533
379.164010387
581.684203518
682.85961054
338.854225452
460.399773447
335.512168981
126.620853339
465.767768335
976.971977092
127.036474002
305.38767812
31.0540843472
456.864278395
90.0644644487
171.652439439
518.882217875
849.798558782
725.832392413
243.485672525
384.940157575
749.368694094
787.414262268
384.542356961
895.610705012
622.708844116
832.929752541
143.287912966
846.691110153
796.599116009
624.671584746
110.174264261
956.186102042
471.985391872
491.470798994
106.939969757
435.613258133
451.966415883
174.713615044
955.433317122
237.828032261
317.193694916
346.320350962
48.0013822145
497.455898321
770.962426899
655.792531248
554.585888957
508.774544122
91.6733677776
826.551217897
32.9422467908
724.293938918
821.447744476
498.796221559
300.341383026
307.658292255
974.395647719
120.507275806
599.410874296
393.331245182
249.763034838
340.652244537
791.386918456
541.449206267
89.4808502414
684.997840032
958.498081636
95.6051344043
768.587065801
347.128660561
499.812296879
927.182561718
218.122945374
194.229877145
252.496851783
573.783559679
76.8619626421
484.078370648
619.328036052
458.507088196
736.321475401
841.86323654
1000.92468618
287.488968912
708.486134959
293.884786921
788.391073458
705.414065155
150.707540889
188.542358828
215.715857046
928.180154623
333.936429114
458.777002302
987.144262755
900.693991712
735.064755984
960.826731648
355.023837567
446.726105089
402.805938797
806.218740195
759.138120942
287.874441475
362.602005833
60.0674239942
785.441683426
906.29536718
91.0156139867
384.087477924
621.882973212
132.277176437
681.041374059
493.689770509
198.234961287
391.25382791
327.937573098
811.843588388
922.200133972
89.3593802766
213.9596551
396.07122161
391.967791913
495.07800548
6.24475158631
941.194158708
571.46522966
245.56490763
458.854937872
39.1908105748
420.320034222
151.691825449
980.515742903
39.5014788936
103.128233822
161.410257861
230.810935008
852.119382636
221.694382077
228.204499961
988.233028439
458.846710295
460.14950325
542.605945616
964.093243143
260.845993832
103.999016363
958.180938422
59.5102763587
157.38822026
820.894036666
872.327896763
198.733154687
322.2223588
405.674574952
636.515875519
587.786439534
801.013963681
639.564080042
194.744708266
217.526018125
59.6723973281
800.665101922
90.2214615799
925.105324875
381.427595422
282.950780037
936.47378931
958.163721257
716.071677245
322.582067552
825.109561085
458.057527455
40.4792953061
427.272735049
855.282411331
616.502096651
39.4354333493
119.59314282
247.372466793
294.079110115
205.094375018
795.080067903
348.967986585
975.352127669
731.951017148
698.245702614
691.94944534
420.751308854
367.163794185
39.8635234156
785.737580988
869.177604771
420.630653953
686.263546655
416.57320027
797.321668409
814.98157148
863.484213231
659.86639598
6.11714600515
