114.925055169
849.268404175
963.353030924
409.697640625
193.973316533
973.285623649
504.158829888
480.338140984
837.049694442
689.938201748
733.645063193
273.483617165
516.144955994
641.6706306
16.6332735773
805.277451245
942.699865843
245.132104143
365.481794787
62.0924112978
766.849813568
478.786959183
762.258356208
836.801268323
879.36809896
910.769912011
754.130354449
699.685932009
695.832989662
753.498513524
914.617513752
300.534870371
105.379344332
866.996192566
785.534007075
65.6726373447
480.571163468
739.805545922
842.664548395
500.809945247
551.449375849
390.524335021
399.41408704
112.433223002
166.511438979
276.730291013
419.684315156
744.492721187
529.747528572
146.740761839
587.172737352
912.706005773
131.417384414
511.157154735
653.897993636
904.473688963
138.092268588
300.200469058
624.526726805
644.205494443
415.130946206
389.548874095
36.2650293703
974.295911025
286.679765925
731.058354565
373.093757071
44.8729154476
938.278758303
901.923051477
632.115011441
952.493904645
33.1288505328
658.487259958
70.976705611
194.115524955
653.675303602
17.6518239035
896.148420864
39.2572131129
334.329436919
706.730763054
902.800598364
445.677122872
278.395567164
979.624450157
118.52227437
75.9207953116
871.16087265
732.362046159
890.138109158
382.990283198
229.757849396
554.978731579
133.94412275
180.112254737
589.088102618
368.150125487
537.647196908
274.893751679
199.348364418
796.41773308
419.052607706
904.291656578
483.692859039
893.653216803
366.267074494
423.964628883
646.617627573
990.32883949
969.878212253
94.4812072246
442.226886483
8.8616719303
320.716786999
124.734801403
364.978275279
738.197638489
319.480770465
264.228061811
910.926036545
931.526546289
260.103738127
650.244249804
920.198082801
726.210790667
119.562914644
678.200337894
983.346480642
570.368319973
991.005925028
831.149041358
706.769809666
713.383999894
42.8267087158
190.133672367
595.261914204
410.944115487
206.062144043
427.024786562
154.810816519
467.996776613
9.7338881244
102.677939509
593.52117354
426.380792461
401.7556716
927.811102105
853.837346229
988.711776076
715.921367489
900.687808116
1.63706535457
129.51768532
222.909475784
626.181159349
619.305827846
797.434489803
781.872282252
890.772897296
487.115388958
751.347767852
672.8980892
567.251557635
613.743632615
613.303441051
596.315520075
973.319142258
30.6746394555
581.962997896
988.568544367
801.820056092
957.85115581
354.565880921
165.478169457
326.367933028
897.431341162
947.201592276
204.737206738
915.41991577
620.655884571
133.476154338
24.0327017892
678.807496614
210.982747054
921.241071238
460.903011548
454.960006431
121.7817317
133.202930756
210.78765099
553.37572562
373.98544971
917.790028427
605.452135211
828.890478521
183.756410517
836.574449474
931.068746178
646.910600238
804.033846345
446.842606148
366.772249663
48.9569678894
672.478946696
32.4353895973
677.746618809
903.038850491
913.174196574
960.882141039
479.650018027
624.598147035
334.436588141
485.191819454
506.869403031
482.394380157
781.091863829
233.245984598
242.468937576
26.2094221455
584.299787544
818.023076474
822.603442539
306.302103519
370.807991754
474.38599722
516.496620621
687.515828821
72.4961239535
137.872357987
812.339135821
427.464518755
836.654105522
608.082736842
792.95770574
75.8730043349
958.132946415
26.6135149959
717.96424548
851.793775115
518.629317223
302.766007405
581.829552843
999.116290756
258.669769555
260.577827963
357.355181193
628.484240838
391.430240963
81.5098024867
302.153494422
256.214338647
1000.51622955
974.117998348
143.756168995
897.683547335
227.201890457
374.49003412
22.2950794317
328.817947525
696.196608905
799.506261426
269.108426303
801.104412901
576.062997568
669.581208291
904.672995207
500.230273538
774.744999309
987.818751662
484.755905389
244.506016752
475.924474429
126.404480333
644.678297698
380.298932587
898.0298639
260.38580408
469.506923947
99.2149781849
534.274131531
15.6112241825
473.34150248
18.7564665744
296.899479739
484.793642717
618.12143032
816.729266405
560.197550114
719.216776893
287.632139205
979.5988785
416.888664167
935.91588108
375.024626349
336.557817114
956.215200807
251.122473637
449.342418859
85.2297673578
740.780876968
768.169904121
497.562114553
985.489338508
849.368282844
970.887174848
35.2801575574
926.322613624
507.487775762
322.471777694
658.340036243
746.329219383
262.57516732
112.808821388
211.876951451
473.652197738
842.534443074
986.781999939
426.473021462
670.902591678
787.868017408
80.8609081055
610.036136293
680.561392128
679.055939692
804.961183921
126.484898589
542.745908347
352.811209753
489.122438407
35.9536936487
168.790700155
408.676096836
121.64439625
968.671470062
542.974527684
769.255890147
578.12802143
776.296174103
547.332307482
522.837967455
393.899088743
776.224830959
236.892528616
581.395098044
511.307209163
287.971933695
610.371258864
522.85818766
317.397230928
623.015949638
247.621422163
759.992915422
213.478226984
650.47446227
318.256404825
99.4989997928
481.77552895
774.223966686
618.681812276
707.498808854
840.859269464
465.343655205
474.780299431
347.612559543
862.400669677
286.941452002
797.070888441
796.603677568
370.355203851
442.670156705
372.488227083
85.9362976139
47.2423500143
626.126003121
861.613795189
503.900412173
233.679041952
923.833354037
42.9639399653
246.873706084
731.242917321
185.338106077
614.577087292
875.427605895
693.590332564
880.03111424
792.615668233
32.6671993019
77.6396308046
584.514126651
103.411870724
763.200499502
975.279594789
84.6920289307
410.858026571
340.41642486
677.730603811
195.594895112
215.915222644
320.994611264
847.97145855
841.207347518
951.674103042
773.531615959
231.032283589
205.967649944
715.2292625
425.39181319
388.20566233
404.161212007
527.795682572
147.891855661
424.66322616
841.407295281
119.359638017
439.306323857
260.748579587
608.060292649
873.501220146
241.426188948
899.586068762
658.338612887
682.83979103
719.222728275
630.67502457
593.663265201
444.556930008
710.450418363
622.604151377
866.208320663
927.708175099
776.699518042
351.188801191
698.238860094
641.589936674
994.368545097
630.611966443
481.285568076
440.504710489
147.894935064
410.824385254
706.515018691
332.610725196
650.530254522
678.130651325
767.613816198
352.184585264
750.123004699
646.581995282
953.4274717
763.527929291
842.897458491
385.91707148
688.526013938
347.004188783
738.301000698
796.959033556
185.339562714
793.687455617
401.401708863
296.397324608
59.8487671093
199.384120374
91.7349912373
470.178698416
666.49688371
958.624351898
711.883335606
658.729624296
667.535054389
557.610391539
185.242424392
392.9600195
703.922445744
592.06711989
109.037230805
9.43876587827
281.050231651
883.509820758
895.387709794
560.74252022
826.086256303
731.457048348
391.140443205
312.441724662
505.031976499
386.736347523
504.758031004
512.097877207
498.071376445
496.245786055
146.720709931
920.494691177
670.232786177
506.56755687
891.009478535
277.31223932
81.8092321731
531.979808965
449.731773242
130.423611627
686.903890926
887.596540974
929.773575099
840.786342274
296.834531886
307.210845144
664.517354942
156.351891465
814.869824761
770.040807133
530.605159688
695.258298544
550.958098008
872.081133735
923.892932302
245.023939521
95.4257340459
852.417444177
588.483378369
741.896867855
147.075107061
806.528400053
163.048226785
109.64678575
120.860753685
498.685214038
835.919263937
213.641329902
78.4995357475
431.468179485
510.21912151
949.25766013
50.9119446022
223.167521948
822.855966039
956.719844522
365.725198047
815.424126845
880.388254704
855.399194396
212.688806325
780.136881686
554.691409327
877.950054016
733.194093068
174.215162261
3.3327111867
990.954330735
813.982866714
729.560004931
907.730238939
661.540229254
377.110422941
364.897477307
831.690099115
595.259956208
624.999047318
598.974527508
228.558511472
112.461343916
878.914307588
322.009419499
650.374182447
960.858377988
199.08581422
443.862651139
180.881929738
832.927028213
991.043352701
595.813274531
311.805149703
46.0866352672
802.045613378
13.7260829588
786.652593787
184.416801406
551.605862755
273.96871839
116.555185691
747.437748761
716.104065854
525.092196012
346.486931163
816.461141809
152.874708477
296.69318544
750.304228265
160.94180544
443.284482231
283.510080114
854.245095241
104.741370417
604.356404838
303.532461434
220.746467065
469.433611974
176.488053451
940.391000627
611.431070813
233.079143751
778.696812028
831.273663232
822.088554611
766.81369248
182.435530336
287.661984214
850.887198393
817.744762214
732.602214134
834.273254153
880.624546603
750.42691765
729.306292439
451.114808819
256.48023577
450.583762701
801.183779242
675.160310589
205.800512479
228.893344667
126.490950681
533.679375633
573.955649486
856.860551131
250.820037635
662.28150536
835.612680132
475.871057749
821.125159143
437.489248069
355.376740527
90.3478679414
784.890824958
956.293288968
302.261747011
268.250743296
969.763143286
836.008444644
232.670332084
294.549202793
591.318093502
930.237509612
635.242247128
74.6438743997
364.790177181
67.9388055724
279.216597629
29.0044138116
803.462317661
429.723548557
913.446727683
666.13380418
742.525400184
281.404193533
46.2420663327
203.785543266
453.949531948
814.61273231
987.95570791
515.161461743
309.136821809
205.243108021
14.4552259143
666.415841821
482.260258243
529.031935958
434.506215291
383.954479775
853.663615159
656.293695067
626.320374165
874.969506404
703.706148796
873.936701312
763.919031571
892.175493091
405.070920377
150.085129107
312.388175444
281.43710826
628.930184288
510.551350571
690.561761968
498.210194986
812.087775815
682.582929977
31.6969192542
660.553410492
683.503657771
440.912862504
515.621094136
103.800548335
706.531395781
12.328740023
104.12312088
806.300171204
672.091661151
11.6568719254
862.79775618
641.60061184
710.277030667
613.43624121
557.281956469
769.210038268
937.802406373
664.462576505
221.668896523
266.570622414
21.1277332219
114.715590226
601.985976301
441.770434787
714.066457375
479.467135683
863.789220936
268.363428789
898.370996125
956.105638911
35.2925503061
354.003162982
539.387705252
198.117801293
973.523688337
897.289489679
369.464804959
83.4658729115
991.071467774
10.1072425061
244.768055917
131.634742099
431.75536678
735.527351376
10.0036433113
649.363171779
1.26226186032
349.295937645
390.196034755
817.608946224
727.876171744
586.415887873
989.884362426
534.702345608
752.426589114
245.576347862
579.869362134
792.305323298
471.20057948
811.538213996
698.536207821
390.424150597
430.323051951
351.86350565
663.427365386
992.403392245
931.26950905
120.929017481
854.499714833
695.97379698
591.740758609
636.972491292
23.8506373052
155.021644928
368.763832157
731.876247727
887.795505238
813.277664394
920.619260397
854.429786776
297.787048898
693.22604685
214.568402817
350.224130917
937.333199728
685.419451291
428.521129524
896.745244272
403.548591747
861.896752593
29.6214056881
756.608242527
427.349410544
368.439516336
521.671983341
393.923149416
786.448567253
1.02476844707
146.488345947
559.132053872
729.106119977
282.144394732
965.128583496
90.2964544922
198.666476879
728.14507104
302.994973801
14.0740135579
624.723117428
74.68279789
784.257832125
463.180031425
244.902412878
521.337434846
310.238281401
118.749897801
343.614025505
287.67895587
393.587154051
921.526068625
156.965698155
547.831579591
106.229155406
428.598308291
783.702963501
908.792053907
353.848232383
100.405088966
977.586198681
74.1041652689
115.44194217
455.133600137
460.162750562
476.05497121
636.082729917
106.578433664
528.290065858
868.104485546
138.812553871
712.444937686
219.382450193
665.045984057
631.65764291
570.072445585
731.541589487
517.720328003
459.771013533
933.824988611
605.389946279
358.987850592
540.853042089
249.15956537
165.284688634
819.957682293
818.170634208
471.740760576
584.953593925
406.364463382
484.672388048
120.85419625
231.847541567
43.7542100369
983.242678851
84.2066927541
698.71393165
966.15297952
645.892436441
341.533216403
188.133969484
141.921943896
757.839388842
577.991768912
520.021086984
20.2972518042
706.178643572
768.693268092
282.083287456
216.022641121
321.237611101
137.596396772
71.9311137714
135.507829059
926.852317593
200.835392909
477.182894887
120.866742742
215.508791167
819.986747641
341.845474851
112.557046589
632.483000907
717.378883468
138.157825733
578.983050191
966.633707859
237.186574904
297.297137247
397.748842181
964.343984877
634.636361166
249.666664335
583.991734686
180.661043748
42.2076745002
709.100152351
453.84235996
241.418608074
106.256056122
134.110858198
121.274762982
298.743821051
404.926840514
635.315360214
548.523706942
653.574872539
471.50303449
343.820509705
871.70691184
605.093421326
897.801552713
810.53958762
651.875625637
669.573286557
186.914408057
699.782534853
232.399473687
149.789312479
148.580489069
559.507983008
559.084260155
862.869852834
666.11046319
50.7503609869
473.479568549
759.742217252
780.616345289
402.388558387
701.757437827
778.806764975
130.992943315
549.828405799
787.453748525
667.350451562
537.818475862
49.1738829791
257.21336055
212.167871072
769.225988118
441.61086973
306.851628837
77.4161620431
392.144987466
229.763340375
785.685445541
761.106421848
81.2343056846
644.683429179
917.361564458
905.967426085
367.142712555
524.029654831
111.348756076
996.51418259
792.06731166
551.73025453
958.308982664
187.304477623
109.629847319
394.140947472
29.2024958255
872.934756612
713.842850234
130.002204296
187.968676759
929.345681733
200.448688549
832.433183212
70.1516220078
344.069058165
847.6777096
634.040992192
611.847691645
315.111430198
210.21153136
265.916033873
1.84189668599
403.964857232
152.291021265
371.183083922
816.711997895
261.256917814
545.127728459
460.388399229
573.420365261
907.134973431
777.382090637
400.320574661
546.132854723
243.20463471
174.217224298
133.613518982
269.635851289
145.62183238
848.745354415
202.389503499
795.142344884
456.47078375
356.694213687
381.928559967
611.659009891
