247.816532545
716.27312288
767.732732148
473.607996263
692.630623199
822.423624369
703.746009726
209.821324641
601.680588417
109.623026284
467.816377966
685.554310996
509.478359869
530.261251138
181.441013004
655.614944537
867.000134646
329.412772145
306.152530616
239.762439484
469.335506288
812.546477579
38.6373014255
430.12737042
643.002252006
895.938518622
447.652498053
558.896274223
352.954962533
87.8117701692
651.730298758
528.556517455
204.845154597
462.860169899
890.832283281
188.694316367
654.522707494
91.1236919034
467.684106579
420.995999982
550.495403083
795.871981621
757.200216751
817.433226153
661.061706782
683.980162344
768.168548179
676.904838411
728.133704788
555.374352246
277.299988231
32.2474523261
849.759858215
873.579716903
970.377939947
589.109523401
419.166325641
723.274004508
882.294063886
575.803157882
395.49640578
136.823012637
348.565524479
503.228002831
13.4077333116
517.050698596
330.700633867
301.562056239
584.005686418
407.980283386
656.946823427
719.867206113
781.03477028
454.035316809
651.499232759
228.402375286
394.258294429
234.982059162
404.945499418
451.322695849
239.584240374
365.069757827
702.381062208
755.543912572
507.012976786
543.028084273
130.446765866
568.548472124
90.5067252109
996.933346984
299.12029983
732.786671889
208.590959091
203.536988545
80.333025485
666.295528565
780.435529208
52.3190741306
68.3989355614
696.077593222
227.317196799
768.810670687
778.081218229
751.646577147
162.839483546
838.926467645
451.917713048
232.454837986
367.985047082
21.9559362726
766.159884443
860.088305704
75.9641812905
917.560582843
859.75776639
435.76483167
160.971720726
644.527462709
849.129976546
46.4341652097
80.573055953
345.359479736
338.935711212
615.038492249
73.7203153327
102.34109996
567.862227594
505.317453971
732.495283331
506.932301352
14.6159315391
811.777883483
1000.76545829
931.054438731
377.052654082
650.163477433
69.404875926
516.680146462
52.7730554992
238.775923118
722.094573533
917.735722498
787.63862675
914.403736409
887.057013602
931.27533143
197.652730311
346.290049756
98.4683703126
433.052543554
875.445089083
894.388115749
504.793457611
563.371680037
356.726759726
36.4736355015
946.707098069
638.17081629
613.751139453
97.5916197931
453.407286127
988.222498876
206.735797874
257.688988236
325.828428151
31.0352976356
523.723672493
530.135921609
384.572483921
196.02202548
672.459594734
582.072897676
108.923380576
806.708439741
495.552090045
166.356569588
424.31943392
352.854724735
997.274377723
385.978790768
644.916619459
685.502393691
261.243681777
949.170683474
48.0087650007
157.912043636
72.4067844307
737.830597165
659.582131663
329.344224704
776.182014427
961.199885308
481.597706676
869.055376342
747.991297809
822.098470396
49.1728207726
662.576129492
765.853774136
565.707597869
757.649496822
399.657656417
235.972300585
790.864701238
840.692831462
205.512917077
209.772316017
158.625950972
790.504268045
837.772132343
865.088489751
883.054918892
246.634863193
432.756318361
710.661949943
82.9543221191
125.317819884
617.295320392
559.278546273
993.94476416
586.108435963
129.933319599
920.560795849
876.930021619
975.000100455
908.560177668
781.604132347
955.559369826
237.646743391
415.597201936
742.00263717
832.461945008
784.231953424
108.470941951
3.03174052231
492.222646389
158.92157147
261.108640592
396.34319941
92.9387921707
614.184438356
181.340538056
834.302719893
884.845275484
151.642100084
784.943965041
559.738829961
366.950039899
383.161998852
228.963084909
869.732359203
528.743104777
503.527226662
683.277666909
874.944235598
915.622075961
826.088586329
973.013610626
858.280601332
518.39541891
114.440799667
550.419698421
895.145721708
432.233758459
55.4259666471
636.924637699
303.007541037
910.52824018
278.720677094
187.023199504
802.526355023
871.527984242
110.147908839
689.648726213
685.514910844
656.836890645
160.394914251
820.57469582
266.241007053
405.027567803
758.360856641
357.769609946
828.638553187
216.976638536
863.715502883
815.923133831
351.71519507
713.804826841
326.621506843
303.637619028
871.588728845
176.811497203
117.760705285
610.448671778
444.810437922
173.118860394
179.603287462
588.26064498
686.400335528
677.071425588
854.352180271
325.61428331
809.438667362
310.388971426
307.932082626
511.623452985
858.75744287
663.833678045
768.167921606
631.761584367
879.462385428
1000.86780266
64.788941804
439.232805329
583.994950462
479.523520215
692.659288797
740.938025702
309.690103005
79.2577456737
298.284980595
333.208386545
944.008244264
326.951345335
890.651956781
587.68988628
746.209686308
562.613528332
960.069093947
664.276129085
66.3161429135
183.586905804
774.654998334
27.8755582083
295.271247855
903.964260066
358.410568735
782.970027889
372.0957953
856.703100714
448.718015485
39.6314914712
357.43676241
469.491909683
160.671230774
504.957246161
79.5344572159
506.118084662
388.829567243
420.881432221
360.704214154
841.437585067
610.324326557
657.260273619
556.454339734
386.441751865
942.958528497
970.345071768
29.3723109555
690.343103764
625.610468364
213.339728474
303.792655053
854.023254838
71.0477071388
578.615513209
480.631573421
291.316743295
374.952953008
976.886855659
84.8055084678
487.302091539
409.397473349
75.1228719642
18.9945470182
246.441024547
483.582706338
457.63489022
111.025623039
29.6334451882
148.660905077
5.99335907187
618.639219129
166.834103761
338.832635144
894.445066307
155.478166332
751.46302189
449.393701058
450.447930506
656.401371507
407.737992276
844.71274893
786.495640759
763.591457438
717.082963072
571.769955175
530.516400091
402.839294313
555.45682162
662.300220216
62.4628118412
971.587696956
841.809373024
78.5484538897
406.338538484
299.673480434
686.082383168
545.99378854
781.596151581
864.557166389
13.2373332913
22.3623276214
690.562396368
936.479310622
443.466968923
608.237976457
606.774597392
449.820356351
647.054588578
254.638743416
735.886044371
745.587311491
731.888367223
367.60061743
44.8592420674
350.568873301
881.946769616
323.023557667
354.770368132
404.882366893
665.214937094
973.318243756
312.51643197
109.978395749
429.257162758
478.976828909
470.672584378
247.680729677
1.93806541977
690.348915474
925.620370003
825.205573316
330.740655255
207.034544547
411.132883152
70.3053476148
752.694873892
31.4574605827
37.2790607639
851.121185163
700.374768073
623.97558441
739.350630594
852.40754663
830.037530811
355.264687983
762.425445188
362.819196428
488.404709793
994.950767455
238.137035251
842.692705315
710.951897779
573.221754682
506.398565803
33.177993378
560.794552273
270.254897484
489.302277604
281.242953982
189.764417855
220.514187084
260.411365706
303.297954651
31.3090739361
30.2347624512
176.644232308
335.371414729
565.064412826
411.540837253
404.345699676
405.138586728
859.326138476
33.7805622855
958.824997584
465.447840457
83.2135640585
178.077590238
916.123616355
55.348458916
852.73380526
560.772763667
176.653428937
305.775838641
789.70747912
758.118948246
586.322526495
360.359799684
447.196473506
613.405523183
61.925215522
683.480375287
367.215472229
587.512591782
997.648839048
441.187591959
553.239349365
189.623412944
643.098921728
401.970507492
85.7859118125
719.20811744
587.409001321
351.1521344
569.515043268
907.215467381
36.6833646163
377.554661685
876.481408393
264.800507885
638.7901052
976.908870348
20.0689763004
496.267459506
328.014414654
311.096542554
696.201888729
713.71836094
539.827709531
195.417797787
263.030391241
423.914929225
924.913883922
187.685260856
545.114822751
880.118707449
937.189244022
881.506118463
511.219149061
424.807090126
178.036851195
446.353694833
875.987189908
56.2607096103
190.342884349
647.066767218
102.065039794
163.132192864
347.94154066
247.316140918
748.1089849
185.862619281
635.406919462
714.936327409
732.444489578
410.395529723
827.079379609
290.694382163
192.846320145
349.596894564
13.2132152036
3.58077651197
118.666848621
148.885418279
392.623420587
635.934539528
491.928754734
598.279094572
305.755173007
914.732908622
624.82091023
162.902146225
661.566153034
510.991405022
814.959425504
116.815275455
692.39629262
373.292937674
353.219759862
230.812776867
363.498730353
871.11178568
371.676273985
599.390792499
288.04721406
802.787841163
242.568178351
409.643449802
175.891342424
879.418678721
592.353486003
446.616639018
480.372422558
676.041885745
453.265197194
693.738560819
246.908824443
626.374374534
821.564238115
579.242064056
4.94436852329
230.948171012
657.196482885
766.179667973
741.21508984
900.196445923
296.314538601
245.81850553
236.497377019
796.32695057
69.4318532034
998.558992591
69.1505215793
633.241794203
232.917118272
95.4275507543
25.0662452451
938.111092939
211.764632649
417.097808452
863.723673063
756.621035942
898.483958113
482.07083255
258.20377045
171.53471259
389.788967528
523.704561299
64.4163770217
804.586777166
137.604590007
663.655367578
247.085759554
797.287758865
306.493794785
548.752615611
902.059774297
659.370034325
559.691613155
276.989746275
517.709135888
151.84414237
390.647942416
91.7066054848
40.0302885896
108.949803384
693.294390669
237.084344647
364.604422889
890.986390017
416.024335316
925.531965199
559.538945098
949.392667179
221.768151657
331.732026912
505.267538569
195.962157642
274.791565781
860.296392565
679.196760403
54.067666636
575.372743043
123.967258881
822.312160769
43.0738279616
91.6513062081
509.590596819
58.9163094554
360.10490628
242.317599484
463.306842537
309.04835821
531.59429638
942.220490164
604.767409159
388.311217282
239.615817492
635.729886556
436.151785003
932.772256727
641.41419507
189.109576875
200.466879898
410.770321538
575.080026902
197.519042419
932.140194815
206.85861547
602.343381163
360.373146738
336.085783073
843.973475688
155.668853112
780.996229365
65.0380829779
659.861218476
549.869416265
760.580711169
2.96319483952
349.018511748
824.724300812
671.526758796
416.457382039
837.126455633
199.929658942
650.554488134
584.22871764
960.023964138
741.964058261
615.494318166
593.407205946
937.32260016
417.496840151
4.93980338314
563.644846324
431.697064567
588.922226901
202.13457609
670.731366682
85.5998321441
254.034555873
455.315037288
462.22565683
409.675048567
727.933800179
872.178644893
494.072695895
874.776535596
701.922813821
318.237727476
923.426950013
708.625788541
210.849156887
311.349365542
303.49813977
447.320493684
511.86658946
390.461321253
633.446373287
805.493166478
897.029439433
126.512072512
877.721706855
185.135170923
371.322583287
893.893262832
866.198772843
110.745214189
545.777891581
189.830074649
222.150660139
656.756089165
704.825652542
327.433795496
412.300317682
832.501140993
167.858817532
129.879817695
708.647588387
157.747674942
552.161753604
177.268283674
48.8515644729
620.912714218
548.346809694
250.934282179
601.102654383
628.991148537
391.653550554
829.296095527
948.961234397
15.5836453645
624.309946546
814.972064029
278.795774347
955.148181334
441.089099554
349.395265956
636.743216488
525.341533035
595.600064388
354.864728866
253.647556402
949.00086688
930.818117493
516.029088783
165.505299264
758.207978193
411.970841025
279.627356999
937.637420811
79.9458934901
209.970743264
598.474310463
831.468786367
40.7800803616
191.313991714
139.827626877
100.999834806
86.399158187
929.82694182
900.577857363
715.612383967
604.114416699
360.897046855
450.519024537
913.711756707
645.153589588
249.250778938
289.609244096
122.269076498
565.463401449
79.7919954082
535.044481473
772.846832058
675.969611951
878.157426175
744.886501978
975.729920681
374.058413832
197.104664398
495.103644
841.680325894
758.154231287
452.999226679
517.69081689
173.12599935
873.432404794
749.85058521
931.27532892
58.3895346856
972.271490605
631.730289632
476.176876302
60.1450994444
620.507924632
389.656201004
627.210756497
233.119635909
695.8192572
68.7582136725
232.761766961
271.0796355
3.45816555808
434.092821298
463.387720997
599.679427336
123.430905351
794.888933138
312.625489553
115.944821835
593.764237646
755.740173748
662.167484748
351.500216167
606.25603751
336.763656133
627.421767125
32.1548383747
921.749230387
123.40209631
251.7254756
610.764217007
870.063849844
567.138346357
471.463399442
62.3255463045
481.109731488
15.1853364262
741.876989553
273.650487479
641.427420879
500.326615571
735.112538937
1000.04673006
712.577238667
174.38157781
953.765510869
709.6546443
16.1762442973
882.241087986
592.191890511
513.511618526
342.319714689
304.526718633
31.4152087505
941.781779053
502.015242626
973.648237556
678.735935246
814.085398689
709.503456286
107.130999246
622.438693826
690.407768133
258.060266925
706.211860985
146.752450036
903.703875581
13.6715532862
683.237763847
245.53864595
941.470387611
124.358881799
275.677627569
836.66391509
581.432590159
455.555039799
45.8527432223
566.587645663
962.306510798
732.856664543
460.265652193
322.354288739
526.466770721
302.510052041
222.200464322
919.768234223
439.869045191
933.655452918
108.823809071
969.292140591
247.318398265
958.850951989
964.015121726
686.04060241
672.180852336
399.867957774
628.383792119
727.966331272
268.575275286
524.35178567
146.898678428
662.579141606
818.134260008
925.302440427
13.8453894976
121.3666048
404.659974029
512.114252701
603.009407085
460.595638524
75.5787288041
673.393617042
865.761170519
693.590424905
619.648408322
988.56450115
423.970453221
396.903337008
485.609600272
599.957795944
975.34731498
265.474011843
827.239849137
875.671962837
864.757293235
242.058513581
603.223193137
62.0582343543
362.888540974
183.973482295
55.5240511159
343.7457737
313.870757313
495.164729036
68.749237814
95.7420146401
355.843014205
766.13212213
267.604563577
551.665057982
233.839911321
584.368811676
966.234444438
238.766683817
678.126348791
830.39658967
413.763366396
211.373361674
361.988069023
90.5807702654
126.838310857
932.150624737
879.608073629
314.10000685
864.543632744
863.216864264
264.427517068
371.908281206
926.072175864
760.637494115
775.675246212
667.698893685
425.356097402
192.28736617
935.390700698
332.963845367
