598.469404804
212.278222905
732.79907647
466.531226308
734.49636917
820.619242716
985.745914517
757.450767688
401.822978574
519.31514088
267.573360197
662.508683862
296.987459582
545.53412424
25.9736169197
219.717591
786.680761296
310.525900466
174.00825021
422.800817042
933.777201416
496.090694684
405.94309699
18.9543083034
227.477886756
874.718617426
329.225946491
528.425875073
818.914481715
922.8573178
401.109911754
31.8784000211
365.48219767
21.6448290483
809.046160482
981.082348606
857.299827733
741.868081852
997.971970255
161.035048841
843.068819419
84.7151278039
722.629124286
732.945990878
837.177564408
945.896549607
194.565798484
484.029895499
289.989969503
380.545288675
274.787600145
650.000538364
869.191650869
726.532095771
717.063994742
990.948442997
824.828763732
291.45876079
208.850192345
584.293172262
42.3812938472
785.348461148
428.583155024
336.181134369
818.88869769
881.845630611
868.699123009
548.750225372
173.579497337
178.302525228
884.763329974
553.425508357
804.639385232
503.520335219
921.80027532
205.700035182
315.658839717
452.515782
141.121097474
104.064825407
379.041528438
95.6265965662
783.304398386
453.255338839
812.616268387
484.068532616
85.7947552843
307.270351912
378.067786243
32.3073475406
204.378238505
481.864193757
229.077783772
178.791183654
316.726826896
754.309127463
244.211579925
529.626386899
438.940943412
412.502195422
429.438064854
956.750322959
875.744680039
484.980396611
821.459166907
56.1788795776
85.7471578055
238.685532475
658.519785167
166.077359065
846.747774035
126.443335894
568.244159685
845.195686314
425.208807949
591.120016642
927.215722773
479.835456939
613.273645389
964.920284009
666.282130037
522.773037109
982.934767144
226.48874684
240.810014381
614.708713743
696.669477376
648.652854591
200.118365239
670.636235184
742.738270216
394.752869542
447.275326235
502.91348893
636.160377864
395.460831986
87.483123753
576.007363387
162.627067871
721.801712276
449.051717377
197.72112395
411.060844517
860.841924537
101.16953779
161.94211179
751.672906367
897.615329308
21.2408276487
699.894238043
795.150910448
845.266660888
828.140672211
864.869682874
890.257859771
971.033736656
207.547825091
449.556269346
112.558687196
526.378002712
707.829889393
423.318225937
960.70491871
526.464794469
711.238069403
136.120028712
870.842422843
905.038185804
636.791013041
143.27753202
55.2019796316
128.984066763
824.013468212
69.3184722903
155.344059493
591.584846514
416.991710397
534.797419067
553.040334731
822.851031229
629.99813096
342.616252356
422.854812212
572.828711012
634.938414722
543.429785291
198.308932004
616.369555998
353.879465698
644.832959626
322.033429801
907.123532739
826.141248553
7.67343653623
32.7516344096
95.5410303021
293.524140419
696.419966738
749.114443038
213.803317838
985.353613317
397.048715079
641.885580221
147.643421791
462.710200766
33.5360781474
719.106162367
849.451030907
138.579140647
860.644002689
243.756308529
32.6855391098
284.31894774
475.808369838
73.6137666944
33.0230012966
464.978845297
252.391931751
612.498017531
823.844104615
725.082166252
975.593283588
198.440277724
463.274438453
913.16588267
261.605580317
398.147762432
731.491738151
655.781403785
766.142677795
539.306031013
676.790156936
884.051678256
448.632690943
262.992063142
931.696589566
533.43383371
13.7535140429
281.11339856
573.125612942
810.672650715
702.590414827
443.983182472
9.44864516047
898.713203563
6.62178973804
714.583127678
682.874530192
739.797119292
218.562754832
571.420227072
227.935035438
724.114573508
70.1863871229
964.326671951
835.13994192
455.465807971
958.024463624
745.148452607
470.333588764
299.199776781
508.970273466
627.104027393
95.6914563859
327.471181693
509.551103409
69.8712272285
935.827269292
183.712251599
457.81701831
229.115393251
985.517953259
778.99577904
510.331464657
987.323108776
620.322601658
290.171435053
443.747267562
333.637371651
873.905371282
528.98180665
915.826858199
73.4360125099
299.262944214
287.903685197
178.306617388
549.669908481
600.363243329
208.548476134
395.282614864
926.137628607
721.336285256
501.168658742
794.037029265
853.694546914
613.210884671
75.9475575543
845.816596367
101.6138009
310.644283787
395.991460888
237.159600011
308.369088865
9.69343614113
437.588299908
330.937259198
890.439170461
837.567282775
356.556639483
126.394585502
252.542512141
783.952786085
769.884739416
946.37282018
281.631682009
156.601231817
259.45202066
975.937197755
974.782362709
288.216040736
100.670620961
563.528229147
386.88935476
670.091298329
84.3837524555
809.127571697
95.0779142209
145.317521277
740.151448764
771.018878345
667.351651455
431.123870424
678.772722841
719.939359886
525.633162624
341.361866472
61.1026345233
329.037225111
299.862231759
281.081222754
393.873422387
576.664163794
53.8497843773
387.237060556
819.883281853
170.287710874
460.588034854
325.0408512
46.4900500569
262.081455825
673.893040326
493.877814699
95.229920943
376.432390457
668.227497937
703.576134316
63.8305435091
787.286565782
585.293350411
994.684705824
280.80877225
337.456279006
715.303440621
89.5295973323
46.2341274348
539.283638564
331.914330778
861.242137379
785.662717904
909.130106703
867.934004245
120.089125241
826.915365561
333.742413291
37.9725745123
550.743785141
989.178688681
23.888139804
777.797800261
152.810089571
239.395634399
326.607979896
20.3316362966
419.918171662
645.192208855
988.728327128
536.456353298
719.109785593
175.812600474
483.680878111
748.261550445
713.612324619
613.498941425
789.88093035
584.177349283
614.430280156
663.07091189
698.537178458
695.933975587
992.105233895
887.672824175
917.55606602
797.579188018
233.528667574
562.522488585
521.599754234
608.222498225
522.864905332
997.90016758
102.568272674
470.563059552
300.453830863
511.325868549
75.6959253664
867.295751222
136.184160813
192.934488313
950.863204009
780.157979196
573.584232061
991.491504699
136.192132438
110.87064804
803.779804579
711.495725754
550.969681225
757.209439619
839.45092621
705.427095989
540.328622924
219.556627065
867.663026879
626.96036896
410.231913689
844.105188743
619.902406145
122.042765866
852.313731238
988.570482965
15.6293162429
530.225788855
463.675162207
762.231782107
527.149726972
484.858418553
684.573114297
596.188295899
676.186307044
147.45091362
147.088984244
154.406874948
804.691980443
549.267222478
18.8128301196
473.728495539
560.083472669
104.269788801
121.385980001
672.581715768
796.064162235
541.80597259
772.869816499
113.175539727
152.748214803
158.843934132
146.258132078
327.297385562
545.049786951
148.666702477
737.116356568
12.4398105771
912.928974224
258.576860853
900.071735427
363.139594229
999.611529634
573.024532302
972.185240906
621.736291362
74.9875490304
271.917936411
578.614432596
291.877807059
269.084460187
55.211539463
875.137197631
867.065274179
67.1490717877
69.209498273
272.447053741
753.093705171
133.070486679
311.499151289
95.868087069
66.2660802959
61.4053671864
722.055457784
10.5569814106
292.08253692
795.335347455
133.779313403
668.974889471
803.505359114
658.076562441
87.8968407362
931.972843669
490.191885696
833.854807321
169.858740868
988.02500993
857.406606047
766.474532565
285.228958151
307.675016128
681.855018436
509.277923665
917.753385332
713.46216731
142.643470885
740.512874481
839.968255719
860.373568342
515.417110066
365.425548399
282.247782431
903.192755736
291.512843338
62.0784435464
726.673212179
481.569809551
707.357447717
898.459893955
698.727036179
820.717694904
194.968928775
364.171622333
718.967492869
37.3695270459
746.844706961
532.412634437
307.895154727
322.222521374
756.687047528
401.563994816
519.346860959
653.507857192
881.589228481
981.128329633
116.482021992
994.769591051
464.851578059
992.381895691
696.3921548
804.675416933
307.135198499
565.880057696
287.772624226
512.924461619
779.093242911
856.731717539
531.615886205
219.69271355
194.280335042
472.40991446
70.8952270362
648.574574982
255.329897675
658.932600653
321.254038913
933.013817389
820.1592694
586.959089727
405.20983295
318.92172783
235.550945418
987.623341395
283.187134486
713.063966542
528.887296119
137.278543795
749.751070328
507.393618856
307.922054295
939.77294641
479.453193829
68.4887077954
699.446202923
582.190038377
72.8929639564
431.188195546
459.043707992
446.113379341
864.348330276
466.109246621
99.2227012972
278.126368162
10.4578278686
97.8725770513
738.485944446
383.495502142
641.228750355
811.171213664
289.905951393
117.092137208
658.871827989
109.995678612
717.303085838
988.794773809
784.508567949
72.1092222993
190.231958144
830.444156856
390.190867084
862.783477309
930.05627022
484.532314264
552.016534659
963.361449999
155.237759128
502.035822098
818.643377346
318.501695039
385.225744083
217.673466733
720.173915689
670.527413465
56.2370712976
538.335421269
519.000141891
320.468741131
686.514427392
616.827952575
344.443370587
101.217757593
992.53126513
644.823274375
242.864766434
390.709279908
91.8330957009
565.598223432
928.85599229
793.216353271
639.468543505
921.621211519
419.40161556
786.14851252
633.360184142
203.703814567
589.813284266
634.51196984
445.052022251
21.9193052961
10.3184024471
320.448215581
530.942088765
514.355839402
644.194606035
496.621542693
783.770586068
833.597420577
709.294472829
430.320236576
738.868682284
834.472496043
763.480036112
810.02263714
12.3318190701
265.722989358
281.214319422
116.401157244
479.274672914
548.872887955
713.037133568
325.690797629
502.491889349
403.691826257
242.711651083
105.080171875
67.6268423033
350.440160213
27.4482679604
726.590924812
997.08251224
635.253006809
317.099591002
289.231129407
663.233832953
184.524378021
889.92857784
616.227931047
203.27343675
432.710312251
520.379780842
641.778383201
919.485737905
544.277878089
836.095305508
622.774976019
348.150613362
238.51405703
447.850745684
773.998063809
500.803320021
390.986451315
813.057975534
833.638179755
426.818217245
116.270287677
663.664485459
945.059485599
925.422575735
643.524154698
824.897211747
725.067182187
352.562432905
57.1183999713
3.40859888583
71.770720508
260.199486932
287.205436317
277.483094529
435.810782884
850.996770401
981.730040827
856.663055571
779.801188122
417.86540351
497.1244535
365.852292269
129.67152448
113.673903025
365.940257145
600.831606354
771.318958483
959.838816536
325.083823392
492.232751952
847.033690785
4.12223601149
352.919130726
847.436095725
478.159435189
214.176373387
182.888831794
417.108975376
751.301480389
221.694981563
322.262351582
163.439646709
234.007122028
399.590281547
813.990413314
953.83333945
302.962374703
957.123211362
377.204773576
349.582935426
919.511483801
166.324654819
994.32757625
405.687905885
558.614598092
924.176375528
597.040134106
814.30308476
206.493249753
590.398194437
748.108915607
552.381677906
924.658475593
362.47771867
711.466419819
721.570068031
317.077802359
801.786609217
117.851445116
19.9552423287
199.75595034
191.135597028
783.851199582
691.631541168
827.775987681
290.953269401
564.360461976
79.9388084856
300.847660097
882.368368868
888.78094468
36.1235425466
500.999885993
74.6087713939
612.485427059
479.40234442
365.940404406
784.353685204
906.739809723
963.894539553
399.770528075
124.849666435
869.709597044
207.362598344
685.165452743
710.349626426
752.447281172
550.957108411
196.467208426
481.455233759
449.485842855
88.6204185495
149.985205925
520.523134391
937.923019848
896.868457576
775.797881581
137.762312444
45.4364274011
796.281459377
1000.94891135
91.1754576564
993.898013167
637.082710876
515.704455252
722.909718973
944.77133951
744.290608048
94.8984267451
789.27219779
108.813491696
534.976318365
687.476341751
552.194880458
921.716731204
933.766626989
304.345660176
550.978082939
88.435700841
31.6839359827
537.002388872
312.097760289
60.2754877782
994.18650845
651.142225935
625.962396149
43.8686330944
937.282961459
567.991153515
468.196996385
735.041727396
364.808903967
151.450999409
126.391071385
922.294893265
271.448176035
532.821697467
165.128181961
753.685105773
328.102971522
464.518720538
910.403972157
841.676775994
289.366838037
707.779415617
935.47996595
718.633935899
89.2043143976
194.052205784
280.227134002
324.577576649
424.13884366
850.624261435
673.132445184
582.176620657
311.141988428
759.910171334
562.35166441
733.60363413
106.420277027
33.0898227593
794.806978156
419.014915408
367.053733306
127.529284733
946.250310918
546.538177812
893.38345425
677.104139812
31.3578296721
203.437203918
561.837827842
445.50363056
929.744611542
193.532598142
173.858479545
174.670825086
63.7442025927
426.189287871
303.563083639
119.284641089
615.839172955
433.27813602
482.024658324
180.8221946
400.164583221
368.357086249
54.8686128626
245.250934374
334.889759537
910.007118432
108.255042207
997.072525912
124.673346217
509.888518571
584.991536747
480.036914513
149.069677935
637.83568479
356.139975019
293.392770952
271.749941086
473.304086192
841.853420105
868.582863586
88.5212385508
669.372128525
297.658910137
302.626476377
832.38046862
524.880850394
796.334544354
789.766215003
913.733422296
738.071187912
106.438413506
325.819565376
910.92168784
88.2177525097
53.1920126623
495.352341422
884.413142455
355.824300385
317.31774581
740.783589513
256.324857126
318.03252874
428.300453014
897.380763471
319.479599657
190.09850603
319.897470971
833.127084369
498.583235236
778.372368586
494.604468231
706.028308799
756.69594638
272.65910727
484.001313219
363.137942015
346.913275352
918.590620804
527.915359049
510.674626591
219.722469609
880.419821159
168.494336962
408.944495556
344.52716294
159.815441703
506.07189569
152.833687576
166.425495389
572.192906449
121.071400493
285.074438365
324.396089312
862.322385319
816.629594951
322.315191664
45.0918693375
942.351045145
518.162704055
881.893737966
327.688161929
843.389515493
274.99477772
380.415670631
476.789954541
965.048922331
21.5317179073
309.655432447
579.378019138
876.516396995
89.4362611148
501.751982815
176.84953638
183.925889776
65.6153342116
564.131062263
44.9856113397
990.133457241
