780.049556331
639.039673839
24.4095672158
52.0951130444
629.472719469
679.064855949
599.706216246
728.680146618
368.509032464
862.948231284
875.895262815
663.163640759
894.118931953
399.015069504
947.536737342
78.9049024307
351.904545972
688.914085795
233.217862981
630.848294662
76.7030610707
422.356960913
575.076841909
765.07774288
477.92053915
252.176967187
617.665730945
973.677927483
418.10683066
993.1488871
145.402231573
941.545017702
5.05166152646
801.220226259
163.161661069
133.218387895
785.650996112
143.948088247
933.601954661
640.727829219
547.004754433
163.707349245
1000.56865848
572.442695121
188.699534439
669.937074886
526.692843046
98.6400060847
834.793402909
626.76407606
747.603261543
957.693764009
916.066037927
192.946625657
127.329485616
186.625147866
397.63845399
664.636395584
691.304755074
937.898937836
858.448525307
884.154833809
952.769706166
789.919846706
480.686529006
652.155418694
818.901556768
362.670387115
429.036219797
888.046097686
959.440529867
502.723475614
126.704190374
201.9699755
101.675083976
582.680315472
225.457766042
954.803391705
768.578136687
903.597042378
546.377746341
639.059534313
515.108830061
326.343415009
293.078200594
145.182975874
708.333441749
862.667722815
858.224759129
335.231833347
234.778837657
329.418673021
750.708579142
73.2501893009
383.308091488
911.956234479
704.280794908
247.039094851
479.089309559
757.242937835
778.45683724
438.177687249
765.071440804
713.974317838
577.417907765
197.945599797
305.157011578
383.74045608
698.97219133
247.023738652
92.0532314084
407.822975221
575.026151976
160.409548718
523.849886077
878.286106782
461.925555421
718.189624332
155.018085602
27.2505632864
884.37080963
146.19212699
997.449437258
918.198520581
485.921829386
350.28938893
697.666701503
181.981185807
694.530518556
188.176625107
500.608085658
195.374377249
71.7141107957
704.277740094
754.774939187
801.954709396
825.692732814
675.717105123
166.305161307
584.776649029
648.44495225
119.335921137
928.815306787
521.639993229
94.7655819105
696.310596959
570.425886596
927.802363505
473.196935812
534.783774186
407.780721762
984.707378793
623.327204286
906.592599121
788.530293249
569.124823046
681.165383441
151.789354532
983.770869245
904.318039696
917.293876438
140.686412645
710.957621836
439.131396129
875.081822032
151.844022057
266.346658591
642.354004645
894.983383791
11.5279033852
819.497639713
822.511034549
335.266278788
814.6577772
715.106186157
671.996224084
731.190698635
506.07295807
923.562352988
503.250202609
945.630886839
701.506958167
104.379154916
521.099947589
981.892840055
625.174165398
626.824463242
361.309530798
160.17889978
141.607404502
539.615133162
509.657227994
322.397952584
973.446204764
295.650358639
311.326848623
845.272284946
412.251058635
152.481931879
5.58510108661
560.837223902
814.077376031
868.281946052
247.084971317
286.982269304
206.28256018
825.286313119
547.115727812
530.17997678
20.8862095272
300.643959907
786.437706675
370.112041531
840.45549052
66.7830955347
638.565325215
349.60544449
37.61479097
415.07667143
653.863389894
382.713093363
921.398764118
754.850202748
754.073158951
771.173864442
959.112857033
205.958177713
535.021146663
487.420567146
971.165713314
466.518431898
465.31097856
291.696860053
833.898967779
995.12832201
286.797122189
500.905628939
935.095619789
288.544679187
685.706164562
550.493889132
547.835461322
344.299257684
198.144711705
766.560326235
483.823712634
975.95213328
653.268516873
604.819159288
797.500967179
958.02576335
36.3574499666
440.376333942
154.447364978
724.334591254
870.828059902
611.061908222
672.458355069
959.197164181
196.056891393
481.593642104
148.006091369
265.428840555
974.202342552
482.533440574
93.7737003856
928.226676766
708.210965271
487.64643379
912.238902067
610.585904534
831.110782472
197.723523202
63.2723261666
385.529647321
909.682121206
89.5245670844
986.556871466
972.845825233
64.8775486876
498.110875713
89.4630527395
656.278166768
978.270404375
532.623918469
159.307965783
21.9353517763
839.533284451
316.318797528
122.128918735
751.330687394
237.482648773
432.885358132
26.5274704115
173.788545743
587.312873771
590.496176378
326.521401618
0.116722600547
297.037196313
743.67574385
878.992617012
241.336997339
519.000739429
755.255544179
557.335311665
982.821637559
759.206648068
763.111123057
93.8525269491
532.743451932
255.464606611
650.901265242
532.551435862
376.39024582
804.331318996
804.157911857
101.308450569
567.803038904
916.374609816
396.343641848
711.376645284
458.409489486
704.55334126
173.587040132
899.638532471
304.001420631
970.733055012
906.785701814
651.157695039
377.892913071
652.210561224
19.0507086372
779.735735068
285.51581899
781.038842475
755.473815151
84.9322194974
644.876652961
936.486836423
831.786456059
922.350873228
14.9872915611
172.673130576
765.613222358
712.598297978
910.43948167
107.916926504
839.393624348
6.08814366298
355.568655401
913.606017956
571.341316754
247.952242721
193.883715808
622.551916417
693.798560995
67.949931274
111.558145278
308.24828015
809.054915202
748.831621337
352.237317928
956.332888132
58.7541537253
322.84347587
666.204027516
902.490771691
734.03156447
381.039736068
467.008858146
945.57668169
71.0746820117
368.035422447
143.601690237
324.617950262
355.633806955
6.53629677163
570.41879152
492.926537558
309.884282099
914.786656747
682.700508311
892.995363831
635.924434372
655.338971271
666.06961164
458.511386961
32.2261164709
287.14676052
634.767355724
439.157532385
91.4590005337
644.829006154
303.235303934
36.3823258827
417.622944276
350.469809498
470.553068168
286.292463082
140.005869568
238.502173466
104.394255491
37.6549741965
534.969091972
303.155627377
874.126100209
383.769139432
329.892876507
433.106104051
728.36749473
613.964514356
83.9090554716
901.743179479
41.4311329748
945.327979343
406.470854502
74.9136217062
569.980450345
906.818868323
249.116185541
284.919136268
763.651362721
3.20629378678
77.0545918793
244.983315971
94.8465605947
271.159584091
909.598569468
854.988618254
308.279963789
607.925932077
318.142542456
470.353448767
491.592015919
30.5695719246
121.474188712
917.376679572
349.897324485
602.413459102
553.216488327
209.924864407
104.890483182
726.538527411
183.002012093
932.560115373
808.369705452
694.181318088
148.869217983
83.9015695249
260.701454162
709.779099581
682.653403988
233.995998927
975.627802951
680.598473437
61.1200507496
86.3744857757
432.347444142
480.405670078
533.528412685
92.2776111683
123.64284937
358.49052681
530.196547909
728.239179923
97.8785393572
58.7518788859
222.617868077
122.165813769
96.4275996419
33.6772684521
396.960177036
128.257126866
193.968507632
607.167875014
241.046302439
965.157604157
208.509596983
487.080824052
204.049569849
610.730038649
186.96685447
368.486775668
219.126048557
994.55436916
652.623393995
877.969825095
223.020480346
44.8880570663
364.28025286
34.4850641422
521.875680601
388.052077487
254.281455461
339.854794027
577.919901896
41.3823299992
57.8523225586
804.979323875
417.27563374
809.910424735
501.990612929
326.395727162
344.170511291
213.360104329
91.6530628845
751.125313248
930.458664996
858.080275889
23.8118085402
6.86893140002
689.753786147
406.80238792
301.753161905
99.6265094976
236.984794963
787.545969998
594.347089758
253.005667185
975.831616788
260.687944264
410.401346374
250.031662851
776.163873426
719.971258175
95.7738141789
614.737368749
395.551313119
338.433526308
591.628192747
646.108973733
945.059088511
747.630944485
196.373581921
550.489949438
691.479880006
724.940004653
55.4932739275
55.9072616791
364.794815646
709.974210909
583.352606579
449.797384681
917.80697303
372.364444687
57.9283897661
386.834217356
866.997447454
205.411545797
39.434909183
810.402729626
875.115376843
817.894962026
758.73797642
242.328012861
709.192836504
710.03162125
216.089233145
817.198690612
883.222907463
116.080185775
25.4207828681
411.167079545
984.37651004
168.533832584
61.2736034647
482.310702571
749.462188053
569.612007847
687.753473507
865.458610965
371.955335285
666.619185273
279.116285855
509.240164368
899.406597648
964.385611483
204.322097181
775.635486109
117.983978322
560.06105657
791.905658149
230.43795387
276.948306812
176.829503292
251.940500074
466.16210589
60.8485144625
749.271855924
507.771044693
871.5404072
845.145551758
387.14363353
361.135471204
249.792514345
335.543121599
711.323742042
873.463816015
239.024762702
139.802435622
830.63769088
40.0622232421
492.8732041
866.691760633
88.9714254584
122.778863411
921.307851905
599.99385782
103.880820001
10.3670175247
320.416686274
964.704953969
276.38677647
727.222841331
349.775195368
771.94039694
31.8211236121
162.238388083
118.888831356
384.325073169
247.881099211
505.736001009
183.532807086
207.970570545
325.708968778
902.916391824
775.490477292
634.900504777
724.789241655
421.702246637
317.429151807
346.24557617
372.771043323
155.810307004
381.950784395
608.829442254
523.059233269
739.752385166
610.701067013
149.659190635
459.332287434
329.691058823
157.922138632
850.977765588
968.004649517
268.90736276
764.764528655
855.243451163
546.334177369
25.9802170657
892.726425772
990.703543185
910.993450635
170.896255168
689.250856726
849.608432157
335.152376557
227.478745481
280.511877587
390.209950166
864.640577635
966.342656235
835.020106943
263.879310089
1000.14671108
607.824031728
535.377437269
441.617457478
345.35061186
823.363345117
844.751842016
317.958123996
984.398891063
337.731927626
489.713042916
617.673753076
113.884802044
543.072600855
476.636331103
138.142654398
996.431069117
587.731108279
745.990566832
139.427945368
546.45180466
644.798948073
27.3627705214
327.098733626
739.385885734
840.098739418
270.897278807
927.325822052
21.738004923
822.485154846
751.938801282
109.530838968
792.935585178
19.3039519652
133.889777768
79.4408995724
349.714234814
461.415451193
54.4076694653
367.530971827
511.99375874
356.569227051
233.549112711
465.284914807
284.56950967
687.662608807
62.2685412343
12.8457362565
405.944184408
284.380992819
284.232421466
660.688313931
341.387832085
549.53967635
775.849619443
515.762359347
174.070059336
244.864992618
725.728855788
729.794854007
46.1639335171
601.414952583
156.715233265
198.628895712
300.904328737
520.223091008
105.548231292
63.7641728659
168.68179936
255.332110573
359.027941192
520.446655103
814.559813417
334.758809548
284.487760404
487.720231849
832.444385102
762.513563389
181.960524428
335.994375373
859.184751375
553.687187511
750.37589493
64.6138585857
828.8307041
645.634662531
606.946641418
407.019970856
251.73194494
340.032150746
89.6301174974
557.909231364
440.877060897
255.492273846
139.597795179
233.315732009
625.560886069
446.99257654
370.765831472
865.211672339
425.94939088
705.560577042
113.090175789
917.818032187
945.637957939
995.370344724
933.259660366
302.808795179
756.612128305
460.900927136
651.140175713
486.065236767
994.530095727
355.887889573
430.983176208
137.608586452
708.083444569
541.193076514
930.895951322
893.532374666
889.8312016
621.164855302
705.868875343
379.992864302
369.50189887
756.309292328
772.701345869
481.763607799
108.539548596
437.738082674
315.093276577
608.465074284
702.999658558
736.192266424
930.043689331
655.509621132
700.3959543
152.932214529
43.1438509258
869.747550743
759.090789926
28.8189012348
394.931759141
332.031447991
891.249767962
961.861872447
828.60087864
479.167369013
694.555718042
570.182641066
870.59083534
136.314257245
493.739711312
191.554309317
403.204482962
926.761534596
728.950551465
954.467849425
53.457978936
131.089842669
342.461504988
790.585878551
938.450999569
450.102705661
690.828990183
815.667890449
942.630356216
408.380261441
135.350435298
276.245756176
524.486642216
104.424846618
934.905497086
396.622383535
207.00522594
287.194944832
834.122518922
978.579969351
140.649707692
768.081132978
550.616979255
154.768564873
680.67350015
586.136962667
132.665628206
715.834904514
284.025586821
945.219786679
354.931407459
727.679925223
646.110198939
532.19599605
448.972781812
401.485009099
902.203428724
567.811705389
422.306766538
695.771293468
954.222801142
538.87818418
67.8299680151
372.839132981
885.69223892
325.638197758
149.736522522
948.40318475
1.72475488422
893.515222436
711.94447371
485.492317757
488.294145126
143.167998971
112.971913862
369.014121993
795.965418829
961.409363433
608.155487329
572.126090656
990.495731889
557.535948196
959.285565898
509.844477174
590.687144226
863.681944625
799.335886762
249.35478925
857.625703696
869.903030457
83.8186332452
340.130966793
975.840192543
840.843656502
412.831714895
881.270645692
889.397757951
938.339698395
690.845003018
583.321107373
449.14800901
996.205943795
357.768549486
241.311919841
483.542546013
698.382069638
444.325380509
671.761512697
541.525949431
988.322681293
399.991346518
256.732681778
254.084403676
660.775448017
788.701998976
493.525767844
9.76364198482
591.092698756
655.411744077
195.510801737
23.506701419
890.112855222
907.334318105
947.013308541
760.905090342
544.605546088
107.231229736
430.287607162
980.453269945
249.491841245
473.929680001
291.28010697
478.436861125
371.662185813
969.778066725
893.422829821
548.789047475
434.097655543
802.401307489
261.810560733
977.202053942
271.0610746
1000.99563336
91.3455633465
763.279310514
279.77920401
55.229671503
812.965722611
385.804912983
884.377011551
691.724712969
54.9795766129
931.972734452
886.797464802
713.351152109
658.310453701
969.265474122
419.975899439
642.729298808
457.758632636
445.75077795
613.2803825
124.236368627
214.643739559
219.909475142
985.554597923
446.494275547
482.466744377
481.232820789
141.877365981
742.203962303
744.316808802
179.227451661
565.072228211
0.719657424524
191.320468311
932.751332368
856.623640226
314.129783667
894.656116931
458.387965874
137.759663495
625.159331086
521.674668547
563.395508944
903.321819042
144.198437402
176.959026784
861.457672502
73.0609253956
325.556018915
863.136056507
889.236204436
662.813339066
601.94291473
695.900819446
540.415641122
