930.366709729
103.903574234
88.5886958848
824.786968071
349.323580475
678.680779714
594.324160456
535.038016437
850.907918884
766.504349972
91.0603371111
564.104169492
70.7855875806
40.1204378506
556.729234575
921.403093243
153.628323387
929.723795376
710.511665453
447.781541641
306.702385669
914.853926482
342.550799577
797.150291154
926.720735752
776.487465538
188.778026814
157.653519747
856.720302519
319.006089
47.3174968356
293.148712105
953.036725651
627.429721134
601.488285557
49.3727847951
148.743352901
842.340922906
592.503009106
989.981547121
718.032430257
484.513665251
598.531229767
262.042428308
401.847806141
960.832363153
782.132916735
202.309628394
711.690955307
267.93852875
372.490655948
10.4883149898
127.361459401
654.512270143
614.679433498
617.345791451
694.579964186
744.631142652
905.374140074
829.87130441
113.952112081
195.500061653
581.661634432
435.035451627
33.8356999787
808.817412222
205.767780558
624.34264733
53.1637173285
969.353477522
89.1511776583
310.182131611
159.8812145
510.182113369
293.387393846
532.319028136
458.659160381
378.480100636
423.292713575
389.337147649
747.292496482
911.071383327
273.289310737
410.589025096
298.864479743
864.31639746
4.23906708917
288.826831959
14.9506606616
668.900267716
220.150472672
397.06137276
893.396573438
768.757833986
491.307673542
185.222723939
707.263246165
965.309938622
930.237858538
545.227348093
420.354842664
764.165259526
749.431788918
220.107799555
75.5459306721
876.135350506
229.225314529
857.77851725
798.160738959
972.505334402
871.075974952
577.650556952
124.367687954
336.888558695
757.936265941
731.863992923
77.1797072101
602.794055946
113.761204825
707.556219511
872.635363033
284.148070379
182.441442748
728.596497674
855.132480808
656.958635893
671.614105942
390.323723231
87.6007274519
703.935156343
337.01741365
972.073716653
985.7532914
18.4124489974
919.945717937
185.242235477
675.191053122
201.422603517
213.807999112
237.653863087
256.479517186
904.974457338
980.338863162
551.038963737
922.786212511
737.082663264
13.7651794307
589.071733845
9.20376950993
380.189746362
526.927973822
47.3332921129
707.697967051
235.67863345
102.837268505
97.3647666448
224.906545723
658.402077242
938.736971024
957.615609625
295.267468444
78.9379197619
984.283799114
751.740872109
248.768898111
983.590764058
2.63097199356
443.629711259
117.187306754
679.993501552
42.5256497412
772.847238743
743.840429851
815.915738777
948.748250387
391.278331655
813.08902912
342.062021489
358.505062908
422.948982983
469.098371209
68.3662375463
920.025645753
679.102420325
690.881706555
132.129686838
605.812127015
467.248378238
551.465185305
245.806243941
617.077288427
473.644978851
555.144464838
641.445605755
667.357043893
988.349087652
968.220358895
732.505894361
757.692906664
150.380301212
496.986091281
901.551650892
941.955534663
172.078764636
336.417370251
291.884182816
587.642911623
312.11931546
960.745626459
856.764877188
971.614251469
411.232471752
850.956501769
924.856595824
63.6332894189
445.253924784
680.652497945
31.7469118735
897.974343877
183.410473538
911.11330348
312.727621476
95.150845893
974.585271383
300.996007788
859.649207308
395.119754141
974.134406403
74.2208334047
965.344892037
807.767507922
422.030953678
894.555915705
86.30451675
238.451692208
8.37215035805
639.749841683
785.487152978
749.144223442
651.174780717
467.336979729
345.30278084
793.902349662
684.036615794
256.782528525
10.8908236579
613.140205995
367.688884344
882.655644069
654.407686983
500.900067687
581.627212827
285.981830997
378.464452205
359.007742888
462.308320544
621.531067203
557.909220643
887.215372037
539.414479326
710.027075252
776.842197053
554.591001088
177.245439505
345.666378121
53.2059791045
160.151720185
74.3818435987
105.630982103
258.487674693
405.737809054
475.744776128
705.421429367
699.065432863
251.175685863
399.519455722
527.721497295
661.720925196
975.78363347
494.784431951
736.400314524
768.020663039
219.137544306
872.948459478
165.693704965
885.647981582
580.722425173
652.389684611
20.7028792749
625.145722907
633.756158386
600.181796318
391.63596682
494.168881456
628.191515471
673.984421193
392.886755055
433.890753221
792.9940165
317.319899857
119.696421277
180.368826808
136.23999868
493.507134622
852.09138352
821.105923274
779.039014974
127.796806062
923.36622599
465.074640704
396.401004184
739.835706701
305.843349202
47.6829278465
197.803818578
447.987695412
342.4734854
106.974242431
324.676128398
21.8145442293
774.773298112
496.992097636
862.547204395
264.860707447
313.383164407
345.029685718
261.885469869
306.350466852
133.624491237
266.316443481
312.631898787
239.241168183
446.374002438
842.491556968
96.8376590734
551.811906281
678.23228453
236.940408082
243.169201914
459.074810267
74.9701853342
527.174722853
569.988593892
703.413016713
900.843001895
406.983093545
49.333448772
429.326593517
510.671180756
13.5124195249
851.528681628
91.4678422369
630.465914505
326.465760754
852.815930381
973.440821362
242.580087991
739.422610666
154.469253095
397.727336706
410.739120251
515.340527792
294.924417106
140.275285896
880.610073845
335.365818701
657.002813338
385.778956016
61.820602843
807.198231996
374.037792464
982.240942163
535.847504126
486.798349069
561.742026408
743.919135427
463.786080353
38.8810332716
565.806687517
150.30448389
708.080396506
963.447054299
462.294556508
933.77348327
149.652482483
405.452274203
203.030710758
245.189522641
477.386429193
620.85794695
391.452236877
422.933995572
651.123733073
493.189757769
156.603250054
890.331191688
896.926393654
5.64785725173
137.051713976
366.813082949
399.769629434
569.88284069
271.763996014
636.349060843
775.233342154
717.641623475
862.474027903
517.989578296
764.189734773
228.715124094
568.805461243
930.157976942
984.911618217
784.395727558
388.105532961
404.894563448
512.895540824
18.4048919579
365.350407852
977.652752582
742.25642511
244.917537762
744.215411814
757.707487482
287.339532773
903.959426393
45.9424679212
585.33318909
888.52821031
409.007045853
895.67131033
388.717203977
227.248425658
347.563245961
479.589803872
34.5090612803
543.326336462
431.581223761
986.277328307
101.321084228
391.019641038
603.457105347
792.966724078
875.070088657
49.8560013597
593.578479592
54.259483404
270.997293067
90.3396120223
229.739516924
382.889036154
53.8059886164
843.029813386
232.912237637
673.213705638
624.571720067
16.2076939461
606.425170593
460.818761137
182.997387414
514.045808048
72.728084553
837.41314241
672.908612869
108.878098077
224.731900201
154.665262558
950.577064919
5.58681283106
628.338221267
284.230283543
654.650768955
489.125412451
613.033038261
355.58322163
293.343073984
946.808129984
621.931900482
493.635076101
170.494725461
116.682125537
583.715333333
678.115880054
574.053090962
956.316100542
466.235571384
658.172250645
107.531032966
963.049003212
816.794800385
343.267951318
432.258313379
512.410360293
373.505932438
233.409134982
211.913170889
239.735159952
468.944061964
191.995065647
268.734931062
130.632173755
565.92096451
285.738470376
174.755127867
484.832062428
659.442398955
400.383528068
410.561443347
217.498842645
693.259051467
569.619775493
41.1401842825
62.976378939
887.974317407
786.130528233
595.067613139
586.004975465
549.603920976
187.77394626
698.670599547
6.50073062836
168.537247021
472.925009022
939.467637297
203.589367581
908.217863365
501.593742766
173.593396493
323.129262251
663.160958728
379.485926712
365.87169763
408.639234282
582.602009635
807.353297173
717.729048664
283.181282799
500.35688039
417.913217045
328.805360617
961.084317201
661.174476098
842.001669922
834.243611666
775.898411258
426.22227945
961.516867104
608.811887074
168.079454465
694.433619907
386.114159815
995.54139233
70.7706911754
433.231239946
508.373325921
105.198181714
340.741394696
435.343744789
786.762048913
631.780228312
474.991649802
868.539767201
14.4478593362
838.390242318
811.274135683
76.6308544988
481.80504992
599.475150785
208.572515886
469.756814168
692.804521658
464.849691547
772.140375575
97.1499052617
340.63062162
886.246289576
113.328405865
984.284621033
577.457024349
857.05119897
281.084299183
996.56366736
36.8849581223
112.460179191
688.107142532
649.536745561
594.099155982
375.947492183
943.462956927
960.869731209
910.689497568
500.173260314
578.697151249
97.2490227129
593.255052498
373.211205231
309.867630739
3.54106270303
375.348366015
602.659799749
833.982842928
611.686322633
441.015376863
307.38376829
242.488127859
570.069339685
185.157660882
321.110099526
471.276641136
313.401005747
342.378299682
486.928701663
141.759126275
561.384197229
338.099417922
407.762182041
145.176366466
750.700629988
31.0813843681
78.6511885777
175.529358797
710.870916739
523.863093733
756.93324141
617.35445401
789.298938886
531.809809989
895.265932821
225.15992411
66.9871770946
326.43539083
389.649123976
47.2700691907
169.062798465
354.440609132
857.239584504
493.037291877
604.672562008
650.737375956
181.62809539
317.116505029
673.085055597
439.39973422
286.38622437
637.583479811
650.451723952
319.032365894
398.3278491
405.059508515
974.651345818
275.64100115
571.017580231
544.89249636
405.848226623
906.949688198
716.544884046
825.35797186
191.58790959
892.521816187
307.529461827
165.723515584
969.590022298
958.378793942
838.643016253
737.705824032
477.011888237
23.2171627094
636.782167191
503.709474134
567.908383144
61.4472187446
22.5632644331
18.6388980172
871.092312294
121.046681229
54.5137774027
268.901609282
21.0839320173
245.916752429
464.832941975
917.654338016
217.69721353
963.033870259
930.612348854
174.583415611
664.838004101
254.709224386
798.376276382
787.038352326
934.562632771
661.227373728
934.489216165
891.395471668
450.792732443
754.467713229
882.715145725
868.082149867
552.242273839
665.460065587
425.739539851
945.976009825
60.7474100779
41.9280210263
882.078981388
808.863304914
48.2561623554
499.039511807
690.362841956
605.367422774
92.8594909862
983.69278304
183.873134466
726.090855823
417.605771043
492.066869734
538.793245031
206.354360292
74.6465110152
447.382127116
302.774214336
502.601583476
199.217544756
982.151656329
115.672503281
252.874753048
596.619841849
769.494915712
138.353051829
782.500168887
229.317049297
810.633878544
729.116196486
622.07772665
731.070627309
674.751937706
753.972682577
995.994168052
316.728444018
1000.96378396
444.737425287
731.214179336
977.664646029
696.517735064
61.8274122172
481.589933767
144.179542871
879.115036183
16.1744084367
353.474044947
825.394228902
873.985951353
521.301805898
70.5658112214
166.1627799
128.149635475
579.450245005
855.245780326
415.005835027
418.099012815
630.197716578
174.406315176
496.730218869
758.45626677
114.107631434
669.33970033
52.7750127727
955.973348268
163.252893957
198.830941239
344.287694947
498.28181627
494.420729068
975.345283252
991.602887644
525.978611863
410.670323147
162.233592896
872.568855867
788.750504036
386.782791636
333.930549885
904.094256887
515.841709469
427.548981711
218.708163329
562.238467633
150.986463473
276.008614889
324.316628639
160.858546186
62.3156986882
312.941591393
800.460292224
98.7062888823
769.289077932
306.366021649
156.928953976
761.901487561
341.034809436
238.6430495
20.549089269
913.999936631
881.555563396
349.160415949
586.225977564
809.91039362
696.642654737
759.828090222
514.974904652
899.174826001
898.369878388
687.031353723
238.029643225
881.353098103
532.972237112
927.015758014
306.91132241
877.442135606
39.9212708312
796.636435572
874.534690731
665.881365203
102.187984488
915.066376531
301.796175002
900.606485871
874.209623336
344.882851176
148.095388921
591.57084854
712.370870455
430.970983908
102.006495621
795.459899797
997.351579608
488.981325716
845.655973684
298.617567215
179.709113618
650.473835575
240.342954005
65.5210196802
649.187805629
356.393798791
877.049164396
150.95513475
177.242492441
306.993348383
147.682669508
696.075821038
642.415924444
890.492969564
18.4093961605
290.96729521
188.344937921
271.595940543
768.946531274
709.890686694
868.508015755
988.3531453
699.514477872
539.857029087
461.856516966
74.6218140435
8.19627606982
38.3788643136
462.322574536
234.127715507
217.407783561
0.849589059764
985.680962896
942.688250503
306.780596172
471.417631191
675.59113422
283.218557037
316.242417295
162.448448848
5.2898875786
362.062946027
835.436989058
786.830478636
622.938678255
761.689300448
598.447446375
794.1760389
103.101707042
344.244937139
427.759356214
98.998541988
553.987036585
535.898744569
87.5576286018
624.151656679
224.236174424
492.542229446
344.436179453
497.839060696
434.047976191
311.751139647
410.545565887
818.10128734
555.876437557
589.44707159
525.483526733
271.466723584
176.852085946
383.377117099
745.982074723
321.785585699
485.554806061
423.950318045
304.045552718
631.795868205
897.770893791
750.725386989
719.825439267
161.921741329
615.072374137
973.006651799
359.824213447
766.742504814
61.2473956985
319.046202399
825.985887469
254.546474608
839.791114318
827.069156542
64.368011617
923.616223855
870.28212053
787.03987975
937.209286496
142.73751982
614.878276547
232.904646996
444.126622006
839.147671956
624.628688818
957.56754015
460.889006404
449.249643164
340.136756264
280.779987761
204.94254338
400.429235663
533.78682956
406.380055866
85.8584422828
830.791365752
278.152194103
334.631581684
726.573336451
751.260840265
432.234525293
233.159000044
863.268331039
359.189288358
472.563041887
181.530760986
966.579667189
290.03384646
974.854778413
428.92801231
852.689986134
515.322743974
170.554648958
465.33807339
26.6341280606
468.328274769
657.879902577
537.297360758
93.7901870755
350.150759775
487.203209058
260.588232807
594.955857897
718.83571403
447.78453012
737.276819493
917.038215734
566.968425829
994.946585689
659.07023941
179.932135044
442.600293181
928.713477973
58.8607538349
811.903369112
790.146454178
461.404973462
903.999863321
733.561169046
947.660120879
311.299825528
583.888508624
786.227099909
392.453893036
450.459399879
785.992429098
