552.478623204
538.712211117
948.132695483
45.5280082988
233.389882517
640.89881808
968.688944486
868.155061221
114.344836828
950.181185653
820.58989355
162.934374653
603.915775104
126.898819496
453.594066791
891.892271262
693.640506749
873.952156484
59.2038887881
394.306587639
29.4764894324
811.405180659
727.188978631
341.680641886
175.64052302
303.935408803
804.739224266
785.607053205
728.847236827
938.253465449
748.804931107
923.570167126
823.084542256
668.32629613
924.744316632
217.616928934
640.543419102
18.0102995253
291.707972241
58.4242571306
557.549564406
436.559818271
127.835181271
944.051584547
918.618937182
420.203079965
27.2448776375
188.262281824
649.733243906
752.760679965
840.773354037
712.233915804
750.957368632
627.306081577
246.938650346
813.099018852
638.951867385
420.710565258
333.958463688
406.195050216
20.4655184441
183.242957873
214.652788937
885.997084885
886.408951413
519.880989512
83.8190708115
89.431249203
210.600552955
858.039058862
752.225994734
158.120404274
115.416939291
99.6407561777
108.117914937
179.935934091
821.15655673
325.896646699
122.312298865
506.689749679
943.610025122
460.983775685
298.85322261
249.507577804
2.79728303191
621.698247441
734.492558444
857.634973302
651.346102244
14.8563583531
172.912846613
556.143586475
994.410146476
112.163783024
686.583545654
291.361209217
279.629449722
962.004068792
319.748579537
738.84268347
826.680436725
230.029411836
327.058337227
649.053261049
233.590521366
825.207472724
694.334847082
90.1211293187
474.175863451
979.550591435
14.472367273
216.914198333
602.61921004
263.843470326
982.584777176
546.80027058
808.64137055
982.645015028
688.623125011
248.340335908
150.1779848
348.744109732
47.4985154262
457.181067204
35.3827210017
267.871679703
921.858256792
719.511439028
334.083241725
476.25140099
123.91210811
305.746527426
412.087679882
689.767146702
13.4156428947
373.446629415
558.500780147
578.96551538
391.660430705
548.774779317
230.744965654
829.444072482
241.828081096
432.532428814
838.656307354
732.741482484
585.276841127
0.101935432663
231.730859773
750.546270395
787.482751364
799.337906742
947.834727234
764.000079814
887.733935849
931.724803819
706.021360345
297.813583727
860.61347691
670.976669724
650.464800321
667.786958588
279.846011268
242.048426331
463.869078636
508.66001396
7.25303368401
285.109841393
374.812506227
958.999133792
390.315483222
301.391362404
563.082634282
31.5249458487
239.548086043
166.437247577
414.701795206
267.751595201
884.301108495
107.964977704
673.182757579
834.734440897
710.818514671
63.3881389897
340.456780242
606.142476769
12.1780598734
402.295434784
585.119227296
473.485239965
192.142017775
215.167803607
740.57999767
379.398663491
62.8987404783
992.888150003
666.970952912
502.418552745
376.4752488
585.259185896
567.219678201
421.832115359
477.088680874
691.21494265
909.971256112
274.599386279
316.8558831
291.149867786
976.766017295
379.239411688
135.922438624
477.637301649
592.291073392
786.253679913
15.1151054553
766.641978846
50.9321213576
631.663753224
807.04835657
681.403004533
721.007051765
240.092941014
795.14240895
706.614435409
954.300414063
315.256440943
718.43131593
251.384733635
492.249785576
965.970115966
966.292318046
228.543403543
731.494938563
335.998969311
208.110786166
495.961205529
170.072321512
731.329397821
638.92395737
87.8742865774
578.33074942
591.872349816
453.519965594
981.623766125
478.612929409
783.343316461
219.969054905
724.082448349
515.001762018
590.058350165
121.063421043
95.8488984073
122.132513583
885.745152562
274.992249764
429.493097744
189.859340668
733.988566171
412.002940327
68.0638364072
938.525775539
153.647239313
591.917017496
383.822427984
333.431593659
678.210873474
759.094643568
230.681328246
431.099822876
997.877308639
148.936086674
781.751563623
72.2402927911
320.819609171
540.757432274
265.941740859
198.085213944
665.225116962
50.8834939039
444.590573255
52.2949023128
498.717280016
445.021356315
615.894036133
553.077930165
589.573901947
967.233219528
333.921292698
663.91995037
626.357419774
740.497306921
918.806390497
681.877558232
292.259245176
852.864273923
236.244276607
731.009536319
756.176343228
951.973479839
538.78395167
572.878964448
480.432773426
190.711623618
145.780035146
379.845313763
913.429852734
682.43837022
777.624175871
769.18767062
571.881269656
899.342956378
413.791497783
617.799735961
547.510108588
660.120579324
102.971708402
593.251045848
143.763672445
102.83602955
788.415957171
153.662992269
309.618134421
977.403537667
778.946411791
897.807078824
994.636012325
595.173955862
615.255084314
891.105899919
144.267168334
406.072161017
753.365669194
489.742232137
169.509497884
237.510497691
593.813309717
422.382255711
805.677885557
265.402027662
699.665533515
92.1700531341
21.2265960953
418.390328161
805.465370461
392.548758007
538.808757451
777.609919874
175.917612917
293.089969344
678.956311653
597.851166741
374.108970837
205.36428027
157.624570719
722.973542926
753.214960683
873.389226889
349.547972364
803.264582897
4.03848522888
834.231068543
707.448020596
34.9302966527
220.087574172
314.075268823
590.858811587
527.551680468
298.204703235
820.363170551
431.434611287
695.581761595
350.500048221
457.880064232
285.397139039
888.000540055
559.71624206
967.503951524
211.20621612
390.800065896
595.498540762
23.0959417033
342.302816209
611.740425989
48.0913396659
730.42458962
544.341881802
850.089976166
898.04729022
325.243676059
677.604697296
128.601475298
845.217440316
112.020775713
837.948029747
59.8184760783
89.1103840609
879.660751513
802.750671695
881.046462461
486.22344449
95.3007155038
987.199283715
589.730800062
304.094037667
572.390120496
277.145241794
356.377756973
85.7277174265
527.049049611
208.458903266
818.10552862
823.321916218
698.492320064
928.767687154
94.8513802526
208.506464072
759.22132711
422.219440795
351.064431889
217.488665501
652.752539893
850.450832329
49.5161836929
576.481491823
712.098279738
976.408549772
251.531717246
914.189849262
801.073037086
625.84997763
459.130206007
125.14594996
614.61349814
829.459993724
57.6021840181
967.175275101
95.8339396425
420.075475204
196.409911222
280.509118522
395.879545382
262.662990531
426.842191031
481.510259003
476.677412021
831.356378022
813.93635877
558.081889396
797.466780815
378.746170586
723.10749056
74.1274995856
766.500273619
430.104213559
481.223322852
641.370466388
889.080591441
138.447460818
566.260499741
664.971444836
193.550103222
678.327804317
362.969818975
130.441471583
356.903696504
186.701430325
32.6828214454
170.696408231
381.218151631
763.29135957
202.65558596
772.631300989
148.141500265
695.917009649
960.627176367
136.099396163
367.787649208
520.910413728
210.461632532
982.066557446
944.609390045
264.573459996
577.521274328
176.692887684
995.289459687
317.726077358
140.377048451
597.404447063
355.325295811
645.896904031
936.626513689
282.977802975
826.050441226
616.172643863
490.800150819
926.106635699
268.466633009
473.363337918
572.15739453
49.2186172773
268.036152928
651.085584838
78.7740927768
145.701961753
792.204992467
735.574566891
164.667389708
937.124446367
333.215677862
842.293195942
919.471922311
200.707021553
128.574813294
882.211682974
258.666881356
7.83625147635
901.592873604
194.816191096
280.161796013
221.01321454
421.392863548
34.7532268686
835.419152667
977.638545389
417.064436514
694.778249669
792.132440033
26.1431771852
806.802123635
48.7984939852
804.748289121
615.777348598
371.227516449
257.257293893
636.435523928
604.28255972
886.74461203
594.395336283
378.925868937
40.9350897251
295.080356151
171.037241285
150.15693727
677.763785364
945.335626494
590.340087812
405.957554291
470.213514667
35.7392488188
711.406568497
791.56565916
124.887878582
684.398983223
790.56938486
753.683345441
152.961271745
697.305383204
736.299332837
633.146659492
867.114491668
85.0167124617
98.0427938144
956.313355844
325.695591546
123.121560381
120.626754172
619.604598255
119.886810464
317.337992416
16.0960416315
362.660859033
34.1893211702
454.912219911
265.907340284
548.325619666
956.099562897
83.0127294481
570.879594065
205.858408655
569.838819489
339.709879586
712.136620077
399.783569934
201.997081061
317.523962715
679.697003369
498.725747867
589.425428406
295.919784519
251.420675542
18.2383643511
349.96783462
750.824048671
895.908217601
55.8928767933
612.904805498
295.191832267
10.0165023515
666.633673307
852.53158592
315.880992642
678.069589069
197.140197273
552.118142208
143.329536424
990.971314484
902.680659237
633.738844113
107.868246126
437.045555384
881.056979731
69.4351502546
38.3081994914
985.980400759
488.810333105
37.5050241352
503.769868
703.904520394
686.818466459
781.955676654
392.386686396
726.387322882
671.654308558
305.586393008
524.295716
320.709356131
160.215228861
478.660452474
942.340238424
577.860827569
211.950636192
382.77972762
357.017845569
67.8663674968
939.793986795
564.25031216
537.29531232
968.257211993
7.81285185674
494.173267652
782.153339668
261.910485948
862.062640007
193.565839682
815.906994803
733.488655367
900.728310637
66.5134528807
145.353850448
502.921693047
861.044853919
477.846590609
855.396934398
818.316711335
529.34625042
576.436707409
499.261765647
523.418192788
425.749930611
959.945406785
997.070183415
312.304194644
223.957298184
848.647642883
344.413654958
829.960244086
437.958652798
447.37519436
501.816702476
52.8704391051
733.034028429
265.042955039
221.458915958
72.0368652008
590.703915652
703.547721177
9.32398655693
305.451509206
624.31695554
155.870255602
227.803505491
458.204283897
214.421134945
582.268542638
227.997981227
546.716242293
188.467280439
645.183891362
76.4427033117
461.405934164
740.575840511
701.57590672
903.819230866
505.502614087
792.595395678
95.3231905219
22.346427593
522.870831887
388.087067038
313.939906801
299.795857855
683.660971876
391.125492036
269.811990406
392.227506073
744.566562395
404.915087779
127.961764057
945.353538077
655.659897943
17.2026587392
594.619579605
729.491664793
817.116716363
989.375143875
340.454381092
10.974664171
176.239372403
893.633679387
139.464521129
656.971599922
947.648073769
191.842969329
851.734570646
640.859478614
219.071499429
267.246174679
841.433686416
129.594624658
59.3192512637
532.137660393
614.519282496
419.557166905
681.154334869
597.689836523
577.56187182
488.657512176
204.939366782
231.824015819
435.398669493
620.991019323
411.16911235
896.805675052
564.124289721
772.570707756
591.995658018
192.294928644
457.387884231
29.2756876604
681.549303707
333.497987278
983.927336322
586.793193749
634.441076384
897.413918931
906.028310488
680.457404863
554.383962809
308.823717833
170.377166598
78.2164136602
257.461406866
389.345058372
276.901538351
460.799374274
276.441239672
451.000790558
317.883996851
758.508361732
889.212715349
510.021619787
598.33273759
391.094597509
960.891536165
741.574875001
839.74650909
421.057507193
564.485764676
121.815889612
435.362515114
722.481401904
448.882274803
355.170290165
554.566192099
392.212165161
865.478498293
867.491817681
271.880865753
810.343252468
497.633746441
791.696885299
559.530180074
120.813523479
883.070930512
411.751213852
855.192129313
928.892744017
752.539362156
446.683454214
366.335473102
93.0034522372
406.083120244
13.8389710294
970.535396829
879.234747436
996.13411637
803.180491496
732.026805867
234.674412053
942.712725401
149.422642728
635.67600948
794.969859943
757.208968521
656.094861718
148.743042472
405.436601116
632.096678538
849.372055994
289.566839549
109.596249096
197.472203535
670.086619353
962.412423399
722.516202573
269.662355213
981.424822818
193.516676253
80.9370706235
482.860677623
676.270862759
827.264673287
915.464087695
214.629948846
29.0362429019
13.2248832146
596.850708594
278.977311758
368.90923362
179.507052457
870.406028784
443.750363177
570.660324738
982.689253127
586.82225018
287.009268655
187.514310221
18.2857432537
856.024727503
674.334319177
752.088372234
913.876866788
51.8694601324
295.264318897
375.424737249
70.0237379979
924.149427827
583.104957699
435.680085255
632.007865907
980.883416515
730.659835251
215.230384725
868.614947996
506.866253772
493.650804002
612.428024889
148.140501689
279.864314053
258.453127776
98.7632628703
187.591331973
576.312674671
891.365992497
75.4864219623
817.266474132
257.266818592
234.39287887
409.218678093
336.956883539
404.207495188
269.23465751
285.437019713
669.459871892
370.748403975
941.715803685
212.467295673
532.703209215
878.706474254
517.575372821
567.588182957
779.986274721
391.396313285
898.250222583
821.18910009
716.933591143
490.353909709
507.970252194
445.377023328
848.423960531
972.220573415
201.7336389
732.265111794
328.511908528
62.2343234686
25.9285291141
904.199125698
510.059511486
294.000416177
715.721835959
820.231293406
147.725126056
306.03904826
801.056912626
728.998762752
709.619339105
859.541210584
471.708716292
652.984851178
137.122845065
123.909870167
132.255621531
976.697420542
198.332444066
803.025006032
244.097252376
149.487909887
266.127185918
92.6777028942
418.407672988
137.476526572
939.56678369
299.220311465
772.514425154
257.62236746
738.415860883
91.5548304473
450.947223568
501.656492092
908.384853669
765.944843602
991.439487256
137.155581265
861.284387889
731.534326145
410.178279407
758.295189464
106.813100882
910.926418026
276.057059902
813.15770432
489.42333487
77.9426268785
328.453363102
940.272192614
181.956141083
343.154698576
296.256749336
635.662499291
376.544959035
502.185832776
690.143030291
645.244788646
715.253194919
214.192233197
664.100873724
644.422398867
230.342731622
712.405884966
902.064314283
494.725505319
767.271880978
724.413129836
974.396007196
134.224037869
992.573075587
253.76624845
893.734064459
138.745918231
219.542025413
554.190196597
294.021864275
544.025580676
509.156735921
304.847647953
508.969768598
50.9072139882
426.098326581
986.982022315
529.21995526
690.091493746
299.258760637
117.236762008
75.4666407082
825.095871085
375.489298857
582.19626492
528.67763195
720.519200561
818.588667199
