497.4840217
800.766833593
648.495834377
331.628822077
695.994431296
134.595267175
105.404471465
650.750186106
845.652240301
855.446133828
970.894010213
651.241755414
895.322970353
304.494500037
575.203143874
674.701697927
466.825636825
52.6717968922
328.49660251
366.176128495
473.862094267
915.34367166
693.595593919
828.039416023
235.364417996
465.01521542
666.713515987
122.699800043
149.214407683
504.066477988
150.287705422
104.887477069
453.995962119
776.553499318
881.973675999
136.03338436
158.328992195
798.609036254
468.657981195
694.64117081
618.347338281
90.9930521985
421.553059207
378.99255672
850.965548511
912.906815551
287.981069024
30.8609923531
883.409443465
227.2284533
435.316963826
52.4198998388
49.419608916
33.167938653
454.573984297
978.032250315
279.726215013
965.673344484
990.043487424
376.128515091
450.294373283
667.807423184
9.95023832354
607.498887551
718.899282164
872.259602555
370.068898428
202.393105396
617.1252641
794.598620581
802.892856399
614.496551665
237.927383783
477.621290054
61.7117528513
626.110581697
475.151708279
320.393236577
648.414864285
65.6878631243
106.55735517
640.593487179
867.679079291
995.159997436
750.91362018
192.266199947
390.882617463
153.382702121
411.661564347
756.830339119
382.971005217
865.102760386
377.912336738
45.2397263311
28.8002636472
948.74282176
455.085717502
343.155764224
266.025641982
946.412462542
965.632696529
906.304243425
151.762919581
137.457849075
193.558945831
459.754617244
655.313359399
644.990217715
501.286088115
542.576898748
244.515048135
38.0403002107
850.88146333
626.436691244
375.695790064
114.188245119
604.255814737
670.974337656
571.99721801
822.691563659
903.230405856
407.435606184
252.7350416
750.286783551
573.641042752
311.806067663
326.624926871
338.462643855
201.999895553
713.054943366
120.933830797
241.740252545
146.800698568
556.119335083
175.685875541
994.554687867
294.15175805
387.395195874
789.584525982
517.828065795
616.475876798
240.290372502
405.339555275
348.948187886
809.51848897
416.253570799
207.760839285
64.5898758375
864.914258833
440.960202141
345.037365018
221.444630644
72.1135837641
386.953375855
72.6334264088
816.03477883
810.391260389
673.769398092
637.432822102
779.104732669
283.59214437
68.7241117016
477.314891012
252.618907646
113.182980468
993.776899137
613.396108596
492.68255665
923.441426012
339.846657119
459.557927391
808.044232806
992.640645944
546.062949835
75.3549431223
752.846787434
713.736830271
997.42098633
424.35636003
897.868253956
168.927891491
52.3789581899
771.871215136
673.579903921
809.156128206
881.088711839
977.028071138
273.316618167
244.273201628
944.599808716
795.994724545
646.889127853
847.343418682
919.903247725
698.052213188
526.986491578
932.153094752
658.754987195
946.38392736
946.664189028
509.790716937
819.826742539
253.045289715
71.5904275151
376.161961478
787.52101197
351.662454905
772.248685204
882.957888924
981.386188446
546.313118999
428.61385217
657.28223684
598.433188638
418.566034278
182.530774369
558.780731544
825.693241099
830.67553044
210.197969744
170.560964671
539.727559374
663.405187644
307.277330375
861.265675166
393.946637029
169.074860078
290.649151752
20.5070480812
925.665995356
128.146605043
168.698809864
65.1634896259
493.673700978
420.337459181
695.232550744
421.379133597
156.30003938
381.928763126
713.7564936
33.4601076514
240.769658035
303.655178565
419.520087022
137.624828104
129.464946828
590.882685872
706.100793042
44.6262217055
900.907487725
411.401588551
661.179837705
877.477231819
875.265382949
792.808920961
952.690818256
752.155798326
810.259912067
95.0715549027
975.968189766
697.965580219
223.965509445
810.987498178
293.120039764
429.172097936
303.010696814
834.998579715
714.766895944
740.878171156
634.40588377
184.396424515
322.42835013
170.06834491
164.357689008
704.708669996
909.669173711
590.896796106
738.700166025
818.478647764
162.174545904
928.674537679
612.632890016
182.792615803
137.127230284
988.965648497
617.277918155
899.09775084
823.265238191
846.668844065
559.228874009
267.594021958
193.776195639
401.57869422
212.635981694
440.169990579
451.697060034
790.628843519
875.169463689
636.267186921
490.408810225
633.888645767
680.866617716
470.665828898
18.3807758068
21.7462586321
341.796673666
232.985553217
188.192141013
324.319968556
915.73431889
297.634289201
881.245718918
18.1073518537
977.445074662
731.919302257
624.711495439
559.391808311
154.169990361
361.673445536
774.684144719
109.954814465
355.342473955
421.048938732
530.970278328
279.493922844
818.828544227
282.264140585
447.777519223
273.083419808
823.732091152
866.550600617
632.69193048
921.011444683
298.180496206
641.157224953
132.246074286
195.55972704
681.7682202
753.328108045
16.1946716078
479.87565231
323.950186942
796.48102576
731.926816424
892.906394402
200.774682343
798.546310885
34.5974127902
647.11206482
246.53618407
73.7918453127
38.1199099965
560.392178844
500.746264525
140.129457256
396.059945789
824.341642926
239.847128814
701.864948199
181.29497009
767.278489543
959.101863061
606.774510521
474.426483866
818.312401346
514.995669853
721.18841845
735.901651957
801.763322667
929.516726334
992.445886216
651.721972067
451.625532195
296.055315086
802.414596274
934.520873435
194.448526237
723.137298655
48.8956661844
233.478623709
201.975087374
462.338779428
630.821648658
629.234341074
283.002634076
735.224046203
481.182912103
611.909779612
870.815416448
833.157760849
0.640084107144
699.511565902
683.511196739
975.383538565
182.250567592
627.84385384
933.851036254
422.174686567
456.182950983
857.146856966
770.855844472
366.426966457
800.501539534
542.089319814
570.229136979
388.256571257
908.994185654
686.481204568
762.381753604
880.437968941
815.819591358
234.514370316
603.776603662
449.925091704
50.0004681754
51.736810111
437.862391532
672.562780317
617.109836358
907.624109429
882.481274999
721.854168113
661.539462486
461.43195162
261.603923888
665.534040814
351.875585638
881.630497686
486.352275839
293.03633096
898.144687904
129.545112192
270.30663175
437.793513346
371.911729723
504.640315942
998.526295391
129.154697636
629.64191518
390.139470394
617.607959909
574.804785436
254.059077423
625.248544332
81.9888527976
213.2381168
277.778204078
631.295162879
828.297993573
469.756248057
837.024860564
759.178078622
816.625146538
924.126367261
809.713475683
237.90077423
321.468252119
237.763560465
111.643279094
384.31880884
334.916786318
983.269827076
583.847536975
824.840532581
141.419197533
551.823976597
973.914634705
802.222418873
820.870991127
794.074159212
296.425470493
202.961141599
291.464216865
752.694192846
746.741883869
101.066447769
548.43600543
683.758555264
766.832515234
82.5408356129
879.506768061
377.393129362
763.554170896
669.407981154
813.687428591
392.848972497
434.978745593
570.713638941
229.665062647
43.5676668306
598.830036017
420.863069367
742.667799195
831.64911317
60.7834010971
308.920792215
928.712839406
526.474838977
275.748018221
604.629747721
300.443766335
985.687231175
467.359265641
337.525915661
910.078352546
863.31188398
944.862037218
293.364101469
389.932585527
568.589319279
337.034458038
137.770809794
810.380924091
946.059500369
669.126530072
719.322880138
171.115128348
626.901402706
539.70005282
592.087043381
478.380368761
807.768573461
586.684597516
551.502305623
975.190480797
770.715976093
568.010979499
355.956310506
862.429016813
479.21406574
123.47239594
672.723608322
269.289315065
960.610525462
728.740299083
516.830736245
729.888927514
273.155620683
308.507644817
646.105628966
547.416464858
312.140216419
784.56832653
328.12858503
114.493347175
199.620953251
565.735847088
809.184975927
900.564590393
347.178708488
69.5175037646
198.893700841
858.946547326
871.162508121
964.008121679
710.896595081
320.981955537
95.6611485983
263.652201036
999.093525873
617.390145167
602.492131057
219.712244263
943.894758449
666.369045547
994.072496544
463.512720043
352.565452838
716.067315596
901.521340318
312.1155294
158.723717287
333.615094501
279.059632269
51.7473162618
879.083486782
570.570155432
724.142551387
68.6942186307
217.350028469
103.836848687
183.170442712
27.255485845
550.921784201
894.850666474
863.403553476
809.926789217
157.077174275
852.766125101
275.418840777
106.520850079
678.926030685
861.103074144
985.548428254
755.140925927
714.397770753
664.192897818
905.1631231
116.658438906
764.786619424
541.088250425
382.392928078
321.617474
79.3337281063
514.834738921
795.50041331
641.187092629
368.060439767
159.645752487
198.028429974
86.5694607937
525.15798518
9.32357312578
24.2562833326
213.205854557
475.243858795
770.498560307
97.880850394
947.173302385
725.392354255
649.763651942
904.973407191
523.844515866
787.901783515
715.234492209
829.83760597
673.328971101
682.547683476
575.657361098
604.420539052
229.135426453
597.515457226
135.453484455
717.940603132
435.075592489
655.631043877
438.489199164
273.949604176
411.616966939
339.728238186
269.114521055
555.911025209
345.340015603
773.572626409
456.192491975
649.881030169
666.091805387
790.691859353
723.023996914
252.403036366
339.295791907
649.951852247
582.254899976
267.603498791
200.799481888
740.842033351
169.372583847
757.612750674
703.600600292
561.237472948
148.316112583
681.478270029
678.574923998
857.167981018
0.184544944323
774.079544756
194.385762139
630.138693493
365.300403792
7.24251559157
630.38458509
847.926146637
10.7209800298
236.237955778
767.678068475
441.314166468
277.102879169
485.254319919
690.021034611
944.753386288
889.443602418
791.046451066
908.769067356
568.592403116
893.478659248
179.448233164
595.651857621
359.326881897
805.316008252
810.959822794
72.5211316021
181.096157134
176.501294694
358.129851636
870.654833565
754.061330332
902.080511711
861.315866215
249.491481109
430.973065991
239.702416017
569.807168446
888.721133479
657.069852599
86.3064263206
408.340502198
268.553579605
732.037752843
463.179505232
271.037954608
516.991490846
258.621907906
689.621479265
377.735005319
751.59787998
102.215503877
737.116997665
737.592898193
510.338588514
816.454398159
851.950314418
197.252561222
747.287510387
190.642561693
850.051345915
344.291489341
995.572470296
687.398511519
943.190034612
516.886733999
400.961376427
508.000871771
362.413697213
125.420709242
617.028297683
128.923876339
126.551283945
855.661908146
659.993887962
577.213835585
386.710624201
346.152862138
715.027714391
570.103591761
403.848236691
998.686307293
412.120846478
23.0748261219
562.00251511
429.588969896
294.289534831
589.492882893
975.528693444
27.0918886619
724.791740787
134.595032025
300.691551283
286.648998694
975.897684111
178.936829428
546.094146417
879.943852402
653.664155132
834.316568632
495.093104828
216.167610405
967.111749531
138.531038826
138.164117225
942.091917968
417.821275035
292.295461688
892.460221782
624.112786346
386.882553026
468.212081497
872.913630781
145.848950613
405.082336845
397.663260126
418.285469275
173.160590183
561.459869139
760.289462197
507.083851282
907.084077061
505.333388138
942.142360467
769.11171055
835.02511934
837.228379419
172.970057768
303.479232073
754.002008174
166.235081331
400.779642534
646.795782334
687.150673546
220.316266848
244.171371848
341.693105965
643.46700315
760.60800858
995.199361598
675.386407255
721.954232011
547.227587176
410.1799081
889.411154871
331.890020195
0.951908146395
537.546066348
974.452815535
278.8921163
980.261893637
136.087908389
990.309181429
545.598572242
290.949418638
955.891329651
374.662362389
198.502834026
375.590532352
123.134989044
477.542478231
754.29816493
390.409069794
906.421611306
968.922465011
868.354683587
842.852562087
574.787639734
820.510381203
70.7035001486
226.131084257
173.133463197
696.543162329
893.454222926
327.452526823
411.445768406
862.254426645
586.602312824
934.369699798
436.638879643
45.6586891283
30.3963069576
59.715057817
825.724733783
277.854868367
384.376099815
327.782182701
876.546580475
130.504220446
724.536259239
187.628152902
252.457017445
836.092525035
94.4232282271
952.798369542
740.004111002
648.184095282
366.384444741
618.535871826
604.520805445
231.378024716
417.915075978
939.186535135
665.481077216
792.552996937
681.703287197
337.773187047
999.426629027
781.248050741
509.767830973
906.505798713
720.735361401
529.002807339
36.0166325252
845.000789101
159.621215369
362.306455217
466.568402906
22.9717348097
666.804519262
878.803937702
115.518531856
314.718951887
932.232335763
662.403464624
883.082351575
353.61887756
116.899170559
936.436858851
843.735760539
863.991191316
513.835493435
440.385598214
932.5177252
752.984894393
924.275397274
956.654947577
929.736337625
60.1101549884
468.900457923
620.247179319
867.935520958
833.045914566
225.668995577
346.583061633
763.00855851
537.104216294
442.883771874
378.743266867
765.008495653
486.088826251
928.288574231
44.8069127531
19.3549757522
984.502693637
777.418185461
702.399296331
6.49783851586
789.14272914
267.102245798
950.689372361
988.159807904
304.896790869
278.565194566
137.169229992
775.53875967
852.721846434
438.760088513
304.326226664
751.802907305
628.500946571
617.50562616
528.862176234
457.141268248
683.226175251
774.52827818
531.312160617
622.390265465
335.238335008
417.550003206
776.076204814
505.776084398
904.920250891
20.4081092061
398.671595669
355.732730844
516.520376032
124.674633958
733.750176557
447.735601262
27.5894647315
598.127599111
388.048635811
739.120750162
322.884595302
403.275998712
330.644856431
34.2164575462
559.740414345
241.369556584
707.427617446
551.415689481
912.964406271
848.714216399
468.346784847
920.004745568
926.094229986
844.431957494
940.601870662
828.783602001
686.231515177
370.371595094
663.021217074
674.931848432
724.419564863
439.493313288
411.254685587
967.105079271
249.471074898
117.946009466
776.205503495
303.920595555
794.598055724
728.974878366
749.111786479
716.331311804
792.051695952
766.918470754
990.469343376
996.359844058
10.1622581061
255.270210059
61.9675989438
6.43563552204
997.026885545
406.974327638
