758.984273976
608.343967693
875.153214566
74.2277333356
330.144002586
596.769244146
726.24578862
451.314464787
680.618594322
529.25550749
764.944272541
791.627399763
834.957173214
324.238908537
515.304519474
364.766520708
780.056260513
418.961395314
843.653347654
271.074250293
352.689353575
211.305171287
807.622353032
553.15941234
687.014246851
898.175101839
987.552196036
55.8388390383
558.961931498
44.7064814508
115.148957531
171.031504468
734.820614752
205.037040563
129.890126946
91.4570155916
949.007908097
947.18227102
587.529783291
880.88149057
804.259635119
643.61085144
632.05775136
886.142523366
845.23406749
43.2334047127
155.862560719
754.587136493
125.5933131
519.575034715
453.10708455
938.658447774
947.362598478
775.095334057
722.573774742
481.178699419
232.492853536
706.517162393
540.951483571
265.801131848
475.316689666
139.380811254
346.754247571
443.776314504
284.815852351
574.396377116
544.539016417
449.719899813
1.78891606004
690.074553618
470.912676907
582.582000572
488.627523749
820.501062321
464.625909226
785.938270677
347.38215093
517.439946329
865.094515747
601.301719109
584.29508701
753.221351852
522.725527706
824.057082443
946.341345243
792.645667419
686.781301149
721.272774934
865.616078372
192.106416507
624.899637232
153.51319123
696.009180794
828.616614086
848.759271458
776.95017058
546.595260272
686.665149821
194.754833238
542.875898349
947.125784133
337.816980971
459.776553892
955.033546793
42.470080244
890.833176094
260.655348014
847.246465062
475.542668411
34.2507790814
169.839690997
576.677872945
991.602438385
589.834182537
424.924435229
461.386738768
213.090023797
562.430034717
775.698192327
985.630779551
329.610696018
326.254499416
759.60424822
407.721168121
616.695887505
675.863015957
771.136020316
982.96261528
183.918028249
799.370824319
761.813372959
776.672037405
476.324027424
509.429395472
7.43618249618
972.870051385
208.346961452
289.195188557
891.040518838
584.014291473
709.788340704
244.562999332
55.3262974482
993.337286999
672.35789371
839.781009984
476.95688125
493.603664451
836.470273851
916.220949156
752.264776516
523.367765853
210.33572567
480.821603261
619.172316295
997.378783394
884.794485595
49.0304952237
25.1641983769
794.053255434
243.490068406
496.172072903
630.313869982
207.769087767
28.9932320257
830.793088081
295.605004504
192.960255615
62.634297023
275.932177806
944.451984202
9.98370843423
200.016280915
674.691857756
398.386180562
219.774192122
899.397290644
968.987379532
667.47590637
794.008126022
138.93575749
580.144780486
69.133545614
37.9614502986
110.105194981
864.589669925
749.157159825
52.9948296089
154.371621093
319.326530811
595.089039286
958.603318041
990.827918594
880.267186524
475.778286917
479.726113818
474.433434154
657.299293555
750.378212902
953.994206227
74.1026048759
985.858014829
880.902852832
781.392443074
52.4951800824
26.5470689385
494.888837654
991.66636966
668.840786369
512.428846035
839.998277514
723.982434483
172.552560952
944.789812236
51.4918654603
389.852585628
319.196856664
190.457499604
444.992764456
171.191899272
856.753120134
335.972381613
629.040341629
801.019429802
621.891944501
668.057587524
155.924275554
806.218041761
21.4667987845
499.42130512
886.134970763
846.590544952
744.226614019
896.588187754
26.6471012876
272.541501328
836.318756402
217.714992188
68.6078273726
551.580847057
334.739684743
624.002040851
188.988240157
7.6959501022
54.7781758207
565.042409949
608.290346541
756.832139381
779.470508906
90.3767869376
47.1165369757
153.634147836
318.139469065
917.384629482
818.538792867
600.493255642
472.252817485
171.470424824
853.757287717
127.388424895
344.333382442
371.391939107
727.392551023
723.704420057
784.376357044
201.021095447
7.25951419977
997.722471936
668.168803876
432.487194448
336.912821121
235.383331383
530.741297302
576.937045583
185.257780104
549.672115286
855.196226064
59.6156844851
902.15078888
229.067387701
364.522623383
507.388002011
48.3537059076
510.95497915
864.607743941
441.93108174
367.964022149
198.344985381
807.655881163
463.958733322
246.52858655
249.03150721
960.866824308
386.89343786
267.523462958
320.393334878
136.879541461
552.961748088
160.684151142
205.349183369
606.24155781
987.771559186
838.505557464
574.416059707
988.586912244
292.964657131
417.805123074
311.787506484
76.8233321575
604.254363983
249.610780904
859.043135583
550.805510423
770.704749172
694.797434265
778.941715381
122.858525576
90.249838031
407.468635651
601.995328241
373.874160872
377.819198262
455.364235988
778.365966696
354.067461437
337.637877084
378.470294793
757.166412297
598.54604318
217.609745445
426.07395223
986.944073366
660.426689141
547.873713818
799.267050194
694.000571034
332.057958648
88.3925080399
663.87474096
872.172291574
576.656568536
441.781136288
387.477631603
638.019664419
793.414059495
892.228032644
144.602453201
473.253941797
736.48530412
641.541760233
393.916490537
940.316854812
826.70527864
126.23335319
260.880482171
263.61044165
761.629208564
2.20280487364
208.026333123
23.0623158633
143.109213571
95.4105544159
647.66379266
521.856873905
561.559402917
95.9381662539
849.670871538
501.466274735
949.087018632
91.1931823554
754.399617042
275.379665293
994.498653542
114.308640807
345.516909699
745.21198414
138.367216524
73.028251757
842.04326172
354.426000507
965.149896592
141.378678958
126.370766859
41.1815061458
705.177131735
189.335024115
658.490202169
61.2925025578
109.879390171
852.372140074
133.430977833
751.760644102
516.395235536
328.208844526
600.861872956
814.246592023
561.154135945
520.655054901
473.911171556
180.373942685
772.620809281
778.087585067
190.403889739
692.25972396
820.308060249
827.05786904
908.589476886
560.947545281
962.207422209
675.669786815
67.9810056702
292.954008473
336.091803132
916.047195064
200.425923686
708.512414273
308.555886872
476.358086803
589.421626228
247.836110341
253.855462644
174.664627238
360.878850545
600.049015392
443.414026457
720.288174951
999.84471021
78.7698518701
303.018719119
778.924898789
1000.54215925
386.976998202
239.928299193
427.933849831
145.62803842
799.893348585
922.981311424
669.577567628
300.181058557
500.602822059
467.359992038
858.870787671
765.871374695
52.6468813
211.147125612
328.242526012
260.686227188
456.078534999
937.249873696
49.3854465497
701.793037698
39.6237264711
745.429381498
29.1295210434
399.626930252
181.374904395
666.714178437
664.620063796
501.67908283
16.9906940077
165.372036564
587.251759048
575.413483535
114.466507431
150.840859193
11.8658902094
510.846099017
365.354670592
64.1747849791
498.435033771
45.1007898872
496.252294278
414.563785391
725.555343491
26.1990722994
497.374648824
798.315831947
317.478337555
203.179596955
59.228657768
619.31874369
571.918589888
61.6514884678
72.0941439725
109.36659382
967.107613533
803.522499147
586.068285865
757.879710704
748.421627743
425.19208584
790.650108648
509.245491876
384.90168993
522.567763262
698.058691735
491.516311879
803.275934826
144.971733118
784.371879124
309.438026575
935.160319067
606.874883856
185.542752989
247.789447749
70.4518082
319.843643851
824.13993223
404.810864167
522.059948215
638.930238191
284.395929339
329.275964687
895.363773559
849.819800258
407.334468786
490.140949169
459.18567231
288.638670493
465.228162377
49.9986906374
119.267520089
745.779284533
32.2473329318
375.009669266
757.301414893
771.047846199
241.341063674
417.647184449
326.820945019
158.52358788
113.332237855
726.716481356
71.679283869
929.763359109
781.575244199
211.960580999
625.746325948
149.510123068
421.64700491
310.853867074
578.578156972
719.823430038
280.146986757
602.684697067
338.831097832
992.519739818
601.453150733
964.101573691
22.9345816379
683.535556177
874.187156367
457.607717761
625.083749544
435.275293478
983.526233979
224.852004663
901.429158962
271.928384662
952.275597533
491.944555026
104.767712369
244.436306361
26.6379439607
673.449625651
633.394783086
481.261058498
606.191740284
755.472243172
400.640798108
272.813377945
428.893407894
382.74202279
810.137586795
634.8349014
263.283357914
808.312209375
2.45818613074
66.1382644795
663.122233538
742.234133808
713.044838741
141.530065327
41.9910395208
622.739278924
271.944344815
203.606336783
839.697662109
807.908826605
520.388002256
375.257056342
154.178590571
511.962917479
925.41352241
316.847191648
530.431792964
945.972510927
810.242520723
30.4685567192
141.612378787
24.6139628302
97.86394461
255.972222103
972.952288411
821.475038796
720.43938604
927.680041447
15.461758068
329.441862956
354.927085276
304.492943923
625.811691677
921.903261786
664.879786148
147.042150359
964.281618325
822.946158864
961.568773381
749.065033234
60.296391875
758.223723648
633.869405381
120.710921014
958.879603898
467.470358261
209.233316284
102.840367455
146.591713088
511.617947332
721.764339343
887.39800543
765.757033774
380.778045197
124.61913774
906.278841022
82.5146512173
710.589343042
228.035594969
564.932520324
860.808389594
670.380332407
528.384491262
365.795319026
738.081383621
772.077598113
369.048807014
670.170385825
739.633551752
619.549539814
751.4329926
132.140837784
326.711474841
510.799894796
728.219086581
37.7215151077
465.653223996
740.310839954
513.214303671
464.659376564
573.752332987
933.780575903
949.927887133
349.476928793
616.911493606
254.947312751
179.340426146
249.407731909
194.712647611
351.012443977
460.07652419
261.042697046
145.375222267
570.877937957
378.778443897
637.322948212
257.827485625
121.446012084
278.758278254
861.051821063
197.971468382
903.292295947
910.638234866
283.142333028
882.349333888
382.563550281
158.297846766
901.525251978
341.999633047
420.797720823
328.149345749
425.503934764
264.809061826
964.602404258
663.46141608
478.548017667
51.0326752645
739.842140979
176.881320879
537.85956689
453.001413136
926.297682935
759.512456777
725.264961545
412.759614198
674.211504158
205.600490695
252.197176519
171.319343916
435.291434394
838.271361304
282.27996583
212.173125984
190.623594205
419.796068147
947.110854384
908.402038783
214.438084092
323.663555766
597.036835241
737.132066142
421.433168947
401.227357054
445.913109329
10.5684323887
953.564561793
809.374233324
511.53565417
284.54399578
903.391071339
926.484340377
182.779072126
184.822328867
392.497444845
552.972762599
842.751691701
514.948084703
682.671757078
804.606666027
278.008660003
35.0159771782
533.432605491
77.4623548749
153.13176654
569.131991427
361.467651437
225.612438751
235.930638511
322.559476613
854.147555441
730.083849394
651.966916595
330.034016651
983.753824113
52.8948860434
329.952147399
466.807183691
940.246254381
262.406494767
916.455072798
628.823186359
868.568639987
379.019274106
69.4352075761
101.128754588
30.7801600351
379.076914893
351.474821667
443.676495109
50.0424041332
872.011554791
736.093471005
687.826567323
790.974448888
729.214269458
842.825681496
954.647221172
673.823537767
815.215326097
487.367555245
791.388203648
698.658625838
377.983230697
405.962083447
654.592862623
711.506198993
348.037611127
49.1059430141
932.109932963
598.872721086
618.487247997
136.413163716
288.176706458
575.548621117
554.366189461
564.404063405
263.04674261
978.288106248
725.935654847
50.6228628446
852.511879351
672.637736321
70.5816313069
904.601188231
929.313656206
535.077938056
617.769746847
341.822340995
85.6374837411
496.595262541
483.338654984
202.465710304
653.591523382
520.125500942
704.701465169
354.244084855
385.398872934
267.414326654
349.678154695
329.19416514
414.034764067
423.18404234
260.964878994
214.92412252
974.457452087
753.673421847
100.818041246
529.678740969
137.477995029
809.91856067
608.456333933
833.196278535
186.699666522
341.345264353
115.762160403
303.807668953
172.148915227
887.163361619
672.388878121
396.666444417
674.696879279
689.860174444
730.154952654
578.440257627
972.33341056
664.557142817
441.148049732
395.734452961
686.589555039
40.4327440115
807.683226193
78.0745546085
9.99715213482
680.041142881
189.293706117
153.302521426
755.703616467
600.385738899
842.949212243
702.25593009
589.541395085
794.001732498
112.19246386
755.056538479
915.144947146
761.163453606
146.754809478
65.8619381274
377.872487285
849.964950779
957.983814766
298.1557267
920.861350713
518.96100851
397.674088928
582.357573248
187.449917192
63.9409273144
833.934544036
767.091631253
681.852575021
492.359875111
595.480444698
217.523174699
257.582084354
160.188275908
178.68397863
888.298132409
664.936391475
620.526661046
310.032555452
421.754161776
400.937970874
779.545056922
636.661401666
503.733682289
753.013980906
315.300293266
748.379202594
665.50753579
24.8982463775
651.318917068
43.863014451
426.63237603
795.412259425
667.498709168
961.14196255
686.104555973
501.547395301
454.739620992
277.479847086
849.616067015
937.11469002
194.013293103
496.810532677
79.267395828
823.91181442
347.043364408
753.925297188
159.575253374
825.267539764
46.0573090796
796.035866449
150.283939551
680.801649838
81.4737787269
755.018759175
954.373346867
431.565879249
145.113603864
146.053863393
324.893441173
126.521352956
494.22478125
821.233753446
111.378869072
133.481878403
600.683663937
249.294925355
59.4875904695
124.087293751
856.580747004
196.036922197
362.11084239
945.108918466
235.749509476
314.539821076
338.218725519
35.2763766564
213.546610111
190.109953319
255.618620988
321.878803184
669.65550464
170.009968147
270.412627828
311.553771548
219.330564375
722.784038812
770.021900617
562.572798995
440.198518702
332.166219513
46.0880169186
145.818045862
830.495397959
664.596089342
218.905263851
20.3519198349
938.812867027
453.056096158
911.621538044
360.775866087
601.240346572
312.399642303
426.58337333
585.283981347
399.796875962
395.33570991
983.730073596
494.963428292
272.500833988
103.356650245
851.291528341
864.13966169
972.822074429
660.15781991
31.2927305622
71.1653102528
383.196294757
109.869429181
671.52532957
47.8025936644
400.223672655
307.069708792
259.890893149
382.799039304
571.25955069
589.943232228
455.257621492
833.083871464
