963.261444965
617.704496935
426.826234533
70.6413628146
530.818188976
364.663798617
457.053356751
415.004728485
406.817332303
87.8248116454
524.317563292
677.876211675
803.067694006
425.375974168
224.8462809
887.214453092
143.150910306
361.676259334
777.7153716
442.649660887
941.38729774
160.993382649
911.839462337
652.454905591
592.468860691
192.243260883
875.604529096
821.357472017
501.846013833
420.337440412
14.5691257526
44.7974010362
745.019815094
535.43054231
434.64967282
94.4557405233
920.485725358
326.489807631
993.502446088
985.984791549
663.278880042
90.2984106522
901.291928787
442.527580039
934.877674252
141.574147359
403.672645008
226.08172957
129.137330549
247.266666921
597.005687353
865.767749488
200.79448813
554.868987848
668.279614623
81.270855892
683.251822155
405.488894765
214.269097719
731.389823295
432.653332859
580.68633491
314.974845118
76.541783395
826.719277003
386.576562957
351.3742041
268.26287908
613.220674259
984.782936936
620.462706664
257.249123156
627.691511612
825.591244059
285.910739053
855.407127667
209.646904491
950.291052535
54.1036430404
380.24819041
438.08997467
121.869238229
431.875022807
645.98676299
610.824518565
766.380980041
553.451274184
686.036255444
552.993386934
307.646355013
711.223542209
786.69081164
533.984810847
354.765447789
875.609343175
791.268346742
219.256237421
812.584353906
743.955781893
638.259298288
822.494587659
237.563843242
613.982891468
630.933373664
968.23036195
886.575083179
768.238970105
131.681843479
938.022381562
503.311503503
854.108776544
909.820560388
293.37291177
319.834738358
549.314678065
549.063419636
597.503048405
311.797920283
968.891888658
973.551890758
948.811370536
74.9136254793
704.90736738
88.4099495818
315.668557907
148.933026003
764.972760397
594.120985441
841.784470541
999.667742047
670.284631758
675.713120979
289.084845589
629.912975309
745.390509434
873.294553089
687.831865116
532.008073771
370.479679417
783.671558705
746.294294927
277.947763328
581.512976605
623.412854856
657.429663803
238.780396781
716.991147406
450.279013425
800.934168736
718.416035874
633.430943071
145.998949321
173.09977525
742.517629411
785.290772964
42.6568452344
798.489245212
379.317048647
817.434717629
270.657817903
714.14288298
764.924772675
413.204384553
548.817792752
298.276520763
727.870754854
639.76080755
18.9949957569
310.733772691
554.03407556
822.327858436
47.1191229302
495.083590234
348.900071926
307.008242781
153.987403828
96.679490496
51.7622265386
992.838852817
888.371184971
935.336674841
706.174641249
266.936971647
273.603794029
889.484109625
234.456422696
740.545190582
487.82416377
884.781130687
153.333934581
746.72189737
590.262871479
174.886702731
156.774351407
852.801402526
168.008700846
86.9536164412
357.793515543
896.492488049
499.38389422
932.164167504
648.031363218
41.6694999321
534.595241793
927.510250266
569.813887547
502.200348064
613.748190128
931.310273595
484.780207998
590.008368987
209.83496864
301.043984225
879.426191452
795.27767663
851.838976538
319.933588683
572.890568856
845.291016031
42.038117299
597.260510004
899.018240238
510.820509043
426.025572952
512.929992882
398.539055868
115.821818485
919.680263004
115.014551585
349.043868442
753.568340837
949.602173413
598.045756961
29.0628499596
4.59684300602
212.771848497
581.929780487
108.143247502
989.374303013
730.817670976
508.383524389
819.013924113
964.751450736
659.395419304
937.539762584
969.09141424
155.525625036
368.067459687
693.100755202
1000.97274788
731.694269615
544.149755924
353.994875639
588.467180877
26.2071843521
175.189383927
899.619436278
944.091242474
629.775684726
143.566591844
469.841554445
478.873501335
627.06032552
245.535004544
358.655686814
779.624022878
807.569668353
25.5902334807
326.797711158
678.156044885
469.276052665
619.473734196
795.846784372
907.78815584
267.057378812
737.980954643
840.259665515
966.218962125
645.520399806
619.790017777
777.368521134
12.067635235
694.630335894
793.314936086
253.855808468
126.565887337
583.9358759
364.995918676
665.127882577
260.191834046
639.897125789
563.832802882
838.37124333
346.379219926
714.414246891
382.158733071
549.107064096
136.526813645
779.808396202
667.511056871
817.33720446
970.240509602
906.582953981
23.9914514985
906.3714223
6.47939640789
654.338110364
956.641299316
721.645517505
423.846209531
668.408326673
253.255503834
899.107947481
353.091901552
51.6641986598
4.53418722477
162.4141174
112.894379486
180.09722297
901.45015842
303.863206232
345.936714565
901.987015997
533.750823824
303.938942484
750.485735584
8.21287570523
472.257351263
429.426533408
628.056176403
177.910543888
56.3442376435
6.14404941347
975.86459428
978.028064768
995.562573903
984.391264623
916.846570687
96.3982670425
165.477205468
89.8452869215
37.3296140792
617.344971219
781.885127446
77.8509172845
819.10880192
951.062055508
224.917092817
685.473752185
366.932543537
617.260583917
515.07092592
602.599660929
165.791549139
636.6219964
592.597136091
88.6201326184
340.819489685
704.072713775
233.214148907
319.591575881
791.085362864
445.018374357
297.879508183
167.38941382
932.47130352
335.384664618
634.662605119
556.254478741
321.218111378
14.7015019325
835.257547824
973.91749381
115.326734965
371.146285042
140.666789031
881.372279705
244.720421151
218.163139619
610.697302386
309.325866687
179.539357869
278.714410729
845.801762938
444.216315259
294.02365409
612.948416843
460.831675865
452.349303971
971.624570305
563.261180643
96.0715344738
514.544268879
692.403017342
446.647790673
497.914875266
889.592642778
537.254497521
947.392948322
364.320123254
231.388544203
829.941383863
518.567978676
872.577310885
772.593794257
827.966427871
697.719120203
209.633228856
224.905126894
382.013602627
264.529728428
443.511874329
531.29237533
863.684611482
795.625862189
129.33198452
41.0234292903
314.559276178
566.480219125
230.058837247
333.124580415
190.109359362
458.87520419
237.764435837
827.080407607
718.992400115
695.705585973
747.04157157
987.262127649
299.688136137
507.523509286
426.416643698
115.811906344
543.187418966
757.693237227
764.17669765
547.229967216
326.556618129
606.486586349
340.846316739
813.222330822
164.432828127
752.34981613
99.1533211186
32.069788526
89.3997659675
397.260300811
915.668555365
387.465746232
988.487982753
324.900766005
66.4843377168
222.129695101
873.065603285
686.781081482
452.456534243
759.988796072
564.243250355
255.981537086
881.826256159
775.250693961
595.628860553
676.63315755
356.283128074
910.977287604
422.944915287
607.666966997
689.444327465
442.285694395
260.66244922
759.452415475
797.43539573
605.965508426
138.758305704
790.112249989
218.308406776
296.315283922
594.067024446
507.524980819
545.106852054
324.969116476
88.5376726833
118.00971321
470.575813266
266.575425034
516.457532072
11.5369082244
588.945864373
164.894385176
93.1792875839
361.992144126
377.084152814
628.801580857
899.312489341
973.317733444
852.220135331
548.429918501
841.417157663
850.435246591
979.267164795
791.533584267
248.181437018
466.118600127
750.68843855
730.199037293
908.501422458
537.196906242
968.971674078
125.279095054
732.205592378
311.870521792
880.466844395
911.924152063
624.299330039
760.6500976
770.550406192
408.437571708
148.994793267
324.859323038
216.982994576
47.6890959647
841.38277076
713.400100565
582.156914247
834.228435015
866.386188251
449.577787208
180.538030871
104.382006291
268.617585601
566.758985567
468.654121373
863.236904374
294.302428886
669.974767061
429.753459102
506.477644002
205.181784262
837.105013685
492.52757877
37.108243661
701.874068507
828.796592072
917.720311812
736.24231685
949.219671403
60.9399270511
343.815734363
877.13659216
357.302851719
536.601460533
240.503223036
223.410007125
971.184416061
488.73967955
739.038038852
441.895901652
839.038032759
340.979304164
382.379712729
712.500307637
248.836355149
376.336206161
505.812527379
695.722172509
949.004985147
977.372528035
374.121299949
168.952118343
939.829416945
545.767787408
712.020396645
693.149612474
88.9031102812
385.748751408
265.69410344
0.510595683197
391.328686877
56.9668510115
548.744017852
472.168186031
832.637915104
401.15654836
240.397960613
96.0919882178
476.968630808
985.082714151
632.140374038
196.575587547
200.577131456
7.23709352001
202.747672677
594.452584678
637.37048755
988.782227191
259.986852827
656.040492572
731.106294878
404.849324186
370.095154456
930.310194875
46.688469558
33.5414798557
763.801395125
451.374398407
102.515335155
738.341399742
895.15290137
531.225008442
13.6872821632
856.798528116
272.727785653
632.100537368
61.3639669966
565.55717562
129.894676693
716.883995511
946.013591977
796.2141668
138.928994794
796.610143145
532.275309162
119.404090347
984.493095322
304.254366949
826.000055474
156.632219942
264.329833294
521.66228125
733.628692037
776.867347527
446.946118477
88.2949758177
384.508351787
711.310384699
466.27449357
75.7611082238
302.633165713
864.313055712
533.212476787
526.724478879
221.812872682
50.6271246699
840.511064009
996.931396043
418.722907948
918.457115768
737.647571707
444.930090811
305.01688752
269.662306588
269.821237142
216.834369722
828.976982944
140.053991155
233.717559054
105.627729198
603.771331666
607.647528639
966.081402172
270.254518658
490.277447657
96.9143741475
307.097488925
347.357604075
892.766289535
611.082256531
10.1117872162
61.5466255208
139.298396515
960.796000198
943.778400554
431.871896175
762.468884654
135.300265207
721.311617781
51.4129598983
415.881845364
518.684299033
935.503886895
569.559843272
772.82382862
779.732378772
13.834353689
764.957313278
538.829105745
317.82713563
132.030761961
779.564487646
466.115284711
413.454423031
952.276779935
73.4677883897
675.202381594
404.173756826
81.841156895
873.278263396
655.350801098
452.227689848
225.546497346
129.116595144
250.771784755
627.154776295
882.9495241
858.211554114
574.692193326
540.937009718
408.782063978
544.800988775
472.70199423
500.085002085
2.60674601435
520.784343608
934.44967343
901.25362519
840.596208418
280.043803076
416.770379439
25.4555856529
766.361541918
844.035597882
266.976594607
714.429128176
635.196632512
192.242800274
549.862866386
122.366388542
671.897684547
923.908698987
798.739774744
227.981018411
85.4094818531
396.070496281
664.729573358
161.438407906
847.303959833
631.93340242
278.967534181
180.32183892
288.20083084
403.065939002
892.402721608
871.937008272
609.697147392
993.291983006
897.994548283
322.045631806
90.0751200815
747.563915097
11.5068901326
923.251557882
993.770565241
342.100735275
919.831496619
296.988570056
972.608392535
254.67530755
287.689377827
756.02319666
340.879888285
647.923592543
94.7261879573
326.936550371
198.343398386
685.28014621
769.588627359
15.774493081
795.446886479
567.217520336
383.322781883
796.315802813
925.761119449
834.66833951
838.658602592
726.515787774
464.894198026
352.254494224
710.717657613
747.505131142
902.521280053
576.543983292
513.270447643
857.854420055
54.950572893
510.700821666
431.00950132
901.428381978
402.695465326
343.184170744
144.41992586
838.558767678
612.720468637
677.620274447
919.211915411
645.465373775
287.127938179
165.420644241
374.854988255
544.797074065
935.920572811
287.636244698
682.432314684
287.784527149
865.200963947
843.778993948
599.593419536
405.263855787
498.418099396
598.563853351
218.697928434
645.642244849
464.700370346
177.997374867
265.486689443
766.957697176
633.742111923
777.399838699
996.803147055
771.311942082
408.236373281
134.112544822
92.450819725
876.084620494
337.657961513
573.727705953
495.114316775
910.813237571
668.052978762
529.028489085
952.769227494
619.968349809
960.910263595
72.6750858428
71.9315025241
808.931017358
539.745412196
495.215685599
592.527075346
15.0930378072
906.896098174
623.110537461
158.351147177
319.99540035
76.2420387603
562.016798783
400.119226205
747.834831745
49.321889914
660.223107802
83.3484630486
623.997997551
466.654639274
697.862124329
341.472477134
447.420886045
787.847571988
800.905120072
349.890164961
104.803211231
782.008427417
473.755136234
938.107891313
615.124908222
440.611000935
409.795969991
600.543771192
982.033716762
608.283543877
419.47619382
774.061216659
804.103370669
582.950136203
149.526421284
404.739024926
376.142036788
943.389158229
780.815769863
243.152882558
585.389448529
763.14137058
160.906368068
569.579535426
359.689592662
335.500444438
221.672694831
520.183639599
942.879299802
375.056302296
18.9462492796
352.972651027
231.910712606
319.775082316
36.1089559326
908.021029091
659.051229433
655.171583219
703.457745961
703.260123311
831.124453821
785.763637213
298.485307678
945.298606929
908.990276946
269.601746156
195.168979513
518.095173657
874.287312505
79.3296273001
20.9004672837
862.663864391
946.9184879
640.233384971
342.477733955
583.51765248
164.544268877
579.563016581
19.5001338516
690.037682326
986.41371626
19.1672546285
800.093270386
504.677880393
319.485621421
304.820791187
562.824558531
139.72502646
38.8003564536
305.193288587
588.499352877
901.058583964
806.089296169
577.49626674
912.458501121
677.936724406
467.253266939
817.978158931
130.357791374
282.040241933
729.129502494
593.890555529
657.650705216
745.198611273
552.157344005
184.300780755
836.485303917
719.274576911
328.247227506
716.80581815
969.009639441
794.898770914
541.466243638
335.621187037
65.9377351839
265.44456274
634.072058102
960.723409907
686.200285827
915.35067359
755.881457086
644.452541787
299.562898241
798.673546418
563.92313689
855.909005114
210.022253985
25.9148821749
323.807958322
418.922263356
592.285641711
571.629248933
195.546635592
860.136577839
936.870813058
408.266681413
828.488497635
682.479835884
795.686166132
72.740500243
374.048486373
150.426563085
204.310760759
19.4385998629
797.21425481
967.452920389
117.133117726
487.24903506
436.461561249
963.41381737
702.82334475
385.884890685
188.25729693
473.133757261
646.463401992
98.5709973827
893.281850772
918.74440474
226.616882356
185.92460854
52.1345166617
28.9195381386
