477.000708389
959.993346481
659.705109275
858.983863231
453.453696374
704.359430802
897.059194924
964.003563978
888.65955129
638.863905181
19.2598495704
767.064805379
824.984554743
992.314173275
283.799652075
879.864372695
966.440922358
135.738662223
871.833140693
717.546673675
470.05983359
313.348953188
550.895372477
965.644464467
107.098814496
237.703394647
464.518290604
493.367061686
787.380435666
95.9240185874
467.267307147
782.947057702
24.3602769563
726.450621065
800.029510385
375.74318229
502.798333008
560.560327387
402.486547926
964.697802726
662.786795489
366.454907451
433.697491304
481.903776024
494.382512756
782.218953128
982.333464313
45.0716108719
303.627961523
998.107964376
481.976528097
411.903099815
458.876799269
815.169193599
855.282630319
710.035677854
255.272099514
983.846394827
645.125346782
413.922422913
800.358330612
682.874666758
797.193343887
16.3762852427
978.960163755
558.96987031
194.319831602
474.965455179
924.49050248
111.439343799
375.993367727
215.722427898
171.679037558
3.07603370145
972.754015125
823.505035857
966.350194285
864.061087709
484.391755229
266.031863866
772.79199876
961.541357647
701.283164895
584.234943985
649.347578626
250.072452206
961.887904343
320.595126146
77.6153745933
786.181813195
296.127276853
454.283995497
293.882975906
289.620398297
199.149002424
167.926283194
758.673654875
87.0529231085
423.355928723
202.190302335
338.137261059
834.515771909
593.488605622
563.627016683
263.919803896
870.987595488
305.469105715
299.425293335
372.476984974
585.886628624
581.097139501
91.9197945161
5.00345944524
38.1612743586
450.083796019
108.413054728
845.522415592
451.40455458
291.62051694
295.2365356
511.231407105
653.414412558
478.533327846
847.48464605
230.243556033
874.273755488
722.244063011
638.386901436
117.94314113
731.292730895
510.230735444
408.149803783
32.2679817901
806.960426736
896.442095996
773.68436293
927.902167243
763.162622519
740.552192001
733.284053995
421.021638263
681.636085198
834.255289561
193.266719303
551.016739625
821.459413699
333.555875178
157.571695824
313.098897382
902.934441148
25.533059745
952.891512328
158.99062056
377.236840803
812.482538817
409.973535436
192.330894994
657.717150843
179.915040205
75.9504112615
992.733428679
390.293748781
11.1102722857
191.668481347
13.5878872342
372.327300488
73.3219580913
634.658236263
576.447591126
190.670752703
517.953342417
744.106107108
805.245710661
868.050080325
856.443405107
362.797318444
377.858273256
38.6731147991
899.674731771
212.203335224
522.487892759
597.995487494
408.110769735
392.773441905
631.84466034
764.638523786
118.64779882
136.960258319
301.768811053
752.930374084
148.396545019
660.784190813
118.472722294
957.585087784
718.417348245
289.755996934
210.623656824
916.336821007
589.980393786
140.61131731
577.802248982
212.829124681
708.694815081
782.426713898
539.40380409
448.001179633
909.145097475
551.984731728
892.841767478
546.140062369
870.88151781
216.606966989
283.70008343
87.4559495505
484.19522517
922.419675723
86.9838390459
820.426204601
533.494507592
709.47877009
344.125976948
380.355852091
449.688817398
515.444220293
91.552757157
915.273532427
388.661282419
476.90385502
350.832061217
996.990495725
543.800483474
973.247549109
166.852633086
178.403540055
959.818914756
834.519135458
810.193525068
39.750519292
655.420503394
679.710048784
289.442140814
942.450346117
504.587294569
232.958036323
564.73868526
224.413458526
342.393014608
91.5463361402
849.516920862
445.501400069
732.318700939
979.021710155
878.959843154
251.414093175
821.672123067
756.579311152
321.681580628
45.4604699277
767.397445279
807.403196554
297.227491332
230.220187807
421.342631314
146.181400074
881.324564562
955.886897212
39.3174282405
551.488398225
0.410791728518
181.46270354
791.058827699
290.436375566
647.270362353
499.107530624
981.855410073
989.345966968
424.557884969
525.080067722
515.009850578
359.213067071
413.233168581
423.69774045
598.501794598
978.311084017
800.181703503
750.327505197
703.739873881
333.458124
799.82836288
0.115752232599
749.506674141
499.062673079
59.0529606191
688.587503275
134.910502755
799.294696587
202.835505181
491.242213637
514.730478623
558.72314244
104.51809256
407.860966518
676.969943644
10.6506105544
546.420628889
241.524331726
633.017475218
267.467804853
369.217582282
953.189229747
287.846599493
156.58979073
377.726121295
445.823282648
236.458249667
516.96412399
224.480559082
68.5831601699
567.431692415
779.338966183
397.725606591
159.818855322
699.191987275
973.593637782
1000.96334846
133.180471606
984.468795867
407.307044688
866.923227313
213.552515949
577.886033664
153.315523078
968.242272373
779.182674836
138.317084313
157.491745852
794.049891244
282.951446321
879.260670524
673.611391282
253.68573243
108.865837211
644.604918273
469.644266354
740.675494972
308.027562064
685.987785453
114.353236839
418.573402299
738.079579625
256.100538674
969.14822842
411.036320564
840.382397794
684.069808433
144.807980427
454.033117232
360.45727572
76.5329017742
343.754325369
87.6090017843
337.535567527
182.727467874
520.267300168
643.557532575
591.140183902
339.077147859
535.135852529
988.360963663
570.938556622
454.092579079
86.6717989971
579.975551637
782.788012174
594.071107931
645.402003361
877.947585133
276.942844534
181.587992415
976.892256412
950.182110387
343.778454853
801.387477788
577.460674306
13.306229939
876.818364502
156.174413886
495.785603103
437.671414085
629.857167542
874.969646707
388.922963165
893.363650147
844.998911206
242.701969754
742.967390591
120.585394606
32.3713679151
857.731816009
854.799254038
706.390005889
280.136391596
652.699996835
312.801941992
868.050111579
445.869642257
341.580529233
955.476073661
235.25302481
143.5239285
302.684057745
984.32350763
246.576996674
707.453819964
405.652264666
501.124531031
444.445934343
876.769628348
673.687361118
367.083791593
762.48077597
664.90446403
136.409647707
881.141525068
657.562522466
215.808065068
440.236304167
720.254071889
88.5348197168
600.363527012
634.376950301
619.727497719
466.399176912
570.320017536
579.0300165
945.371744281
97.1755646363
324.607309854
642.198403586
313.34932507
477.362813522
637.707608107
64.9159699131
509.921617125
703.670286322
713.555465851
629.855986973
721.113942841
161.692836684
146.893857855
372.603198577
54.9121206948
214.355172578
500.362913855
749.563160548
727.892808604
125.166769338
427.318172481
884.821128647
883.89576143
415.336213846
166.951690689
282.696155097
834.842417074
283.171941429
680.802695938
986.23138551
751.077236688
463.652893138
54.3312790097
646.542437168
419.799959607
66.1117248633
430.209125707
600.206453047
345.579018622
327.580926372
246.149771033
925.394934673
304.877798502
508.404032746
71.6212945627
710.278318529
277.714764154
642.506198583
582.872310129
140.954936844
186.918185414
415.175530917
289.526857293
878.204768344
560.654399947
163.431486292
327.046625461
225.372844541
668.388764178
476.776528256
901.901096861
809.969702654
983.089800309
328.961844734
624.784213671
886.638977175
176.52092971
339.813899698
600.542470117
938.333532412
513.768235466
942.754565134
128.673091721
703.963137827
384.741938835
442.278044272
878.673824077
392.988433118
859.178046714
741.72693484
369.633108942
161.291197575
148.818949289
937.081906591
334.54172518
959.857641102
872.042443571
803.016361909
563.63885743
684.854268487
559.890859602
708.470157106
88.6156141433
42.944322385
571.483435612
589.746176583
888.387459268
426.853599368
62.4132778117
979.739685215
920.967545008
384.769167022
715.812602933
33.1818868806
260.250277463
206.572922669
754.214194172
135.300775022
64.0189107557
360.586497555
99.2190701652
359.288760225
1.12755332759
30.5852585343
805.29879306
593.585553587
462.642537006
940.866277568
953.339326909
669.792968281
146.892052368
13.3494402874
536.114706615
928.286833506
815.728463799
357.915400849
826.113580213
554.38110259
220.680757382
850.960716186
574.134266935
867.93065704
156.620209844
190.717493383
546.41557655
437.033168359
991.187566364
890.532538219
474.492529811
862.669102914
457.519235256
492.670291419
188.300492335
55.6729508603
945.92752735
270.204821389
976.277458932
902.616350187
670.441873562
538.386728844
393.627033933
382.993442311
704.072218216
679.240813095
568.469245
449.007451021
42.0048765141
457.469105721
525.720991199
125.891271324
658.261233938
339.53152832
237.326256807
189.533550344
781.149428539
67.4686120967
774.426870104
664.230948855
264.992176954
428.710208298
403.283661576
263.814151084
265.544258829
213.117625335
810.086402668
41.9356720758
53.7501728105
981.901192191
910.345869201
878.643984222
321.356677054
700.131468444
609.450192954
745.777063991
107.341074837
872.884585269
943.267823347
93.3709439861
529.756253862
849.449914018
362.84248879
598.48612845
996.13110616
781.532334988
800.67290043
182.047551103
413.705751624
425.805982133
659.480729616
187.741394781
674.630133103
982.555830919
102.940905591
205.59576687
392.314272416
170.745065902
108.0606025
353.501267563
297.898229909
913.450532136
511.935886206
406.97566236
381.001378233
704.524251772
649.513152163
16.4240999408
841.186511814
321.662654082
408.562542602
146.847668072
27.8225019698
783.58479573
811.259292006
257.960713811
672.533673061
582.497768102
570.288802176
526.97327826
259.627167127
966.253103923
568.893893726
786.141140271
942.013212189
627.807852586
973.637351732
661.757688503
119.125790826
147.702778872
523.859544081
3.79368531344
310.443452749
169.434414099
550.055116642
907.398716001
246.39356773
833.594654251
133.09537456
182.635031286
36.9509905873
332.365276934
197.410134349
840.340179294
892.499837572
305.976625569
720.346433968
867.469782725
1.27780019233
581.699071136
665.533888454
450.589377049
215.558638148
114.717477515
647.959063271
575.087826301
841.13810185
586.891191632
482.667504844
935.689335856
718.583330645
821.318620351
604.774576281
246.154568547
48.4633399439
639.423821042
199.756381756
365.808791413
634.032072203
579.895063873
452.428549065
896.821713755
886.368758562
988.762187821
247.414686872
832.474151744
754.343146554
460.456434669
199.410404724
710.796006766
875.404573515
174.691659061
824.268534338
118.378452717
507.364240263
304.595966512
590.944963691
728.553373384
307.820457514
408.901546139
289.056222923
146.638500218
964.77513969
206.355052647
861.436880042
964.427388149
439.156707974
637.92891579
156.032693101
406.207272349
167.838416432
806.815777258
99.9883366368
822.205138304
247.636407275
52.1703369296
79.7515418036
486.345239374
45.5503142793
630.767038962
290.129659531
458.514153329
512.064025099
891.1480728
132.594704338
649.078828397
978.481589715
170.335386636
412.247727102
611.775029684
129.173008492
343.174635053
995.876460924
480.898563428
486.989739535
328.298686686
998.666555496
569.169006523
720.694495505
888.858865648
314.849554421
461.710636825
80.437765459
613.055278069
798.317845312
420.301724455
485.694057049
538.395586714
328.162802426
958.993544591
243.670693167
734.198509487
81.4446264034
910.107583513
250.572893291
445.72169365
339.536503537
397.687844039
291.95760921
902.318604997
981.854957029
953.354099398
977.008049779
107.41147666
494.584093689
136.458491555
395.938014504
450.558495272
768.576535886
236.336752861
843.49483571
685.890609438
705.735097861
734.095568367
62.8224269909
410.038343662
361.262842941
268.458950309
360.924503593
391.37570007
523.764332875
169.155827327
64.3439746673
626.257854639
745.653150681
477.134872169
706.077716827
170.884435799
275.43212758
249.965489487
497.351960147
486.667279125
863.65889464
173.242814847
722.612006701
761.045345864
408.310782287
241.908899194
349.03323702
795.431633107
400.102769785
528.472449817
346.713498708
223.160062991
285.281027856
132.042826318
15.7397185761
505.35976187
467.572364329
531.842757553
89.8396070695
206.789976718
47.6865682372
618.007321739
32.3602741828
679.777620621
509.418260014
535.625669353
132.956248125
735.053221853
853.365304514
364.906264668
667.487039018
929.654702592
773.572264088
59.1424887441
17.2381074776
890.106567495
121.530435796
941.061896339
726.015145961
48.5090826941
166.740751881
883.423096418
913.744749585
630.433752802
804.69866796
466.488861876
789.451272529
3.24986438485
572.313424105
167.167377087
363.495115495
45.5467840148
260.880262266
323.29955512
776.897601267
350.326137112
680.278498646
389.643954399
786.359530419
513.100928526
419.714642825
417.94108741
856.472176652
193.808363909
268.993654858
141.242064142
229.743207172
630.803718855
642.763084953
329.381893481
900.758323582
388.159342618
571.180532828
881.943095668
703.354423316
864.682505592
143.780467216
543.866699536
134.647137797
15.1732302572
527.245226074
404.756204522
989.372174015
998.920066135
603.448204387
889.731998446
699.722575186
328.112879127
473.4681506
181.014321541
257.284549594
742.310647954
154.392399515
619.090700805
298.633048962
599.135885116
679.52759103
538.77886592
979.174511695
311.996407155
758.961198267
260.691498507
14.353825386
89.4783442896
335.18595995
576.712888653
662.266965128
210.172499657
597.793044592
38.4599051489
433.780631946
584.425604648
706.80902733
237.359828865
289.69029867
512.539299007
756.220912135
857.328796121
348.988807951
781.559405836
0.849175009445
417.135824465
618.481079099
730.635461404
189.741781402
588.60401965
637.831044269
421.41652044
312.267813977
655.616352269
758.636740399
871.60167854
817.290064072
341.750012506
812.531034621
195.741728326
491.044885566
509.232210528
766.316815307
408.50435471
87.9358857892
913.442121777
916.97323725
364.578867813
775.981553192
432.42986864
214.135159685
184.808007484
904.633427217
659.740538169
224.881283406
268.262248392
271.834731034
464.593940081
943.780969209
631.233104757
225.285161281
159.400390154
243.938652997
238.30320551
103.068273621
170.433107832
70.2911845149
532.49204809
510.715926416
861.681796689
193.036343794
431.017228629
104.47415717
381.485742887
548.408546303
937.942829873
764.266115508
