832.339232167
686.674087149
735.515605012
800.686629397
658.552875684
666.547769212
10.3938266034
85.124498952
494.235489329
157.843901704
290.991749641
33.4212783211
660.256695894
728.702076165
866.843103058
929.742634905
700.241572901
202.403141193
956.497288111
23.5431632497
815.543991643
228.524979206
44.3335004997
74.4212140895
540.249180664
555.631804939
971.034671494
323.378205156
257.076843993
84.9453150261
718.471538921
798.885253465
139.150491088
23.2623655553
307.282002277
879.439783356
734.251958297
613.371769372
736.171658081
745.540208705
817.118642856
642.125205462
357.580031284
98.9229467356
746.915057198
826.825210124
267.920535831
191.571572103
82.0135224546
53.1854988037
629.133440378
963.709783184
923.521087496
536.145000166
932.757070095
479.716299905
846.176310269
404.016629332
460.575179334
194.71390694
159.335269112
173.404016575
408.748482499
791.745123776
848.608242795
377.849517796
998.226606316
674.054706426
222.989572129
832.717576524
324.468978154
838.809041033
115.46614881
711.356820429
396.257701585
92.0091144559
748.378241946
983.405409965
703.194329894
578.706223147
47.414921467
266.849439274
428.897072238
962.200718868
682.613263461
681.839181552
100.470394734
569.588726801
107.522040096
308.141275709
599.713246985
287.758624852
582.518909932
932.790791818
520.786031356
698.089811913
480.005919365
727.87299063
715.62173536
190.856254109
574.413691221
927.335966539
277.550115807
756.281442718
560.155041249
691.386468623
563.111352734
634.857640058
796.518364218
837.860715585
306.548912449
840.983294728
547.730424695
618.685057796
987.676383913
812.771060366
517.591710106
484.298868389
264.899977991
49.182153586
336.721999802
144.339280895
364.817133862
968.842144043
504.196259777
582.440356217
875.432670106
509.920864706
842.019774614
34.1742625159
646.188440256
87.4278889266
931.789221994
418.680398867
371.872013142
676.909632412
536.5993984
525.688398253
457.29913651
271.913597984
560.157559221
629.231062142
758.292477379
559.928431079
506.642848879
399.910892544
797.024521551
42.7590359124
694.920777816
406.539066638
901.636550787
614.12801412
113.824856021
981.015786199
454.272973485
67.5208660442
477.974434587
209.132893439
790.470553224
218.949802324
251.125650539
274.617284063
439.807294944
990.07392411
647.463056568
676.315821815
902.624294775
700.884498352
938.347053781
134.050481906
229.727211355
838.417165742
356.577908226
672.718351844
999.033546115
427.725328061
539.223762369
816.997486491
753.449545982
316.174775632
758.08326606
105.166024376
202.780130374
250.115117579
891.671227082
456.980763485
864.344367686
443.227697779
649.761072666
180.353854261
660.462606031
299.50353465
236.469393947
383.400473786
133.969289271
592.524270153
205.216717935
906.249446123
609.196019608
227.737372072
625.712139544
790.119863814
249.596239103
238.032991823
479.597045696
362.931741478
481.399581251
66.6686401608
512.044491269
424.423513388
524.910413569
361.360047864
398.784757938
302.947819683
618.956515502
885.616153076
500.631962086
507.051212996
322.230634683
691.963203422
868.478071159
366.94966608
718.634973044
162.547042428
229.814414463
538.138235643
912.569939988
471.960490496
276.925457322
684.914815634
788.821836077
777.003995734
379.136278378
8.77119989255
319.638807811
294.957418548
966.155291884
399.687418619
203.474793211
173.143754183
80.3990369538
352.608514562
970.929264488
864.39302427
33.5807321841
161.469214282
852.893926387
337.269336927
816.216577061
130.597778598
185.440223639
533.883611902
366.477858856
148.686312288
857.275986029
415.8481794
987.755547084
801.951727051
193.701186605
334.785781919
378.710724833
826.899459109
419.533439241
309.441932412
42.6600260093
260.442819091
231.211563832
500.609567662
256.590749593
602.118117546
489.736092026
604.446139186
407.343532892
113.797246038
488.914261916
653.737907414
255.807701222
322.814249531
173.916438484
981.096724227
951.040838603
420.055843491
75.8002977658
603.592912673
716.5375693
119.168529766
294.462270669
448.878600912
855.596094743
774.193989034
152.283990148
543.578616497
984.916623977
87.5009705664
496.826892599
766.030407754
885.178895072
154.295120094
736.733107224
290.815373831
907.849496723
671.105209575
478.880985003
46.1723803393
839.216508443
681.021299228
259.767053006
958.441137335
609.641365455
558.712453743
631.678727484
351.018495299
543.130592237
892.772558546
25.6786527965
632.328646619
571.357065699
119.789739725
603.219269891
799.117221167
654.007202572
38.8140978783
524.060608004
753.112749047
732.000760109
881.041013729
945.187847715
808.402466975
949.82622343
503.061703275
680.141005388
217.312970775
553.313348809
76.3054223784
756.739251969
158.154373461
480.383250594
830.635526542
306.0148255
824.036682846
942.300463661
722.227727909
888.336719658
584.842101667
36.5899612689
977.362572715
245.063898491
675.30417293
971.245557121
982.610470418
756.964025339
337.15397484
491.759261035
694.034873671
332.408594509
689.207233987
88.5252329712
735.70296774
311.407734579
592.578234387
400.824943004
710.096398508
343.543282571
606.323099431
995.760412786
346.350285405
61.1565449358
580.131955942
884.478404627
620.86435233
467.014144356
608.109810119
372.220928443
399.178576801
691.37747892
431.07315976
494.429280214
153.895581182
187.929636939
88.7070625855
313.255877815
523.761374597
513.223474463
89.9441284406
227.183953038
421.937118991
450.779097207
971.639854699
817.312845351
541.67041142
52.0552227732
656.188982004
508.390345934
191.686795684
308.213037498
362.600838162
96.7903241293
634.453150392
880.965776886
716.18109317
361.818240192
946.564735627
898.673602256
790.830021046
869.556921477
169.54236028
463.560536975
244.450908747
119.982390455
675.607375474
216.582214011
937.589659172
360.361854822
398.594972567
399.532139322
769.668670935
552.452888173
580.982888519
605.136244513
138.790635927
998.122462867
754.565784692
752.520517627
260.371542624
708.759199545
994.273971359
875.81117971
811.258995646
531.651231858
157.090381367
156.909488491
824.595142626
648.757165571
835.054907863
763.665198276
209.662047426
173.816583393
100.899137096
991.838679353
447.448012866
592.221742009
489.724338749
182.675116225
697.399811184
405.640001352
91.9787078956
427.80594316
69.9161807812
490.949486944
690.014296645
178.578603384
153.833775628
724.02944613
375.299808237
925.890722295
372.08963802
341.392253881
124.671000458
419.363683377
814.193823665
635.725302683
829.518060765
60.4887707318
223.347670728
423.858316115
607.927794962
689.591782745
358.223850732
584.770496173
577.240122086
139.255207069
44.8813890949
953.773156449
130.543280163
840.4156294
45.8764970923
521.313515027
513.828301783
684.555087078
901.198309463
31.933432163
6.95944487781
269.597150228
52.0939270608
939.935662326
565.069821443
773.270510641
709.064718651
244.433145598
386.576568928
115.049828142
839.653133419
166.10247529
288.867076356
70.0635746577
635.502970897
151.059155239
205.508295111
300.6131903
232.113338678
331.757648726
390.635451476
100.510049196
557.461617978
986.948489
734.231435026
128.22818587
466.719732319
306.831936094
722.513378859
874.748284041
776.308905828
426.012113122
141.450913279
218.628386138
219.974506221
751.578364073
955.513456008
734.966034519
239.83921526
931.267876031
114.086385663
359.506282577
843.107434909
304.019491078
824.671346476
818.181267079
630.133172214
458.122738167
866.935228564
90.9030629544
765.612662781
23.8367693214
677.350004975
524.977258848
149.185638273
409.820650208
13.0301374217
6.20528979002
302.021727494
135.182945038
500.515050607
213.085808455
868.017087374
4.9298143484
850.117724448
331.416700954
95.4171418644
245.241176168
537.896836959
726.170541145
913.020632684
456.718316167
153.408216466
789.631681024
100.733856831
224.351520021
903.456808527
771.595999709
864.311470308
832.082500159
716.564346635
298.931991864
57.4923660911
737.591866184
929.756736359
935.277909701
695.222263488
616.63346244
435.05596315
94.9624762369
442.163172768
241.727393105
438.6743901
0.827290531471
266.219580055
415.42504006
444.362115117
993.036235371
789.312622253
732.418137799
533.084012789
66.6848145755
143.308954037
102.454676757
537.616137577
122.205381285
416.92083386
941.354743404
551.782111061
298.933711257
916.533413459
886.819029573
983.320093444
977.303162997
506.565379794
800.627917804
218.559085158
61.3540397022
859.600123339
641.709116669
822.182516078
83.6981348021
385.33713443
408.793065663
594.832562689
971.2555772
712.183589812
206.861254492
118.652294808
57.3631001033
354.196976688
750.194289788
363.248662631
806.922636346
233.040219851
783.977772424
263.053784822
173.444128481
621.361266283
456.825143185
700.946618923
851.468890262
879.653462814
142.501410833
620.904666024
609.415999132
564.210447252
372.761947328
533.864596831
712.127317985
386.155761716
718.287182184
895.127247552
80.9831049901
740.889414183
508.448923073
386.787310541
214.591269955
364.576432116
43.3735521848
861.722629065
363.849014069
133.198837315
358.231236346
463.809234649
393.374375678
310.37502065
157.503831753
745.816473492
111.997687094
177.878090345
386.52260217
952.496378349
843.667170241
322.657902002
417.575665848
248.997799329
12.1628865888
117.937634391
589.522490906
622.882899731
869.011469778
931.869026035
562.918823829
113.928440622
68.9399750273
527.47653982
328.513793069
79.7564299724
719.222755397
820.580907978
726.15671434
139.838579052
30.1322699383
680.273088251
521.428466282
916.322341255
387.60223623
966.674892888
489.866241509
147.226377483
802.480649855
765.366779243
102.640352096
987.51162838
988.475925091
969.518752813
476.585346093
951.991200662
598.485521828
811.695211357
472.536265219
165.307368327
631.035343685
453.092231698
652.405334132
774.737536111
625.639251012
652.938143729
958.78339354
552.532155771
850.878090653
669.158582605
934.286677368
175.099533616
192.620955006
406.212640516
812.06140616
402.158050723
836.520195396
0.493609359392
887.841776679
428.990163754
531.063268588
768.329148384
260.19515886
623.752345025
826.540943894
903.219284952
389.069173007
632.784089164
419.904127355
386.74117637
791.071359178
352.410630022
197.547406587
164.230176679
695.954324977
293.597168416
313.201457934
889.397373234
314.556454386
742.333943603
399.612581258
796.03460961
357.008028978
842.147631768
179.355696516
270.39899012
813.762447607
776.212348572
614.945553361
818.982522377
625.701995976
566.715139825
425.348017433
843.069130583
102.232175993
39.0948850354
108.539365995
11.1166513258
530.059061311
966.851312451
949.275293387
157.100023554
594.147293653
807.670722481
300.247450421
988.042173161
820.295715318
236.614547118
685.551867036
696.746898328
724.283640547
951.570113003
776.205267453
389.965208577
498.232318432
95.8939397008
471.054221656
220.931414226
643.776788371
888.848113555
748.457543533
319.877978539
279.899262437
74.573688035
416.698392265
204.154245938
635.069774402
308.819612263
237.338616798
416.644482435
129.721602506
128.259992526
116.704900344
698.74986939
659.906232772
588.433465634
615.088526073
753.38193317
819.852688329
96.8608835953
723.206628331
352.225613608
292.102417566
646.772846385
526.130929623
605.054113063
375.660113255
211.088330668
16.9923988094
58.9850689655
237.856218846
697.280773527
306.486316439
807.28764275
785.004102672
136.118463201
446.510434277
175.159409884
609.612331894
258.096923343
828.414969844
398.960465505
85.3030448056
617.991332266
897.828738031
860.881871524
165.443708421
887.330717254
629.455811854
541.345387967
718.135942623
668.763074818
908.353777337
807.230735504
483.807110102
357.811613857
126.267213813
654.755626765
924.238017014
371.972173489
948.878332749
179.518569343
862.549367553
288.604380282
562.671711188
446.744387881
914.068825088
956.625541874
392.765370065
306.240628417
612.304301045
527.307346754
133.94527338
954.672316844
94.8125437352
86.0407545052
917.788039472
104.683166616
473.601039754
483.325768112
968.371964562
832.340276913
532.420968717
521.386511695
490.053262948
586.593821017
780.970531873
347.311606702
131.40951763
952.646582339
465.373101327
968.208464287
188.714954105
39.8892209434
222.302700876
821.481806362
18.9220775541
395.498832139
176.411795536
13.3686830018
376.329803717
359.273389034
232.201893102
746.418382556
297.789698258
524.180211334
593.617411069
620.76661754
40.8608363932
75.9492704585
981.064344384
881.919071009
785.137122543
852.706187966
79.5974732205
985.986373639
935.836010438
430.429621698
701.142059883
270.171740195
423.527366769
915.201369372
273.806382824
396.855262858
136.989913642
587.194701274
137.537486824
125.645789136
302.140601701
170.901720643
994.75321807
183.162429063
491.246917919
233.403192829
7.85664132593
588.63337158
52.093722162
897.523702042
695.385561216
278.663121611
37.7698796789
651.108801022
588.282931581
17.1793239888
761.053018542
864.767420928
93.5067870206
157.392956489
197.567080692
594.092153639
83.3562082531
364.842175325
359.35624967
963.775697807
979.756747677
36.4531949832
943.512366287
225.114875088
391.832928329
96.9200637014
796.575999595
903.112541702
962.06588275
599.065515821
210.130908798
358.596995055
268.418764353
276.075893892
313.659294575
162.837828909
651.949263784
805.00213922
344.642290577
614.504998958
994.061322706
386.822835983
548.315217168
804.918275909
312.422586483
530.56281898
654.183056679
505.231249855
627.093847583
526.696680477
539.564887419
50.270786156
285.781555435
951.135057024
104.959364432
364.907853347
94.8178456776
48.9671365659
287.348074975
675.999755589
622.758141288
841.376278523
330.059470495
102.742206751
20.9425466207
902.671009792
912.239636327
178.837477677
410.228468879
857.361575845
851.387568637
309.276367926
684.355695858
989.044943842
454.016110843
184.233589812
931.089980812
968.711746733
607.211194241
425.38185373
145.461535958
50.2156672578
506.659563326
655.289304432
148.366764402
26.3372216345
37.3294004968
739.512750172
821.790995295
790.987774139
6.58424898787
855.912162778
