511.894242811
261.534515354
321.63991887
882.415583138
796.445329837
757.001658576
193.311794603
944.818133067
364.250676489
85.492875676
171.849469
93.5208470173
57.3405249087
268.41145927
602.741472288
459.54153425
499.515108336
912.479328065
962.348673742
600.680042041
555.24688347
205.914611502
808.361382264
383.423038727
602.012457448
892.294852061
463.581774993
403.368330152
486.855581813
558.374901996
355.841484217
89.1568558233
282.077557485
843.123173649
296.774980775
524.26240846
678.410226311
664.673304962
22.4947065551
734.584873564
192.817752724
970.219371517
397.50268235
375.505741497
244.829428473
783.24670343
838.400671007
197.44503582
901.663758636
90.6033666045
90.2475898072
919.641896578
302.944509686
668.052301342
940.290711261
15.9645745717
644.775481354
196.956549261
408.091181044
224.070448956
700.027172237
61.239777136
317.803941167
349.111664807
966.218510032
664.05364524
626.16709484
372.70770684
786.586691745
591.665362563
719.503894943
267.490256641
930.278268565
734.728731668
282.906472601
409.772962402
34.0802856591
309.291839794
535.039388661
26.9437112147
930.896089049
948.687972573
548.34677328
416.577736159
456.55832004
55.9840204907
583.763477768
283.35307957
195.310901174
372.654800549
819.298616661
461.145733229
393.764212567
312.92902809
65.2861283952
109.948455697
464.72718469
486.088953144
282.791869363
914.898470645
655.410667379
968.248018644
448.509721883
547.321485499
465.159099019
642.142285846
512.027236003
421.504901085
267.162346261
289.369830593
73.6930367073
544.362096773
607.069176495
699.145069144
874.338666647
107.88354723
519.23654792
320.583203178
145.781884984
756.368544654
810.817351647
944.908905843
286.471029561
755.871151707
285.683912871
937.116654959
463.910251914
960.905393831
435.229523212
587.657862038
324.451878541
56.6561034158
570.000782279
181.663927575
955.535154535
431.498845214
158.924749087
469.670885946
952.700052139
72.6124265115
644.476774745
563.710586899
765.906279728
422.232644227
919.13907313
84.7244108618
453.087488043
115.75616854
536.630452659
466.055827175
34.8436020109
626.230389386
661.714952067
886.686811423
200.340853027
931.260627681
110.927346374
963.684651755
639.203737562
650.33796388
934.975438115
959.027772941
93.3599031559
209.837724661
199.313964623
440.884636813
623.521228446
57.3296862412
720.428270638
443.513530629
464.820835494
479.129345557
818.428864551
94.5574294182
150.252792111
162.952254084
197.589884862
311.772759814
482.551678606
549.71996674
560.285012289
837.870525906
30.2076006548
908.746162951
670.727552004
305.782289582
856.550634478
482.044247299
570.268593986
670.549790207
324.105231829
366.901244082
399.216663717
741.248417622
396.341956576
405.876322428
95.8069656262
126.815938568
512.190327091
24.4639663349
641.120365677
983.981704497
747.678602561
314.531859491
928.332257197
965.29559086
643.115110343
296.512350753
848.825874821
450.070721291
321.026058057
585.247198118
662.18843094
26.543592051
964.314396541
910.341368183
976.658638046
364.605416777
948.127923175
795.731556648
689.548298349
279.44886848
161.73791767
110.344271209
209.968292871
192.341207596
546.500915276
204.231407734
418.929593808
835.717690723
321.28584858
150.614058806
769.287277004
285.124862845
332.246594113
874.68627485
936.511972067
624.598378876
997.348731204
228.357734233
763.265961442
735.626547605
727.326803891
357.073061626
681.138804086
42.2743001253
11.3592782859
750.446710524
560.499172663
88.4265383377
862.161315231
489.058393587
426.513286535
590.102167738
790.155768275
125.199508999
361.422963467
282.358165148
697.712998641
518.566207912
410.99022224
89.0926096366
605.476676696
875.013834066
77.2275696571
167.021789041
858.367473632
388.992353034
228.536019942
126.168583705
906.049895764
404.317871135
464.683670262
10.2503905398
63.4942731716
726.051723495
791.146773404
558.235864665
250.029768714
379.752029999
15.5928282722
750.187827812
414.124588305
543.373252818
372.329639053
598.922145625
26.9719333467
1000.43029269
417.227565252
81.6459037138
460.583111571
740.66254562
736.111253247
687.945354481
255.954056504
144.063974245
967.166652863
882.800016393
810.275035377
958.040152165
368.486704945
786.566810508
673.143037663
207.351797916
302.400562062
365.627764032
380.598894553
979.47071276
230.083067482
348.097558575
960.862400686
908.865994134
472.859466004
939.465003237
149.922764568
613.077176429
516.562771555
191.645150374
737.722439372
107.533764202
12.3956105968
565.03451275
379.73468362
778.160865827
246.461529771
689.044782889
826.523426208
927.74704385
637.608602306
97.2693665579
263.664413008
777.243130269
888.437565402
395.876861913
6.60972774895
757.020850034
630.588382951
781.892140467
125.372257375
432.541646518
553.759658172
781.053222562
234.674107062
905.719875607
157.253348195
531.162797865
921.959954438
47.8797408816
12.9900048395
4.35305826118
640.210284267
689.243039209
332.569570806
949.512889518
578.922356827
186.641434415
221.809696226
611.1387864
694.476601665
347.543848114
723.834941233
98.8781062256
821.496030248
569.357854739
129.111845568
119.967200519
975.768835662
568.026329419
359.416181848
377.643810366
888.587839233
994.665004826
490.590710144
236.052497104
192.180969639
110.519277884
634.031824831
647.7511948
534.798628711
596.965970304
931.390877231
44.0795551785
37.4785462705
256.181056913
756.91191304
771.037230794
71.8036108926
506.630903269
593.777100726
38.5694712916
438.350431031
508.574985364
286.051831668
45.2012858005
681.955587507
142.170568551
964.892728418
893.416250449
266.725153154
569.39458132
356.641703866
403.744134135
37.0917283515
55.0363132211
806.955016705
566.387836317
456.768917702
52.1714390054
44.8623462919
272.104737391
733.387703478
579.394799716
375.993456884
581.402890081
605.117291723
779.611786703
321.715615681
862.732338315
9.6359391793
127.789774607
69.6322307092
342.46052247
907.735356154
245.626322444
933.874755595
321.610903779
476.035875389
665.984344864
642.776601038
417.455287569
745.842884143
544.024658233
137.252925099
838.584915072
181.351875788
355.764142512
219.845959811
642.896169149
255.332266369
885.321140108
744.161593626
569.084408253
766.517944135
287.986302185
185.421858261
735.240578784
993.962016009
523.107749272
489.741294
39.6649589324
459.820720194
108.197424231
775.928747344
43.1005586164
787.70869855
736.819271719
346.911759036
637.730681088
50.7307110527
676.89075802
427.818875212
925.527320265
434.521858028
334.948614327
157.474655902
668.302688181
762.719250866
317.112533645
772.77974597
642.475046766
152.087261771
48.1987434095
973.440946256
836.005665824
548.977017251
633.288407809
211.405115418
380.400606421
215.003274027
468.306427857
283.387301781
386.015112919
289.431966567
808.507679014
467.389861425
744.393781894
400.136275984
475.253372207
786.724195926
434.933650915
309.787612333
458.382960575
929.757483638
649.853258776
553.187397977
186.986377834
40.286077405
832.349150243
542.741762087
942.150049807
841.09769817
142.590157565
306.342710757
865.708950565
965.321314133
406.410720246
569.33839068
290.463244204
576.940028167
420.573922102
377.745066522
777.727413145
187.19716691
767.314205771
561.096001714
535.546736336
810.405523515
240.538531378
336.248340744
203.300072238
808.567497709
368.617933143
359.769066133
809.476318605
690.546374889
860.127691684
887.208774109
677.584080853
691.368917107
465.713294473
643.759613712
483.239632759
811.482751004
803.665829506
568.532383102
630.20544443
923.295546325
796.582979453
845.03387598
647.663215936
394.950011293
238.149625282
951.093626859
631.347145668
294.137949627
798.348722274
506.39223964
175.424172423
529.439274466
971.9001175
60.886384082
955.700753599
155.992877473
533.213498066
199.476165761
825.120798684
539.632273482
911.672177043
973.28095662
711.315035611
332.184808983
753.803546674
733.361722728
304.151962415
931.044200365
279.393871077
445.08939465
785.009667832
575.75093219
94.6379293216
680.288149882
495.030570218
10.6394168248
189.867299162
183.646196816
821.914967954
584.996948072
858.492048276
753.286242918
812.919109094
264.60914427
126.580719334
205.934130262
182.286024432
151.806565248
872.480187492
359.420441277
93.7357448781
397.689640112
125.228868714
306.155869842
64.1833441705
790.929580154
398.795267941
896.370845681
505.366988717
604.300152964
980.942044531
647.221729716
465.657586519
454.605507551
90.4662451431
877.536793161
63.8706995438
871.247533918
953.644245532
359.553783451
12.3538089189
168.444134021
210.677309885
200.719792362
802.008639577
133.521618387
344.009337563
855.013189389
160.625617285
870.733957595
248.956575865
719.165500055
149.151434234
293.899211938
791.538050563
610.576806395
998.970879697
427.281978618
94.4630546133
324.786790082
412.424649214
320.828730318
964.754809546
284.07032627
799.912504766
976.228376448
351.67213805
502.683962356
794.174697377
580.584026619
525.265663229
235.773827462
909.248515283
647.74516635
225.225466466
196.162430875
119.651372443
653.684355285
746.557819776
159.93132129
474.871369762
781.671755719
191.188886841
139.733080226
329.752943153
49.6489911282
422.695254619
215.226100506
765.466776102
997.266409142
4.11318120244
87.8181654961
781.195798537
277.213845386
441.314734072
975.237904313
348.638703925
611.590348778
93.2454379523
484.022237462
52.8751105899
153.108784685
870.921662948
265.896795923
571.062729332
157.458243335
401.359224166
621.957566302
852.224322375
556.670232636
330.613054094
812.347386066
631.980605742
995.128057452
300.634617864
429.083475219
610.665340667
107.539336528
214.775100586
417.346794693
855.656947025
671.683102552
232.947898251
776.85529171
685.748564634
9.68739733154
475.310031247
367.743823202
371.519123415
16.5382401891
307.691802276
679.529151481
988.115960341
783.787867948
969.537119092
678.429445586
646.651750955
945.627669412
319.080536163
924.341141993
287.459303336
543.209006384
188.578245881
123.335528442
470.278275224
163.508734142
217.962294436
257.657991603
373.591406619
503.151474059
909.398906639
226.927361361
697.132229719
797.940587437
451.328398305
807.153966606
400.345110494
195.095478968
988.746776432
58.7885234936
173.798633329
543.85986188
792.606836123
464.954565281
57.5585957674
237.888581996
879.55263285
630.938438709
340.682648888
580.219639004
511.64301496
210.29881643
26.6046762471
93.2397929354
449.557218231
561.415964424
373.430883052
366.929066131
599.788616379
485.946900713
398.633785447
720.832933207
865.110586794
248.219747388
753.828616812
478.955217597
921.702243154
650.495750745
506.629148728
15.6996425825
151.94464263
405.551878002
209.318444631
250.924684683
158.488691239
266.065509026
835.053340711
430.88931919
763.009315143
575.658745289
154.225654847
566.31758062
501.164105144
80.4132116319
849.969795392
151.073066029
674.751564874
656.868730811
877.701878272
908.415177861
665.446675626
822.059654725
214.095623798
430.148493611
645.099117505
438.702880052
665.208820419
804.506528569
816.718438418
876.782445963
362.920040537
752.05689795
548.010753435
226.82686207
825.014100132
121.493927959
495.962227568
249.046242195
822.88686026
553.221949356
622.308287055
540.647734887
324.597397311
54.5377962929
264.376108826
471.899643405
508.619213086
784.0643772
706.385325144
995.611116812
711.466530603
633.771029187
301.905693147
667.404926652
781.951925218
455.151683984
210.147368434
590.905122049
28.0558144398
591.839158376
266.967732661
861.911912376
38.3167107635
112.867384455
990.774674553
815.597525292
681.20415782
59.1886331945
360.818651232
49.4252544086
814.689737521
439.225444456
712.459165264
480.65285182
183.609152624
492.880850686
848.297561267
980.913017746
235.793926782
338.935361361
680.184084182
974.355353488
649.430490333
416.09283228
726.303675253
887.696893133
627.673706326
77.6644088658
850.653114371
48.8474797152
419.842968734
666.621410537
879.546955713
938.130471111
891.097923709
664.941372394
831.602479012
885.458465514
522.691014684
833.689801176
839.660936439
544.304745293
204.987414075
796.541151086
102.330762877
343.93084169
126.367104784
50.2892476063
592.886538279
969.78426225
797.840461401
952.229755475
853.338858946
350.484529443
100.078196201
858.795817987
980.657639071
693.882447198
987.859555406
16.2048246183
510.679879569
484.324726811
943.35376325
430.004191551
702.219905415
298.493308951
111.394661435
991.580361173
730.280562273
602.591601818
12.4529032748
318.270315121
898.793241384
986.10142512
178.3645297
750.642208822
541.841810307
699.465363595
18.8873021338
39.9729631117
817.739436462
859.859163792
464.223798357
255.299283028
939.137026383
778.112367252
998.92285946
997.73573918
207.735910276
687.685754676
737.376323745
152.844736066
994.108850213
243.324189601
608.435077156
214.649277651
641.143007296
605.148239614
931.862092998
44.6988598583
791.255719804
768.047295614
747.694360437
975.064374658
880.537706148
13.7021386516
774.549306319
553.655939008
295.545864968
302.12578421
180.672795587
701.280487717
212.681102346
450.001337886
548.820634348
995.224673714
921.32101271
444.302249479
912.937296911
434.937017481
538.88820965
352.105130629
607.297466898
881.83561394
294.89746538
424.370271315
348.313243232
734.613401289
104.521089313
739.313086069
163.266051073
134.185218019
242.62487842
581.049782312
957.393574201
918.238172748
473.36855714
481.415340232
406.063719156
52.3192218832
292.272686909
360.992475611
128.489176074
235.271098447
795.026304383
366.604865955
896.509770741
669.285656318
116.4125113
374.965453834
116.149917582
753.9609303
592.323488256
496.117463939
854.616699312
22.4479716519
355.695034425
171.848903916
817.714237138
478.560584129
307.87226037
505.731203371
958.281976277
624.138349093
660.124574954
567.777155578
162.961788854
508.582344685
85.401657755
158.143372638
899.7948401
819.462718599
570.359783695
914.386331812
381.809411755
612.561277946
760.046377743
477.871395572
968.418074011
381.192494857
829.676128497
151.159120068
601.333985172
