316.336983271
780.900088093
328.331249892
886.906589204
273.903668625
221.496196972
821.447341768
304.550865233
594.897511009
850.853703448
399.352145457
912.397347501
367.785093932
397.529357429
74.630075042
927.500691215
368.718858988
375.089759262
453.334272532
489.553159914
458.199030462
571.473383532
354.817248676
551.510433697
726.753799164
553.48796602
346.631354356
768.829276158
910.295104216
760.502901523
787.823245772
140.273726678
940.690115403
627.122790848
887.693713169
730.912528977
628.610001319
423.698776522
440.049154369
271.583976398
661.720594172
965.532760167
75.2605642556
668.487196361
831.94492056
213.348951297
386.153659044
473.799504584
602.871520863
253.779530346
309.364129454
473.169425484
889.929078575
119.291662634
315.214752739
630.104345664
141.788312669
739.767456443
256.521583867
343.358075255
506.653001
941.532604768
107.218278685
242.899507657
389.401804958
470.576900054
441.776642844
625.487717467
25.3891630371
500.247820341
108.112055715
249.642479949
408.371501372
1000.76892651
941.269447541
437.971036922
357.968245881
162.14112806
183.779199943
680.579849553
246.548373577
660.937101981
62.4495316292
348.828878328
950.209775631
557.226719324
425.99532401
502.967545017
952.354424816
663.099895208
652.129578853
953.743390139
29.094078051
547.036704005
550.204007923
857.541185156
453.635603341
65.228900731
25.267333255
330.566015114
762.755056105
307.243223615
440.43249474
195.213254787
333.139230123
206.597274712
711.597354492
457.409123361
469.751960763
929.642250159
540.3599758
693.214411822
810.683280771
6.87067114253
397.34013496
587.512766082
869.9622899
848.11848676
982.730880911
498.225500125
748.901325868
533.668656453
699.42419987
936.850295382
38.0708713258
229.003625066
533.170462996
775.573798024
706.981609928
266.4534982
719.679563096
624.171162873
986.460323479
450.891009203
377.471800141
486.834309365
974.280964331
192.16818689
612.157556953
138.255739787
38.2494097814
103.445697401
824.459173987
746.890754725
497.760096525
621.602714024
714.843330659
52.2614376573
455.893974679
855.070696239
158.67666452
884.136966309
372.889688053
436.485138551
6.28361588364
782.08398021
51.4480052444
389.518942371
892.427644736
503.428862074
804.44780161
917.282902764
59.5864100908
560.002862812
823.601977838
656.894706706
783.809720187
162.347839226
224.765977902
309.164429482
15.2446310885
64.4494150399
777.967249018
32.1990852029
58.5963301933
647.030898092
794.992957684
924.177770442
794.583602108
874.557703289
37.5893734565
623.078775729
431.805551964
583.709299195
879.767738834
843.102107577
546.081630074
881.862090994
440.620578763
149.028705766
508.224462923
348.034385247
640.765352562
919.395108285
407.978503367
748.702941125
394.779327232
232.543007727
790.224296288
592.150873718
115.406051146
289.665880656
702.342226732
124.903084999
879.192825279
344.365264506
524.207198282
295.328653438
329.912295666
726.389795954
270.660476684
820.504388822
644.220740368
477.87783793
674.600455108
593.228315692
4.89660004147
959.526498634
787.255187975
1000.18143534
11.9251873198
752.792008706
272.694275602
524.192403451
13.0185663608
256.148718061
391.084066928
23.0799235188
949.915230913
540.707714896
80.2597356839
971.802261333
674.6890963
271.397094005
947.786394494
145.618990899
864.461681506
601.96052598
384.705914497
907.904559876
6.54091239079
718.147953513
827.101363795
485.462446909
756.193686216
332.364876308
390.560755293
160.812662623
484.615681509
478.888826864
559.06773685
537.647118968
242.423652352
34.320625867
781.663556104
163.793914021
524.759075872
586.042454633
67.1356711887
401.034640044
394.590242525
684.748930575
594.524870307
549.637249405
391.010029214
953.962202446
819.675483256
684.229986173
907.682653363
800.419122758
923.231279003
418.329504655
679.796219211
678.221709604
522.294470235
390.735348597
287.894851386
674.517850406
165.57033029
250.039517465
930.942822674
39.8329573716
823.363164676
185.812860913
923.840601003
313.820430216
507.972388889
844.033654907
278.967455968
713.425678045
999.277190475
512.12771796
264.604038554
502.49834261
334.440944374
831.696745334
693.789855816
564.27528254
696.240479817
587.917516542
988.465036742
263.971322532
723.846546168
590.975484865
821.165494375
74.7896239703
811.798388728
774.218281265
109.805480657
793.174283397
127.456352608
421.696011433
445.445218416
579.223330688
225.51462824
647.832913093
106.663091156
380.880400327
174.943491211
829.646416255
704.346702486
450.737856745
262.379707957
149.028991674
561.805789606
478.764546647
454.216517831
446.052051838
555.86525644
795.203836001
716.140371996
819.616190816
633.604600155
879.069771961
650.233218932
733.482368166
648.389814892
320.506854125
922.59219394
333.568127006
308.34627508
597.728517888
650.032756649
176.302860934
651.650864516
960.756515944
199.769307343
116.84598981
28.3445804159
868.719483466
953.380145281
981.229338629
676.197172912
233.753720053
166.693901975
795.221411589
997.086902482
315.300371433
761.245704416
93.6195052045
917.892361519
856.409742969
716.274841499
625.743783921
716.8853298
805.819707771
207.192572556
452.330121815
49.5986817981
908.72395448
955.373411716
964.701757586
526.493182214
240.282099231
86.1953851423
235.020418199
694.261230172
288.621144154
297.28681803
337.695743523
466.206644749
855.509991047
108.156703814
495.499953677
142.479370458
356.442160893
510.620551066
459.224674785
889.892467209
755.800364355
391.966453694
256.273828703
983.749632968
463.785913053
546.123501009
485.648331327
953.545826675
847.457876966
831.280593676
378.31388272
328.22828996
527.071348825
235.415904933
226.928436233
25.5965308131
433.53781273
90.5322182244
814.422093138
661.826174307
902.777513342
989.427230732
596.731007253
242.768598533
534.444437975
835.170342353
815.555460173
626.268732747
439.69883181
912.558635972
983.024845019
286.867747316
311.595529419
43.7075711846
921.014210318
792.296867582
591.153348721
331.592192302
866.427847118
595.72802939
756.627453592
79.3787158673
946.218361794
429.153339957
139.726727472
848.240988134
894.472488783
904.78233508
657.196870489
274.374152201
926.684867488
743.776855674
779.073097289
746.634544825
27.236769126
179.825213364
93.0483839912
191.765830734
350.795920637
641.435259328
777.866699227
212.68971351
675.688020243
305.643548014
895.322877891
890.478574125
492.34361972
440.723377904
501.793451026
828.320290678
155.939944119
254.357551682
135.065278563
802.646886027
547.126098683
496.404746097
640.524970144
623.238918268
213.403672113
342.663586551
336.060035763
249.999320103
908.749662474
109.767174464
107.651556716
597.214806669
781.690268914
446.947191589
804.219736205
653.575480037
34.182214981
25.1735386872
487.732006523
118.582045179
886.307411118
299.633607879
344.302984584
531.57394221
718.910546611
797.75833519
341.562855477
598.83865539
77.9843175638
462.373182344
64.0070434799
969.741684856
571.648091347
198.512074392
466.36647269
276.872188044
22.6324433672
937.826492712
940.340127297
625.484407643
284.012701905
86.890156987
836.795719657
118.111671481
315.165147235
102.749860921
593.65757606
27.1241665445
875.73334052
369.927921907
292.736817739
953.69849199
997.780011164
492.34318249
37.7234736748
13.6249888056
392.959629788
225.438471562
801.614379876
971.190649458
377.579907767
486.771579857
106.579992031
337.964270475
78.1116639459
178.612623964
9.16163682085
718.010406611
151.696011397
978.73109817
266.52338353
351.727293358
695.688701631
881.338470739
183.063806952
494.384114885
113.208367784
81.7473322631
23.1433630636
564.545065332
383.733674906
838.451261053
58.5103199367
18.362165948
902.394693838
799.682212423
264.68009877
5.12249059245
98.0942995702
871.344726144
535.641207379
569.201408849
686.35081256
810.181121213
484.958196841
615.247028585
430.744518232
604.816667975
150.530262535
730.119718426
321.388607931
270.200611446
774.168680376
619.401889896
890.159584784
222.169279675
635.451823864
188.349961129
318.264263639
193.800414532
30.3171997995
957.903199221
229.979242961
643.120765813
309.763775325
379.177768406
297.293792502
182.815685091
655.605081147
695.071285733
467.06821435
296.941262102
394.03261291
148.817448734
111.887232565
763.495645157
172.243265592
162.207559424
989.203048369
165.15402884
934.519896927
286.246029209
323.466995465
708.595703629
107.256006586
847.363663461
237.33723533
829.551095228
791.276346082
96.6989989753
749.735366895
843.742457307
954.578061924
775.944956374
511.793337624
376.53189745
872.82079116
616.869941282
694.906885052
474.250026574
66.274233119
15.4197469657
362.883984733
252.202025014
68.8486671216
990.797204922
346.410811369
38.8149544835
366.566487832
9.96975587973
696.357193359
261.58057357
359.800446101
946.221275919
57.8305294296
789.587129929
80.3030331279
794.470782325
944.500244465
28.9950384745
126.531956702
695.449857948
897.793261305
689.425398809
662.88364899
646.0454088
110.331131029
960.407237633
286.780088562
6.88668845398
776.537305782
77.6210685827
588.82951025
363.367909311
517.541791717
930.454966403
345.622428267
267.639814107
665.581642555
397.034446318
923.605129606
293.947629998
729.815056901
975.202731069
2.36447922969
469.953560874
626.779965267
376.849590755
312.647599781
919.782565313
261.285041668
572.722169617
601.026701032
469.119160646
186.544398276
634.912035765
337.626671897
556.005751911
285.28546758
908.948864449
374.20061183
973.338864874
69.3464539257
496.979307674
640.991572864
366.080964297
735.524671891
792.218173496
240.052148332
769.590178407
888.062227096
644.791597555
959.247533602
234.717802107
227.514314432
554.395596232
712.746439982
0.937275255857
187.110335825
912.598796655
940.740083612
14.3293967121
889.436702334
718.999632548
25.4696317807
422.06289213
878.513266156
168.531180888
394.804866509
107.261862076
757.525488897
392.046572722
757.812258124
43.3462026826
192.32540375
22.5819635154
161.816520049
177.351517322
943.371068745
180.196634123
404.42753689
889.70052121
959.261283503
80.6200447873
270.643115783
361.219898161
606.059390276
419.381911079
334.317349133
176.150932686
864.53988848
560.564867518
606.579385895
684.404502966
466.43460557
928.041324775
807.636825271
270.358920613
335.804770153
148.967956931
825.646556981
602.491318319
609.656793708
113.524935848
854.513651952
851.308085682
831.938754257
459.6272939
189.931746589
204.539059495
607.925019105
946.625945855
158.693061692
928.505029469
448.02886578
639.320873492
903.554932738
509.597792663
378.680121472
668.33927654
113.62381624
508.695402582
547.271311922
207.354532078
185.850107107
710.540010395
639.809835869
407.671248024
760.096018937
768.150588718
94.1997330481
444.928806847
741.20902403
749.373509558
550.970906136
846.823344751
613.646607593
590.150870609
81.9884433525
319.305009013
862.589111041
980.143120442
985.559743272
725.130107068
176.77806029
340.401902318
214.678593635
780.375972932
36.0348619171
476.703843451
698.181508985
611.220622023
820.205722992
203.228833996
97.3868518367
632.604272044
728.085023557
392.578093022
671.529422591
623.878815479
344.584935602
854.262363341
689.704461982
342.633414193
603.075648034
689.528547968
316.602262351
487.501576219
423.99162134
297.976095685
668.694369262
354.172924284
470.644321635
906.566536504
851.353282921
462.00455133
224.323755667
291.284313656
709.578364009
190.068391497
692.325837695
673.822879408
327.380317216
578.28946801
665.750213725
290.010925356
282.198040522
768.760675699
875.643069271
734.703308675
108.0433613
823.482368806
889.971749226
833.099882874
837.067418096
720.869014176
533.668702589
594.650210599
968.437828383
273.624404825
712.910147393
212.712282958
806.218543713
243.904365306
892.245540173
637.615364273
961.18013323
207.367269651
389.470888077
112.352052873
648.495519402
173.535776722
171.293340109
184.575124419
492.682954293
72.3890385034
603.172393038
979.663403925
823.430084103
906.017251763
133.793730171
948.305795178
203.412547863
480.824302401
306.393920158
787.57743096
583.126739793
5.31037074058
778.733480133
161.20772917
843.926696611
432.020278653
266.809565589
184.422434394
869.258876892
119.242972183
341.480938587
655.936643534
486.718362375
598.593254071
123.337193482
498.572735126
291.317733272
610.142250399
330.788968698
368.100461122
440.057144971
276.691730374
808.154210217
319.272824191
74.8945452196
398.437325212
712.306601671
160.658899831
125.544609964
42.6169369895
233.500261138
995.404394882
375.143710695
539.360334552
592.599772716
161.987613717
576.72751439
244.811068137
412.489783779
441.121374178
699.966019609
438.76276624
773.896594031
989.19420515
599.232528274
189.868888994
832.973632348
999.777335065
489.500768449
768.6899471
807.977141857
634.285028124
744.85525446
18.1358988663
490.033898824
918.989930761
955.882497352
992.935430707
527.240492548
703.505604322
900.544878455
318.593460272
728.840249059
484.543741808
131.886503484
338.78027462
289.88330322
987.09920145
306.402475609
848.568926809
123.293795781
885.914743742
50.8228789516
189.204826668
201.229311471
384.605525163
762.23850045
169.629004139
129.995690702
998.24274948
704.477041518
884.04928705
286.911297783
87.4740402392
499.396784686
517.348424012
449.916532959
668.220967999
385.942202497
1000.48328853
591.424821906
576.18906434
53.6979620273
610.478056479
536.044305648
553.592478216
695.446788058
419.811651403
579.190659436
304.652518098
328.189788862
853.279273713
462.328710563
999.07083869
219.95362505
840.492897402
336.26674224
906.992763333
432.208315784
742.736484677
631.794646817
985.256586853
615.924938849
826.710910268
856.005657985
847.394679113
485.362932058
857.092151425
13.2343043585
817.020239713
205.352536132
165.803484644
887.392195483
313.336094979
394.914159932
416.019328921
649.778360686
838.042467436
681.226183585
646.202934942
628.07580654
820.463756228
18.6721287398
794.227327996
544.85004362
263.61646329
776.747035753
616.10344745
298.600751449
962.582294842
884.642810152
