553.44762701
812.332220461
58.1092284521
128.337915837
5.57011878867
451.57973384
504.738052552
838.159890344
625.312279348
764.065714978
539.994589381
811.166066349
754.115688673
670.90188631
1.5406918455
907.404606573
774.841293732
330.799799808
181.088905654
818.343872893
210.446796519
581.298476992
939.236288039
282.543847112
526.628059703
441.016321872
719.077395616
248.863947547
937.908527057
279.338825425
538.804876851
340.1877857
461.509296749
456.118245691
320.285693016
999.11289911
433.512007372
111.135344866
414.829632152
881.634043607
505.244445893
17.3272001162
378.13758732
6.74139818851
120.12297363
110.224796677
942.230852485
39.7033772529
480.135043719
477.115269055
268.422866252
923.872392896
171.120946334
94.0699715075
627.784429331
627.153587992
628.300697119
807.04063337
320.084312352
373.633748269
980.084882122
187.363514907
390.287073366
861.475953555
562.668557677
800.632791559
429.004225658
844.290780404
260.29110125
695.635983717
357.205609279
403.159785119
777.586137881
117.502076339
72.9127349454
1.51553416572
273.199582953
142.9301264
9.13056149127
922.195113571
503.962932932
286.271160211
297.431315034
581.928265024
134.120561715
197.366463959
129.398373136
585.476415971
8.75205126069
288.762788426
523.256398281
238.679917893
912.057972643
88.5431880749
946.214329989
480.922905735
397.814203093
476.140595061
582.664826738
764.766547485
271.010976404
611.4366466
215.939086933
564.136543474
148.424966215
571.094685136
712.826436348
60.6709391449
206.445756368
910.50805268
116.038965319
505.002612935
985.734087342
559.105419641
99.7647110346
897.73421354
928.302493726
245.611750233
524.212300369
24.1368833808
396.297973
68.4639383905
999.024532356
466.426897519
136.823852825
951.451483503
586.618149055
275.115628897
636.331662214
612.311803078
509.653145823
171.809162111
684.555461899
992.096391483
849.404443342
836.36361836
388.370038767
867.156951501
483.871212688
96.9202219396
209.546217154
49.949596846
739.056984085
372.078333478
43.6201392145
584.998801745
297.615868582
327.666600211
163.381878267
572.727464214
156.480395211
262.753434777
383.928431897
397.718271903
576.796550794
684.168928139
190.320474075
862.624640284
336.482801213
551.826553105
153.878595277
875.400650374
376.26195012
369.250279103
98.9247840045
232.564484945
744.354440073
798.736320127
56.5004061741
253.708469278
331.725519582
80.1075383968
215.833428407
611.23977648
198.18338663
164.132721264
533.307073377
56.910347923
88.7658746158
261.508020857
777.585811553
126.860133093
572.673803965
73.8065561087
528.137861942
250.392736298
479.290031169
444.785770564
415.827570191
619.92026464
633.488671799
536.109087151
73.8949213492
746.656995731
226.134639447
353.043694037
946.321373799
806.82513647
567.688725066
361.961894157
290.788041296
468.377901424
238.83843253
112.513806806
493.390251286
936.058026775
322.065101526
26.5206185001
626.066025961
535.738961235
395.231579032
907.123332333
58.5754184817
33.502490001
593.912475227
680.112039224
573.824288243
437.402374572
71.3450682484
822.360905398
758.376302188
62.4926153325
263.523154652
810.02013851
291.872458619
633.50068669
12.3292069034
709.142446746
722.999887248
612.941309
507.183559554
470.655110473
305.112789433
428.5312629
215.423395953
255.756501402
811.941623821
192.148092784
465.995122544
604.54025416
537.203986685
585.971957234
126.394013697
540.026316282
401.736906219
888.21438423
3.66637646124
492.589616038
471.960299248
840.718482618
564.32962946
852.456675458
920.529584045
868.597665734
150.351988279
530.546633323
970.462231982
581.551735358
877.126507401
560.932886649
866.449087608
280.845593651
887.363514591
809.58533682
624.527600168
12.8754143311
662.51969755
127.956999227
832.409403963
718.062239924
407.960264711
256.207544154
77.1387634219
846.354426514
873.723070361
197.771572919
463.431591951
317.945235451
178.421375104
722.227805039
548.661434361
588.411652099
825.39259059
35.1296165478
970.763475042
273.971385994
545.475787059
543.619910082
696.163536763
784.621701013
15.8438772307
453.592548987
48.262942297
167.628592658
145.113830871
268.911059447
861.234949493
56.3185985783
830.810912741
681.534339895
638.845485608
25.4600000543
832.76036732
420.912271882
46.1863818454
731.146989407
207.146836624
498.426960316
8.48671719916
897.986098597
389.749177309
6.17267473387
386.561380018
219.198539955
459.840021516
226.887375321
791.990526614
57.892155295
644.847283312
124.976425491
154.438600552
811.149461363
694.692640614
236.181857959
255.680957416
430.842677667
56.1695766549
667.939879408
351.7764527
495.400909343
124.133932453
942.697565131
494.877727957
511.362912516
156.772294938
803.01530284
651.514152633
601.584910882
535.490352237
154.547591215
343.609896365
141.853057283
849.122732104
258.910646922
868.18541369
826.174986492
44.5229241584
769.320584351
488.312162908
111.087557881
718.872612125
820.097115143
135.430874551
464.125180072
812.463017821
79.3890796882
164.647426625
533.200702589
11.9005866499
458.442759625
83.900737353
541.652736219
476.586110386
779.290960894
593.334734733
529.259874577
573.331571939
742.593210594
975.137253881
397.319770677
974.71020044
110.93530954
793.489505104
52.6753867668
760.214117834
458.009527687
526.375771874
393.077660635
761.40746483
346.693202509
131.367524259
278.53336759
46.6571189997
868.008039169
248.034322156
774.308979541
973.543734705
561.119305611
201.768050626
989.25718957
732.697103887
706.316754781
628.619454439
854.484942429
890.486505901
58.8039604483
27.3095062893
286.883524502
524.155042997
221.783066607
938.338393407
585.243608635
902.221270779
522.687986902
269.841689849
620.529693897
424.253624794
477.143698125
684.452963668
940.132791699
502.705957113
736.292104525
735.529161016
348.686854091
401.095999244
960.566985742
972.508661953
331.325076623
960.61850975
377.230817554
569.509992153
663.297718717
66.1725709218
78.7124321224
773.860971392
422.145241565
505.679413138
35.6398241283
988.951022678
41.6514264518
127.075437792
15.9560704568
104.515477134
575.951447328
692.374554266
854.04926007
160.988810811
278.459058877
384.82364769
652.558980829
859.794460741
867.77295942
237.201663545
555.478779681
35.6195366224
970.762334617
743.954118473
648.32137839
630.039110897
112.064697812
44.2699614828
180.034469149
780.871694789
32.6538560875
140.896513174
702.129571404
872.295990958
973.278271303
649.045825542
512.454885498
916.240481054
148.557137008
352.929810656
834.412878488
842.377689015
267.227282676
7.080890105
136.420796411
726.261344373
688.082801495
321.290426266
424.110859663
647.626732081
781.177031983
686.98371499
544.767314414
151.819465741
635.462152549
126.824010264
718.096534756
139.628844697
48.7956889657
519.381594914
868.391007356
118.565572306
411.729648832
317.452046489
94.2045652002
151.180949753
331.308762001
296.466136066
966.564514745
359.742344584
356.432146735
653.599103104
953.770110107
459.723806444
379.095675116
986.248704531
176.400801645
671.078215315
102.804041385
373.727267349
691.500208513
6.24956773337
73.7505599297
788.020933239
70.1540626696
642.682733309
998.611238096
614.482042635
210.131174357
397.147846991
13.4115697404
234.564273246
636.772912626
283.865499809
127.052276479
16.2416110427
243.536747549
735.868706217
102.838623266
280.847594505
332.480256157
149.56277549
424.607376388
484.822423484
558.908522566
192.843843533
593.495935896
444.060163221
377.448861154
85.7161889478
14.4074023619
255.317441574
226.216320877
472.258579634
247.672670689
601.198477467
986.266477706
653.732140341
617.451681842
810.071151176
100.42777448
57.7341038169
372.804168743
183.224905022
521.996203212
667.865534024
275.858800928
975.276458656
375.160809079
8.31086176369
981.009114533
882.452977567
785.757600028
643.893944891
407.684881096
637.521490516
515.046405597
27.1270554485
58.1760917747
113.260904043
126.286980725
699.321077028
176.752083039
657.634410445
994.138995325
812.673030385
763.270120685
926.921080712
555.09494443
723.441032065
831.868959395
452.125361654
939.021148286
151.089031957
287.337668989
934.104108019
360.591915354
572.400744804
783.28909381
332.186217471
989.674092592
554.971992364
599.688728932
898.349330923
667.136847594
460.222230278
944.897359703
380.951784645
235.876816283
992.661128752
417.717144256
63.1409153263
267.600130607
509.792138811
725.208298901
364.415265973
16.5821557435
524.092704785
979.589034721
618.359021143
551.707945566
826.930833982
515.645823183
264.562429772
333.192354843
11.529404247
608.27716273
99.7146972045
667.634536403
897.477833555
360.87601092
852.513935266
115.370114483
550.853495559
124.74965774
674.053943364
664.221297213
515.298330336
494.259673534
752.531163496
305.700218038
770.857497364
212.645704984
554.485616208
693.79227365
314.546476683
389.512837294
40.8766366222
626.834516538
819.285326288
855.928727843
534.285732227
895.753139019
692.902845617
296.259238081
47.7584201486
250.021991915
672.26267495
392.605153902
156.810489167
983.548827206
792.505743717
831.884895899
638.27937557
786.193243772
721.341198563
686.964844917
990.89840254
530.246733948
181.185967474
229.913566925
744.223103239
94.7531207776
942.959967526
174.078171741
889.653387672
434.621372866
113.205972554
864.610104627
538.594295545
586.4858253
900.565006013
774.967878675
886.275890695
396.268593428
289.438962083
273.43215722
177.176475044
552.956384928
316.475663779
486.909929159
852.115058952
82.0984096801
428.804506653
779.984633871
701.930372367
274.389598039
237.367044258
275.29619003
382.08216152
97.4198368092
102.943332432
254.796397564
353.859150548
847.005919806
665.830463344
115.174646412
6.98947338188
72.8998342793
739.348264753
349.882655198
365.83775016
613.79913728
21.1573447461
969.364530754
183.74730736
859.670167531
480.675376631
992.516671948
587.303859288
930.853912055
524.034116334
183.651988733
66.5224952094
851.194006303
694.858214516
27.9396932864
659.251767861
69.024197305
763.887058685
712.351445692
712.943674161
60.2153742015
342.616402877
474.595216925
533.560367478
446.293676253
33.4973120591
684.086338264
209.26614959
214.8267623
956.49775518
931.599749187
830.098034196
593.782894168
925.919797351
729.373161863
466.74969832
300.486263371
672.501199254
33.8674340182
361.368086597
851.771419958
703.186254327
981.132528292
309.767517327
169.471316928
776.653740014
174.742998948
540.621351788
50.5188089001
473.146862781
721.076844279
241.232879883
218.822691423
108.375395571
793.383898924
786.798748598
163.646258261
373.241683507
546.889512452
308.909722075
956.720161064
647.618660734
853.053178577
660.204567246
300.174072013
255.168916966
905.570866622
551.770825629
93.3947729271
786.2455769
234.112369393
551.781008787
783.533680352
771.268829257
925.291168363
26.6934897541
646.842925936
471.433840505
474.682074688
228.465971861
757.672416658
241.03135431
929.377762313
59.2651814382
476.143072053
409.116686241
90.6278380055
498.301653692
253.648884859
577.10405349
397.838132898
32.926784256
530.265393532
331.039577827
241.51437927
827.679151566
181.948758714
273.921399269
227.031165443
7.8249610867
494.691038826
187.234020374
868.524845911
239.181846285
799.86623914
477.70652976
37.4956954308
174.250244005
977.789700819
778.533020774
695.310817996
328.994352392
225.674511345
514.312773268
378.421461494
614.90531853
200.944839041
11.4539924916
97.1726703911
635.400868212
116.541090555
576.605988919
549.38359573
805.847279422
595.074191593
100.942233866
100.55236383
770.837630224
426.065033816
25.2253390022
101.347474097
361.863715785
380.529872765
28.570576166
379.128671647
443.908500263
570.511274894
420.989184704
527.285975574
229.231249118
495.268129159
902.390548907
680.582911673
419.376081831
772.273380378
105.368180196
491.763556959
266.220607411
527.649030362
52.4891392557
235.29024987
166.510259374
597.639164386
61.3532763215
93.8856998959
159.307404507
846.61962603
692.8085622
72.5998947468
608.650301281
141.737921344
933.945620636
89.2617949453
973.453485156
732.139574297
943.539485078
329.979531669
413.676616473
651.021558655
276.101409141
624.172312485
908.042778855
835.3952675
649.400273326
953.66192878
421.251129201
234.383731851
793.986839315
496.184157762
400.526749357
402.567448021
29.7725705017
710.313664823
104.267686226
469.08360478
325.031168975
981.037200838
330.476230152
605.538475152
4.67201410985
102.647436388
382.146083306
630.265507237
807.848996485
885.121990864
463.089316461
718.378823556
336.766124835
710.109136056
309.073347114
601.764738604
771.28760225
479.574844494
388.654596338
716.396781511
692.990851279
209.217177102
327.126326808
286.503297939
681.042682803
853.702865948
832.422416213
335.14803796
602.146909459
237.181851007
902.708299046
770.726908735
390.271307203
888.72410808
406.636466434
67.7067957473
951.035316234
160.056034207
27.9804750773
350.234316469
232.639939321
827.820219516
738.581826227
926.831431489
878.859617039
393.071679626
72.3108805184
836.159959636
97.2920637443
996.044466923
811.799920736
453.80789204
739.082369312
285.602678629
515.331208515
907.923524711
10.7213427558
890.041542391
441.287984267
47.0698546489
349.407922416
177.273208986
407.66870107
888.719367049
597.901992501
461.378211627
662.429523613
955.117260153
317.159414557
241.819148582
597.07255356
180.526534904
554.021012104
821.762662313
58.6272324976
461.016306442
357.470770281
883.264760652
795.983275251
852.513241621
146.933353971
556.256493762
155.246042843
778.062713342
73.9137316702
580.772525095
961.445155399
282.571907787
911.015325197
651.842798379
130.987901891
584.157632769
549.869043111
15.4361611709
373.663899154
564.979188745
488.205056558
125.144318184
680.734034607
325.02688529
750.751191023
593.824748065
44.1843950761
592.757257482
297.334715954
559.376910728
772.184990734
378.939714166
551.542434644
957.108250241
859.788775808
153.793318317
790.49189835
349.14906991
747.83138685
893.927061434
57.9011395102
306.502092543
551.885279033
670.960750754
