681.036543138
520.767730618
943.762886166
358.123206294
832.376521349
593.694963389
158.523893554
422.742603763
48.8080967528
949.857265253
437.753603294
487.196362009
336.92065688
508.257888891
458.278317481
753.913128013
520.992618701
986.809634407
458.906087526
403.264822279
141.01428759
688.885081474
939.585450984
243.437144869
769.158814726
259.658857658
580.130910617
569.371167198
449.246426036
149.771844138
14.9609561285
976.524756844
992.268901675
131.222441561
364.315877919
209.620596903
924.828046942
117.827421958
708.815719488
938.426543209
962.544065517
51.001364815
463.191200181
943.771590879
845.447579795
15.1113289546
794.377083602
805.409591477
879.797823183
737.305399004
343.400052691
105.399756767
75.9528693915
16.4119782047
199.613367298
325.425410119
444.829627498
360.242448248
385.778375086
952.007582688
527.225597248
565.455146818
296.695517545
17.0645137072
153.588345492
219.276121102
219.540699825
109.910907098
614.1140466
960.630887983
248.514267287
158.381689619
281.59112547
426.822258659
630.622719308
499.662397579
865.73588157
402.139421142
202.063000606
921.886686538
642.907980966
369.832928198
690.808035442
48.9412490662
500.775079399
649.57746417
681.662966138
213.10691503
909.792228691
960.598722731
84.9181006927
45.8509160185
798.88771133
294.22447997
62.3109315065
222.646241796
529.351679584
191.292187344
331.454211051
619.804867816
875.706462231
944.725672736
313.867309836
680.456432257
745.391704467
951.248653243
701.476199533
414.492877447
287.227418261
680.665484842
47.4378420256
213.672272351
224.598193822
89.3699129741
25.5555415983
988.546247364
861.292013795
76.7378673955
154.83890828
527.852099252
101.828492454
137.402444051
891.17263799
586.359754497
446.752577601
64.1733166156
647.094806633
825.960205308
94.4964078201
6.09077432531
255.60699656
212.801780578
190.936763686
210.953995185
147.451607774
81.5266981423
142.924418844
470.675171436
359.893282574
444.793023499
29.748816065
152.237265412
115.959775978
112.690895695
135.596602921
996.619134927
362.263119925
90.7772859457
961.092197234
558.154706084
900.727684718
198.574948999
560.858018753
247.816839307
484.309446847
402.634399806
938.392982047
934.225393433
891.061268034
63.1244273662
162.217571681
800.213390559
422.790800626
307.767511794
354.450001804
746.29049478
312.186119312
561.566378171
199.269644848
464.915061321
193.800269262
313.972313664
199.832642055
851.18106385
361.817828935
368.852333025
939.132308197
483.389835438
655.451435812
962.492006491
448.875106035
457.200851083
514.64447176
549.5941804
14.5682234177
463.426797168
98.4921402802
198.161154917
204.04281737
996.792725318
585.233092098
913.74165425
672.261723829
899.987159634
41.6401464559
996.978546338
918.878756242
509.095299674
683.987098406
609.699122454
483.309687584
77.4622061483
66.6485832351
36.8412582775
198.278373036
329.688560231
98.62218253
116.386952
140.122858408
61.7992026241
549.432603041
417.848294794
517.2273109
139.833276501
642.462136737
734.699923969
611.766621786
134.409499846
639.210146887
293.645371638
487.252442454
137.183164778
787.066994441
550.30194425
356.886702051
171.469579223
753.829383603
61.7764445177
492.060039791
401.89693039
485.371212539
928.112616028
430.970732822
112.650510837
781.659159167
796.33580461
667.990154768
241.595757896
276.05333163
280.141300368
90.1942209085
583.026650587
141.348697227
122.302312455
947.102718821
973.819752593
182.814318854
905.524211848
651.062143035
179.538074472
687.596113061
957.951862259
175.715932128
45.7225314738
261.000356807
67.1223670939
239.744813521
408.486381766
369.978998014
298.073301313
455.621913835
275.862036054
317.902210386
977.253423563
555.988377251
410.127661508
27.0936716543
523.683273195
968.333334186
849.898404755
189.113011103
361.316932007
705.095574638
798.225035392
226.878084613
894.062588022
591.980877326
286.061487284
774.740874037
847.15517963
372.803681202
622.295411014
650.695650744
468.891240715
930.934931132
659.29756356
732.322709707
174.601940087
744.708553951
419.836329533
916.126338971
836.600546294
626.696393193
411.775977946
900.567078701
625.568883279
53.2210725209
778.599284261
369.653334669
585.672862362
530.378154747
530.837366623
743.991400251
199.708801789
330.089121344
271.547680659
914.695809886
798.016252675
377.188881255
175.144475169
75.5344636946
897.420696269
969.197964322
231.698392817
136.086011576
11.7208629452
507.071296516
418.640815959
210.937517662
907.30744636
992.462255904
536.691406065
765.997842631
402.208195839
6.71047821034
336.856762127
691.471147669
562.64043489
729.813261155
511.490658783
160.059208252
76.8908790709
655.980140255
697.428395282
880.468045831
54.9733992503
46.3761800311
176.907947055
797.339467792
393.842686601
786.95328958
786.785090227
455.225181559
123.319388151
307.202224201
951.279762151
637.129126094
962.35714604
788.878111001
515.611861486
780.333680462
399.940706558
577.40288187
557.030118784
100.542386134
74.2715471704
844.274239684
628.919598796
539.220401992
228.753711302
89.1915368208
671.55103797
444.169498786
428.502980272
652.94404281
25.0509085468
974.302516979
628.15757072
846.537734348
830.655703589
625.004224572
399.349170406
830.39823596
890.9139692
101.507966713
397.278501002
266.243159222
743.579017558
725.463467054
129.209212653
4.75712419976
714.562511694
885.198446698
492.060517902
59.7088429467
641.977798076
118.538768108
165.645991165
600.705270518
129.797893986
565.170419128
221.286657427
291.228388983
136.631074355
273.947976251
179.122323021
995.550884067
515.973089727
394.782210962
850.365192019
475.336438113
153.978133875
707.027340163
979.586573945
338.322233946
678.274557258
413.686182679
527.738072669
49.8671776594
234.632697947
496.265539419
10.8976217548
506.959238353
218.98403635
353.621666448
230.456681523
829.4438559
322.481392791
1.43764016381
537.785947851
778.067667601
969.452529443
663.690741541
622.277241996
965.838114292
869.034252346
666.784411277
752.69344981
496.287385886
315.130773781
508.313871449
513.859852993
286.270632892
771.613108636
251.26511599
11.3454673879
933.008757268
957.166718381
828.155909887
760.516317321
534.158251872
644.181325567
301.863466361
502.273844696
488.048679165
165.630754434
566.484566352
394.553537511
121.096993992
793.118007041
378.814248056
182.129405713
482.438398711
422.410118802
398.043128189
512.605972638
305.862918756
902.771219364
805.157805785
930.060234953
344.816943181
92.4488715261
79.6598414463
622.108930502
42.9019736163
383.979665144
942.209296231
477.471096545
157.970457298
235.654074108
535.053293276
61.7164913685
550.138108881
123.850585487
946.525270711
701.066159682
426.517244616
779.118981881
286.339910636
841.508932719
49.468760634
247.120413443
288.041250513
57.0535575483
861.166655471
69.7386434522
757.242720736
715.812247959
36.817616224
809.610804255
701.290997064
731.969547037
111.935296854
181.282405512
192.939114111
162.390297591
134.911283991
39.8918695412
388.985882753
671.50541789
258.39276245
13.5555975009
249.290424281
501.845566832
615.271122618
175.18086143
665.147214574
562.048388172
864.271307715
251.539254493
12.8559062413
349.394078151
753.248393935
688.293551953
271.44062745
591.023155762
995.508153523
33.474302147
465.003487323
843.802790674
422.871920595
837.045581081
734.431330094
373.404902342
662.020883229
694.939276021
990.337831021
312.736868498
97.2632575457
468.518139207
54.7176976937
430.701697367
27.2618107434
198.35954856
947.290863969
335.661093817
932.784498757
48.702510181
365.225851197
844.494319562
893.670625163
797.050578502
373.741188978
463.186145106
920.289217804
44.0208663827
759.897503988
114.873026317
313.101889475
836.496225208
455.703521949
149.470526149
773.463740821
765.016914488
922.890145339
510.879747369
286.882793447
383.214727777
856.148263791
363.10202378
598.557005667
830.573100957
219.025190456
155.845346984
816.279250008
38.4837784333
115.641404966
171.7399098
669.279528671
804.111472575
57.5426731079
646.639017971
379.729990346
645.495750522
150.878450596
266.488753871
576.032114214
300.291888622
431.141000139
830.407775335
690.100411209
838.022851322
298.753657561
968.531124357
920.420049533
814.145693886
14.5782907469
476.275202893
120.739854869
668.997983861
434.158951799
926.957805346
352.521343763
148.928847505
491.984757913
120.894007532
757.790661934
990.538254298
959.275623623
215.242064829
371.817987716
342.186740811
496.278073235
827.191830158
258.655762207
737.234674831
699.51447606
833.552525175
865.988095022
946.227510991
133.851076371
743.674286555
102.515614801
205.525903748
688.428055339
525.393411876
287.050352148
422.131368539
951.477982075
137.940287595
564.89887693
239.997688356
728.791573349
704.718394449
265.349246683
732.528751522
751.7768311
650.154730877
671.906926852
53.1268521569
746.191855199
217.03257281
836.571390651
613.264894427
213.296557617
260.281403917
707.604860136
192.264382665
374.350066907
230.159805322
135.975467386
155.473361718
957.835649792
657.026764955
699.11263214
791.236114617
216.138016426
915.580264564
334.049797308
462.583599526
787.629941839
592.333858578
674.316321507
782.126891319
522.618543791
519.7122659
68.0703948668
839.119959258
314.193173182
537.356617136
557.41435364
619.803978174
123.361896359
754.000581653
404.855322803
856.424654139
822.755135181
730.51061312
877.252454558
456.17794558
460.905326043
194.883741517
796.281557447
990.68073833
471.059466875
237.477020059
322.134098624
95.9990664258
376.062146583
546.700868028
717.823997558
59.3601733294
445.450657564
842.666191649
14.3256068594
266.266689846
742.853644875
905.919076055
235.597703806
268.517845622
927.970788021
423.054137736
669.033737822
212.176553504
334.189917036
948.172807573
511.753627949
407.719652865
371.278329078
603.562368074
970.054676462
860.181097346
940.356975494
876.318410899
875.249187697
69.6522267965
90.2029652378
332.625720276
959.701326882
845.891368771
526.198576785
905.109036149
148.685136627
448.725869623
147.071163572
208.56400811
38.1755377775
360.370558883
994.368131663
840.981105685
481.012828582
704.766147799
543.150603113
949.295942394
238.115867961
40.1914989538
313.141930972
74.5299150536
116.682796222
731.029093125
887.739202712
57.9982440687
703.930857441
707.375518271
724.368656575
74.9242952571
886.075934516
403.456101686
913.625425235
765.646580075
820.654995326
955.959137419
117.172472503
638.821913526
609.95854337
609.126343369
810.314791533
405.379222624
767.232442366
519.920407575
60.5512628588
697.316632614
566.475387707
82.4672672402
121.28493262
830.410544844
603.479377624
343.074538737
761.388749948
942.01912497
15.2618031727
772.964867074
599.524082193
328.226662311
223.464642091
774.586834407
240.538274383
713.014574144
514.091203595
944.933232944
622.790851461
690.529422008
28.2218439053
341.395833535
970.013177559
563.856216492
86.0206665342
18.5213567681
941.422623532
728.46639339
718.439442807
325.6257599
827.547234161
282.749395489
759.165474511
294.24836587
301.537820851
262.560048417
444.561609265
371.630898737
443.120116584
186.386427239
183.943100228
685.367586524
74.2407950648
323.155805567
315.694973196
875.285366267
6.6904373931
408.501924185
299.016113885
977.933852705
687.248032083
296.642315397
921.104104324
593.239991895
396.266223824
750.426268936
285.354584093
469.460670353
24.5748881754
667.938165036
996.378659268
990.337520601
407.025288702
338.95010296
713.470246694
427.861029417
673.096852436
271.50782833
576.174785568
304.571128938
765.170252975
8.77440587013
60.0956350129
337.526819188
613.714260456
544.166918157
298.002383526
360.767585618
325.615618407
757.009972245
801.588579236
782.801691943
60.7708011548
205.470829848
91.5119867928
839.838563639
557.390129929
655.604860652
791.893615398
811.092732219
858.321742166
408.067903363
301.679945487
36.7075864705
153.679350407
568.825337799
270.450871118
872.483596263
287.115351822
664.053021494
268.275666638
286.116480451
725.463651114
259.353762635
368.427308191
900.529454622
273.314543603
782.996936708
949.121986797
919.365164662
198.715334428
63.0455495468
136.59092329
167.181237816
177.261509039
771.526665161
792.964686146
628.288667734
232.02185782
946.668253304
942.228688883
122.393075248
421.152947581
233.359822042
819.394815248
244.056576437
218.43243466
614.410082375
329.535146245
499.847466737
484.235159495
457.907662488
39.1166668069
796.228930012
736.367328414
235.639128275
264.135243569
834.266182125
973.249070317
546.630621406
384.965288055
84.4894774674
120.549900332
782.398252764
133.105233067
398.944685897
30.3572884875
831.361725164
800.098415796
971.026207907
489.553831162
356.074645835
442.739002956
751.067262589
955.800098225
768.906844038
868.376477993
203.745112718
974.683562402
821.557001444
463.502161469
66.2855285138
87.0137636818
712.784004667
266.853326803
718.897446746
509.502498748
523.015957119
313.893784605
421.004254735
973.64299771
603.078273571
844.406172602
778.034458328
11.6693604131
311.178455975
264.078777421
719.718741851
922.971150264
413.126525675
164.14654613
311.87186299
148.312507647
293.557934001
753.659701724
412.780154933
117.465604914
692.251079537
131.306947795
665.675932049
4.00158673193
269.999422705
196.739981787
838.672899253
791.124800999
122.401618002
921.433345411
887.263725507
177.793740121
280.218906043
168.83774055
177.710718632
319.733254172
658.868585636
174.665617421
324.387209596
232.638895455
742.317314585
84.3488294523
299.785888018
521.436015252
103.724898329
622.487639083
463.904462542
336.835840755
965.060374695
347.846402054
133.702592136
358.439821181
279.170038961
311.39790703
279.743457636
689.101040644
406.486176803
363.156279961
208.784072443
650.405169642
702.79930319
735.063137701
515.918110205
411.045712692
788.264966043
386.669326223
761.194937534
781.911880196
518.052113329
276.31906162
30.6363400401
560.125725797
249.945004368
203.08666375
231.256375263
778.190573958
61.2921974009
215.479106023
64.7724298865
861.591593
203.170240554
