350.635254873
140.59545989
889.988044134
61.7547208106
706.903559509
229.774069173
335.52895286
801.567704363
309.787724483
980.586787741
110.095265623
695.780666808
836.348117182
367.01913842
351.615646814
981.686739988
864.762432028
822.682642607
469.197702758
565.867047267
187.776751271
506.494913834
725.746755202
995.238032293
15.5719061254
415.134732163
250.036154289
838.885546733
590.227531037
309.20847912
615.03012074
283.55823428
519.304252336
44.5724576839
691.483737661
743.768217362
238.631016101
725.407468983
648.697340374
702.234896573
406.998339888
578.882924856
796.073129834
634.800631949
974.409103316
709.240178688
208.712929729
336.258606407
56.2578049742
331.728355647
895.423708664
205.965530171
422.441504002
912.558649895
521.758159941
983.644514998
876.642338308
397.529462446
731.261749626
866.113360062
475.687348231
616.638686044
752.878804359
941.115920817
657.192743733
505.047929883
792.351343867
284.09707972
331.327489983
457.938307052
820.944432341
555.013680113
6.87748439887
807.753910283
457.26108751
39.1699314857
442.1928326
539.189859324
493.420494228
115.335101287
108.941368541
545.055846414
452.428615642
593.454213334
445.09703607
73.4909187629
651.59916737
404.7751455
406.928952599
111.511771967
293.79359868
586.559541906
807.142651319
646.707452423
92.812467112
663.63619484
861.324864485
32.262060631
901.755072224
681.217488003
755.465356237
622.560700984
130.197021296
771.095852031
673.813604257
102.773394847
134.351770493
505.931015244
30.0494467239
127.116670324
483.605292379
195.933118444
322.959489409
648.431533525
854.706480207
562.48311422
92.469828264
49.422950587
952.659194405
823.278371512
889.492023445
575.773265549
68.6185000227
30.9373997726
455.843563882
969.582437053
165.115526834
576.995698149
536.883498864
1.32362327486
272.59867867
803.114645451
851.866636713
56.051679512
878.887012728
65.030878158
140.137941177
641.004727148
193.042869514
542.788400859
593.171112311
173.370506219
846.354081035
805.923268612
839.038084795
639.779733419
427.050751947
728.624264661
284.424727694
656.806361231
608.384307293
713.765986561
350.112607139
214.941347156
644.42672682
737.620650048
15.6534733685
655.956537585
465.849131994
905.670834114
691.026826518
503.296592112
104.220911789
405.576840921
497.759837259
813.641921383
462.752435757
621.354972358
684.296202416
348.363667493
508.15563694
766.549514863
751.775295337
445.351597481
626.73689341
166.980343862
185.056185772
271.741642084
462.46286039
304.280329273
521.999635487
62.8004331934
144.760755225
809.908416273
620.411897189
569.676920906
52.0967335301
530.753556915
425.436681401
122.185703363
747.105565767
611.897891338
795.952477927
568.643364655
533.220362357
731.887830226
475.728869871
855.800616347
305.882449732
914.364241663
570.173697254
961.475635256
71.4279876258
140.91535061
88.4546263541
132.274485003
944.18508095
357.718823484
631.017410346
52.2196749463
142.048261149
272.90896941
360.582918077
390.454645588
273.147211176
690.866431187
841.663290585
916.159358429
574.169832221
161.564381091
587.848346742
280.150463351
864.623120599
64.3652328394
659.609356222
336.378432633
535.260099995
885.315804102
607.183305041
564.372786883
628.992163922
715.949360843
908.53955036
139.520835694
53.1085765699
268.4098977
867.245074147
955.188834664
407.859637389
609.666960368
176.708415338
354.602801786
622.777870942
347.532312135
296.860216243
684.807238625
84.6040352508
117.587091345
325.408639014
605.45242614
822.211994104
719.178373651
203.425164022
808.554908672
982.073706926
331.787628088
28.5445594527
757.625226378
191.132539821
475.870657874
931.596798041
921.983184841
319.542086827
965.900546549
410.767889344
420.005568707
692.437305048
538.9415192
212.051707996
676.662381189
860.216588686
96.2194266533
247.766348098
804.551056114
949.317296755
327.890232406
792.69053274
311.321423409
16.2271562908
536.567368246
319.184470276
601.676032248
650.880854989
423.381246077
50.3503824193
471.614794334
968.547806917
690.970836354
971.463975642
112.807769875
453.569806803
480.447676493
634.335205081
757.608845671
398.489301498
453.870619571
614.366099007
492.11179587
468.401594081
583.109883122
866.920759305
974.127522771
943.712057654
54.9841773596
708.343178924
920.070377538
299.398682996
95.7423902401
696.832364976
476.480464623
621.488100657
198.396066232
92.3741142433
749.237319685
830.724173924
551.848522816
981.274884664
142.09580089
763.100902423
402.477913021
726.81617835
603.547657435
964.720182301
923.700630704
259.545817253
769.424658201
304.35270539
53.7217282359
242.792248763
480.347347248
475.734186805
462.460549509
272.44222292
826.260231659
469.526069682
212.636478205
240.158997349
565.091462776
209.499027318
140.644541191
654.277390016
506.18000418
474.08825792
18.3224222577
646.151898666
339.20917431
48.1495422172
401.460847477
441.918306265
770.257469555
212.233250471
402.540507765
426.212262112
582.746878974
468.946828017
264.02248264
212.076279442
389.058922322
325.851304468
162.126508164
505.334618883
266.000135799
534.488557733
902.476858571
767.699551994
454.102330326
788.773928008
178.102344526
507.679671661
141.365942838
669.236738718
546.532277971
575.533670839
748.833329698
249.403908604
953.621468912
366.310753497
474.270958738
317.509667818
608.069391242
18.6852623253
447.574887894
465.18981445
515.544488268
448.78654734
229.99433591
880.963359272
614.796795134
666.288058311
963.238710558
724.538198655
625.70658323
788.326872494
293.589381999
687.463615873
803.121145789
976.203615051
573.589449597
369.175042826
831.804619432
312.822286227
481.588843592
747.98841154
132.659541721
529.240960484
278.809410386
976.793209364
884.677827578
409.479434062
38.2959102219
321.996450421
544.630007033
455.630758503
776.363353313
484.273159148
15.4984422673
686.547021494
443.277504336
857.031123043
221.844288396
427.698766179
340.622408119
561.409780955
664.158746827
806.32763916
145.839913678
375.826492435
381.373048373
186.37668749
118.156072618
306.254615068
693.392952152
880.24621995
698.32334263
770.335461545
732.664310042
866.053519569
705.073177196
466.866369344
874.033458404
784.686346182
199.958817658
772.443788116
982.689782715
20.7559995989
524.512712031
363.318488367
834.733987084
515.998280029
453.773935986
214.866769746
574.383785535
491.843831622
824.588102694
936.100402495
958.025433977
345.904336465
297.741329719
968.600258289
120.265710182
147.97845068
619.673600236
554.493714135
164.346569446
276.008179399
568.437800924
863.628333055
138.599237802
464.777797636
296.372030249
815.799275489
652.423616578
925.427979667
934.635623087
204.558905607
845.610730319
690.399457603
86.6108480108
5.75258455619
171.596354735
258.137947931
788.016561433
673.872972126
663.992658186
149.972590601
744.208696703
757.240674011
702.312882751
684.032760318
61.9789261762
131.521066468
270.798957219
966.314233866
551.174210075
664.073875976
660.003376059
532.64746389
266.916022277
43.8670921606
597.253198418
588.394552627
827.461416782
430.257210058
449.832490519
120.693565414
638.006352411
806.456599894
113.620918058
473.258289145
126.366459182
706.462617004
208.483348407
717.289112289
701.296892051
711.717878889
369.218253913
0.297616380339
785.512258126
122.192822358
465.809677763
164.91274045
859.309367443
993.959919565
634.850244464
194.95224579
921.825942751
356.184586814
79.0537135594
237.918707485
384.923788491
784.762285024
250.03127604
600.547668814
517.40789073
487.123179246
264.185733107
428.204210914
468.283166825
339.710269052
876.353264561
954.494387409
117.522908591
337.30499602
407.627598539
49.209621197
148.470843653
827.104179072
501.69793558
275.899804093
411.645980303
782.070097295
513.078648503
279.877905846
88.2107271922
176.565511102
805.670825168
654.965586213
578.337980794
478.677601157
366.486309527
843.923053333
516.84696092
947.238040538
412.228642325
410.327827824
313.237968537
990.659097736
952.323152688
508.285388536
463.839234005
306.810180466
234.126089339
843.891154037
491.122022541
226.31848522
991.583184959
249.906485789
535.797120141
536.00338694
645.886724655
417.147766134
915.934660064
168.942309669
644.34349742
642.729748957
749.341931395
509.858933821
973.231056959
833.826625847
485.252088082
617.626640359
319.844375924
76.6723511615
21.6505640681
899.041483116
685.672901094
943.655396994
39.7920490919
943.242302091
529.107981488
937.867508713
505.33839531
454.110769943
154.842497737
598.268491235
82.4159586677
167.230615082
501.206528386
53.7640330769
427.065250251
214.09483889
717.17665882
579.776336127
307.154148203
844.870323211
283.505197737
948.91778113
586.268771758
833.680155188
805.32007226
317.531714033
585.442689327
118.425339645
282.125488654
981.7865277
30.3975343985
367.157608347
339.480025375
749.728383523
489.449329399
608.876861934
920.445543044
909.142920212
428.734873798
903.57875093
752.910883283
989.271028055
972.276478836
496.985657341
50.724848809
306.844192679
748.529119475
65.9624238903
166.713650885
570.778483141
489.739426048
408.187375317
83.3481264376
81.249058796
168.218615408
827.053398436
98.5128178805
505.502420016
573.776252249
133.048899032
999.569469677
939.049182552
327.270794475
194.108207725
837.925832637
733.080665065
904.210966996
559.214688898
221.615448228
802.122708482
876.598017537
595.277012779
85.2394124885
491.945724314
221.481981619
297.066773722
86.6722474683
528.586417844
704.83876941
537.543664279
160.790292408
7.18071271092
501.274219038
880.217831937
813.181893038
133.710738751
789.812967079
284.946960279
39.6663116535
301.123222658
46.5128577692
165.040496366
245.256360769
868.943661423
890.917701996
101.178565755
535.802341845
826.22121936
437.383639691
184.498617332
283.183577808
171.190150967
23.7467622831
438.341759725
467.807739128
714.989903336
374.7853323
340.521549607
913.116997364
693.309146025
420.103869283
297.19414799
395.809282281
703.824848984
809.084336833
956.106668202
613.669420488
571.487491265
237.865812705
478.707653897
22.3956850043
508.636472782
5.40850153032
376.341036435
286.23912517
190.819002958
723.085090999
220.245732632
713.727219498
184.692217409
605.730106876
852.180209757
495.108793199
963.769090967
284.828802786
295.66351217
51.7996357333
189.1183212
86.9155092097
833.550614558
804.034583207
855.632666984
769.944616
855.529565156
0.839520522152
296.757146463
548.477312656
632.231585646
532.720390759
173.024725491
624.271443148
395.549821606
966.860386229
566.131162256
693.34057954
555.276096601
371.207803356
350.580564296
844.13818099
557.213798447
475.07229346
747.403764726
768.331254426
180.13152997
683.316601102
975.887221211
85.8329326157
915.467775488
155.746484037
380.630995511
593.858011619
260.299585332
781.023748927
257.614159683
670.229020609
212.39397476
953.176401737
341.741504473
42.5192299811
249.362922374
576.754883096
557.670764392
855.303720455
176.367937097
37.1685248247
934.148369903
546.367006597
557.545476251
536.406468646
122.585305077
110.691439645
528.202029669
40.4659840344
674.819927384
820.446189803
710.558686875
246.495011835
949.111784275
498.858300058
970.551314162
239.069719907
807.217984617
224.963106428
363.041530269
885.699614662
182.61366258
132.462191989
287.248167871
91.2768930655
251.134435593
253.02416319
192.177935293
208.460795642
68.9173379769
921.154849546
335.472972131
170.857128769
159.908148571
704.74708954
318.089720592
730.27162588
177.315536293
922.561591948
348.198289316
813.804964751
706.832673945
991.005661738
70.3685017562
844.504165436
364.92649959
658.571389348
856.287807338
884.316535957
618.110612535
889.827619278
406.894697056
837.332900444
228.77428568
334.411400795
665.16991123
500.541134884
896.75177102
942.58573615
686.421632588
916.428965698
795.196945798
322.293689119
440.577867061
56.0277106844
658.86126783
743.085123394
920.730300563
714.296714806
68.8930747957
495.687867944
833.074378393
371.774603429
283.380778319
752.800466972
118.753592995
828.90614766
193.21147639
224.262730242
834.203027775
65.8547403928
368.827996518
442.952148948
915.919240158
476.495661924
960.850884835
330.081232008
875.348940376
597.186110105
424.012006301
955.837011953
864.22820792
958.760675888
157.207342101
42.0622376171
989.61393695
464.619941578
248.476430076
906.475650139
103.107096236
349.241312571
259.369108186
992.81032996
698.113784726
217.7679698
571.5630035
66.6120320525
781.044234064
423.969941459
141.867372219
320.777077376
19.0531692289
311.717849322
95.8356869489
585.192710959
130.174829475
696.669776898
848.712635777
529.206736517
303.413401705
382.459902535
746.154598809
940.088706458
67.1227404819
795.232416622
394.808325417
700.611915124
942.139404891
389.454145495
639.247494647
520.785666741
286.200269148
692.186585145
170.730801082
592.83466732
171.67661121
469.055304685
131.928699157
301.928592792
525.072985216
441.903322621
174.216974459
385.285305145
775.435268547
242.101675955
610.736077994
496.920951447
768.89365157
499.787608629
464.115831555
797.88556176
118.365779597
868.142279417
675.014567552
543.042715623
47.1819045586
788.488242399
913.858036016
950.319265571
908.441917626
205.204547561
79.5879230779
882.996320285
674.450902682
42.325145359
462.890005886
755.670286815
708.074498239
544.95698382
338.172317619
862.043242328
881.973985187
739.067471034
512.772971283
257.973008714
86.3315543198
165.794686003
41.3774405156
981.060248597
931.754465943
511.456553888
838.723906727
335.237490034
632.59147219
141.219052021
188.888476189
597.066925968
205.119319163
358.044873149
474.261911061
406.544530179
897.855777032
876.55092875
728.971291097
647.874684574
884.1215818
348.994584108
645.976211338
37.605074549
663.831671639
812.73794403
82.8842674629
696.762053984
446.213365097
969.140048806
819.103269856
226.714321882
968.293583656
362.953834954
618.228204659
791.507897189
657.237687657
719.405975577
589.901125086
547.788531585
527.789943888
986.116229242
2.64477906392
615.332014638
880.128233431
733.031024452
