522.294013517
880.138449343
147.860284773
886.624343286
696.669897436
43.8931765869
359.303378434
376.79708633
383.706821744
167.059162025
565.817988691
852.58575316
154.168573078
303.468409933
460.230758654
604.494804567
169.552677951
481.504100927
802.782095838
345.261047255
937.111307111
441.673500878
514.671352615
619.738501274
48.2444591086
930.404505391
805.46570486
632.683765145
312.483463698
682.880679934
361.384705762
83.9877651546
365.699297434
50.0457320304
839.708686281
837.343488192
491.871644566
760.391443615
194.517097848
107.464110638
599.504825809
857.600869522
951.107618278
692.801525162
809.396421884
461.504526868
944.613199539
833.766324117
540.358158705
408.93449442
448.641975472
116.743208253
902.249158483
417.933620466
799.538257329
969.285920146
233.003616661
648.475368985
951.852139843
743.207356566
813.616176823
730.414961341
199.093400024
150.279765934
244.594596532
413.472243398
799.248630933
562.415130476
709.488156358
246.613314542
252.46475288
627.038788663
997.211094987
986.48723896
577.422442172
173.672784276
371.08778695
882.998054015
449.855127273
421.156554524
294.487127204
305.895909726
657.783483529
835.573975517
46.7906594032
513.970388489
625.460147667
51.1071984378
392.818576532
264.748828256
126.745297912
23.7521531663
834.837635619
846.487639121
371.6287902
416.834803753
238.214191736
524.210049401
325.960674283
65.1574167538
406.294743841
770.40440462
444.037692094
638.108936087
973.223508781
211.801759601
656.829482864
79.3811934181
816.18854519
300.157933978
238.685142301
497.501000058
94.7353073634
778.564027041
667.053020768
401.51502381
951.270321374
472.120463847
210.035165182
286.699023231
155.263710515
543.329090864
736.471273442
812.98664708
682.049473086
87.5834011365
43.9004729926
621.725543108
37.457863199
755.225666111
124.024441419
232.502586928
961.968020953
657.368215534
318.778156203
904.3154214
344.29042771
736.257924477
157.249795464
586.898784768
92.0683416912
338.585222837
417.692663872
716.020228726
70.1388242492
346.200589594
258.289260026
206.132491585
743.329488411
664.969758008
758.293118581
952.080671257
954.254596004
503.705844486
300.29892581
967.399594967
503.794113206
750.919584685
44.7865354175
444.12628917
846.682611655
434.898758325
590.061747015
304.526474541
187.727517664
409.365271069
659.678604456
345.406779846
595.963805739
807.155060484
436.393159766
212.003355962
767.848603223
977.053561574
726.642167547
584.651963315
552.900089049
443.237255912
509.525220013
547.403961877
506.091453036
864.849188826
556.968098556
826.063185507
145.071021044
15.927222488
920.139921248
968.664643359
18.6041854903
779.033366896
866.987882396
265.965706856
622.624725215
137.323083126
751.750906419
859.39647692
458.997157911
435.976878783
915.386117706
832.472746229
702.798073583
949.281822174
843.033666039
238.878022449
852.053153616
132.133684347
115.067765798
442.354294559
722.3239929
221.00182978
3.32070586111
680.623884773
652.354860966
226.699544758
331.430034554
257.220314978
89.8736411033
319.034975999
67.6559640155
614.277795954
88.8774937638
77.2667431347
406.824431939
813.536807559
952.272433
93.5122061653
103.870761971
642.405658915
896.589936125
760.172307214
756.885532114
710.828289253
119.090936311
409.282664152
545.700631074
717.522410491
755.853850644
718.180020227
477.577978225
964.664633573
526.235877701
821.791111563
450.437279853
4.30978269798
34.3565680713
564.365751709
587.712758586
790.937524583
478.616950008
219.795910804
214.439686309
246.076340374
252.444433749
151.48577179
400.354117115
209.900823618
164.924810321
395.018000398
793.814150786
947.816013396
122.388737328
957.468045192
623.231472875
484.985229049
563.823329415
709.903598806
120.961288859
375.972867701
66.0688242901
924.35513069
323.872642423
407.494023943
652.722769637
590.301569251
689.483168113
468.98355293
346.791942459
137.479617771
964.171591379
416.802181769
123.723601596
365.391056664
823.177407843
121.207668014
501.509651117
772.30119935
922.881702625
928.937586854
84.8650397005
368.282021025
457.135749287
66.0576055665
911.854120704
664.249013523
904.936554998
211.009697748
230.853273817
390.925299866
616.276074341
102.347267589
664.679136558
113.785013456
108.020962738
807.999808299
401.718083754
622.421120763
90.7021630259
33.9192680594
449.562926567
706.828369758
225.314466008
405.139898704
277.95508657
721.752464687
596.472335869
288.714091963
334.607029096
928.366930887
913.167621877
209.586908283
5.16531391616
859.093921073
65.1720814634
824.130455756
576.250982473
895.940742212
924.253873345
902.043154242
223.987777882
771.799935422
407.102967412
429.130459567
447.742736364
726.81143266
114.408262151
501.07078559
922.223314915
902.64469078
66.2170724947
550.130172629
686.237563295
997.326740943
691.623128986
529.928368376
309.292702218
340.792550793
51.4437064476
243.245520216
754.924426412
86.5362275295
67.2440783344
319.725559927
594.087061524
323.632378946
196.959423868
966.063600025
393.750814362
683.779805967
431.403663891
780.961424609
708.74267498
608.933489882
797.867158532
385.008886994
929.931517563
529.43781519
281.02952412
420.643236244
498.904566962
165.209191185
122.177603158
531.521261427
572.124638144
869.162599085
685.376916282
638.978313123
159.452030935
533.611265275
486.122164499
880.257427825
655.729205229
347.970971552
217.963145094
163.049433452
123.445429392
700.122417116
455.525202069
937.782890659
738.685447265
444.523454669
793.520398055
76.1142080364
560.120169953
815.964516195
601.669039334
401.392454636
837.762368755
426.69959136
657.443350615
944.496118135
127.185585183
724.202421671
600.871091993
437.625154222
687.596978973
545.539748016
736.689030432
872.523116694
535.370490799
476.837780723
881.688482732
41.7609866801
842.740631148
825.68857312
396.532274527
685.406047376
602.942064045
5.70970165885
330.655951899
422.238718185
510.205475572
936.898213536
54.4913893386
770.192466345
751.838294059
275.100700886
426.991289405
892.826712794
216.526676079
215.4176589
783.612514728
788.829911952
284.550823381
989.040803394
774.029684835
850.941956389
195.913505374
693.960141246
660.64694297
649.443511898
800.091461591
361.145561781
798.085100246
308.176450899
98.3336460369
908.703929025
10.4508410903
669.558446538
511.348589469
145.986879295
814.190884829
217.601481451
715.924191419
573.166190987
785.430773483
174.008935427
304.156401176
712.49831654
832.878358428
384.34257407
718.952155177
404.31903244
961.000730231
158.74199495
541.975485455
37.8459502586
104.618871041
468.772547057
933.386002741
201.499300406
320.944261454
839.84178775
157.748243645
52.0917305093
919.546728732
598.451172865
364.818287806
619.351889261
998.423447844
305.862964521
888.544842214
839.225538118
507.148868522
270.898341857
294.014901705
576.145890207
884.482078447
809.232032341
822.629239766
528.202630257
21.4347013061
144.993407609
362.394539815
0.869028112605
864.72255523
685.691898469
340.5067104
316.749715169
911.543494332
700.657266117
988.71233398
672.704522888
242.431385078
915.29374177
946.694174824
307.300468441
698.973356785
712.14089218
613.479300349
690.528565834
673.406514338
628.138350138
633.488758271
871.87427439
143.578897677
728.621013382
319.603745049
183.224599985
729.047163624
767.903844094
264.832983467
389.003811075
965.87761178
856.361743495
850.672547406
75.983718511
464.106885235
22.5211366549
945.853765278
241.515829097
178.358715855
979.460096097
515.591724369
343.375028203
517.312670686
200.941945056
603.572857196
17.5756769907
825.201407618
604.330229905
432.736448724
895.699269636
235.337618644
888.326344808
642.397963966
843.765345966
782.764013702
347.211924078
696.826462347
548.35429314
131.6107955
825.352923882
702.416979798
202.127206715
821.273263175
235.387991665
396.501105224
974.453586298
36.5087562902
445.050262825
860.910496154
591.684671128
173.289167755
71.8715824741
432.740852702
372.863005869
689.733492836
953.025311277
981.965510358
418.59295214
490.582120075
972.667278834
556.105174443
800.888088654
647.342004407
661.310227879
37.9480396877
707.655251354
730.411727962
877.083999504
43.6403628944
227.641098912
712.881725281
846.766609678
20.8351155959
597.367323264
885.081168657
1000.70204742
12.9308173473
387.905791387
228.125356104
734.53111829
1000.00531038
651.168520318
968.888272392
57.0188456923
767.837235931
939.208723007
409.384400691
156.619071652
445.195500393
654.677109199
29.2262362858
276.142680695
135.870511462
667.696264003
462.975610238
442.697464493
270.293308443
432.996467356
944.197000713
929.217018047
972.053827923
532.26925847
539.560447292
874.634602192
750.324557903
670.056133977
226.383922134
887.276098955
908.510655498
706.285007879
501.479538516
148.669125315
722.699332724
463.943134877
519.462970957
928.686743158
903.316539435
567.770296058
942.915852313
455.34553819
513.778576972
232.350285956
986.948224031
576.284783917
982.731743861
229.653867075
529.208763116
821.030573611
505.86659001
616.242296527
584.075150654
907.850038021
489.517661895
2.85781647134
465.534045339
745.001050962
205.093320815
85.9058683792
791.743915253
403.42490419
999.838111545
490.653359777
359.353374172
98.0465982814
723.058228272
475.239906145
394.588751496
676.424560188
779.301496562
816.949823671
639.550771988
409.764313846
602.25741921
650.828365578
997.512443332
122.053138793
464.588505916
252.669049604
384.847736749
341.978358065
728.583918
90.8285583876
343.184225158
196.81528862
967.980484821
32.8004512522
475.685043432
381.437107309
476.490116924
646.131796305
23.1234194754
662.792477663
412.314496848
490.302944952
5.23387957342
698.666773323
730.928463283
684.654686087
772.396779224
234.31888828
723.314347979
350.018482092
222.916270125
153.802658432
900.204540001
7.81647774009
698.874798593
247.772775012
173.549851276
825.084489912
981.875767531
282.211729976
371.013756206
126.555424441
720.247231916
392.397306149
139.914804709
48.5743578143
949.724716707
174.598265107
295.315741837
917.323001097
12.7444729143
679.239767699
186.728355636
763.321432038
669.035910382
124.059281653
794.289458088
583.883041189
824.27741001
970.162312815
924.623354866
403.61794472
922.791293174
332.683268363
334.549265153
943.432309121
245.345272016
927.868551256
909.851554089
103.133551959
914.210014133
80.9431841884
578.617619596
692.465964513
861.365498208
224.909679604
221.929948514
747.707378292
263.504093162
267.089614464
415.229609027
170.227791481
945.497242786
142.930870306
707.522630499
655.951759217
632.930610703
996.635258013
775.754730787
194.922330589
12.5654498236
142.21393457
738.822267561
53.1358209252
550.928790544
609.585706046
744.153137797
843.92422644
684.53097774
468.927542171
840.478155909
477.177705058
639.517695096
224.863303212
569.248968648
781.825856044
862.693547809
611.980963458
771.689729238
82.440686763
632.083515914
162.703413451
409.021300788
475.451703007
511.288951534
329.167479094
886.079787057
3.45999630935
729.431971004
77.409025469
575.052050812
484.795229784
479.724162923
700.898658932
857.636483683
240.579687519
176.23350461
428.247277554
0.00367311688901
191.089048939
13.3192911579
56.8107329051
892.508114935
21.9883162834
343.085414307
688.343509989
335.173783345
974.464008064
831.361442153
918.791365583
908.753137847
416.503313134
689.86463973
131.108748741
744.759671079
936.889549226
88.0970540137
625.37678504
885.043857845
685.807421935
542.175494447
956.583746272
257.63225643
434.78910903
779.162350153
642.5037698
681.019623856
31.3836249438
87.558953192
229.717589648
291.156637941
719.954003098
207.245231738
295.31200149
708.053992419
451.582748602
938.498608429
242.684337009
131.197494245
621.068471973
332.925182969
779.523437036
27.6198880648
263.226031505
363.238368201
436.300809009
90.4268516944
410.015331905
717.977522279
171.599710145
161.159308747
416.716677973
784.388683616
506.308662267
977.841447266
844.194960122
586.867030531
891.92550142
34.1396525832
672.615362153
203.365016628
276.331016157
703.378660568
352.778500222
895.512047246
804.325256805
78.8558888547
922.099504315
553.87123484
458.177713055
156.773614869
430.581997969
541.649284925
844.705850882
906.338549466
839.550402047
811.501859541
366.729129133
569.011171186
685.360357215
486.722955728
901.066112967
81.2682393956
537.24028877
523.255102799
645.936524917
925.472975062
928.366955197
481.994202897
844.058010589
414.451042206
721.776350711
212.99200148
548.200609258
694.018485269
727.658137689
848.973885737
684.497444123
691.353230167
788.349283302
601.352988848
953.298572432
576.573524728
285.090271618
898.408904251
262.107419475
202.018235342
3.89659006814
468.405728887
504.060944557
572.8080767
352.616581326
288.741227156
46.8541492987
742.593319937
25.7221084677
628.30661468
12.8450560407
151.824627886
790.599099621
389.198909904
429.587353247
797.707364859
310.04704621
755.674377287
146.923576561
555.135685686
188.077184559
835.266624263
964.860712366
163.849633031
269.231998162
923.594672306
437.786466025
188.719011102
764.954479785
319.910220547
103.977313259
711.305894162
830.800067652
782.865702958
984.645339917
893.649697538
393.109607519
985.87362886
962.196084506
41.2177980787
406.855337425
946.54106567
170.259070985
393.863295247
72.0916163583
513.8151723
730.726374074
607.972864692
809.98565202
70.308693762
836.539657511
726.901975871
974.27010926
56.1845133911
270.690126472
105.593623656
715.780303038
898.264313013
535.752435648
957.73116597
959.784867613
416.036979178
195.058304028
569.980452703
543.972137374
843.868005796
342.497074306
401.994867361
711.838544148
161.973417605
304.339296115
40.2935901354
951.841698801
720.917755994
321.955125461
349.324027843
538.07913753
577.852614856
343.8742534
320.739139105
281.813601345
233.760036015
848.678584758
152.630659502
819.662558866
204.53472959
575.621775812
728.473050905
167.609411293
475.592829962
829.990266336
628.724385913
478.927535424
717.955275444
455.865191134
518.862497581
781.65198687
89.525347364
506.37595876
