258.780287724
351.053024612
885.271266512
923.142426703
679.244147052
752.022850665
621.276898311
278.322921682
716.846176749
477.987406822
0.872901820545
581.366620344
98.2666974315
707.930447367
416.38246113
146.518161619
925.333490425
719.388400502
118.001843404
147.475854169
480.221188046
67.8921145232
740.193301078
234.864091905
836.357126996
79.1103768473
404.254813692
505.692070297
411.438092761
319.98797567
992.077864876
291.193406115
381.805477894
690.091143036
534.874439139
558.435115171
597.480114203
222.416569036
475.201613356
262.390690829
204.708412651
417.595235046
290.409732724
698.039767771
84.3495549128
854.998589225
759.77399727
550.736658852
743.227912645
907.639178395
915.23686743
30.7784252652
19.1117908112
779.308401166
365.243219686
500.734667579
56.4219687038
348.252861865
717.12756715
385.15592327
607.407334615
116.102639717
796.360019849
764.918548731
327.431085604
926.054853638
286.638675525
66.1641672812
859.010291078
858.302280255
476.585896066
257.428172767
43.4607839282
617.637662673
707.513636835
448.142317059
420.399172075
742.645471683
721.60449834
412.951705957
160.943960138
57.3891553175
968.664420618
475.127508001
963.893600692
49.7148490805
159.518126116
417.06217619
935.084195325
456.613152887
457.589178925
467.251591752
642.928088557
181.41454415
647.020278456
926.621312157
851.505897199
804.297950405
914.929831716
510.726539858
454.579780182
641.328392601
68.6419378381
830.359886587
102.448399894
398.29098153
409.763917745
898.629029469
113.168745607
305.033613688
302.464717894
77.6666164186
607.30809435
485.825601017
597.725777026
619.614655652
213.25357173
675.880301805
154.219511417
706.204705531
301.21048118
193.609452685
959.05384301
231.988114
86.4512278303
187.181591124
538.330284813
313.094648192
566.21649737
863.741276972
122.354669235
805.087179684
955.293367364
293.316226912
740.101950232
635.124129172
849.74472523
844.600512934
164.372205263
996.705700212
628.899378595
253.984993725
115.148660493
638.043681969
66.4387125792
70.091603979
606.846038452
209.264580167
539.631126551
385.821720388
130.872517793
913.298774616
856.484213716
637.069412723
679.845403488
370.454323116
22.4417059697
72.1603941585
885.491481251
343.523605989
169.950436532
922.796254182
548.325980834
262.635128314
134.732794865
556.489776166
104.653341186
530.032489771
582.779541803
910.164046589
158.312051105
459.767226909
413.608817822
366.829633134
547.436783446
734.667624905
426.187824979
868.948411866
855.62672283
128.36597485
297.212739415
624.636228495
802.167519684
963.361826521
291.607740543
913.288054641
697.781208595
89.9306929169
751.684447357
399.812897193
287.294140568
825.421492009
734.062578134
712.392104538
134.850134568
590.614373359
823.384783185
586.297825335
379.759125727
401.42574747
464.109729318
13.4713776863
570.926666375
799.93302527
818.228565629
888.523610661
951.431972295
777.088911044
880.072240023
999.519656525
506.425761132
152.443604343
538.364116816
1000.28093366
938.11284323
741.029219044
36.0485942827
727.489851641
224.285342079
962.371929647
342.697180215
583.005728735
778.432086335
719.816260317
400.670197934
593.98925355
560.471721697
964.705459119
287.86102999
577.475417569
610.103170982
175.492070808
555.101593656
840.145086374
794.98594118
446.379857231
771.038264661
846.646254395
713.32089579
30.689044364
265.867759884
291.821638828
741.467263657
149.046278961
481.247635165
316.072390302
449.265360063
929.77291291
322.383947904
56.1437034022
259.403887676
893.232754143
358.224795838
308.622758939
702.529792152
59.2631615645
667.288296357
944.460963097
685.203819472
983.509294666
668.703882961
366.023596345
188.055387534
264.057235674
387.474951114
661.142395772
257.466504242
48.6110972163
599.839678397
81.9411249141
110.18286159
250.418726166
674.494155897
155.231280326
920.74995185
799.849310312
811.171320197
551.075233164
218.96362712
194.933721625
102.481797207
815.152676148
325.686449428
227.874737493
147.585391811
315.651127331
638.610100795
275.139382344
682.781737549
34.1662232736
4.85070643957
346.54058927
548.018458473
408.962202078
684.356570511
549.297680592
503.919634521
67.6073536132
697.681290776
395.094582879
347.910650014
337.615691166
749.300562635
913.865223303
732.449913985
655.086386387
317.826280298
212.43486951
626.633850489
130.98838682
67.3014864503
574.052119812
725.74881284
506.410482653
529.842772096
376.758047608
486.82460232
790.91142031
769.017210985
333.487070981
915.180185315
758.567180702
616.489811137
620.958519836
312.741288981
906.462937407
991.953317137
261.706809946
442.842336866
117.964617675
689.401955683
795.879769113
484.537787409
819.811985537
967.857630117
921.016664583
873.817575757
630.780337606
875.702496182
273.000114726
612.065675187
835.347209258
116.995278382
101.725873399
445.426039145
388.857071417
77.5203393089
608.875480718
706.500228218
321.405144284
941.165478183
952.546934865
95.9647913585
882.713570094
819.609882644
758.423056559
661.282994672
298.257599895
857.815364625
213.934013164
880.108184597
586.862835003
126.384882818
552.557953089
361.431625753
171.203732882
388.411201807
151.79304975
616.044734429
850.411459561
446.937392718
980.444784348
877.514438844
525.668910842
327.964310663
514.19911684
656.860508071
39.0917168522
422.077788459
685.649953919
821.04784376
324.641785781
847.7147172
431.494852062
899.224097389
929.933229928
973.001022947
667.802391748
621.665147587
215.046591661
398.024465756
651.811912584
79.3596446526
369.782650604
758.365111466
727.594802031
661.531928046
61.7114779843
163.25660187
111.921362204
642.194490659
202.305810503
470.908636365
680.012097936
702.061257458
84.2882917635
176.816469307
79.0773444206
480.198628439
381.341958941
912.21208759
89.6093951063
12.6506041418
484.912135727
873.823880943
770.906074739
528.977585705
658.014733504
773.82660891
273.535762755
451.900132502
751.139401043
493.395926696
765.366158193
169.153784819
385.869861485
326.616210017
663.35393702
845.569775257
420.929241523
782.255726762
35.3593670559
70.7876633568
305.606549558
499.492667819
600.229019265
759.761499381
914.541548695
900.839465069
719.918072004
974.989605386
333.729808271
671.351317683
966.268451801
419.876467889
562.863996977
481.227838565
79.0165737869
290.614298572
679.357910864
369.341939903
375.418400469
390.609154428
884.997341083
274.363060563
432.986595628
6.15968706053
477.175368533
105.947587651
202.993062504
703.414041264
925.46608788
404.447432015
18.8645612536
306.030761575
381.633785248
487.710863381
247.43521257
470.175274528
689.807190589
574.214577913
255.971332484
433.536025996
574.717278147
738.832702225
495.678386101
170.237557954
9.34020840958
76.2361967893
269.605216569
766.917091808
831.853073711
365.505919924
66.7368277383
798.670692417
737.790230087
154.316967319
899.462687806
236.506623918
148.514415923
327.287198104
727.639023261
113.552761148
417.570637475
726.078685807
132.870068822
238.435246306
696.087282026
729.518577701
309.499250304
617.999716904
166.144439163
640.69712457
504.718473728
880.125473991
364.495505822
688.819123935
924.167241035
874.708292851
446.186832673
916.641709716
379.503761057
171.27672154
627.563476692
741.880508498
927.182376179
832.879260012
970.359101793
957.63641002
484.886031762
971.393682316
387.387786423
364.656217992
5.10994984431
516.129211876
403.371298281
602.073407071
737.402850565
513.959285871
390.847985808
795.624906879
5.4675444497
544.759616561
937.739282958
71.5907416449
55.2882400128
427.988406667
880.879044299
819.883791266
763.836772467
279.133546526
178.916296319
290.894975422
479.69686157
309.870260355
592.300814932
375.232495074
535.877611082
372.449419632
610.080913981
424.25616128
704.922065929
490.496552472
248.405817476
698.928051673
905.831807866
265.096208823
495.538478485
798.845002504
339.779095451
142.425328961
691.840909157
843.07069141
775.229525636
709.611653494
115.946417007
91.7251064984
315.118577428
442.127308393
184.058909183
737.032465438
974.579103844
466.595904857
951.688355006
893.017884963
878.49983486
628.031320248
385.739550268
269.095319156
666.615221356
178.522233244
266.383362203
261.778749985
83.4357577115
208.334777322
895.627954769
931.500104646
258.539391268
795.420114103
523.898048319
29.2156263199
867.28736602
290.627724294
501.933678792
638.777634968
806.687232329
963.031675812
330.372193231
818.892521909
590.804948465
124.961912032
908.673889966
854.288455861
422.370941835
379.947800704
304.770316346
252.615695582
415.074882471
367.549917108
710.612648556
790.290779249
288.313822352
931.296707203
757.430163648
140.860356895
806.675104679
740.349734439
36.954474543
195.760445489
37.2373203751
648.657691023
902.61641028
288.390417648
969.697309508
976.153038096
73.8191237273
904.121874118
903.425572664
690.003864863
652.943338617
221.486827192
446.512818257
72.7647597253
328.955072474
877.658934304
507.319983234
393.860885689
867.046143541
732.234276608
707.738389866
549.269746608
95.2179138135
812.986876442
73.697578145
19.4524296173
459.830088598
241.271932255
897.196490134
44.0167968557
564.043825615
409.797883606
556.578654294
222.718243167
783.516117954
587.902125105
677.675113713
367.914384764
285.162090779
231.844254912
881.701706286
470.633032286
513.632681632
455.327962299
318.957684526
848.848627437
128.291669891
463.823443228
446.371969266
472.848865224
695.13411298
333.74057489
455.608189458
258.373499386
485.556689569
656.99007227
847.791202787
502.485916079
914.848245292
562.541549921
226.606820672
870.548163715
386.9454719
240.04066841
258.442257216
955.438224057
636.000032599
900.832861864
849.297791367
946.262921606
42.877307066
420.924920251
914.505838478
58.1779551777
951.397665053
189.911224388
904.226873548
818.74282443
138.071245409
547.802395458
104.282367337
579.226427609
677.574958598
141.294275361
604.015509696
800.904274354
614.233509298
167.51821715
223.08326055
977.252245473
20.9433222286
550.834551729
357.543145975
601.48428438
808.351075783
938.832311783
256.964329107
626.208577329
241.426377993
120.761737613
63.4850292747
320.429495511
998.726924435
870.170396875
911.260478229
330.317601279
318.297467122
29.3125205297
166.730061624
527.825201975
400.819818075
756.738112338
437.653437653
278.783498139
73.904974109
784.738904193
319.194198385
355.787051641
678.416481398
324.059485467
39.4440479123
472.139942003
96.398588909
124.862241794
517.676930702
633.488819296
795.373762977
704.348338035
745.594653061
827.222333981
786.456222046
772.002569378
479.993306704
238.383190699
385.643536252
625.535544535
574.395955897
169.346781197
310.535712904
497.736704773
232.135221163
282.774857714
561.800324342
640.513768856
477.225538488
393.590151671
526.084959712
314.385151197
860.491248925
939.180786359
587.27293675
147.821009156
908.464023204
605.907945326
537.719926575
600.104591678
867.319588074
135.46473787
441.393062804
716.225088136
311.793857434
300.255193431
289.667715567
250.320151756
783.110257591
893.439341036
716.42158751
750.251197337
482.108597855
421.127458311
451.502363888
596.245432805
512.964895485
819.246479732
360.026779465
210.728255711
77.3952852851
18.1048032121
265.034703489
738.587804115
573.457392755
772.403193016
13.3140146272
160.441603129
767.703439138
700.05771476
465.161521068
757.567556932
650.395065592
57.3128892845
245.791240518
407.201587211
245.798525386
203.112921692
854.782836863
326.253668197
710.847443313
387.10912142
245.158819876
552.453757273
507.521107267
15.0813865528
521.575054983
670.515479428
59.6702600715
986.392619519
884.790678013
898.294756963
153.036797053
18.5753843316
146.935685633
452.90665819
703.131920754
558.328869671
772.598863722
584.590103356
723.660749975
867.368999163
696.892783585
761.890220405
845.134302063
836.789087056
547.584111482
980.725242965
650.294740064
548.363379683
278.014431192
920.305546187
606.106770144
54.3572136165
798.876796181
134.014940853
229.811424462
542.532867145
814.544192616
756.05645293
957.974618027
128.970931152
880.036492639
419.304829243
237.644896865
232.490658027
300.501028106
241.943618107
881.985927725
629.210630068
766.464708428
382.678381485
540.17113087
722.70765163
173.00811732
283.466394252
393.351519434
208.608387368
477.469516938
496.477121467
829.720405935
953.178281834
238.368112694
225.283870165
779.942071354
889.784567098
196.677256315
975.9815117
852.947405755
594.160076237
712.64685837
17.0149222659
31.2061968781
200.448899259
610.022466105
246.941880409
13.8690119137
429.897851704
8.5721391402
146.797444473
650.571749236
480.589879574
166.526132547
5.52671458217
624.388745135
432.631911323
825.711854949
217.459864059
232.075769103
215.71898503
855.791142931
175.679998656
688.140367931
224.373897974
47.3089271377
254.563295171
360.084550892
554.034050706
960.071506261
604.080714287
417.855357876
253.530901182
268.533003217
920.996112099
179.402012564
255.961586766
947.783148111
383.058186818
766.902144346
598.205379504
261.897729513
360.985824885
572.757514396
219.372104304
409.359932906
561.328109739
231.349924702
248.81013794
691.646533768
221.926928173
300.002706604
981.627500113
369.889337438
542.195048488
339.624184658
353.259165907
473.21789514
212.017621355
145.615223572
630.754971045
326.321990783
319.150586557
753.650025051
549.699284649
144.347606085
346.591200654
290.157410033
113.326835211
632.194123859
522.882771658
759.167519791
47.238920447
402.134241351
118.528948275
560.388928145
613.96394935
769.951709738
919.316566003
750.251988664
922.547013561
664.632163148
762.508364071
952.370956024
671.395544134
283.135618019
885.200402226
488.335110465
715.936151854
684.895680117
16.7586323814
50.8199708532
835.055505634
841.312798202
48.5250415189
733.869122743
383.361388824
862.602977573
179.598128214
667.426827527
445.219095572
635.437199255
425.551949455
815.39503642
673.939083421
684.877374901
54.1740156299
929.961938999
254.301772989
548.533652096
282.244135743
740.904198074
468.093564551
863.941711473
55.0172863199
880.106869397
