430.488425537
754.44727857
935.906592324
862.372573897
851.7973139
360.317586705
960.598591769
154.065182468
551.310911067
638.594761086
304.258285046
139.948664272
445.423792051
249.484489144
959.521380585
801.645142365
778.989914739
515.211851774
97.6099817061
778.493250327
9.92214591949
106.827690736
400.386380896
336.874544354
522.560253026
904.262835149
148.682476403
856.636307742
213.266754735
14.1714006168
746.900053907
183.313377412
608.310567959
292.319113323
644.549419682
487.691567959
282.29644692
72.2550063059
898.952765605
516.100844648
462.655939047
673.710137474
184.904175757
517.927187388
486.405149733
402.886115601
983.634121388
918.820007902
115.044579958
234.112573101
407.623065814
809.611677973
874.618367779
957.45094131
834.085659035
600.357907384
183.601045111
809.294613155
417.216161912
794.023700379
117.718529185
900.469449436
487.265315713
791.069348232
513.317744978
401.03161862
481.051376618
992.326608859
159.997068134
920.619511319
372.981633341
763.345137406
665.50351159
201.57149496
461.795824727
720.265136005
818.044979473
45.8555845552
870.459325405
941.020541274
247.255327443
552.822690447
603.922106041
372.750719797
474.653651362
798.484839318
91.1223130858
821.902445492
861.010308826
815.219478923
314.211285431
114.363581043
321.827637941
245.206107033
14.4216198705
941.719234029
13.4384453861
517.752023563
554.161786354
772.826559539
929.68154157
460.194121717
40.6655218072
661.838937054
936.901040043
293.688630359
401.391663651
269.408029496
929.591550209
39.7758820369
256.954351693
90.3442663544
353.644037087
935.964133705
222.807344398
478.403697772
417.219959899
208.41164751
746.358517569
618.383023431
935.783636938
426.259130835
452.408808125
777.541352407
632.555662768
357.051191609
674.393975826
825.984705548
497.802006406
77.8059531451
132.06053377
209.463369559
65.9321668758
548.024041828
800.453108683
533.061620239
705.262684863
668.721734296
10.3016056992
173.635062699
766.33783356
848.923507369
457.333459195
135.002652795
604.77049508
911.525636569
714.465622904
168.147198993
159.164721108
529.188362015
13.9585132755
78.1303866564
306.271601686
233.847012205
287.623600511
484.0212262
592.151321993
446.168640615
140.610527402
758.85835275
760.205783488
712.779371571
71.0063369035
864.28646446
961.153302204
176.466088644
599.877944672
576.543509171
477.576263863
341.755143852
994.359585953
993.463874902
537.770803645
551.921412682
386.451215083
509.33799798
491.570576944
982.08331318
623.031263225
154.872766697
388.74905421
659.715768553
719.995343286
628.537441037
159.5432846
131.678472243
450.458980677
928.386830908
324.902707414
456.016179482
240.486907283
988.269178143
263.415152517
478.408587665
430.651964214
247.59015234
944.901761041
375.633731477
284.732763714
575.08388219
732.622563258
866.596773339
240.938162952
737.100067305
69.0918398393
393.992614273
824.814730887
3.06271084666
456.561092199
688.575579548
90.8577110575
823.471467236
510.066779052
706.246663742
51.7655264025
516.147739972
252.281725392
674.309689101
504.01541751
623.050601983
381.30145617
955.835844487
396.339225561
740.02114574
264.90930797
913.449053626
544.815325877
757.142957239
352.998352547
468.094067131
125.947163265
674.894492624
87.3050939538
247.71705163
344.194269926
227.40961624
774.840402775
460.270643892
248.37836188
227.017106075
415.675801856
390.841568709
65.4366751134
611.60092899
718.759320818
415.398865671
398.619531059
234.5703778
643.937906874
895.089744482
131.804780929
265.263553217
715.44299483
481.466384278
156.366130128
135.621175936
768.353111349
687.962866369
288.193293163
418.559890417
311.826151244
220.809561208
795.989143502
225.558387411
970.671684388
25.7735988097
221.669803778
508.592326914
474.559848532
197.808850667
5.04460199935
942.303626494
273.322562343
483.828882613
850.573464222
433.243506991
869.509081413
158.447474313
770.299474002
519.769814182
121.377795736
999.339512465
500.803401744
92.8515073929
118.293418289
726.410390673
754.655990017
248.79972452
691.39690176
90.461755197
165.248150554
850.803340562
863.298480483
941.055887257
69.5382140134
294.72876441
561.683219479
413.869723884
23.0197164617
701.518412573
516.580022595
775.838808251
493.645091867
364.130071271
346.112882941
85.5775329175
812.408513004
846.357327914
56.4317642369
407.91584414
413.043609869
423.508338041
694.341005283
764.263845254
455.604385162
36.1289655554
91.4923438065
760.510721274
415.897431146
31.2915090148
280.12973124
967.252967161
719.628596299
59.1479369687
81.6514348188
682.689044469
441.254354968
279.40901123
334.715517091
538.534789032
687.691825446
693.714718764
416.901204012
127.884719136
107.21583845
562.504824419
876.62539762
662.852638544
651.738521032
969.470935741
849.168202879
39.6291811856
370.908556938
362.830445183
912.066145458
333.440078222
686.044068276
535.455848873
968.07972885
668.152038829
3.07893996214
71.2878204857
817.126954579
911.488782552
639.100356732
201.778387822
618.919644441
705.074269603
894.403198365
317.65184574
633.763693148
979.722617852
336.175747213
458.96328614
224.052021645
824.583840367
488.172941729
342.240316084
292.892868894
670.294826843
241.66246901
622.984029516
107.675824938
783.461968822
290.655117814
245.746610424
599.624723939
2.48654239899
478.174465889
395.148378802
64.4928070047
708.531531666
786.235483748
752.457280379
665.956061332
78.3662002652
779.786200894
723.957142004
64.2787510704
992.250847185
528.997929603
437.64278081
834.975295403
851.700106457
5.06583811371
71.4727709548
902.519488313
476.923184984
814.312735574
353.531144205
22.4926904016
33.3467221073
843.033732338
869.001066556
955.470954224
597.302478938
75.5461094545
617.453141794
621.17537758
434.694294976
878.396751425
310.138561185
373.220483362
885.331965969
868.577181097
994.154341354
21.8954099482
317.261914153
952.104827131
81.8242548512
544.171756517
271.212993203
566.573111764
24.2956370425
533.364674455
208.959982768
301.71920196
97.5653112995
925.731927276
530.086213629
136.349070149
239.783238116
624.633700203
198.468041445
114.908828053
486.118802975
766.502549065
608.078299401
517.451665619
305.508514671
293.553570004
62.53165135
922.004038758
761.627155646
165.715295014
321.9240741
996.761542372
148.208049359
523.580588504
121.922624987
462.477349785
412.539341491
437.25226418
623.849625926
864.503172983
79.4620135731
316.494188554
272.150806705
960.644435942
256.022601069
192.28985195
380.301067956
714.763944346
621.232373611
869.547332534
475.046410689
581.329732885
319.928863323
744.380110952
395.169376586
825.473456965
177.26437627
596.819984062
538.735446204
904.300774845
128.175588569
654.104270483
174.705663213
232.392625106
573.203228474
341.506477211
109.527036034
637.138590636
426.002869668
777.026052974
412.952544903
215.448032831
840.246313583
702.706532978
30.0447231418
284.387583216
553.009951213
394.78542131
214.383909677
407.193691579
575.734973466
975.670768108
498.401323624
961.217291465
218.452802637
307.129217249
817.495870392
56.1934615786
892.431715073
870.311922906
292.866942499
270.889689609
284.019700147
829.937238752
934.617294604
220.560615362
393.310125624
849.067258043
813.265988421
775.209899332
993.613274277
180.407413362
824.066080368
57.1849069868
95.1427447676
375.811118445
163.04223845
916.565488496
239.915510336
898.002161338
72.3061973521
931.36938416
162.105258605
383.687035561
424.109770068
749.641056932
671.477683819
528.558102014
608.173072868
793.873539873
909.997038986
547.302549416
65.9849550946
889.040035641
155.707573063
84.1451245687
454.940213779
159.490988166
1.08413150585
455.67975835
36.3424868803
318.46137621
365.107103809
208.18876124
650.89901433
494.270649244
607.314408814
814.598973829
303.094648263
461.791976653
19.0589158226
404.822486206
290.547544922
598.403007809
22.3653344086
262.485595203
799.622154238
447.249694003
350.108967013
555.846221847
964.266014112
653.978521619
695.574825585
695.198786365
386.178786493
713.263656522
286.441435183
917.362078529
146.315554401
452.036246042
175.101819339
378.152239415
216.728969291
478.789666129
212.305635681
442.209464746
634.011412764
862.509123057
313.303761584
486.62435893
858.435872488
593.007060098
922.033398913
468.851531479
895.724237471
916.60999969
416.957248262
186.159961739
684.97207558
872.716919895
789.835643659
37.4514943646
298.123251549
457.316404309
453.639042714
826.196148911
317.759250291
520.193139041
398.29008533
29.657270825
658.307932974
389.105549109
895.586076913
691.248991617
393.113956269
988.376509876
487.507653715
447.023403169
161.160926433
820.079757226
200.950909972
668.240064782
164.836347294
544.844349079
363.524493502
472.319777844
383.276575
88.2579033589
902.377522159
592.432254268
432.221286951
913.129926875
287.808596835
778.889024235
351.36463446
129.946474634
800.280624171
885.164487264
798.737525357
502.07491627
530.616401559
462.408145029
692.583420328
81.1737477944
349.791437725
655.461527301
330.368499345
297.46797476
934.123201802
224.716596589
542.384661556
561.384885044
657.412768794
827.088538356
623.682751453
38.7410949407
770.053205762
541.212878129
243.741181787
769.697197766
60.680789782
779.497003413
158.27994849
301.237118566
605.537298295
173.905837572
228.684248357
502.662671595
708.006615534
382.260791264
437.209839856
986.040431101
185.927593538
989.411115408
78.2565160507
598.454238604
950.607826491
7.01917946384
865.580992697
533.034038498
540.504663945
120.052181528
244.334302659
692.989781488
837.106309351
132.770771909
820.520436389
22.2414540294
663.91964379
923.173656069
695.935880933
933.114337427
856.57458921
426.870816981
814.130770564
968.27737206
689.668870792
508.11409822
537.557844688
122.868745494
70.2632865086
248.822631159
62.5931246161
140.125783525
963.215639535
336.253509085
536.150552869
734.208312574
501.782113955
9.04875075491
361.206351777
329.690494032
6.97235399404
354.072867669
32.8486042648
514.388832888
240.174589368
143.251869403
529.786511683
517.688633977
378.765436113
93.8270163535
7.40133228392
41.8051693024
562.647205357
199.774868472
290.045159551
284.984432318
880.886709756
436.566946298
499.121774911
983.826787221
124.062022806
215.470493513
685.354157248
966.681439503
457.882941761
884.566481076
289.832022615
336.675245565
937.406153956
574.857229723
355.106090332
477.984176753
502.108956218
81.078040813
108.068247259
368.012621701
735.437019676
548.941809704
711.432435605
857.72067204
192.647289103
43.8094578522
563.28007751
806.456833932
64.8008911065
265.23410546
782.603887926
99.9070270806
774.374376692
324.580497731
28.3729843951
707.742606919
27.2894609352
20.6691906317
181.530952092
761.904934226
281.931593593
911.471119403
317.336275264
497.937397583
549.363005689
981.721412515
17.2634810523
330.344454533
288.991196215
247.421210969
830.748631653
527.418735757
884.183057469
654.094094417
148.090483567
294.900172441
622.906160291
673.964374867
991.007897131
803.171656209
365.507642641
376.896265788
46.9610635012
290.879483623
96.8495624845
324.472135417
395.952374312
660.947174114
493.977397636
897.269494625
438.684320739
438.233812103
891.649881584
981.327591434
765.271342688
62.1274841226
145.952017011
769.754961472
380.186579475
749.2089067
613.235180329
908.218912407
302.189813633
979.007096338
25.0406155874
42.757977174
472.693423243
345.16032192
364.972259477
899.931309467
823.333288245
119.184353494
320.771052323
164.991870091
776.195279869
767.534369324
605.123986479
16.6940060094
960.154875335
18.2426335655
31.1776396702
640.961910237
909.440666068
662.878508844
666.447156382
298.651853275
794.725189088
553.451402902
828.954631892
525.849091294
609.409903966
405.393152752
581.849077112
35.327540156
204.76626057
594.40986586
129.917570837
120.914811243
915.214255177
767.587817651
508.856081052
676.258751657
645.138095944
113.013906503
319.58978733
631.861066709
727.013242236
981.923719484
18.203291769
124.962278028
293.689802245
121.856721071
168.698532485
38.3035520137
806.594461409
551.31133972
56.468739781
667.438865648
347.230797219
689.383812311
503.831239223
25.539828488
654.69683736
680.345336094
995.77644827
744.225038715
277.515138032
843.354179627
554.017027169
912.064217079
454.059295724
390.438564666
60.14567818
871.405512098
271.861722133
94.4425121364
620.365667153
719.506209095
410.581928201
236.439423085
747.008807262
664.843238856
221.118674379
665.37339963
469.042745197
376.432867959
506.264163239
897.723271924
456.930530781
465.272777149
211.467370519
535.128435771
237.080744468
773.484756506
70.6872982134
311.640328768
607.015861638
207.139769999
344.338614536
745.653793347
517.617360736
896.671923118
425.817016695
142.032877107
503.861801804
927.091259619
873.185099484
490.709817449
68.814343965
400.750339747
291.759301659
87.1572048729
480.087826273
968.344183438
352.864651378
986.28331553
914.06147977
741.966495345
107.251842357
298.057823438
816.5094443
226.06948742
942.35457175
7.28919405157
919.376836409
332.937102388
941.357895011
594.941763393
981.985803396
485.253413304
543.40294526
684.882127342
197.514683626
442.31267639
893.882530721
877.218150307
753.399959285
557.737834578
515.0304064
672.132801974
785.660266568
629.993651918
704.156128717
934.681836428
269.073644819
379.012494952
185.660061889
277.356268504
669.326429084
40.5908619072
599.934900938
239.734371956
886.768263615
498.513787692
438.423915598
621.770985076
913.282544601
584.974968487
68.9419873921
710.600072495
899.357708573
334.812468421
127.799466256
592.464748191
637.884110631
790.441939517
764.884562283
450.698642368
619.185463741
511.892002114
162.578987954
17.159638058
662.09854569
321.417802213
935.638386815
417.805508603
438.833375397
410.977829073
913.31647169
848.359143953
118.924979114
143.655876016
662.097745488
960.453862917
543.636996313
574.104366732
956.726744631
884.775797703
226.73068826
134.871417594
98.9577254871
735.492135547
539.020383902
742.367244353
500.091681487
458.048439644
251.710813991
