837.439199475
195.022240786
809.896568468
185.36694966
991.098390864
498.81559581
214.259585592
195.480651996
743.721746023
437.243962945
188.03979067
283.289251517
869.056539938
769.881876101
700.476249348
976.263921064
918.685539826
75.9330469895
963.222116037
825.238074957
109.816412185
504.730789157
636.619858699
204.230776063
775.42010276
873.910174109
229.011157054
635.431399159
629.070291246
270.142990105
796.677179784
148.079102014
683.604148843
913.002802257
397.607361011
514.673639575
203.968529847
495.31397588
574.987488226
630.503469192
625.687431602
279.684365777
885.701698388
283.13011138
743.423923034
420.152152717
113.490037101
316.098725888
808.560046138
908.619073682
478.186137511
520.330718061
189.137604479
852.054687345
197.524926915
612.582525818
572.069986966
989.764179913
302.314148116
561.379951012
378.045476219
998.665802889
640.420522512
260.040405734
147.698414882
738.705514999
611.489455545
398.168229779
195.49752704
322.402754157
499.771896804
821.726532757
216.896903043
900.024298715
80.1285567678
947.466696875
801.151281243
803.567859085
713.444469381
907.908691471
120.481550086
629.17112923
290.722848623
444.348154393
798.894617278
224.828993911
701.935815724
190.842679881
815.495465977
996.44061782
776.970625991
984.327049985
784.704564821
213.901123303
39.3397357749
102.732491751
381.125612586
51.6797187432
606.424377082
183.732609001
32.9656698711
845.063287668
957.010224888
241.557194248
937.087910292
645.452365309
442.35534383
695.607781328
58.5313906508
443.485888905
385.757277092
465.180377944
226.331871891
494.885604543
764.485729696
480.97721896
344.618109806
638.626239026
51.8386225986
650.966418028
976.653146332
11.39726276
90.379807425
608.422200871
177.221254147
391.689447524
309.057165812
872.847968597
939.896684877
630.434404277
357.98259034
775.75979464
342.786642276
511.265148301
21.7888289191
390.513215865
777.523105004
434.951097366
81.907188994
909.347789018
356.225241549
268.573196184
326.049352633
997.068307123
439.220227317
686.27338685
348.203141577
40.8282716
588.009786321
623.717520118
775.630009124
633.307446733
810.601865123
113.568751704
423.922825848
857.696139337
611.493704745
322.876706905
66.9012456228
348.634024849
960.826368737
528.821944603
244.740060998
741.660493601
174.854543527
642.66994936
225.278038585
777.669953736
460.085923934
481.069326283
632.836381836
472.800574815
780.455919872
887.5819179
393.772008521
52.9487639168
420.370883791
492.493661649
322.827064406
320.878389801
692.569932381
140.762857875
908.930563753
275.982862327
278.134745508
803.608493481
115.98135882
984.58667836
945.419574576
538.39465541
743.632080919
929.974372108
261.658284317
173.439481845
88.7511705958
944.744375832
899.88507589
535.802240841
492.605946072
957.653604239
682.143847935
690.963744945
753.413293667
697.224083618
70.2424989627
93.3140908155
606.799126365
10.1901342866
945.766357284
234.095084457
922.426771927
659.069079173
274.487753735
810.657140504
449.07846993
651.755328286
365.114686275
426.706188537
713.510684783
894.799202278
45.5396450522
351.435693404
591.940816771
712.124533727
745.052410252
326.720035937
186.759357788
127.389830497
166.522761748
920.865484697
993.542243547
721.261438213
446.742773544
155.548230559
80.5177476392
227.838883207
266.388880896
72.6934260795
465.234282644
200.538967516
728.880840691
465.041334196
999.941092076
585.872021251
952.335694381
245.339323838
113.041981696
719.053498961
796.066282559
420.384400767
922.386144192
990.489162795
162.905921013
606.783883097
625.61355674
331.922766099
306.668769066
122.830430821
623.525368004
310.176932521
380.552357466
899.500324184
949.463464161
542.534247184
888.602395877
715.914850326
536.733571346
494.63365729
861.042440321
295.592784633
857.230417208
420.031020431
526.051137784
633.000483628
547.782787949
476.515476111
863.431609598
488.629208788
442.705627363
951.493075783
47.0656817951
23.1041943629
14.3143222782
605.884306318
367.418961566
169.613798306
456.810446362
58.3228062209
802.436699495
739.507063688
613.929420742
819.553791805
401.879722446
544.082542464
255.390314183
1000.7473385
823.234971081
693.199703082
117.705554262
392.940819776
998.443223268
566.957297821
348.257642022
489.426473503
14.58025082
3.51425027359
961.247737222
987.030024506
200.52933874
582.040510198
101.369002812
845.760690554
154.443702394
646.30963332
814.787214503
275.683487265
908.647273144
63.22490432
998.251952109
342.55014832
222.015876871
207.64782423
293.416938456
416.095357074
155.882563327
467.723217763
488.890045196
119.547654163
382.973126331
887.409140277
507.308899014
243.492305569
52.90999723
37.933631852
864.919148583
206.84918962
25.629324616
382.241702756
957.80342784
204.376399438
120.471238804
822.092080846
798.559734576
667.840720987
371.543278555
926.931873328
459.87421344
188.235929183
371.339356107
297.600140088
200.60724721
274.724400919
793.885356283
406.424118997
557.172223234
826.3380986
21.1344046566
893.798971615
569.409328484
575.237564879
323.594706076
567.057199612
121.155866593
300.070546673
700.537798541
191.367899666
656.17220437
939.005448541
656.59549444
142.284195945
450.936074975
540.031927768
589.169784533
592.744412046
480.767677392
506.398326997
808.949234192
683.131859621
82.8496671785
109.846218761
162.308417813
635.644703019
671.364317969
589.024968389
454.471673762
88.0150310622
872.366619423
621.332299266
679.12698541
759.532093658
411.916524469
334.676241884
973.398728009
178.212993022
406.691430015
426.370339282
935.863128254
721.005614645
617.750613669
283.289292429
55.5244504575
597.008213067
399.949671038
776.185278175
899.64446522
223.025126133
797.190261102
792.097484542
162.876356925
175.379944118
26.1111972863
757.176678212
285.710900339
568.060824985
101.225612087
489.211058796
435.214298561
784.044760814
611.801687942
14.5614034595
402.485221118
971.917810804
829.762477374
67.4965019826
738.975639229
467.783113458
883.56899748
427.069295152
527.60554263
565.274860347
487.602022026
823.538290332
306.082487953
37.7201685884
861.007287895
54.9366439871
302.104523984
190.270958944
751.44178877
712.269322753
827.597382449
77.9131208375
742.352917157
861.805088625
795.067830614
868.057324242
324.390398885
83.0521156882
892.301369915
717.571738172
177.836672171
584.745869717
120.504075672
758.270050761
458.210735836
426.410071639
742.881410409
194.849832713
68.4172846422
761.134678124
373.271829897
782.794234638
319.081413445
660.976659757
471.794104983
191.498595659
856.785053434
919.308395494
152.417294771
591.851649413
744.567281421
937.66915449
975.811986602
223.978969258
494.613389148
197.741886122
527.758661364
361.796427033
342.491447589
174.484163519
456.664430841
877.757875717
613.190240902
161.12433749
623.839262207
108.550604333
105.471775749
290.382022116
97.202016955
542.894787937
245.78346096
486.198224724
367.491142455
882.799133205
720.749161219
899.579387016
15.3721932058
150.991512657
455.039782463
935.81508911
651.500598617
138.19622226
425.873555684
60.191699454
902.722073252
743.54166358
540.797222519
603.464674171
750.684591616
932.465070628
617.689700142
491.895247966
335.344742257
386.601913232
448.967680738
693.313871649
282.674378918
369.663103484
179.838879142
536.187192575
983.277827291
233.859763295
847.96622553
134.11660943
3.67438801053
223.219161068
871.154736872
639.970091674
445.968607595
781.662403533
101.663416849
565.669327054
69.9985024228
461.162195425
154.961451235
826.992924432
522.629305749
164.336096317
643.744801577
675.397673059
510.892769592
151.660205838
396.525470705
145.799624021
861.074002792
768.176891498
274.593971825
962.502530566
355.007056165
917.104518041
715.645194891
533.871160075
482.480020456
414.115753628
188.732463407
329.454897508
349.8175319
86.9657611906
781.244845599
383.518852819
706.268853828
964.375830902
557.048781073
310.760571104
686.465482644
663.314765444
405.214029317
12.4010477856
832.904577464
492.253863483
551.591582249
287.73610619
901.305383418
397.790720075
378.063087768
878.866298183
561.835546047
988.001028275
323.755002564
105.631693786
624.667229335
237.567032384
155.486096668
867.197528614
746.179619743
811.127052597
484.65845672
432.620896027
603.715773551
178.152964629
175.639562286
802.527268511
171.495364992
607.407772205
480.154423818
530.763133185
26.4724246685
516.38524994
644.749383282
871.724304262
395.578740998
858.701156468
534.21477382
324.633892348
831.925236765
165.897186871
512.557003474
833.517323428
878.005561827
242.370964025
664.082684499
882.295305574
487.040821398
593.725107677
943.440102166
221.396333324
991.493891598
417.792653269
593.059590596
393.177205498
549.381675335
515.002719936
28.7748739354
77.2428718301
818.430340266
512.801946164
375.676812621
298.314144079
331.984383904
747.060092244
9.25143980486
594.020275556
670.379407726
302.839126503
17.8242274796
261.773541577
326.701661379
846.091675415
478.161780007
41.1788410679
945.95228131
199.61265393
431.829728701
607.565603095
971.372003632
741.620838745
682.810334509
97.2229174872
562.182992095
430.596145206
740.045392904
666.400901615
173.395868327
867.613269886
317.090941742
451.47844551
776.175973565
78.6677515561
79.4933197372
202.386759121
384.800407861
102.635435702
185.643613528
623.487101102
348.935179911
360.351880874
251.337566981
970.347542204
833.181923279
135.103896981
617.820921621
375.547939765
348.38029227
99.1597163419
5.67768724394
661.576969324
308.848328937
21.7634009881
322.815188778
343.824124868
222.919565374
627.72652694
452.965725888
371.675373317
346.479937075
391.053315662
100.001177131
149.478588949
399.302611278
258.896689404
550.326592106
928.591474743
101.333990003
665.740637354
73.3309554057
204.523563893
114.153027826
419.044775868
638.015981854
200.313593036
254.631272301
542.595624396
633.161858824
798.31420293
102.074397007
888.972552045
19.4086866203
141.748377214
684.535624119
925.812247771
325.281004518
31.3549633988
710.887176056
962.990610089
548.690096699
489.68012078
838.637710944
360.654092507
977.924390777
15.4473584696
785.297931193
950.200628538
807.53747586
709.87378827
482.637484333
208.786537347
558.319536155
131.716821031
17.6379366056
355.648285302
769.427601321
440.240427523
39.0555659578
860.669094562
853.567264819
94.3570162397
522.810204889
630.16427216
207.411122771
567.034130401
121.68633034
539.62774051
177.551090085
971.637515989
882.152231035
146.701851387
956.824996757
339.593748597
546.746186139
6.06730211843
763.999263067
192.764593279
893.761086384
728.857350642
0.164635701531
61.9904415083
796.967415328
987.763139898
70.2036842511
766.062384121
528.529968002
6.49695813048
289.317437249
547.758173708
732.676642653
601.591203746
583.3861156
831.21930413
737.186821947
471.501570412
519.147954508
317.700212202
673.721580046
829.361816566
858.519702287
745.971534532
28.774657032
337.224524264
462.805127836
631.882178469
731.927772121
972.003549873
539.43319166
332.326502647
994.666820228
916.57434277
501.983857267
566.68529881
249.967184185
997.794247712
466.877304408
683.250241594
353.821385457
46.5290274212
873.597474253
91.5663100057
861.955778146
89.7061489867
439.55288537
797.811063698
370.348026443
939.170087598
114.337672339
926.506171067
955.240114871
472.299556401
69.7933348654
787.455723054
734.796039916
4.54961079274
241.316177056
784.511313315
422.594466777
861.911038538
209.816043287
45.460747291
317.82722569
911.271600932
700.804898644
905.089001415
896.476452171
583.13764303
497.90304214
9.76283762696
504.153096709
146.73661719
413.739613727
818.893868879
689.754136988
255.181729332
276.359619686
318.517450286
716.231332083
290.802258916
374.458819928
526.604111732
194.585802767
994.872331565
811.967461312
803.550840247
48.704521956
899.175510992
357.418427887
972.129082078
318.71401979
335.314093477
935.543049488
472.564318086
461.690099909
315.947391379
790.009279121
45.4783355961
376.757074111
508.370761135
913.420965193
300.172713579
284.875567895
932.582051687
474.22509698
217.605917694
251.892747735
718.255669659
585.157515109
296.274640995
25.9099950803
227.689234233
636.723713071
499.148122821
621.398981044
505.957123496
740.407325401
634.702768345
422.16455494
388.000493539
216.339166951
955.29717928
129.54722897
758.996272299
254.62980171
131.042942614
364.791960776
356.983315917
373.523078691
953.547736236
930.994994748
957.039567857
63.242529879
657.084704485
637.193582029
938.991531937
826.332398871
705.343582872
404.068138339
364.911389081
260.249905731
520.523677186
487.83368682
693.845527509
458.326783191
960.998550082
991.76839771
888.782392932
408.757512641
512.235428358
63.9974014929
511.418926078
607.968587283
565.307820008
177.088039643
250.407193835
79.0828908005
750.103106149
401.035910515
262.498776849
654.247466499
309.357790384
884.664756524
113.268206298
511.61476424
430.641571606
906.223978185
470.169959594
736.727299729
455.88463338
719.382385314
565.156854795
960.528953068
343.030333182
450.595720829
794.315318542
884.185272446
286.605395428
851.602876298
739.526947025
498.438865615
424.95665251
625.035468455
965.118184909
526.838889016
163.901186911
842.688627337
321.006661575
984.214246118
167.632200833
283.116590531
530.318617935
329.094114561
879.585492194
642.085445623
676.798367846
723.787448503
404.920297068
691.031623112
71.2482013484
827.311754669
355.328626271
73.9538368015
993.003742014
802.067622105
357.189081086
741.597930194
643.303431904
757.655727764
56.441896632
327.562607403
902.91708201
89.8962719175
388.694123328
568.447607363
110.321992932
721.476180787
966.267094589
364.885448958
995.466329277
927.727548328
932.555052327
628.934418713
337.893318037
985.247833641
951.431514564
140.461041224
518.321126466
597.633705256
160.697514476
855.241124758
674.572764736
696.075780979
148.56981346
925.340521363
852.495884855
228.850622373
246.114118518
192.019059756
456.528982422
159.020247479
86.5068992132
700.52678672
475.211464176
952.285737663
236.573677909
