560.143817141
533.124533876
447.606950572
870.704980562
849.691339617
942.513029156
206.339209955
658.695482308
929.390063802
626.310975539
956.02485906
505.711100953
349.412015569
627.258708743
808.526195289
869.965409895
955.382659975
212.273270949
371.826575668
459.617177245
72.2100492685
665.016820002
86.6728111569
376.743102682
559.811043204
754.902659429
728.407007499
983.02515744
334.676781142
982.290977917
341.050019745
942.671551296
198.320845032
868.217062713
238.647510054
490.059873984
288.033412713
71.5289186506
517.024735352
766.936119528
16.8460611927
478.40357773
664.329170097
510.3012766
225.581212451
92.0011876023
692.840986791
543.350856649
900.612224042
322.165514528
97.6205984547
739.067290949
693.43138348
979.718372861
34.5126387227
294.548789072
680.31699574
396.320223119
490.219773358
300.402172568
537.526112744
557.949943061
141.507395721
364.746488911
716.182114261
60.798036537
398.626798042
92.6931617242
930.6839139
710.852506424
258.357826026
718.446285026
305.279916533
373.300282922
713.134341106
443.982038207
126.971864607
812.12116935
585.702656164
158.823473351
375.689328935
204.028217318
664.633508832
560.324778458
556.562477138
373.371762838
851.705156738
888.420491874
919.793787529
71.5523982983
570.274964266
242.190939331
841.770971486
648.80221646
787.758871635
150.373362441
918.74675175
349.784629603
244.183845613
699.970214344
291.664898358
429.761942489
137.752753371
315.498738063
222.794700991
598.322527282
930.286618772
232.875538247
942.97185412
824.112851443
12.6762083301
483.874289188
645.092241035
936.952559381
880.848472679
173.785914112
153.182000955
856.363528328
227.59486195
326.489199214
226.822164116
73.1867343087
746.291773366
592.116446136
404.986535324
771.321698128
471.308459783
595.204402747
84.5590390578
651.901170832
105.006008197
528.214069493
238.879402093
344.210137554
498.268928763
144.703498384
737.024195046
284.121778606
26.6986127084
189.459265249
572.066286677
547.693009069
49.4304011297
804.746681774
446.718149991
62.6192229522
921.448491279
182.481576365
315.872441294
525.618426354
468.309753971
7.08506832202
907.395339651
679.534494477
211.200741083
865.034893797
988.130664744
609.166410879
340.51027298
806.204708847
844.766246369
308.5367656
308.931998611
783.415270603
871.446744296
215.24011094
982.287145542
809.312629129
699.512660264
781.821603171
551.60997008
446.266171314
982.924207875
918.138641006
912.226676801
182.360426396
624.947594142
989.785425516
233.43848065
605.312258345
419.503111137
776.736940575
180.345677222
810.730720792
719.32794151
417.13885969
398.556408008
249.669155326
981.073716093
530.722711793
635.353931863
415.49967935
753.982208379
349.447893565
825.563298692
406.47586662
693.111415469
508.534232815
982.437808949
283.879695796
948.498414774
186.563546283
709.056436299
997.473099797
146.874653648
330.085329337
950.272835798
997.42765447
531.845633834
730.703431182
929.761243136
670.414482884
412.423839841
847.393014837
758.745298302
476.941569857
318.301711353
324.02598452
981.135092254
489.488926074
672.184298933
544.226485279
426.89442962
702.034527523
367.827468053
175.000747438
92.529146608
733.29962668
513.013035278
160.459783708
459.476473251
251.740189677
12.5743869169
167.277432402
405.355824914
406.281056277
852.902327078
720.190969533
712.567714607
472.464359601
5.47049356632
785.064341156
909.324938338
129.863066919
921.887821904
998.738213537
529.699477467
125.250088794
993.969962469
732.522257957
157.60462583
426.509490338
199.98336206
558.21696988
828.364941423
66.6027349309
597.306810244
413.53033851
373.684464286
40.1675441368
666.541569323
474.742022427
944.855461401
881.570755564
667.011917172
232.925013277
425.464933592
217.077415774
236.128716141
631.362533076
616.834085714
963.374756327
707.749070684
404.869789188
384.872865884
252.362431141
359.442326932
916.80320449
139.663419799
384.605554058
315.81551279
100.852295727
265.135763736
668.089083876
856.267165072
874.652904585
567.413562817
15.9541679863
929.346943423
398.835133404
805.708643096
343.058302576
976.617326648
405.166553134
935.707589989
287.690978779
785.616939353
307.499479235
674.218999019
56.8916790601
106.096832208
587.897501872
401.499834115
538.119162775
573.556069105
497.356076238
433.602378198
598.834878235
961.093100122
549.713499117
97.906869922
442.646983432
380.1321776
609.677169534
811.028543367
327.322694468
697.390862303
503.835198999
487.126006021
954.681840033
508.802815981
839.567153129
97.666163
879.930319525
101.623557586
129.927368197
939.350445507
41.6907445697
641.621664947
612.719539482
892.522741168
739.830056525
502.489574751
609.027103656
365.861724231
530.519575487
141.857807168
470.430126879
607.437390552
450.11266777
27.8609681826
385.376602627
684.613278033
514.238961122
124.19343816
66.0243002265
368.556592847
763.221973066
802.906351833
146.261458072
453.020791253
853.544852408
732.469719216
271.530600202
147.72587847
434.794994013
515.752052056
982.218508405
461.506306197
310.413423001
771.221771697
303.409649145
789.640021193
775.787103216
917.12522682
661.888385153
581.379126517
118.485169937
880.120240971
407.51750218
914.157700901
965.181706224
43.2979261337
629.894095036
75.0112830901
841.788523405
480.252923157
961.893301576
373.214810823
835.603718025
521.411737549
885.207985753
938.531466103
383.089566411
113.923269138
35.8813068456
514.918904335
78.419070172
138.796569121
906.661134742
374.419088058
154.376713471
878.068153732
949.472300479
746.555301289
427.336487798
705.541239578
45.8279558927
669.000003688
302.395599766
380.608209591
654.719853553
453.065339502
291.707272454
40.9581608311
877.956345437
240.880046014
235.085053681
663.385899807
57.2483289685
938.231042578
429.173860778
606.933724692
387.433420903
192.071944186
252.116969971
709.812032662
514.895434422
72.0015624731
393.378646351
176.996952251
811.901875554
92.1700701338
320.086323037
243.688803221
316.350904766
366.7030254
289.462756302
449.701117531
321.358604872
438.315052041
591.373050965
117.483380469
346.51906292
133.222209559
790.95203399
10.0104678262
572.198636883
27.8513729476
770.208203876
78.022372928
674.234395638
528.188666187
959.313777642
126.04196496
782.849774965
8.77710417965
701.428760753
381.497012998
714.925268764
980.619936811
223.406086963
590.249149091
733.38031119
186.994877257
347.706147268
885.304014079
102.947632705
169.288636337
615.429994093
128.038859149
642.604262397
179.338888825
393.297192129
411.801423191
922.364584106
180.111551823
88.8782680364
124.146073142
422.483022697
542.953000911
35.3099562312
105.448855875
212.017703776
396.024508219
506.325674957
174.471100829
557.997194851
102.982393691
875.418686066
165.645398449
583.898542622
902.911154482
207.389697795
56.204556789
165.779254633
345.443323349
37.0468788018
436.756822437
111.584634836
918.180768182
345.939631383
431.843870477
128.933846211
751.286814033
837.660990545
277.09878351
724.092809426
243.313464345
848.041153067
730.595967292
435.70913872
509.877377478
300.232511478
948.00107933
745.489714417
755.459553214
675.03634535
647.606744069
709.692487878
355.465648512
381.559159908
572.382150826
62.7152608086
764.997777209
329.524527689
547.940730494
692.057524789
539.949317953
688.781452871
229.978251863
892.558169787
70.364102315
612.197095925
509.69538535
321.130460078
615.253934494
538.152480604
810.769192146
801.31974164
121.515182386
136.087868025
842.945704915
265.902288014
980.312083667
858.912652568
36.8999281037
923.054792171
138.675863065
800.075464376
498.595197026
744.710683721
85.9270380311
304.179514268
163.738657747
250.235549825
697.516196965
821.133950058
679.297227493
539.625466389
389.084270052
849.070676229
227.926557745
420.273234744
506.864607388
42.2028771767
507.735980642
957.381010266
216.113454156
161.098926215
707.37532142
835.54478402
791.536793651
775.647607773
192.955964437
599.23026425
381.52686533
945.248495919
267.450501404
925.403086835
428.937442448
192.306846565
192.809979073
223.008738783
155.128747294
471.075398383
861.459970257
49.9426594937
846.116633647
436.727424948
654.019817253
404.631299791
263.223640956
701.428687052
497.091646042
613.246186427
234.965442397
458.411641292
931.055150571
552.173449318
130.20845109
691.149351627
993.49226156
385.059684088
795.96929735
669.419852543
26.1033006585
859.637378929
611.472484025
417.725486761
481.15129627
64.4658715635
544.073685797
996.14400428
491.794088731
531.141315547
96.4516585377
900.426830687
332.004422079
934.515188879
535.466771806
829.655654663
872.74023198
507.475883233
117.524740412
267.360545429
503.634756283
217.488330854
920.218272961
514.363287556
560.269231087
927.509159983
794.118242207
955.916575881
947.860751531
557.721654279
992.531459148
468.056091628
53.6772481851
472.406282438
329.697149274
328.356903062
827.909632814
103.719427923
48.203344025
486.390968928
598.147663937
150.727676727
248.374482515
957.477791143
902.950772695
507.755951408
592.550780334
844.340546062
830.285013468
970.977874372
738.407394209
963.298073589
957.442821426
718.980876537
253.735746839
11.2487690661
245.079189893
379.137495021
989.027607047
224.496524422
971.033350674
386.352413338
503.154921442
649.448286519
678.403320068
146.394601983
37.3493445681
924.117271215
839.335657053
763.960177504
460.890294233
280.06535112
360.304449926
433.49693382
113.519603627
455.063463767
682.116606905
865.848357577
429.664626598
493.093280217
396.10964435
187.269423276
454.991450201
61.4922144337
197.08769761
928.417480089
186.24908261
719.755527039
902.008230183
273.425766874
262.448713721
267.539780193
487.318727964
88.8211900159
528.786779739
315.620545097
280.139885733
413.09456681
753.87446774
723.363431713
619.963316444
88.9340404252
500.349307941
843.457232287
907.046584567
971.112988085
773.728501503
404.109653572
266.831240678
494.717301826
686.731992139
160.150679923
575.640713718
878.933058004
513.510000325
215.425132999
839.465327439
726.215135727
342.068935945
13.7802910832
690.818045608
245.144723173
654.366765393
787.451135307
291.321189917
424.883924956
62.3562106333
277.931715583
241.897157708
392.953908584
256.412789964
988.877676297
800.661751523
157.98093472
894.028351206
601.939592836
467.112886875
832.660874702
995.043268496
829.038293956
589.663384841
740.833443277
830.533578025
174.577706769
715.642812833
309.525132372
373.8243296
777.162302465
683.318669736
31.2422499428
682.099848425
708.541820888
553.674885551
318.405276062
444.381299159
650.958758085
265.30659242
815.9837772
716.457949119
128.843495102
12.2040357896
270.274288023
27.1931782955
297.457115634
198.056916308
979.29539468
461.091059621
960.423217247
844.15989468
146.099792772
645.256646524
483.724212264
386.276906282
844.905682824
64.7252527295
18.8534015835
995.078263743
99.8845299714
590.088853111
408.755196198
454.799636561
898.704155788
436.158004968
404.791183316
793.241079946
522.59985607
559.244152618
988.905936367
461.304047461
901.899550998
34.6951391303
870.351540803
919.08080615
707.84501703
713.891213624
493.076803856
834.966175394
707.718534983
269.85539073
620.947160464
984.346604934
779.931283876
668.308605149
981.827454121
290.137902065
348.662130354
506.879346212
914.081476877
275.968509638
456.191118872
852.812694148
647.580010477
556.178927418
939.616449092
511.07727947
171.338058461
612.736041884
784.135735498
902.282721373
373.415932042
367.499180369
454.217153422
524.872953579
917.659916761
757.095964563
917.480969342
83.202197891
162.89131221
631.772539801
601.942166179
534.8748007
775.851600435
787.130471645
825.110125935
400.855858221
680.901201992
687.549348974
276.71243684
62.9720718834
127.950474252
738.017652041
238.97330605
510.716348424
372.864770194
91.9248641872
733.595018498
16.0947509265
46.6713877548
317.481606712
171.589407077
987.04364348
313.565595109
438.841836375
733.565407155
309.853285281
972.009165975
312.105196464
320.070669184
766.733978837
154.039027014
961.809270828
329.161096873
589.961930498
899.745024535
766.022694053
238.760069011
128.245750246
211.845644686
129.192792887
856.658845715
394.447829678
920.531485967
559.44829833
8.36734577748
48.5640568824
311.733839363
452.534605522
540.619612335
22.5239396673
666.621022965
577.877430445
244.169174579
178.352322178
192.46828645
314.959029502
222.230917436
820.031989497
145.645881717
200.171288891
181.47738162
430.448527434
457.311451365
80.2600815464
130.242805662
47.9071206467
968.060075571
576.08910577
522.958348632
641.152641015
613.850510798
251.705269664
492.049790447
370.944555992
452.281130629
143.847286626
10.3434936372
868.100172733
625.075744323
891.987580414
642.705801464
515.93134281
942.917891992
211.620463095
497.242194098
320.278764169
713.375168538
680.551746221
438.880065165
40.0749167517
498.955858247
503.44863709
779.223424635
783.114424173
522.108820703
640.164004948
707.08207252
884.682381145
124.341313568
914.691854539
692.357445713
534.746496296
537.174301906
639.249855527
332.838082352
316.2162992
186.034338494
38.2980157949
305.986634201
975.795323241
162.583888061
783.348676886
137.106291866
596.378364894
883.414393935
588.707546741
423.548094133
914.551278911
991.026540874
175.303240377
543.099160817
685.650925861
635.21514122
120.621360764
62.9117239999
567.237755835
321.121114854
78.0424274134
172.998936993
836.801333765
738.223546701
274.627758094
352.749668928
197.519841096
151.114651423
719.219661452
693.567821504
924.763961823
475.395281508
237.565832396
690.99932432
249.935705122
365.549696763
37.7179882205
302.911500128
703.829177789
715.913916852
811.154397168
985.532872254
44.6686351881
734.1453461
784.472708202
794.265225317
600.03383354
968.050333169
385.064125966
945.335814637
425.275835683
19.3082260489
73.0727514059
415.016689662
846.308914616
447.71074677
169.355182165
380.868142993
782.606060289
777.04245628
308.28998221
523.863190747
120.371918969
336.895598559
942.328523487
465.474210654
414.974580223
945.223313088
