995.006836832
778.029205571
19.3838576691
360.639648111
835.408599979
626.984825269
970.555659234
251.177080344
136.344040696
295.013610394
949.174010477
861.191590581
842.66603136
592.635334818
205.440146497
975.065755298
640.422639347
916.233238314
446.481163538
84.0275593887
394.760213505
781.564031253
358.896313544
260.527791815
7.37554606599
831.111970571
50.6802186517
379.604168505
546.761604334
651.869004553
534.013262903
266.938669777
186.999639517
961.055351481
294.519406095
118.039324511
358.825388945
871.055397831
564.235172936
880.670374826
386.982667105
426.354161093
991.576912229
263.523905694
366.706642655
590.731035452
863.673933649
40.1414649864
826.538285532
212.634523373
490.494717342
675.914194736
825.495126193
867.334881546
478.666313687
325.662463092
301.601433619
609.116450465
342.49135258
22.4746401693
787.036741076
869.497001014
919.260437574
624.95413096
843.525998689
621.13036755
291.813025486
381.461329459
211.464047897
209.573673266
691.701076811
548.010626778
255.694576173
148.168573114
255.841993697
388.929108763
395.677258997
23.6483403398
690.529414171
330.166351309
290.022993055
930.948276228
606.561863931
254.812626426
446.408192694
187.71528528
896.057083287
644.819318988
541.971071678
867.838048648
742.660555159
355.089687503
316.738975519
921.501763485
306.463623563
875.535698284
55.0488853032
219.823760807
25.5701072202
796.563768426
242.171359493
635.760074933
341.076367994
753.626324547
863.405789418
786.85308975
26.7904679836
826.628319648
357.055925835
186.227237476
828.011601163
691.974654778
128.036299018
285.584904684
927.309362006
558.285285606
831.02863481
226.420904507
985.758540835
95.6103262
243.614440449
920.500594998
153.125774172
96.5150386493
305.91231102
743.977585432
96.3423053977
440.582705679
512.644986245
389.137780619
61.3624229353
989.054123638
907.46980525
493.091180626
650.793382359
826.806341703
252.829879123
904.057858005
866.421005457
248.172211718
677.839968322
203.117302233
931.379682067
854.67919433
989.279681433
91.7260676739
90.4403159641
839.998573108
164.166092118
849.989427861
993.877371354
783.467086566
423.709595024
255.84382288
853.647585085
939.106495092
654.27544119
966.052091558
557.222610154
117.841869015
622.46254951
598.014482578
76.6298906743
293.307029659
125.51202284
252.841111442
274.047587872
149.003986742
127.279195413
398.610284567
387.495750158
929.182063176
857.935958085
797.012460732
397.326488784
984.041797768
633.545694106
567.808499331
794.485577741
162.262972656
576.076041024
559.080925739
683.946225415
655.648056689
565.409234099
624.915427947
251.29258882
345.759824465
810.430969568
739.748046061
810.253582016
490.960408684
775.698588301
730.785694852
782.081075785
90.6804449464
531.681466783
200.261160313
726.730589139
133.621094006
980.838626836
996.491924016
916.894860277
650.71561782
702.626351441
86.2354788867
430.758335044
993.023035583
719.27234566
986.693204058
831.834253205
46.8465593573
711.896084177
112.495505704
461.174700106
760.27850819
443.344867479
39.5961565346
461.871367174
345.824036237
298.523305699
699.215495936
929.973277004
538.813117469
751.914501506
952.89132275
938.794336439
549.681763556
820.01842395
918.023533773
154.617202242
971.132129343
990.577427229
957.435359748
660.871179509
810.121277131
868.930683341
95.7542154904
214.447752733
565.111588161
300.424547482
175.191143233
418.834529107
115.945790508
645.948045232
684.058024464
623.262670799
597.856754379
155.373874282
482.897855369
437.061651244
426.693577132
49.0046985881
484.681555292
263.979562921
878.146438374
463.910078982
932.633254899
358.914542943
104.953353947
205.976717913
275.202697095
905.670566231
272.523852829
795.15849844
97.5491854442
467.683576977
453.49250781
982.142165506
991.777319423
569.303381514
822.32543692
527.887216135
578.143717598
9.52571110947
431.743631505
295.277989085
84.8074486
555.334219006
426.391549711
185.946638784
96.5930370949
298.860122744
812.757261445
140.426151663
308.792471398
531.667695235
404.270976666
923.029068068
689.204092064
982.446491942
199.211470933
678.612464755
798.35429155
999.628150179
618.979557708
552.644887146
368.033520935
69.9145561715
740.150648827
196.023020158
742.725401167
623.509217449
723.374760764
814.493805366
349.385645123
401.514642123
969.532348957
766.211947915
673.341330044
963.774868707
240.884515226
520.315986643
529.739449778
961.10609827
946.459246629
704.655821124
867.314569506
777.723137277
967.442077842
132.986012526
209.360226037
638.734981527
131.378587521
820.485106566
389.300359265
653.534446462
942.235322739
983.108242169
543.047426387
407.669234721
885.278029074
128.562357305
257.20863826
447.049393701
369.029788192
662.655581183
476.523145877
16.6483749871
513.356786819
78.961712872
798.879189575
942.336219735
992.544075721
693.449371913
66.6782344352
583.87285087
765.388989476
296.306655551
115.578098909
351.62640523
421.658552514
243.119993567
828.33874759
994.791596017
358.169919988
736.587896688
561.262730989
688.455919878
524.724908858
889.745982399
790.491550266
5.86271395789
542.744857149
737.866881925
473.528974639
203.734903373
76.6041521497
581.434289633
721.330008148
393.607768216
348.81557621
375.524181088
852.878095801
902.418700466
650.714532975
84.981105625
651.724025286
339.377142294
679.65494614
530.032806719
211.187621187
620.210432946
198.198797112
445.318743854
237.874553656
776.566089292
590.605700598
886.307596592
735.072420459
383.719731079
853.764738305
962.182645873
680.378044901
626.145479562
299.80551679
989.979089955
875.454536846
514.986406289
642.927360764
641.494488058
235.028221844
908.472138564
718.175468921
500.999704537
584.744915232
295.43144677
482.534225829
988.671862618
550.996111609
971.687437265
752.536784042
737.943503497
692.06979553
808.590426557
717.773768451
810.281175187
535.551440483
838.355617897
380.738105987
639.54664327
770.065904033
493.307981914
19.7551298529
901.148621905
441.060823527
603.289828697
725.494223095
140.254530805
964.885543679
246.753979641
891.818089916
463.939663848
804.701270486
85.0193171743
950.196394681
640.088381972
769.249057189
301.652884308
103.604675334
99.8116156491
81.3881357955
267.442483753
239.004873764
604.714019769
965.560470813
378.203665845
948.001444658
484.948322136
799.032746028
346.348430201
387.394346614
560.493966735
308.886368818
804.005630272
969.373349148
301.613610987
168.171907055
702.504320459
111.353163187
792.089433554
772.821479631
372.180102092
471.140563621
785.6574193
763.843511609
657.13039821
341.502855448
133.097780225
149.728748896
362.369413659
220.06895562
506.495704059
467.84941937
535.587109507
933.303766638
103.19986585
320.244188655
99.2938992892
464.363294186
853.515044428
445.718193012
273.670522285
976.362214067
927.484096052
438.389485186
517.068984929
126.159627591
459.744367196
893.595187057
874.133951456
47.1258035804
694.987072501
750.320662625
735.33552585
470.535261255
232.445505362
389.592575815
500.970791786
22.9640120306
523.083184007
314.509219679
261.816576358
771.959033495
584.592633116
87.6179098189
882.91205554
958.455325066
449.391340593
963.312369131
638.655678667
636.595430449
679.485383022
903.729052247
346.364277088
912.96404267
273.620296933
280.907532021
447.077991425
107.841622349
963.986122185
903.81803029
866.160797227
768.032467872
71.3628224485
340.878222292
7.87828712017
916.356337994
825.753894068
328.293921885
407.015847795
904.130675677
524.960341939
193.079243071
147.636859278
789.059362799
619.465764932
824.816099652
350.20235011
991.786566206
863.028502445
305.913145842
387.352808447
503.406637995
401.063931685
66.8009636423
567.056616306
977.582507885
493.269726714
451.168715923
607.549911298
207.829066878
209.485274188
213.535043464
71.3198431662
922.097685403
52.2178076629
94.6703261217
516.80309626
684.017452323
698.383911336
710.516003585
345.702431012
826.01932984
45.784159559
797.064315103
214.210554463
593.108452543
796.608215261
142.99193203
133.063314893
330.201090828
354.731643255
820.820914492
310.435134268
980.30107499
584.553594542
414.406043769
675.141883485
111.768114907
274.661849174
684.882530759
735.078661682
613.652439344
267.346312004
592.754886192
984.131445558
197.680579527
392.108140754
41.0803397076
501.490505975
170.242833414
453.421169117
820.082192631
208.721060933
978.222184525
169.374967417
926.18567635
769.958570906
149.695491902
124.243121104
863.036638788
729.971979082
584.490825014
489.859505807
445.672767305
411.209918205
855.433550231
397.751730943
939.312737442
212.715973669
401.993816129
533.865626876
11.0532432895
318.443016647
739.203375254
745.664907527
13.2647627661
990.675024166
721.443875329
727.8916688
858.147103607
555.23978921
471.156953994
873.061108356
337.233065552
553.669742161
550.324865624
85.4350817593
176.956093645
558.487760611
314.670972567
866.033558678
542.360359983
1000.64108613
639.954188951
973.190452004
671.407988075
546.901378056
145.000893494
50.8069769173
635.497536123
547.477056582
287.514788439
328.065761256
914.386007039
400.188785849
908.936696962
377.776194949
68.6825732681
636.808749055
145.411983578
598.441761151
674.69553278
529.234679214
808.796472917
637.827102873
17.1769765845
289.369672236
139.909832681
711.567188277
248.352066489
85.3789549156
123.52396033
531.357575502
883.713196269
652.196455972
471.35231329
879.765787507
679.763331291
441.986851405
756.529300412
752.1711444
650.123379671
542.350620331
429.375596608
154.054779292
654.448841995
722.909648564
722.739202522
798.929487069
862.66277228
875.9077498
491.827551266
287.435966705
627.347888963
858.7022672
546.208787053
282.330060393
396.835938823
466.078006684
787.26719211
260.112434272
91.5148130875
837.725711195
351.74865769
896.270040569
104.663229606
837.871387832
131.750019685
851.779531207
915.705212117
370.212855141
484.557424023
694.847535337
55.3752589294
209.849368392
913.834211169
834.531536185
140.906991792
186.380213478
295.062340233
216.302194232
589.109188301
859.09493418
151.873125691
304.695811919
354.898620718
507.129449692
575.047905685
154.170985647
29.634577985
282.419770198
277.422602587
18.8863038811
267.191627652
78.5566802699
790.098229062
290.237356325
931.728799643
183.727849466
162.699899642
232.805161909
240.789016907
946.788486546
290.990045703
830.665651181
527.098854547
846.97500329
572.760324581
904.459054483
692.502586847
366.038439644
974.859877679
851.786414811
397.414702238
652.712755802
775.836836782
762.331665773
924.011054431
500.218098877
604.986306337
712.104590309
942.018914846
464.610224935
320.076377854
688.153943561
991.359184763
638.285626346
195.029589087
831.793372002
863.521512538
917.813824489
555.240301309
245.29533502
40.5642631508
26.8783581029
976.715612641
455.7590374
948.182789593
371.153945258
837.990286339
817.971557285
842.60103655
336.634650708
260.066262769
621.160418653
620.407186567
555.73385536
996.983664455
162.128291005
232.664191025
979.370175929
137.573953925
814.422459934
177.232740011
192.06546147
316.424770464
870.210460663
428.33477564
926.053094027
259.339158337
857.383990177
620.366531197
734.766595203
742.398272037
803.27125534
796.774668118
312.638089935
556.840977542
301.973214291
460.349819412
195.453328519
882.207108205
781.672487636
525.617423455
928.84936086
481.050497163
791.4999904
486.31177866
281.153920844
471.732736019
653.616375282
910.247869018
288.049788232
976.427238343
689.166200991
972.911886818
222.459314385
827.766745047
175.781907177
155.67438181
395.145210688
491.801890004
588.737063952
794.975962327
916.636804704
332.100638451
38.114694259
547.19077344
682.105526064
446.481237019
926.975378904
727.490510412
52.9140972345
142.957914211
614.548175411
604.685522412
138.876254938
503.156927369
318.032319214
204.810495427
2.72180242347
231.454356202
237.235369494
1.44345603683
412.706859745
6.30108887988
42.5458317853
122.34383466
727.635964226
359.942994063
812.20431767
797.315308775
250.556031165
338.896777957
110.85647525
833.783991291
30.6121577066
455.072885688
26.0556648464
83.2074518955
335.861678371
45.9827588186
661.321895187
14.1569999843
112.112572878
912.70608046
642.627989926
258.047300517
231.231253201
366.252296545
748.022427429
660.286528233
649.901458702
343.951479859
107.936537074
262.777302279
121.979021347
33.5792536658
419.191277054
539.643756244
523.190067026
338.408349381
25.5985893724
864.598104692
966.420474488
178.150348774
618.79994465
496.411581453
257.844827096
583.518650603
121.764992839
853.319103507
645.432707159
900.151627772
646.858402711
705.322989094
429.546510873
425.388958488
917.885426622
63.6979442952
332.434987854
128.467572088
798.316146282
503.686766322
855.766008575
870.527924032
133.054362943
881.955781839
987.658021484
108.813794246
140.476576195
297.283699884
18.8663681133
610.215540903
63.9061652484
667.03631676
146.826716003
165.036560186
939.119286679
448.986623036
955.789071499
626.15157649
421.185522814
437.28615023
799.095866834
58.4665688002
506.620606901
807.36573762
533.016754993
97.9745341626
861.022564853
446.622455907
938.83256643
917.377505933
700.928007717
605.956041243
871.10230227
896.483716926
214.624897705
16.3268210395
14.3435419745
845.950198903
306.34924695
271.945981301
231.440861991
101.419818765
492.004403346
802.281773584
104.354457277
927.950083591
223.414609961
23.9828199194
548.98095263
601.805406654
415.475014335
830.690664425
931.913371303
942.998205696
301.633359917
896.148495709
528.135251243
72.139734828
116.198761108
130.876217407
205.821754866
331.699523933
678.4441295
458.186321803
677.358248433
786.341047876
668.539697996
374.783961218
622.225346461
787.320646102
588.410072459
18.0916989026
962.028051446
97.6974066578
566.090061241
369.429086936
150.882635732
36.351241044
679.540604692
232.335627768
512.849067062
275.824997884
307.170111889
530.687601255
288.672400221
555.629543956
278.990962979
158.289943799
564.353317261
26.6674835486
854.880897508
253.783525065
996.643112899
404.202477845
