559.946626905
225.086669514
564.265762381
54.1452626254
4.49970714004
411.951125475
739.972710449
131.368629297
744.488420571
526.374181864
558.848040559
923.078904699
898.301798019
108.829439507
414.765798063
372.65212349
371.963923673
333.627391958
382.107402397
344.051428093
597.800671839
817.540722603
564.336511115
712.153436196
943.654300942
143.824202505
429.267372392
527.463274093
112.990432423
691.635018
230.433940345
263.131575001
376.375123644
715.900441342
419.676900537
985.041943149
580.443150257
739.958788768
653.569462477
178.350091744
113.263255501
478.481557094
849.581099768
388.71590475
78.0763064757
619.032059677
820.370312043
610.811744906
401.92366873
886.016297279
994.190852714
467.60010894
708.825925945
467.342731621
399.371881712
31.0882963126
767.222770858
282.48482283
558.236217945
452.65573917
259.950845618
327.49983361
651.527954042
788.240672112
371.579044667
476.162980677
956.082869237
585.712031656
368.376129922
559.514817553
236.398226818
404.218134707
198.332807327
357.219865303
200.628554371
405.52684453
743.376921145
658.362666892
461.364364727
543.790773204
870.43695299
498.640590884
576.414694289
202.432768398
897.871306132
870.367343026
236.95279049
954.301355031
776.242239436
757.442368132
35.6468629629
165.347338681
625.854999077
392.840524454
829.504194855
726.425836479
225.768944846
648.721955692
224.548817241
600.142936443
778.049597952
812.582137953
289.946027334
645.909193632
664.131537564
319.784567485
617.03286458
427.802822019
202.244203765
676.171687047
346.99005357
837.781137261
766.764371404
458.013964692
396.809003607
528.418978041
775.803361948
142.865867775
283.711196986
856.106205419
581.369015223
657.971124386
509.229396879
106.885054132
513.089596767
685.661075254
947.669686677
21.7554408896
321.527042933
898.477367101
747.796672194
509.622555371
247.072004571
323.553851332
272.401915868
741.551090316
761.748660607
196.886010114
15.4809739401
460.651144346
685.772105857
81.3802042719
845.242906411
62.8824538514
97.3608724826
871.435645513
798.000410939
722.135879384
30.5412759655
387.803819939
157.176133491
778.876351619
715.940140247
244.209211197
921.027509483
353.030821274
902.3208661
23.1741874201
721.994143255
197.845845904
464.625871356
763.049301033
393.869750739
834.145174039
239.226131131
891.108594852
735.646974635
239.521061247
410.03175576
765.007495787
502.048566124
275.059742631
540.622702766
118.836907929
878.881985739
238.440846102
165.145251591
248.094921904
105.359990645
644.938976202
148.492862271
299.88267594
351.505244025
455.839617593
318.899792161
722.076459437
328.340555537
22.6367960261
357.878097281
627.848865684
708.958749987
186.005056796
629.061151881
435.4222606
953.935060294
510.262484412
27.2221101511
38.3269380073
60.582286611
256.178529807
224.045455873
811.252729144
884.608763507
931.195005831
756.076279161
880.203074085
721.108867732
614.041463616
210.628085535
706.710752815
615.727353706
146.888624796
565.766469947
398.640739992
658.347735859
73.3242236035
475.170850998
62.6483764421
698.96213016
883.963428393
440.656987226
567.663825631
793.781767145
818.755464111
801.699419323
6.7602872682
356.193066623
70.1373534953
34.0716835008
44.2719817261
559.021689243
762.691153401
323.822180562
639.675500217
997.13725896
295.262213114
391.348427705
905.435877301
57.7044992742
202.517453108
908.260067293
993.330898077
175.159849428
387.084773296
389.866854169
793.218197508
874.774839764
692.389025378
121.357464665
605.004116005
801.320304775
480.815630414
653.774215368
172.204853409
261.982672788
600.774539283
958.930928101
678.141897166
671.054506762
105.060725268
696.459114914
786.156938648
873.09585628
741.331924183
661.229555751
813.716564677
464.536873998
701.721596521
772.476060332
581.648464752
132.434612483
412.232239674
593.766051672
797.212450024
504.333710919
552.187631646
902.982915224
738.036067021
796.26486908
947.060285875
14.2719803061
845.529009338
479.705335016
25.0472707119
684.269581019
296.67143326
381.89697217
283.617714861
551.951792133
3.87598213643
983.560005366
397.303812022
589.825089692
919.704494732
721.647758723
330.800022527
769.774724263
971.011524983
595.080433961
11.8180583124
440.457698837
827.62263405
850.205515356
17.2031813761
358.401531419
483.490285196
21.2699704071
599.834949596
664.107328811
118.09099412
869.500410278
626.669511561
759.397577425
309.010064961
959.608225268
491.017824125
191.108807502
554.110529524
632.058311342
54.409438674
909.736280426
767.128215637
973.358615527
873.396137331
56.3137287817
934.063294621
948.758686028
615.302205369
155.046944032
597.639787133
562.162090292
763.067473599
632.949467236
968.666601676
59.7093745812
839.942364998
6.13560366008
829.229156159
395.877919143
590.013637696
375.566344408
929.495414876
990.562292137
774.88861258
524.837766909
543.200788233
249.320795728
479.674733338
974.051111732
342.332591862
878.364954771
181.061250494
146.543795862
821.063464794
912.220479248
115.501599735
871.916375868
23.1335493793
643.064941935
855.575382022
315.199667588
360.190427682
159.875452077
858.826822772
140.919313984
911.917837848
738.263692158
362.352183421
738.204827722
558.900578867
596.411379818
287.169473972
870.090485474
748.302660735
154.522972063
842.175912705
931.697959627
344.506343969
664.814563702
169.19038535
183.334344823
91.0231213137
114.795081044
665.399230599
774.507616665
23.8738985151
20.7339816037
138.185292052
148.990172661
117.336108879
55.489581874
982.352393561
383.36086818
775.411441021
80.096750723
388.246862074
552.622500657
827.181006183
937.445042617
134.464160513
450.7076221
871.477902288
821.854594377
221.851806593
626.393486804
13.0287764373
696.550736602
734.574720478
0.661158730121
246.732032665
181.82141573
249.612860668
917.302374931
809.223581657
993.113792763
121.488036926
343.17890162
62.0489960302
27.3952254939
705.702209719
591.544936101
14.6473414715
992.8727351
57.5754230159
153.092176809
707.605533288
609.830611249
519.193732947
762.045720846
723.454333231
3.98529853406
11.7974229456
280.164123651
720.492548225
7.3557486456
197.519963646
235.123851181
903.15438355
366.751107268
316.204306217
409.788414677
200.632181871
856.48134258
860.104330272
150.927287975
841.086719193
794.116603636
559.807093971
219.466239021
246.692364707
612.387969345
709.954505342
405.869666473
280.963525803
168.045104772
429.340378689
745.048639959
197.427442387
181.262101747
326.521367229
186.132523168
614.511291584
981.224410046
274.557761897
141.541292743
433.068514104
891.006639782
872.822767425
459.159246984
816.788335598
650.980317657
733.680628619
80.2811886236
269.178195083
512.628239165
99.9227254621
247.326908615
696.439353339
401.89953413
226.535809
99.1197081444
383.393303341
396.934631411
207.117771501
616.07934209
855.538059039
834.839746285
540.87137354
199.031542086
176.948626273
995.958301694
920.064132177
777.961495506
769.597735699
546.165715187
249.514352697
905.714375849
463.589748566
633.239259115
78.0656655196
370.161592909
386.482956987
70.3666785677
175.085896318
543.669749854
435.27696055
430.666341219
336.729566187
577.484336972
241.321549986
328.615138854
924.988333623
217.635492635
892.488990964
474.095430172
370.918656996
163.990889258
61.2938133206
680.761406064
748.624393098
279.044235205
640.990671404
879.447648161
866.22192985
744.017977939
388.682915304
512.698188549
892.990098083
332.77083831
985.556534323
877.431806784
914.851839782
415.314195284
486.056293622
80.4006561211
824.496842207
198.248138086
896.396124092
349.287664814
877.046981368
282.370743829
254.899346394
629.528093284
923.843250445
362.788420061
566.020072507
853.544217062
565.485200539
161.906506226
722.433237566
77.9139104596
779.340559508
441.75768802
422.657786124
854.946170928
889.871571714
212.999212092
397.511577458
948.84262356
90.4634149479
729.575147364
974.182018828
893.288329739
867.144175108
997.56270774
437.122035551
843.632282381
89.9203230384
738.052118322
610.224422526
866.699777139
108.875286373
991.22927624
425.531594011
524.265184992
386.017981377
569.222876881
143.027685487
85.6956140139
209.433743555
797.935653369
742.104326299
331.261845531
604.5886987
257.186899585
479.376588374
104.494062073
514.912226274
958.236760391
508.557391583
56.5960906634
240.034240602
802.399873345
409.829532666
342.779837767
620.076442848
29.525839312
601.081960818
689.569467402
781.089672711
697.64466326
834.942710128
346.536088543
2.9985856141
421.652307141
85.360681623
886.167030061
380.886211377
737.547817347
422.106132433
965.94570144
4.87219050989
644.608057168
672.922695926
974.121530839
590.886730268
342.567965863
834.054615777
707.577923072
915.928445144
432.357296181
74.4000864974
665.039308556
364.469514731
669.625958502
261.500148015
681.103343404
464.87645118
538.996824263
49.0360447358
284.095583028
687.57287805
535.253031303
718.003124276
5.65643358379
806.083908269
513.433618416
163.361379237
346.436608238
386.288776928
503.447303725
636.264579565
125.646690139
84.7527422916
119.531531857
738.460760664
141.781537176
406.714639852
176.314616834
223.800171093
276.344624921
338.941426688
924.037795572
589.346334856
858.602955335
623.750382947
301.965097474
862.725921473
39.7500801634
706.320230989
267.585558086
513.6172638
390.933097233
88.8249737868
533.147521628
661.05935308
580.17929128
203.644957204
159.624502439
464.192226223
878.036046523
656.5342325
785.73971504
985.412107808
957.602963491
776.375846111
767.324859477
541.164563768
408.285562915
455.163643619
426.723347387
487.282199429
940.608337566
647.909647329
363.270467044
802.29617095
708.357149233
621.00958843
315.984467008
25.3121165316
230.783631706
23.3261663278
422.504063764
306.741300605
426.299553392
339.970425428
13.7347437684
912.307942917
107.308670166
724.886981583
603.065469317
467.493689077
231.43209083
916.937061735
810.152561342
583.153729999
445.007654415
773.486737515
420.146772669
374.111380302
899.829948173
965.112612905
406.697294647
847.477334574
461.845895458
35.2355211178
421.200490787
895.443989047
629.570227368
102.010405273
56.4928496039
663.185564844
953.410358088
49.2265648853
811.26623347
174.995250432
466.826259488
18.7588135392
398.15534768
721.066470031
185.536656604
583.607954439
292.285289643
938.703223514
1000.57647378
543.709778423
222.950317351
334.228377218
966.63800184
58.6126384086
843.203901565
262.983029077
462.037340664
892.520566677
982.388516975
7.97697870056
193.725946248
98.4792458174
821.90491498
346.687556145
806.66897597
199.212764215
743.980976838
67.0157203042
403.359585087
403.765666921
181.380723849
812.762444926
593.800349266
106.323387135
383.769495321
552.787640894
589.619190732
818.310322055
244.456462262
495.393863875
756.176149427
506.548749551
682.334784347
585.953602853
389.126689918
705.098260083
903.059142391
931.853571525
3.38308916755
861.536910326
91.5041823873
989.761539902
883.428282563
379.000178907
762.026671245
407.067519486
988.109083402
12.7499043099
481.760388512
489.914182435
258.740393693
662.792823389
572.053400407
879.309649045
749.730897376
1000.54684787
600.245506417
211.358412275
387.103908732
113.454291132
866.590681309
803.532237321
231.430578425
503.608289533
345.108662028
821.401616175
59.4322434674
116.625370252
65.4538475105
978.451447583
48.1396526742
121.040761087
804.866077839
339.642692956
888.314035173
409.572938001
731.334497712
852.131961597
904.527503755
122.944883843
501.830366492
190.483708593
259.371460918
845.331955645
876.152101685
684.602887154
928.486285389
635.216671052
176.867044524
208.394403761
309.090718231
436.439811916
454.509961918
796.91316213
567.653733221
795.9356309
919.778062622
511.802755351
118.517904976
408.96389773
349.046647397
171.776873985
682.325942643
262.568645453
822.182414591
263.49566987
426.466212765
751.290425594
85.0925973817
311.081105099
244.296902944
533.701283107
882.469649989
823.159247032
952.352615083
351.547571143
878.002489989
444.499389644
44.8344934611
445.008775638
738.835876915
762.034399985
625.639899641
815.914883863
771.545695458
68.7353332416
306.821104219
430.20452585
378.822372721
279.340669188
340.082941813
803.722270397
156.24167402
395.132248852
335.166378241
1000.81924241
601.466528778
16.353195095
787.747069144
910.70959042
727.434102656
925.719892842
823.111289027
599.82843203
433.895631122
627.442224572
302.764341348
747.989520365
296.277075708
341.538791931
461.353791974
505.789419835
569.737684437
472.977262607
372.22047194
954.614708725
756.539093618
969.524071098
634.000507336
87.9883080335
761.457047319
469.644585248
963.944761026
570.668622718
410.352161185
949.212487961
30.73038815
833.778630933
665.228692863
526.453705641
576.382295535
599.042794035
529.557283422
739.077377897
965.15229657
704.196262128
656.986364011
956.00649961
111.089722775
383.229675057
850.384988877
141.330473628
948.155455963
951.141750048
498.688818798
515.959675245
333.592046013
236.243767509
445.385182699
529.844425179
934.209430572
447.930975937
896.382473007
695.331528094
120.475660032
189.428407034
267.563617082
326.631780941
102.933969131
755.765056614
228.00810612
315.672095534
45.9345024417
139.849345803
353.274360062
882.324422747
460.237591127
70.1467419505
595.56932039
517.56541912
751.822310931
431.468184616
236.791446962
620.212721656
871.235680363
984.573918827
560.291524893
596.099556631
135.926447151
716.25241699
158.731318485
12.4330370363
199.142189316
543.53467236
782.213463446
692.603552661
682.048704427
891.739462736
313.354239481
659.276662029
867.365265598
414.258871674
173.342911907
887.986200255
514.555281498
842.028827441
454.752487751
84.4092352768
574.374266946
463.504571429
306.498367574
397.897927857
956.407892771
361.805563024
376.004465363
961.882042931
5.92889417345
784.058435797
738.486769047
836.486453953
211.319442306
724.599711796
603.143985368
862.801710202
772.964398095
96.541265107
539.563272608
72.9284132184
173.320811786
23.9255730333
430.07463549
222.481401397
722.14221786
860.684033097
