229.94311678
560.397220833
379.022485276
951.593466085
588.240917401
879.619386148
303.491823231
448.871564858
524.546272654
593.712400366
241.570511384
935.798831942
874.288811301
559.626039297
402.024574381
930.229071077
192.310178755
773.807999263
204.340482046
41.4742769083
585.660277034
228.596994919
244.69238367
47.2279059721
18.6972661577
840.73708215
305.708683037
83.9285345229
996.255110364
66.8308569572
76.9942452661
423.853920085
916.451994215
849.513533663
474.446135349
561.651799926
135.238499508
209.879796376
673.863375511
812.316597476
134.82187395
126.9918303
95.0349211271
91.7636354446
28.0357003387
800.425124047
777.874348999
135.384766038
268.745272351
562.618010972
709.123323535
376.47354267
545.830002501
386.931533594
781.820532966
73.1036999355
414.881523683
130.772744019
228.853718489
5.75375414068
571.402503391
406.461316649
619.040769835
163.004016028
724.045757663
275.659396648
777.466925236
648.594301096
605.137869098
353.835718624
763.33706391
448.833255424
923.290363304
575.59179822
708.11323278
180.330340733
914.317237738
73.3934567861
605.320529581
991.775736952
999.219091055
356.116197631
937.004202451
756.012037985
449.676145528
121.182248582
16.1545846269
331.847456713
839.159900323
686.589496773
112.336367581
556.519648822
344.817746717
377.519069587
500.944154423
865.193308449
55.6434010183
270.988498211
265.949346365
410.841780354
512.126785541
731.207733114
394.306599316
398.420705343
874.113584078
531.461757472
971.263332316
217.423560183
184.024180988
952.133462235
667.261010978
50.242242264
456.705517846
431.306023217
241.27636209
26.2987060959
357.408247496
615.131545575
436.35260113
427.337751709
366.743062197
45.2182195504
99.7130889128
374.189150489
981.679701368
769.799665593
985.858573965
816.565098537
218.177320708
468.022284914
234.502586119
574.06468446
251.297896559
213.552146765
901.839651429
661.816415348
469.049363167
324.101884225
522.584320135
150.095241237
395.023290148
348.235811455
909.373972968
596.427156365
269.964361517
873.495657336
423.548179102
229.695515026
826.965042749
392.605415714
253.559548729
318.525743499
384.348430743
407.330582519
944.399591608
361.394097835
583.809077655
781.536668317
101.108879174
740.960272318
999.317018094
842.406749834
344.924974296
795.261918141
125.889066459
647.38620982
482.666216014
139.8489758
538.936082496
266.141297341
200.031304771
222.239631588
874.117204764
682.729425723
445.025680618
5.443017052
105.521123235
424.334800795
21.9382475364
571.412342969
14.4121653044
255.467008916
421.518966118
901.185787778
262.412683968
510.301080814
211.407614442
11.834390697
986.651026135
606.226569185
935.441492726
437.800184891
569.422216973
298.713839158
19.9677137105
374.981387748
320.194522793
322.043327289
497.117644084
581.530121034
221.955799728
557.024302014
124.963389856
928.752057678
495.851392798
423.262999109
666.87248052
27.557035869
86.6047654083
561.141736936
430.509240578
815.503629514
631.571434653
158.976749797
88.0424431983
842.537870149
691.460843076
422.607132993
132.043912944
409.615057496
443.577785023
421.061628036
440.113209758
667.209909799
368.141436231
156.392697701
352.479071916
348.958039208
934.584428421
320.925559477
674.505135917
532.900924114
291.656236498
986.186054688
925.378796165
826.403947346
940.071066511
496.07014858
513.004981452
143.564138683
325.522305168
848.224058862
550.446181969
325.193978437
665.713526348
726.539602185
467.574563485
437.339743791
620.401426676
286.981478127
501.331043082
742.866964271
599.77390045
760.264491433
646.896973205
824.888557795
725.008010051
58.281321851
603.369829773
619.447705513
692.19709553
223.489977598
154.051034165
876.239433782
657.584527607
975.147812338
750.604094157
795.041483156
571.203069144
337.525176059
34.8590467564
303.693407453
958.087563602
833.823622417
30.6968305853
979.174250446
731.132168954
198.969296323
314.766041996
518.32887636
204.462930818
371.932818522
265.060084643
319.839281839
903.769762081
120.480717355
344.840170645
234.288258198
696.20746069
468.520536203
770.513669426
515.787625797
73.173606916
449.420199631
423.561677298
738.93117364
266.513576826
480.083578709
601.087579278
433.540884867
87.9021699196
909.940553448
7.02035159933
800.620474668
442.16870987
984.643891702
954.589808257
731.029196818
503.666146835
52.4718092307
373.586888264
192.28233085
260.129941812
395.655851701
34.1723046585
778.908181376
720.72063256
609.604412549
970.723089678
494.524595972
77.8197518752
513.614321288
611.840427477
974.08126644
605.049062428
69.5684420633
766.66556932
836.388508406
707.238611116
29.3005068096
190.188894342
403.855836619
245.249040368
372.03248887
30.1346648429
687.505676894
752.178677018
175.290726705
37.0002700218
809.508708782
624.940389651
196.589038923
451.323081663
812.615215447
576.777175717
923.995198286
110.876917975
450.14900806
979.714563691
790.665718023
315.289368017
123.605217491
680.086363251
737.511459429
622.170094007
788.143532264
407.458230709
16.7396440554
864.362408326
150.142179002
104.762841445
330.728346349
556.385652452
289.724773083
364.756994785
11.9872964154
151.548375556
728.645264979
388.312322441
115.369052941
815.755077258
337.026212099
589.771349854
856.871681872
212.08831011
698.762888393
995.614936242
902.054718608
254.271419145
830.958944038
862.917233469
630.252354184
687.679227877
688.97665204
522.515313077
394.875355613
335.968581538
282.436762217
122.674389497
11.6322468915
196.961481979
374.012381225
177.384601098
885.610306969
666.876152889
403.531019704
604.541135665
232.833552187
111.890502615
960.337423279
385.801823004
419.15258004
239.117247256
111.191204054
753.804583276
672.368889958
81.9470913713
565.132590749
600.905261573
803.40295193
960.034064418
381.928257488
498.966284134
911.485741884
297.581122183
422.80161841
638.657480923
124.197542283
83.094554687
47.4293022967
728.862354959
599.986261603
986.718759583
849.045604139
388.59330574
815.073304582
70.1912625886
830.771210471
421.863405022
630.026334463
74.2615202217
639.56631167
847.494797484
131.928459384
586.995097748
527.05476445
172.0110395
191.703281669
864.565025266
365.246315577
710.160506648
132.048705407
770.149835356
86.2170769164
664.585702417
983.03737871
113.845750946
940.389338801
858.452175001
120.917955476
197.489570743
792.376946763
608.06215878
841.987694566
72.8649623452
338.310872869
207.377836557
861.568098394
267.930692202
53.7600412256
766.070300698
306.403761964
881.915183549
870.888518251
983.4574009
922.272354091
972.949454443
866.742666646
290.022495247
904.356235944
289.511857003
291.830394339
530.213747845
844.911528433
960.612590881
564.312444789
166.725470506
590.516713594
320.264493314
416.762830419
983.269527997
429.752729744
503.766977161
775.058833708
97.9287041534
347.048352967
312.802866081
342.138299115
108.944897805
390.922583193
773.690921593
973.273444711
436.182384896
303.074232848
620.029164996
632.353143293
57.1115607218
833.964365986
917.468315467
657.225643864
953.197472215
891.995810206
441.538922033
878.933909016
863.596319956
501.768399037
39.1468274406
758.678689256
580.289970192
289.512158931
808.610394748
948.849473472
257.999124176
416.033281365
29.392158152
23.7337601686
811.297821473
503.320880735
780.564902894
806.47469727
71.4358459112
199.798886113
776.314018204
257.692946643
378.250947033
892.403057009
579.309538109
741.531446771
372.123682011
590.897037369
528.671774362
741.511655973
880.678428778
222.400951681
488.791000371
663.639766891
240.128989455
930.060031496
114.24085665
450.488302037
635.104538399
417.702500091
105.886524318
526.096877235
190.45934078
242.639668315
5.11943224289
151.694469186
118.79730655
160.354513582
282.618088238
396.788723043
602.325950788
782.178812056
604.6384792
329.518518567
176.801631444
81.7166066101
12.5568735645
221.297095253
153.862075529
437.618865762
371.684055607
383.37582179
207.557209833
235.321676973
959.273286283
249.608845996
948.994554055
618.212379367
242.129846936
490.813603909
217.2988961
661.438634619
148.390271527
974.222592728
3.3158174786
893.2317306
553.046423412
576.723810369
970.626427831
30.5620971432
591.306418618
903.266724054
581.389983934
520.702831339
960.306203038
836.518433278
968.657774408
198.461170603
533.735933413
296.619622064
550.112262016
387.06992126
93.7792145579
528.205336323
892.722453938
156.868267025
919.497629705
515.919329929
410.407122401
879.736584115
328.841179026
374.677871458
87.5646524687
445.705911519
207.406647964
581.21899064
412.587457118
913.927476223
532.96702582
617.851387503
179.395578755
357.926984009
115.686777426
442.010962143
540.168873952
37.8019461613
80.1594302739
886.045651528
446.815141321
185.920441242
699.382895157
63.4565008402
804.039698217
61.3173016807
714.311693131
285.341821836
834.124160405
803.563036205
847.425547502
638.946612372
723.31392956
732.566336097
444.115829562
463.611677484
119.54805376
39.2371743776
693.393708159
275.004574275
702.862502126
977.586941174
662.972765445
978.232587757
561.866743626
422.845487199
429.729811102
227.831339737
246.148672956
43.338443255
178.006271189
72.7827805842
57.3261604905
952.907894365
65.0385243048
677.389215137
735.864208912
177.329826918
25.8701038969
241.980272433
564.536387661
409.024641716
193.694649552
941.21973923
382.206248986
811.829321698
854.484883412
175.557181207
949.815740818
247.543564594
958.746304833
18.6384567986
967.681542923
987.060478999
564.054156104
651.922409771
839.412965459
250.883463794
871.664082441
556.614824339
787.722044468
35.3071707623
170.901423595
724.796147491
203.769889442
807.272554076
108.595178403
667.291854876
535.652813249
942.464172283
170.099508352
637.684136695
33.0746346632
829.457864931
907.527118803
586.035072918
251.854209912
644.30848082
576.331083911
151.145755562
556.640766657
710.387712243
896.087703438
536.092220675
88.1743119398
658.396765038
352.232619306
183.344351591
118.320676626
478.665626946
187.33093751
27.77154944
67.475566824
534.970496849
227.867444993
130.026323271
800.00671974
364.340111912
266.157711837
853.601312305
530.215545319
668.576093191
211.764329983
761.024059216
194.477416332
388.14875872
243.142884045
870.494163126
441.196246186
618.933204234
707.557901637
224.04989467
727.191809868
997.524060861
722.256856705
907.005112559
500.387894346
868.795307621
930.026825635
409.281666641
311.373647352
339.649800988
181.732420031
215.757594063
754.536293185
99.9076398197
126.930483656
718.806091182
149.98932491
917.100631078
421.272578588
761.579137817
957.207776401
533.460850258
576.152108389
612.984236558
392.993613006
71.9710223917
549.327279588
13.7450717293
411.664341502
527.854511879
453.06735841
316.398205056
826.543963447
416.519081651
718.957144153
203.881554189
152.070934291
444.625368669
366.111218473
250.498775786
383.388699688
351.846878645
833.514592702
809.334363904
34.6328699509
566.492711478
844.685067786
906.997602137
28.229319182
118.034520786
240.109111143
949.504719234
668.507583178
809.985579803
333.367522228
680.139492292
157.186003191
627.151413999
136.666791495
698.814704351
664.875661473
218.068930665
757.911912178
204.182146067
686.855104732
421.774790254
522.883839948
673.706102246
896.428397059
74.2313465263
814.62921673
592.145747288
746.437634331
1000.55289199
219.420451654
528.913499768
512.645266818
287.73574297
15.351583553
697.852396284
703.962105884
347.951622859
272.067979094
756.945021068
289.110793265
111.420442253
832.590476764
1000.90406016
383.591635482
271.949981131
279.35956432
899.681752385
366.486978885
6.137366975
185.007946803
466.247689665
501.070643678
543.773286283
851.431178583
618.100446964
710.094027607
908.326620209
829.574956043
883.744605145
479.04604961
557.344678372
564.96048058
842.714664904
712.148888224
865.79598276
941.842486926
22.6520735043
405.243279967
354.370433605
229.037538714
778.829316628
299.413950076
376.115415608
151.283639094
801.571726804
639.300105018
657.958158411
277.322991984
474.11949109
780.078937055
491.451006181
861.034523827
49.9251430676
568.793856165
0.795260315908
887.640035017
310.824187553
163.906627906
283.018636307
746.946260946
182.99857791
670.417121853
570.893470939
400.85135344
678.880683263
845.214380121
350.614337872
275.32347456
862.169120332
495.448928798
323.570458448
146.987560995
933.820481078
986.062709718
926.126913683
337.290453575
284.61881717
233.260004767
953.309537003
784.467557517
392.967287877
30.0724839788
558.827684904
743.622668961
719.63164327
868.334697479
971.262162827
87.2820514095
959.848999345
66.4330071511
671.084619419
480.511499567
628.59447045
65.6793273491
609.962528591
777.005018966
647.563264913
799.942743232
428.171134815
386.832578504
2.69800178682
514.545377144
670.375259979
39.2215878905
810.740001894
576.256943553
569.390499259
464.620085239
807.357399806
762.385765169
573.339672253
213.344035625
585.116326051
57.3917333066
188.215955101
524.321111267
843.699863038
423.35086341
394.585044746
492.973778063
245.590450585
850.687366544
26.8716513857
144.643832453
694.05969617
860.391469789
585.692358693
884.797134426
774.95944478
138.377084253
41.688846561
895.401120821
379.250807741
845.824911903
538.93774006
980.692404995
703.34204812
301.295220494
843.448014299
830.121933602
912.721371169
684.120169754
563.710494222
809.696372801
351.755557529
39.0955553969
623.107697439
226.913284603
14.9025140163
823.415413321
719.480653309
796.087466064
615.151415624
269.236407568
395.586359489
960.771371408
906.245017998
495.763402229
59.2478114368
551.484817187
360.233505402
919.352418011
958.006877231
255.466537987
727.092836481
23.8857350933
171.629605833
846.565352968
993.42673455
138.489422004
149.574966381
790.626352666
1000.17602837
645.080534102
914.128583473
869.89684677
170.459290696
948.395014388
9.48481995666
437.226846016
529.599988831
944.602075607
782.421420207
268.172603044
20.4044136558
542.61480796
799.225226084
536.009243183
435.857155181
100.272971729
675.478930998
89.1827112722
930.779311513
