257.168442121
75.9007791301
912.047545668
577.455628468
56.6922977641
237.438306998
266.732796177
826.054387087
412.515935216
492.376035311
668.529528908
844.714340295
167.202925921
230.008449072
585.843258318
778.593136598
913.693637287
660.068710398
590.60264503
428.250523406
490.233687748
146.737694525
163.281365241
819.340877239
682.424919713
578.57117496
671.993069603
892.236658997
752.227224554
399.901099889
626.169902824
245.734589424
888.786727868
428.374566272
587.067437571
840.167737779
66.1232777891
773.90492654
581.136784757
555.216290049
571.179713178
808.594855042
112.350180648
738.072939206
63.1287150935
62.2622411395
434.233243885
549.331688401
194.385759329
2.13835891319
391.655863246
966.28436605
44.8442079087
63.2941643434
22.3055218332
442.353922384
667.942147391
226.794954047
693.905405891
107.652943586
49.4586704183
684.202936768
21.6362980436
195.771673536
253.820685392
4.81807534863
445.330794026
954.490962332
959.351546204
479.682426512
385.183185439
193.867240492
32.1019116329
768.083223679
459.430780603
267.560179808
180.510578731
651.26665405
109.138866278
125.483214303
741.719642117
234.127718951
72.4753431518
701.61297904
123.422266672
29.9982619528
824.399150665
32.421595469
893.474240987
873.842588373
843.919269956
782.63594757
646.299482636
434.245458719
791.168946326
70.8273113367
270.127469847
916.653396662
658.257465198
704.652448319
984.101013422
427.756628551
808.448079549
602.76044712
458.976706421
640.661239419
898.816919805
986.786538513
668.511995653
725.417765986
134.753985969
693.497787534
694.452847271
757.881993813
697.673224728
929.204224962
905.525989533
966.807695019
974.557309286
222.406237782
656.471755429
614.969861242
218.049027732
575.40384331
87.3292169886
339.289301752
96.3073962832
501.898485717
426.780499518
627.769855381
961.526884211
382.218667031
380.978580216
285.035198201
160.531085311
993.011341914
491.828754627
192.33834773
594.606652955
556.679026733
771.275197945
842.229777545
182.126740219
966.857199415
614.147244456
933.942584137
108.393716453
320.955924805
238.018613505
489.043877678
658.312750476
607.590310587
279.465082029
709.676725494
144.997109498
985.930593978
232.810614596
837.42257159
351.089210714
315.434002839
762.508605835
876.679585559
605.964993365
11.896009695
123.00127276
879.40781892
429.738725848
381.490459983
899.133054436
633.484430327
899.788088791
662.869291103
778.632794293
377.446143153
919.335820448
119.41539242
544.225659173
192.439608103
577.037281737
313.433477298
699.023779502
748.141628057
535.874587906
995.085441772
714.232834435
251.616028426
415.564211871
752.670602695
300.304170185
718.402540213
801.316406821
19.0865955258
213.307326803
879.53925895
789.999413019
53.1344152841
892.841913697
953.748812364
769.740469793
473.413628054
807.293026436
123.099354126
326.574343775
947.394543255
280.689516366
594.457953391
649.542110834
359.533832446
95.9545605826
661.978380505
582.136298902
921.537288988
195.957692256
30.9193388431
459.112462927
547.896929772
214.145893665
53.7693333202
246.997033209
150.474906737
293.39502458
394.510598307
135.957403918
200.851895725
110.1220573
771.616271723
964.326319865
616.52650989
459.541145187
901.713950178
856.472449396
106.738011942
150.534565792
751.386408178
39.5477074828
142.774315865
851.05104693
546.656209316
619.580117236
866.773915423
889.170200444
164.771291064
174.315938197
398.034336413
469.437913978
448.107859582
900.954773684
211.314017273
74.271229037
582.519961531
611.797594169
548.574366221
168.56612511
836.872441082
584.085116689
202.260538509
648.05564807
569.283372553
533.066882154
752.348578111
312.821835096
154.216849945
743.431418459
517.710883152
609.274102119
588.034016395
21.2124238677
778.714004657
456.735159346
489.794186995
575.782440839
317.254664685
522.5649746
679.296017624
231.616571336
119.489708116
124.641115433
866.349571995
609.069647388
707.309589238
676.886458133
267.03122272
274.075485062
274.424538512
523.578238465
603.407952839
474.576845285
911.681245515
860.103908097
629.177311866
642.173822289
524.537402391
991.574486495
702.156737615
181.597697601
928.002511577
274.013502886
660.269727093
651.142071402
945.472453197
479.79890219
781.018257749
644.98415621
169.378312053
408.039406558
429.237797492
855.038846655
190.337631114
586.305534862
493.075147408
133.538039713
843.23308898
920.602059189
518.103711828
733.383234115
454.393693786
511.998893146
316.519383308
684.306001197
495.400014828
675.612436946
204.935941978
42.2281895744
151.161484316
413.824680723
535.862640172
903.254055077
45.3745053864
518.608376014
90.2315991348
654.42319753
985.089746016
544.308058103
682.846457147
713.762825102
688.392210382
440.476623249
539.762547641
54.133208969
449.525064583
782.867454447
200.598858297
52.3979550028
212.655160775
993.881704541
493.551495069
953.818367831
32.9150813631
732.690758208
953.027435469
197.780517621
724.732883327
171.847416379
78.0261908385
947.672872232
794.237517695
211.379596655
166.300752603
746.586534654
7.55045711434
61.0242275092
356.903844923
558.76163663
819.226409991
179.355814479
766.843002869
733.09029959
356.074755579
486.48231184
960.492606588
277.306416718
387.289373184
229.942155283
348.154765505
713.189441687
648.540331594
853.763276025
756.492977517
309.206265395
794.212706069
701.84762487
311.517132724
234.159023432
984.643479033
402.007707297
105.888593964
926.673726374
408.711623165
713.595588617
755.036129381
46.589455029
445.509279801
300.475986812
946.804809283
129.774827809
203.271405947
793.685847636
644.905065012
352.549661385
286.631633455
397.060894198
387.962238692
127.732823137
668.856741465
639.537438199
535.143245415
322.690855553
637.794434063
955.748161406
614.718076645
376.315498698
170.572820188
698.719359705
686.704921952
310.919743797
389.392156475
531.882581201
132.765965771
631.194377687
391.042359431
375.616770383
273.896762633
750.069166461
277.370532132
990.700172326
223.197939279
545.520592018
19.5404953619
822.473571679
43.383552663
461.730184818
866.749928012
850.612922081
9.99030637567
506.400316141
573.260551617
836.477507699
429.217028778
538.185757822
379.273605219
650.213506619
693.171024154
739.288071662
7.35633950744
69.1940931955
757.890031265
658.718520316
632.094037338
838.309809061
281.213720954
765.084650117
812.957921455
962.481861567
436.820396387
27.3625373239
39.2438555367
840.904211453
754.563046585
544.141532898
346.737917592
517.89312045
991.732771715
333.413680788
730.022956263
118.575966104
400.333621224
7.20683058781
652.704391326
787.69871771
329.115265573
936.545470151
485.798439422
731.659889599
325.141372876
326.015892493
577.017894483
564.312929497
597.66217528
109.963459279
869.794325487
288.172139035
89.5897525523
966.064782077
82.0099230537
533.024932639
27.4014172426
487.255620918
37.3656746296
614.113384524
568.725350036
931.941188487
686.267460861
213.209414403
98.8820235913
975.131073904
288.585543236
401.757755615
104.667628223
868.277220927
64.4928460752
752.261578479
152.757773221
678.377243451
146.844349622
241.545076891
605.800542531
523.157755592
842.409659048
407.858505058
567.885005614
278.118931383
821.260168302
176.451085622
606.375207523
837.090611133
90.2857995573
834.543583577
7.93636437996
989.160553766
37.348644136
376.408875062
209.902548129
673.987892529
149.521880852
35.607641456
69.2283513298
923.653515743
733.881248464
751.683768862
373.740872901
474.095540926
371.027723945
449.597416687
312.745355143
813.120169385
38.1471330606
174.06390212
392.350520007
212.355546935
821.859005509
864.338529077
566.783248867
73.4360413215
152.452380402
970.139784244
773.647772594
789.402744778
351.318858377
161.744594148
790.66848833
234.611641454
466.618124035
466.188583033
895.38344026
145.288705629
412.25450565
416.44703943
778.388134865
141.226327363
495.571778328
404.466521263
568.971991291
676.005422642
19.454008927
677.164822073
115.396241112
494.140618588
659.386170526
1.92140677187
414.402625365
436.88672369
155.967203798
664.263614345
470.976662696
644.176838851
374.353268023
900.831431093
372.033903057
23.7006831275
532.716774757
361.727058992
472.641390237
627.03920077
951.157814136
288.075667164
654.946944072
6.99058849727
952.238574752
114.435712492
266.673184595
692.65162742
658.978288621
550.118547294
827.533973132
336.779925271
362.978168106
60.5565054722
140.196981589
929.657359389
922.155078986
923.558244517
720.592498061
962.847623942
470.721501655
655.381774487
346.111230756
845.955633717
751.729328244
381.743298102
130.851229771
864.51171309
911.512347835
968.208903011
314.422385003
863.349423844
852.19131353
61.6727090338
527.975196385
834.837240744
145.934136118
523.527769367
361.362236086
390.626464891
324.093259845
276.181192017
534.109655781
894.846825878
90.0467387183
693.703497313
217.074118174
527.324563962
39.3347536333
928.360991192
179.906740377
442.605919945
336.145358266
956.932061149
411.266240884
798.961714055
855.795337389
279.962360937
262.848740645
939.995292064
232.91318178
331.899482511
801.7984462
432.835090541
505.721691295
335.298907078
210.063911348
530.149943276
761.052999337
658.012605501
270.415700951
790.634096153
829.625717792
328.432459487
887.459480991
206.222523969
368.58446452
246.762615135
157.337071997
401.57473433
131.536551154
242.97575913
12.0484991283
83.7893696272
595.75403903
183.620122421
534.867903939
914.269004775
726.211502284
514.060260971
889.041580726
485.530351289
699.099402062
845.349721773
452.792121641
238.514632626
949.053060137
272.009174046
784.444990655
681.401219557
89.6329514007
619.120604416
621.787861637
744.319052374
239.66488916
460.381702102
846.685890746
727.447799564
44.0879074314
738.095404939
241.720680803
486.828728632
207.415631699
118.079649765
904.263739564
311.29920813
681.367406023
272.237308832
42.8312200364
756.857753489
276.384196142
195.850922112
281.855305816
157.962370091
607.8166463
90.4298346511
55.9611435231
969.770694122
732.878691268
419.349694007
292.147535718
117.311734145
256.830140501
81.7294011021
403.839445794
102.316535889
733.093459023
270.471240201
706.975039626
906.680618134
627.3058462
1000.33628931
904.677944152
969.888468318
53.3502852921
399.05255623
932.677827948
721.589012143
39.0923943475
749.556631649
955.372173461
840.228169713
836.983913277
624.178623155
148.43048128
678.142427821
603.896888531
404.964974679
743.895633393
654.694830475
69.718480349
659.800285851
182.541072499
738.597865702
529.009913814
308.201989699
530.049272816
50.4028443817
291.393298935
733.57465564
868.133629829
38.4775614355
37.9695334756
90.6606244642
788.92989977
892.664095785
398.941324254
855.433360782
190.335409353
527.798163618
387.593990301
965.217938271
801.330936149
501.912361967
376.126223268
198.64451074
733.007902816
482.151541866
848.680506216
852.212139593
437.329374807
109.343130354
375.19484288
350.476918094
231.579635988
16.6477517929
25.4391451959
955.00881292
683.765385078
480.116528944
979.690722687
655.975149817
917.049163293
705.875999151
659.065732042
298.364477372
588.092030635
953.716062196
288.688755771
315.786036746
177.450131822
234.905688458
513.949897251
233.178482307
79.0190513738
674.30997072
310.959550297
361.778594746
950.613155496
139.500823063
968.208562654
100.142081304
939.42848126
883.05015893
755.378953397
536.741034138
707.254633189
11.7703407897
380.059577717
239.911110819
809.684323435
443.838534186
603.627065833
888.814849317
0.196233229948
828.789731051
296.291615194
323.351581549
103.549216313
956.812300811
89.473080759
150.424407466
279.957336402
423.447721199
673.931998518
881.176791655
672.887456648
478.169642848
189.5143574
689.19063785
241.855973012
255.535205391
764.734835509
397.669789857
387.057872141
94.1950581483
953.61903716
337.265265714
29.9618227361
832.173325317
630.312634824
952.978213991
427.392522034
171.993637476
125.074435202
301.15886857
21.8641035285
876.012261538
930.271306557
277.884180355
46.0909852169
413.932655166
905.140757983
324.628067396
535.30509269
380.784406175
556.738000659
492.358894404
328.922072779
607.745810991
944.505673492
388.237840136
149.005965176
282.074135825
425.485832735
214.642110755
424.853908717
570.739719292
436.826952056
813.782747747
492.107250297
267.225977746
23.2262595159
173.515755009
783.740659452
530.094033162
455.214766015
119.745987538
372.837515714
419.659159333
50.8757440522
359.175098333
226.576474657
552.491491699
907.948175623
919.641153168
821.935849522
214.191181909
438.536494449
137.4596629
729.20950687
584.585863651
441.443031235
987.157348655
12.6203990274
710.287460853
739.642714162
9.70898918863
367.083379921
931.13344148
709.994089115
970.093627788
2.14639262672
808.092487479
3.20236439537
587.505325674
558.591938511
21.4567154032
63.0895383347
772.381123494
847.658237867
573.127977393
242.220315753
951.382713247
219.852462407
411.341651403
554.410248131
738.586665792
955.257791538
705.196373832
546.447226237
45.3970006217
534.435714159
268.96464649
131.050940812
782.245134336
452.171917513
505.819234864
833.285763141
153.284555944
29.4877873603
21.5753225935
963.658907438
977.681810258
944.793391794
373.223036522
730.004837441
769.896451202
399.509218522
162.906275802
527.651333233
182.857809956
605.309920254
121.914709169
229.93779914
191.325521134
473.755318811
515.321559006
24.4920028335
352.410256263
812.191367796
706.795090257
756.726484486
806.923195102
114.290984512
560.173410948
730.287899525
808.077649519
668.436400746
521.366720151
682.522930164
914.82660779
771.693358075
115.509306992
55.714056888
633.773379099
505.28854191
33.4304618516
757.956861899
689.721800488
779.725435789
137.246698116
834.71403966
525.126489336
966.999735577
229.255134994
942.142460881
514.286478182
720.110985281
233.940586537
388.106647742
732.682381703
354.778858779
625.025732384
272.762337115
511.340788624
670.557945106
690.411597544
621.574891824
725.202352344
177.04534663
181.695093238
861.276812627
722.203637228
455.278061873
184.257651484
774.743097143
