39.1408260386
986.861154044
228.565772436
133.415305058
969.195072516
611.336380983
948.024782963
825.314427212
503.823500387
543.039653689
24.9838527822
838.067656091
977.353624302
841.868945791
94.1982394228
303.439462979
666.760927194
634.767671331
424.144595021
67.2465705056
468.844774153
848.149605253
632.627273502
25.294269606
377.942090742
391.563596872
317.810943627
990.820941803
840.283863316
707.905400122
724.943915974
255.111691126
670.899419703
128.343597699
425.184650428
691.118952168
456.709208189
279.589160215
825.380523961
548.069211976
808.750055725
29.8038057643
959.015938139
202.455495119
564.474448748
565.276233598
643.124410907
102.860739308
42.9188515829
409.000666485
6.45474742
382.720345842
323.699505366
778.696091067
190.370349872
213.415260245
325.930859569
449.156176945
161.458982285
11.7417935232
486.247479945
734.87004567
235.237766169
774.935069376
995.696795668
964.93640064
157.782587096
861.947274716
380.759178582
627.484792741
260.900937595
963.254383716
675.407441578
37.147713606
84.101776757
759.841467583
985.7234063
430.629390921
940.496905142
442.226007585
929.269026697
602.696612099
530.133828105
321.768700361
671.038706188
8.62770174225
786.043506491
302.883431916
657.342673461
253.519923638
179.272400878
615.553973571
627.61104479
174.991153575
683.695767736
455.575025564
385.155895654
121.842230061
16.9779321497
982.966821958
697.66772839
605.329876191
832.980135803
263.070940432
976.941581341
434.975746979
612.919836461
496.483128857
524.560617906
769.589363015
297.537160497
729.319357211
164.28637532
632.704180933
63.85318064
687.922098604
922.719853696
231.93953621
444.964489034
9.46021037918
554.34462871
215.350115852
259.949433507
707.495771239
511.74201267
506.884829991
612.636385541
329.311397014
451.969142541
232.902270106
578.861556412
236.183740226
964.047745788
938.10528669
918.42774196
537.785388551
716.180226727
643.726341472
95.9339630095
962.32672354
32.7050542929
369.637338242
88.269166369
903.601253831
382.686588239
72.091737951
653.509607143
676.142105317
352.882752672
674.810938598
213.791101602
945.648143597
816.557611401
140.736579605
225.343296884
982.732838176
914.060411024
312.113336151
667.399366123
671.110105042
863.188802226
29.4349925229
37.8088167494
832.749698805
904.406366047
994.891354218
986.881959493
333.980604647
930.522942692
163.136613816
315.669485218
802.047492604
58.0103766744
367.354083327
431.537690111
740.392444515
144.950126952
929.718579345
409.663571071
236.337563743
256.36824679
577.63678626
606.727270505
255.922821807
978.787451047
594.708480793
78.7346915368
273.122268831
337.895681176
553.103387032
196.951682574
303.122900815
702.06165529
520.292555969
422.807366342
16.3858545383
504.915728601
577.616831811
275.747591846
678.297450219
539.145024656
858.920374447
810.368609108
805.391324922
651.9611607
57.6348078834
259.053148837
343.441486702
668.989402991
905.585769335
550.353815083
732.7562738
319.705145785
954.007623584
141.103807335
486.43753095
173.45352079
673.082466062
179.331338054
61.9865788069
623.129009905
356.938526626
143.160287028
0.112923264651
412.53710494
529.080703042
267.492899816
976.530494882
481.543423716
12.6901192151
108.911584322
240.686772409
247.031123968
957.87539936
588.608768065
759.342661414
613.717589845
258.986015086
334.365979945
148.021870543
281.781620566
893.032609537
828.557681043
106.062980067
616.494286339
425.455076434
893.747937764
807.07839486
865.567021323
630.749347392
129.04679406
227.605070429
895.098337132
809.581782526
86.707373794
886.450360238
178.225721544
486.367441469
632.538190963
394.421148819
980.708574744
687.997922184
189.798535481
707.078117763
529.863750446
448.604994593
474.046620267
271.44205486
717.754792919
630.434954952
288.729907089
185.538165829
562.133580364
595.122506588
893.07914853
28.489448166
434.829801781
228.607674193
743.116140318
730.314344308
215.448675476
637.204345571
361.738995041
38.9962977519
571.782098958
453.485902912
378.057955238
300.338908691
249.628380771
949.975404249
406.638290823
77.2307864684
728.871653565
477.806674904
388.561804366
214.473776444
776.370472233
460.114613352
470.480412028
659.848613698
261.322755444
324.226751551
115.960596272
296.392699802
177.995024339
79.3854820909
390.458315582
4.92057903048
754.668880519
358.927449578
265.104156448
187.964674671
24.0758527087
74.8267590267
681.686952246
636.774937547
29.9893960923
10.5645265737
741.894054979
13.7013135265
320.208612008
975.619254332
124.090717406
793.116119416
594.379907826
929.062473036
304.164169626
436.822007952
287.217842555
624.945967794
347.363820812
175.365648395
66.5357554974
576.026538962
967.516694942
495.699545712
353.805525381
89.5818969297
350.988619871
217.088161703
634.88086217
374.970980914
477.450149102
715.280538356
305.947000721
140.630888964
26.2944761448
247.768556773
611.217236122
102.836682608
285.108217013
75.7081832202
552.429652777
910.749612743
670.341282185
992.001219679
4.59135498819
935.805318403
709.337526896
183.702894407
747.123773225
261.133514317
889.479597442
105.398461123
43.548202883
733.5302372
162.68809075
892.039872865
862.227804368
230.995916247
374.848477277
465.257057957
604.980863869
669.835589492
581.222861515
487.45471097
519.712404514
816.853481806
692.54875112
519.829902521
647.113696785
733.532383456
269.749788332
877.173425896
826.332085982
68.4646786877
437.147423183
165.518671625
894.580945717
788.399039106
497.520839523
23.3467876343
6.37700820946
875.431558437
800.870843711
785.320200888
413.734715582
567.894145354
257.417792765
131.998984657
653.266354635
232.601042436
970.696390473
207.091593916
5.51750149662
833.778770939
375.012040235
791.124051077
253.188233607
547.455683768
37.6884619207
275.391291417
246.679703988
27.5598336008
335.436406092
182.644478752
373.466262113
58.6246081275
300.05748127
217.458793806
923.159700372
756.983240229
678.17056933
857.115291609
543.202429352
105.216776451
654.32404019
451.068382847
660.649646962
658.036932784
471.63884583
454.974400146
605.125317433
49.845431992
740.876122677
392.062639533
872.946370242
516.122630055
519.11988505
137.477525903
507.401170741
301.391517656
590.746507827
293.947383991
569.057940848
488.416912635
949.721604209
413.615969497
250.886858733
977.241195485
929.498800868
140.629898595
582.98877799
265.686024685
563.169827474
471.335585938
118.960611579
892.639020903
535.996623379
801.006349083
6.52501213171
104.117873858
594.961688676
212.847053894
252.36435611
910.571688911
63.9685844088
782.411482284
961.343914516
942.404389455
889.918048265
651.579482104
308.685056492
372.001756566
670.474982476
219.602738613
995.883136219
136.469260961
358.981208345
988.268656259
733.230974385
900.553365834
935.098320846
137.559222298
7.13360160136
418.742345673
973.924393764
566.23399829
806.090069374
364.959456938
369.752840132
318.595321669
471.875696868
211.293056364
159.586236882
135.976357431
954.957825011
829.277448867
697.164684403
255.416052317
32.3275290574
388.794285659
961.853847824
863.773069172
382.628789229
226.024661205
227.076111839
401.339700953
212.847600105
819.198525705
282.299678011
502.533012051
622.127851584
703.415002219
230.498960535
924.483667947
564.865638852
933.339014022
746.293912038
257.903633167
327.341539247
276.609476147
547.623242527
684.363100472
555.486409453
408.390561125
573.711488513
31.4169111413
261.741625574
318.825964213
97.9001442472
459.114711188
608.293473295
602.421633039
107.694908376
492.353375789
737.344547091
881.13078908
920.594910005
575.429593976
207.063744846
548.149848078
429.754527777
799.462766845
327.513811817
768.732915176
763.822463632
734.109543033
690.390572787
512.333949817
731.993936632
679.870085121
366.377952518
992.345722373
937.219707818
770.345060193
857.766374375
635.00956869
266.410817727
144.370049952
11.889781652
652.018074892
147.183033355
510.133992649
23.56784399
10.2260916732
132.864918856
179.516379533
523.764571113
23.1157080397
674.858586731
366.869794421
960.42612954
684.737283719
976.686449218
845.427073389
215.887760921
150.301673612
441.533485919
290.069463158
472.479599931
176.459048299
322.337781059
23.38492207
971.033895885
854.140371056
580.922696568
921.716536783
510.992573506
804.760209257
748.021752165
12.7611722904
41.867880725
606.890619273
565.648559546
493.632979968
462.904100115
38.3566614214
510.970806986
86.2351341182
923.69982865
565.506840626
855.477991941
548.151984025
756.055045794
689.04543123
309.587636092
110.791779322
741.633906974
867.952112722
411.430708134
184.950061351
996.115014032
2.2226937429
760.661018795
584.917908696
504.592109013
36.7614728525
883.005678078
44.5003297553
304.106173427
584.666098187
390.833928409
50.0494926044
996.055799662
697.133963851
992.259660711
729.186949723
468.846592289
640.325416609
155.293090254
266.460116435
104.647067753
422.847304355
272.810667714
464.730524646
197.714738843
725.916012743
62.6933829713
856.934406863
50.4151869694
573.806813838
675.889974055
795.641492118
301.853492232
427.320660593
319.565931496
152.278275317
988.162108004
83.7254891197
912.680651655
691.507790179
496.550507175
978.771004133
858.493598796
380.564287889
870.402478609
744.897002756
394.991182226
142.760727262
135.620122883
732.976700724
61.0546110497
395.742752362
14.0281327013
735.619055695
439.832856196
489.681460267
898.882929628
957.140795205
754.447482224
35.1623667919
478.278457309
499.831866187
37.9802366008
504.45099124
834.811342689
261.958118019
320.760107185
204.257470075
282.867880889
616.402940185
346.112345768
625.826754756
331.248160871
468.051480251
802.839830371
606.107365916
681.171344473
971.138315448
662.183611558
187.944244447
215.873018666
963.754194752
343.933247759
722.175742026
939.59048553
95.9363054634
871.953981157
865.76482645
642.930374625
892.903983187
973.553205943
566.787374535
244.79109859
957.835710867
291.563577441
440.972893774
865.868086221
764.711959763
4.02356383656
41.3192147003
559.410351176
842.913921628
704.458466842
651.185034252
18.0309042711
61.9873021759
81.1927391171
600.167046666
490.181962552
5.03422747099
495.306066484
381.769065488
847.533292528
189.347984257
347.266570959
628.742635795
382.187496424
152.259088006
960.05765879
665.755093606
988.446631399
582.766676755
924.479398756
1000.65987259
621.265485113
196.201860891
635.734829445
173.204031996
266.735425441
759.495841751
720.632796065
410.314029807
615.012452686
248.217745434
179.86422583
783.151587866
727.780347811
35.8173901647
848.527524067
192.139681962
867.710185336
301.720554425
806.77980021
672.945174338
843.556534505
925.577378125
888.236513521
322.345305118
982.041590594
60.6251184367
243.398049947
54.7066524944
522.357490454
932.148566582
531.55805808
0.236349408064
134.712778313
119.626116902
287.602646024
173.941795803
872.72615703
741.823746479
273.006802273
404.525751312
429.748729039
378.66646374
708.657023677
798.249425236
459.237932105
973.181554128
88.9313245064
515.388184869
158.796832118
629.240500532
835.520646027
32.7563686613
686.534050958
474.615931875
793.472189869
530.139092311
336.810319095
725.937839435
404.002792179
46.657862193
170.558284293
732.196700108
819.429440467
124.89241776
820.923038056
308.385191355
638.692840122
548.495227404
391.292360887
632.688564587
998.703564423
86.4370189998
338.476702429
488.755139838
774.519573231
999.507437023
632.51557154
408.046272359
820.326384876
95.3270007677
926.186205386
416.803744175
266.872100555
212.849380779
521.673943363
384.699145811
704.230512257
712.307225881
396.331459526
504.942243929
19.1882419381
584.496955846
107.424675575
512.648518342
526.666105165
669.565305216
99.0647018017
35.213353386
797.35641932
343.598359978
948.962728414
799.674759165
855.341303269
78.8181680787
907.570963136
499.705156777
507.288748957
871.843024502
569.387394778
637.958402558
222.885832713
19.2604502793
386.686064899
36.3776955909
179.813514952
298.642478586
715.07766702
453.925479749
635.762367764
878.789823916
104.667549877
806.585002459
655.031586186
77.0387370078
503.738515805
169.988760698
800.502592906
134.348957344
447.864172559
294.145356272
756.555966051
245.369911051
235.906305082
249.939100939
620.209062355
474.867366938
48.3461079616
985.614979559
941.572797065
495.786314797
118.189895149
60.8313927491
311.189901306
762.310627858
190.580419051
379.503334402
848.774861332
523.93164412
431.39338401
105.632307604
637.264294136
283.765546796
887.926292271
779.563483938
575.546077924
239.360846841
450.662690264
559.773389413
128.449617021
671.023564727
642.960685748
934.337820322
404.324610537
446.143557667
381.06969655
330.298634546
85.2990440871
440.462464987
164.174795306
518.651852606
66.8901408748
38.6007205657
390.044283549
487.274084871
87.5742786692
675.919243412
59.0810699897
170.127131839
756.491456463
350.503869111
915.54114501
507.102965497
941.517031448
526.682777229
676.355633834
712.786263249
41.6402015885
861.544316269
901.235890082
851.208004674
906.493846673
548.54654032
581.076445446
159.905288206
967.226800086
5.45973554112
430.689183189
131.125941235
900.223042665
745.691554793
675.630907262
124.689206858
355.030221257
392.120214038
636.689492035
95.392797326
753.894734422
286.655456023
82.9889888628
561.038913442
226.194060504
645.685392318
614.966670516
206.16983599
96.8066241586
260.369579134
916.303819218
215.363432726
118.025725247
852.100592579
520.297596149
392.928482595
481.380960781
266.325996288
666.440089152
411.686130096
567.172414964
382.867203696
545.794025207
772.776492934
804.336752439
197.871055608
250.409461699
157.565538736
349.818537727
896.724606664
812.723191013
5.11720722477
100.690955012
151.976556351
306.327701166
343.736558878
485.853132377
905.652548749
498.306968195
204.206524963
855.484820948
641.833201274
818.351028503
634.349136503
96.2932657868
914.667959441
652.113336541
332.640140364
963.624698615
942.632274593
656.517937452
288.51877458
815.239690833
661.546271844
197.794045751
381.206039335
828.88130806
668.593521978
