855.197008264
724.272535516
940.726145319
459.673761501
2.35009124719
476.356938047
709.916490909
316.377571964
170.964527323
869.008305449
224.899507549
409.515948461
421.415798987
928.725924047
89.4396476306
968.812086284
737.931696545
144.734786601
46.0544024555
38.4793763368
325.164730629
731.559763665
389.588448651
563.084449143
131.801140118
179.76914462
985.876444234
262.510259698
837.383684888
341.198012766
445.397538234
586.838893715
275.879207689
493.394083225
708.331552977
448.549434084
461.319448644
629.603533525
256.998292235
665.38364262
134.739966541
446.391850042
964.734990124
634.552351083
936.977970644
330.387056931
861.927185946
768.421479169
410.513813498
476.609463865
848.229020172
498.133082663
234.825594786
900.422493826
183.821452211
107.49964228
507.970860298
483.664532461
447.685656361
436.847219696
509.256537711
902.52023719
761.719447383
627.722588163
267.553946035
661.643492043
363.668316387
799.838068591
953.31813605
756.319600351
686.321556822
457.443355428
938.864951069
673.651124802
852.043421921
630.552372076
363.326221849
51.707262583
624.552744627
746.649872508
692.150553375
255.10182698
499.408589858
570.154679268
174.281124823
865.187098595
662.778055751
32.4055034576
151.725150818
525.888400747
934.006198032
241.558231324
907.29959557
208.908786176
716.65104216
243.432190138
158.808653075
744.843020687
13.0052603904
523.835627777
944.51771627
426.334768844
790.355454316
974.212856763
269.508304087
23.6646654336
490.481251398
820.957777769
402.552134027
826.279458098
774.51647243
564.988573513
500.355220871
96.9729748158
564.884608404
37.6409651137
522.951179408
312.215681116
624.022781607
361.729377629
493.543595197
127.322242671
567.163384239
105.022572611
417.096498346
259.760948845
62.328998966
766.934387972
66.5368700541
80.159369661
893.115318011
799.283304915
184.431086744
822.802506894
152.851442395
291.353223869
986.427336212
883.656237654
96.1645545285
577.967728375
517.983282197
37.845903661
166.349838901
185.59919673
816.845207161
269.368415064
245.732482063
546.773264368
678.016053573
519.354879219
384.996031943
71.5651296558
185.387504931
319.756045947
929.221147281
3.11554849692
129.766713137
150.601172109
33.9099493493
848.501465347
897.434539
781.292436726
709.892979248
303.086756915
687.43974103
276.827189667
329.081755735
889.149834169
671.466295118
247.32825313
804.116719568
54.0461132347
940.454422893
960.626103188
539.933845115
473.177989102
606.816546833
188.50030388
913.816146564
233.689006819
780.525487204
559.44553756
400.217049027
411.56515813
159.135273631
971.689778184
562.460365393
660.998670366
194.975079236
74.6789042854
782.450706526
186.705277601
569.775430741
810.920844462
466.575910949
913.400083572
853.94866995
463.651296717
870.979835953
957.295969364
39.3266871664
875.555437423
710.176921316
347.321057195
878.871898066
793.407618036
49.9476527186
238.541010888
571.034700584
31.1047211821
640.811020336
46.6058083699
998.905600524
884.700813425
740.631067374
182.496440304
405.373823199
913.131877933
914.210601391
621.504759387
173.957439151
355.81530595
827.081821221
97.2875200859
626.410722133
955.715918407
675.448887192
923.778101219
312.958139932
916.368095416
680.551147524
97.0178236177
335.703672609
748.145098634
376.863408133
872.916067402
117.968944696
636.975445703
902.593888294
830.201269149
927.162946465
854.708076996
212.775376887
157.397121016
54.9782564901
458.522847528
161.177377016
991.365974264
748.92500775
735.426078159
979.671278344
559.779192817
911.780368972
167.94385872
178.359362036
712.104927071
886.123257191
482.23408874
370.088276402
235.606788658
96.2014091778
631.914672105
449.746081352
235.640946979
528.691353942
154.488152664
380.807928296
519.772291624
257.326149091
581.691333505
534.225199793
406.281147755
548.742363927
127.675173196
121.602760705
583.748510654
828.203303217
137.80048511
962.018043014
926.737768341
376.535592576
213.585301297
547.40697183
661.577304511
294.463916095
262.891333999
29.1645092257
528.424814818
524.139602374
108.210975726
217.413094138
655.026153994
647.09490284
60.0715028097
339.562582607
252.861475272
461.50367833
391.187482554
155.144842247
299.145021514
863.001721779
663.136997057
94.5049695108
648.719091968
218.924786508
790.128662784
665.274172783
369.275173476
959.278759766
658.36114049
1000.21734761
295.391571867
819.473766978
248.760497127
609.230151942
449.238740137
576.115396924
493.763239694
197.004599518
573.083622437
61.1532273316
13.3361312048
517.925579987
313.416334596
214.032641687
713.291264854
677.634195952
982.28636823
26.0102688529
507.78487794
462.828765661
412.953479327
813.619640772
843.610457089
540.172254785
0.189561267242
29.0577623251
921.856498107
813.334415047
312.774228035
809.314036556
650.055458344
44.6847083121
158.915511978
766.720692856
925.613494007
497.211605707
858.285024961
858.587570207
242.924483792
747.24811161
297.201959265
205.796103901
368.198083378
702.254207594
644.05632629
914.799984405
929.275877259
754.019667159
641.00766925
843.903589394
601.413412872
87.2293490407
953.123348248
268.340675783
753.709587669
112.317273045
659.337282076
398.01165367
657.026798976
757.311956118
357.928868788
811.203955704
98.9384064625
809.461183929
271.966766825
886.150303773
204.021848028
144.362273914
569.947801475
895.946625111
490.56600088
924.021681398
478.138948148
405.318460709
194.18330144
737.649496567
669.012872499
999.463682754
369.217781299
238.919454566
13.5875026553
123.286826998
4.30073483826
892.964375582
241.090383999
228.9073363
523.04562062
762.887435187
427.683852746
102.64515347
662.043362878
380.656293712
788.111322117
104.22133834
872.325200032
846.039158933
979.36498427
538.81225533
227.98149817
67.9885829921
785.155855409
541.379323334
435.70979237
229.64825865
552.305980021
911.637954879
293.735078687
778.198415035
370.589237591
420.814058705
938.774888537
96.5396081506
727.305129072
934.805023763
916.147225444
843.205597222
425.946571523
560.129989128
448.324444284
581.625083291
697.581196694
256.059463597
253.126518169
935.822279293
359.391594104
692.056967299
258.252181452
536.044176294
897.733298603
722.407962872
791.896523273
154.391888506
88.6382201098
557.468190025
886.857710407
633.79374623
333.468683742
528.897776363
803.479082898
936.871913613
119.109498391
912.91808641
110.296082381
579.616468513
231.210261121
757.947605095
367.349572795
999.084941218
142.817350941
518.266858951
569.700290749
297.078665137
702.028399712
36.2095384851
226.817060596
82.81611071
276.370798192
61.9760949054
263.474504911
430.228825594
619.047194694
369.472033175
45.0472325099
294.34581839
537.481548139
426.44677184
944.42770123
724.995432527
296.066189566
494.437969288
225.341860712
462.642609748
999.64473305
529.473912891
41.3516272052
91.4068162293
2.42089793725
850.874013086
939.251262258
868.99622426
108.419010138
368.890936054
338.941965327
164.96187942
484.037904534
543.095591529
640.349575736
608.602143398
501.752312555
66.4606589333
743.450448075
172.797680316
447.87652105
506.712373872
4.58276659342
216.665229299
862.319394795
952.654073326
247.254345209
219.146015368
470.056463899
896.676356257
953.167397073
72.2365629117
646.090656652
220.844733299
355.620853223
924.123250143
33.670712765
295.135852115
370.36999523
704.269333141
361.72529299
678.738668232
415.343483306
491.320316368
222.823254689
147.870006033
386.110396692
613.642699651
717.430637086
739.710776929
408.089548903
728.700721835
459.522125395
525.953551659
392.557341259
149.316778506
284.90162653
282.079920423
727.374264465
614.597791088
504.963204889
332.882994294
831.920652891
216.193857723
357.638978851
503.078113406
822.159198406
783.061532684
743.007406511
192.026070159
251.219873894
920.548562276
126.669111748
350.176937059
482.300115763
11.2801283721
606.211746484
10.0543029543
120.592284594
482.78491457
365.327248701
859.635160018
185.580820586
86.4451482261
101.424095008
601.555448561
633.201876604
798.346077482
492.788548413
274.741136572
193.905721037
548.145565297
429.903892987
235.823771632
847.162503869
314.94588942
791.879353291
492.840333072
201.474058002
583.947917274
710.683487916
328.897165482
120.238531428
637.02949697
273.523290969
531.443530264
220.382963691
755.064540003
328.577468855
734.475032351
886.475918062
17.5476687599
305.226706962
56.5565671593
806.52697078
433.073702277
945.403958848
385.798633206
821.799620054
507.596498638
281.444476956
332.521459111
955.453652187
498.86937124
369.528746338
350.671375965
497.308721701
692.02751386
629.96443925
996.894498996
617.796800506
526.780516728
84.4199793757
753.383557862
998.20253242
232.34859783
591.704117752
359.513992541
415.256524955
977.57585079
97.275309364
623.787468538
710.241028281
799.107849313
955.536269506
722.536486018
603.886445571
267.245222338
644.710188613
850.750532118
219.661626889
460.760217537
563.590436422
635.446033719
407.057572677
597.121793614
653.848377641
193.729038229
501.089150256
286.707403186
705.116358383
447.603941108
686.929888309
94.559944264
382.534229641
214.704900515
742.171854055
190.560235585
784.805052857
957.922108326
542.645634453
158.373595087
537.386333829
514.97730816
766.980873999
783.106824511
221.209855648
962.026743903
776.703670592
944.997175514
941.913225763
809.428481681
699.195572069
462.099897774
912.370773916
673.652027443
740.506589993
446.358929958
423.850297387
799.679041551
369.669302222
541.078161698
626.540340062
54.7928092549
349.631330652
212.186699131
733.913045591
306.665315969
839.783761158
857.251105468
287.55057225
906.971962295
924.924975785
586.519348258
766.089724734
614.674785359
305.283247684
190.649384107
627.247967852
759.003230538
870.992510144
858.516647745
126.967639099
468.612274963
162.407488958
984.945957532
92.1301582184
915.159322122
996.710711859
712.53440597
410.012672201
505.919090613
782.958446105
434.802839796
404.033462909
704.609706948
156.79070832
443.307768709
657.601900536
33.6501401151
936.495818519
317.261183209
58.7606538726
369.306322365
416.513840459
707.566358182
340.052801422
833.260527773
451.193544759
114.488053909
91.6012160664
369.554011325
897.685166255
706.323788682
648.012005438
695.780273787
13.4523703283
465.424515346
436.281672702
849.90171855
460.946473027
189.985780124
933.762024485
868.533849547
238.039200678
536.023426591
43.0256329651
14.2983799477
245.969579504
589.746911495
405.601740377
229.309460009
146.813307546
449.257200762
824.939739262
974.064317447
757.444512926
704.165253399
577.239636028
923.59365592
681.621126785
901.879198177
805.345514995
769.609621766
202.445770322
670.738650661
663.07546233
852.92815708
900.364972723
578.759321013
78.3741266389
41.8131402139
495.68635548
130.81269801
990.816160587
735.161636269
55.5321132001
201.894703368
729.91541398
743.262185274
941.200158099
377.010009191
422.051560491
360.614922531
233.435269109
828.799050281
96.226408739
688.007528524
766.318896671
468.878608515
533.066133046
834.454676645
299.708260261
589.429559624
740.810212704
802.469363454
733.896241559
121.469249186
906.034177028
898.63034241
513.068474942
15.6458710828
595.54192289
149.193148417
730.726844944
802.840089998
133.027212517
173.910467212
924.647873161
723.971033565
818.146332387
354.900571372
499.201417174
146.65217184
695.756824058
324.525766089
598.316248166
775.454116668
548.867965218
187.933255498
838.27008416
907.54829659
467.798554392
342.868169422
951.833755572
596.446490142
229.188799155
654.97509529
226.894996064
631.17883697
108.876576531
879.649971767
99.0859057588
88.0925959742
215.382937741
941.542808645
371.200283715
640.02313188
312.983147222
601.875611045
458.831915634
620.360325458
407.120177544
232.069810115
216.73706076
825.24669669
677.498606896
304.014784073
819.868322737
364.164503029
822.108805245
827.457046062
715.999017842
510.706471058
142.500713184
580.466840889
843.629093109
24.1816469469
424.319152107
892.456692043
293.008856454
424.411753517
949.55902608
585.45440704
436.817276285
609.461397919
660.652317609
701.432295244
151.643033823
123.991612686
818.541240367
949.884754512
557.762883802
479.761670218
110.28350332
337.527344564
980.094946776
869.792682466
254.356992107
238.468242354
137.581459715
377.233685976
226.012888678
615.210418539
275.339037357
529.110435699
912.010099646
651.088731967
263.407842764
328.525940407
655.299724929
962.300342123
412.439018327
847.071368673
609.370793156
228.848658752
442.244575179
572.553525023
664.347522425
787.518901268
867.967692081
499.153375266
823.051553653
312.989893435
702.482704979
219.608781586
305.559888199
352.758968419
537.543593466
371.86230467
805.874069375
902.965178012
974.939853646
284.679690169
238.576592306
830.020613961
946.287585744
615.920313036
24.3079287022
711.906937754
799.484932943
641.69192047
181.471169904
156.78010712
857.706567896
947.815473297
709.916857676
428.114447914
250.356543562
748.452333977
256.112295114
894.994227312
614.604576113
625.892500195
917.220289976
722.934811143
631.493742209
30.7942310896
711.947137669
118.325154628
354.371499078
260.893090393
435.173504525
726.526020812
648.06396382
54.13685564
747.154182413
654.597910182
130.388838439
596.004627511
513.798090835
342.901656254
410.683051453
500.781139768
670.464899722
54.3947214431
336.454010972
402.082402195
643.6853731
161.834717153
99.2692012736
787.738437757
892.807450652
709.073220121
326.548907293
126.267720068
280.270237402
593.729231706
59.3387006115
662.036644655
322.267125126
701.941520489
882.31397444
66.7155473361
919.766485675
982.70010636
84.2097399622
715.058573792
982.659170237
264.328005724
891.967041316
355.967998875
606.61126207
822.378846489
286.389133567
386.378068571
674.64954853
256.866016783
890.188529479
154.92267189
57.7239227186
669.063372192
800.256390833
656.881452619
783.738059926
854.177552904
902.875328636
906.438413468
446.584406966
483.192852664
642.219389354
68.4140918575
542.198161478
598.084489111
173.835532092
578.150361973
471.865076778
