14.2485169712
424.569063904
821.334428071
125.402686971
869.165117053
388.143963382
229.594973061
703.8871127
130.360871656
862.845878281
258.202428875
111.993779884
658.940389894
860.592883826
631.108757764
851.778829739
111.879907822
455.408017092
222.001376616
725.276639279
880.72681962
875.045561844
531.278423603
154.909229101
374.589239079
554.165630262
406.574034819
890.2052195
801.976041543
403.215732387
849.207208039
993.080123513
659.655256138
32.6702776765
217.666576624
614.433007498
355.862932692
142.311389632
133.259365076
521.560358383
228.380045381
499.83205707
705.485884959
303.737557144
420.407910722
236.300260636
848.084513527
270.872188403
450.077506716
74.8781306712
13.3454313799
710.183874453
550.127983591
551.625433379
808.989681673
901.397486266
750.53549886
973.097952502
161.569824523
675.119452761
740.966342507
89.9494891456
467.174428551
374.526120156
25.4068596419
215.57017743
550.529885185
392.448968186
345.892942252
37.9865944003
819.773798062
42.0019302256
447.685348515
32.4989415859
666.035420308
97.9117655877
122.639001399
336.977830235
479.633300004
99.1827758108
733.079679459
47.6206230549
390.536158355
111.579298497
78.3483920475
973.342151598
500.399636635
469.570537015
825.162308473
439.413495246
301.220154868
89.9816934758
427.439373493
255.120427136
976.026923676
828.847546874
244.703649316
526.296069394
714.050385128
836.248606442
732.197919127
269.644512211
189.510412692
696.063586768
818.63494362
216.721325099
517.009198358
149.7702824
263.846733043
1.88146896081
923.467500085
193.51173288
861.926287211
153.639728815
51.2183240149
722.847160657
428.086583742
362.15082302
239.568645797
607.324144515
416.693688976
107.153872945
420.48318886
431.814079672
182.323500193
13.9555618802
178.828862649
516.694943032
617.709136972
162.505840205
98.5967552438
261.000163028
674.279792458
707.232344177
297.990011692
500.719052881
127.213503051
29.1894379753
105.424814658
799.117476101
796.524069069
624.897395919
989.389380743
219.31976784
525.539934079
256.266952023
179.444992369
91.8664405263
199.453509232
209.430265229
5.20932998769
413.031623627
983.084195783
360.028374648
297.508000533
696.012680011
257.524016531
684.487595532
151.612732536
510.871983895
860.063239899
722.21285731
906.944079254
861.038192952
633.354452182
222.905009958
625.895955905
174.319037692
796.789904519
406.925098935
570.724567821
927.672114999
964.919949327
786.412662307
312.939002452
133.080509016
216.602723812
453.60890932
979.530423276
959.777680683
846.694310736
926.696468448
962.237141566
707.231119177
855.395924004
578.414053008
909.315961464
155.725118475
392.790997227
126.51702694
598.330722161
491.660214958
457.907447419
954.247228168
80.4042766068
337.938862458
375.759651188
899.165595228
558.626177076
101.620946255
321.214158057
519.408013309
15.7999736778
253.170440019
569.677267002
210.960559143
203.021140164
772.155220569
80.4219569113
897.227047251
976.354044128
604.28623071
351.553404111
298.282381657
147.785409394
646.25296213
302.132642285
358.137372132
216.663504332
751.134592813
658.570870035
279.175488333
213.017413687
322.537077475
836.519884363
651.825914108
795.935511593
674.474720477
692.265306217
21.9910107186
706.472028584
290.476876198
801.978183321
22.1045619841
374.109517171
648.137844478
438.937644128
870.412833693
573.634182067
647.243013807
985.46601682
315.687917143
926.451477973
875.44125116
52.9902416663
509.307119469
643.815125282
868.019902172
689.820219991
188.237151927
562.713951843
96.3592932267
233.012719602
269.491192369
859.276226681
158.846996406
755.752756077
775.923209288
639.968242832
639.079821814
567.965497932
630.27602776
406.305518515
531.220954706
806.897373912
902.176206217
666.572289478
615.122176925
594.78769123
256.96780327
97.2216570829
893.136995099
211.96128722
805.385480017
502.670483938
687.447130787
574.247916102
605.489766359
107.689992118
945.974305842
289.201196711
522.591803212
216.892489137
339.61891973
8.77834740244
166.733536203
444.204349833
113.829753712
887.111414364
635.288027239
205.782502443
674.298092009
844.786229787
91.3585032492
730.857563585
675.425282451
911.65133828
716.811498214
665.767209552
390.128221046
844.311601113
273.786859528
551.23185292
404.755513484
656.507418241
164.31418856
285.021106742
271.958506572
791.679661804
912.965894698
391.492819501
498.797572409
916.065067888
278.306270264
509.632701398
362.464293118
324.770412117
395.265404199
641.996877321
150.227743882
19.0896614643
225.816122046
416.759006986
887.485685769
566.10645554
498.141355268
536.901833259
786.373818272
761.153244869
405.852330338
985.22037961
758.013897873
325.296289728
401.61531259
130.313002843
567.473623211
535.250936612
191.679202072
911.649017677
620.075036246
44.7393585906
194.971745363
49.9493005922
888.575843533
369.380085872
476.8813865
501.840906422
584.76492911
60.6317256997
194.517650761
936.300989318
70.6255606455
652.709175701
272.391138197
832.6824404
413.85445399
632.280379392
329.002555418
302.848344791
536.546259467
407.399686581
963.012697174
969.701679367
959.571366699
101.216479925
637.977010824
994.062698836
859.071584875
681.817398649
202.933863381
246.71109842
736.396012005
828.395229731
174.037090103
127.799942543
848.166296447
216.266808258
766.211886787
198.092317878
495.808486915
56.8850102828
108.101059269
711.425829056
394.881718277
517.454468128
822.553677658
885.174487204
758.872936075
547.407959844
715.867138224
995.342953665
369.383818655
877.079794239
11.1010150694
947.58672462
622.417278125
82.7713891612
488.693765439
7.8046232245
107.9196495
849.246785507
359.635116362
304.306261975
644.634349528
103.58917619
822.974211814
822.926533872
860.611942366
231.685794718
898.153778551
99.5102246957
407.203546561
344.114960713
501.851855198
686.534273953
706.456616596
84.1089010499
865.604425383
444.515857411
698.042264424
6.10985534966
94.6407155949
734.695584057
690.298238219
306.159839886
745.880367034
570.160983114
262.641729082
817.996786626
310.948413213
170.625170456
450.334361033
228.002407284
645.831390482
682.787106141
293.318388794
443.294958176
1.40239539364
380.52525778
817.843243968
591.688953962
129.969150594
247.697887438
207.233800615
18.0429794641
571.389005028
43.5622662967
792.101536458
738.23655383
64.3510704564
942.032302876
933.544134974
909.695538075
830.262037969
677.203754937
457.309911735
439.013897595
738.052945112
854.67658346
147.090077538
67.3553816055
24.9007868718
992.887522353
680.675037979
87.8701641899
508.033525689
610.432819725
191.515629924
40.0264955374
466.066826148
513.625703582
11.0688950043
890.995838451
777.951678821
8.63156758297
371.914672428
996.446115907
502.157930353
0.538693287223
209.580466956
220.054900905
524.257002327
810.031507331
821.522184902
492.704112486
198.509901898
666.714884688
550.973496428
509.834755332
877.251751067
810.516102718
133.929191815
473.44333673
990.639356307
170.939414434
487.962566318
620.983971339
77.4203519471
583.096466971
980.257036969
747.890664873
871.031218871
656.882222693
487.806281056
651.51884007
547.851699985
534.010717534
832.668893878
409.677029923
467.513455121
118.250932358
954.000175915
440.274100254
244.41009868
243.75327406
206.801081642
459.204015016
259.39704736
509.174294348
708.552642422
360.668196993
552.777270488
50.7362441659
319.913571642
30.3344499592
268.349122754
837.300710052
594.098951027
914.586741042
181.897491067
811.082762977
544.966733214
631.829995429
880.833518952
340.317532191
468.748327555
717.517994408
720.749945252
973.576582024
205.109978539
499.049251906
589.256770563
432.72652868
66.1867116393
373.396906292
949.645620324
834.931131617
451.850546552
39.2556568461
137.246362172
472.81298702
113.633264646
802.789816695
156.801785427
99.1064842615
904.383751789
733.093847007
225.788375619
532.493688693
765.000917485
92.6055302565
152.688340638
84.2372717022
214.990960821
49.1604229525
45.7180289962
502.500606256
638.941649666
287.525890842
956.576631561
654.194672564
130.324403963
919.241860077
63.7187072572
821.846049479
735.266149326
543.019050455
161.367203829
545.005251561
193.209405387
27.4966320159
257.903008664
901.468657884
948.69376702
573.162381137
666.598568319
131.598730859
625.514343264
160.968455308
390.459212964
428.378839828
872.160399165
350.096240638
158.582819838
126.789270398
695.918197187
197.362088917
449.026133998
734.861545416
332.482961883
646.185350953
336.457268566
285.4287937
986.6100613
391.026500043
356.714143404
196.73351345
655.651121089
925.835637736
357.170665719
889.002226727
142.356661619
424.288309067
594.09401595
780.112605876
150.69966774
189.364648232
119.2456344
495.725458986
622.942439965
723.765562794
366.081547791
363.687895075
249.69869903
239.205740869
303.257814131
68.2156582894
270.032417808
170.198583964
786.48756105
767.050504185
806.126163448
802.616536564
352.047281638
827.608080521
961.572197434
703.317611519
280.824219618
414.530871006
157.048715075
208.415655506
328.342917506
887.976454647
89.3662981358
392.646965662
341.862744831
57.8842874622
490.956463172
70.5976399462
956.117345862
998.124073386
884.598706057
384.821976205
507.1615701
29.579256029
457.082603222
983.463760287
572.515773216
206.427353843
903.096053044
299.369053106
273.634028427
587.000730663
235.847843909
542.92671008
826.123298381
814.93199618
431.538813913
485.708167224
93.5244933745
949.442916263
14.8039792564
778.287240989
860.301138731
93.1590469581
980.5209082
887.516622585
79.7590573136
579.963325109
473.97977138
100.033630675
954.421209641
906.858342301
69.2405459825
982.574832146
806.141270057
324.329817978
419.021457675
969.336772207
440.376090762
572.109786506
944.728966564
390.252684119
259.092923492
679.91880439
918.560811669
471.705223256
454.747813086
140.531114533
191.396662179
552.526618219
115.768734274
420.270967047
98.4126199186
54.1781649176
732.709311304
836.611600775
795.31281006
364.382879902
289.757526041
210.767847337
712.000374532
200.775486945
260.930812838
312.353062311
755.509234652
789.853222145
815.268287124
772.322271832
981.649319991
876.586013473
954.464473627
169.264829126
596.39312658
817.316172112
744.306635618
242.092679253
535.806981418
823.249085084
741.701496968
290.108443701
878.102032928
133.054007112
305.078742359
381.3611094
617.442517693
991.114049056
445.504818066
5.10606816957
316.305296084
26.2554648068
645.938579667
209.224278469
293.147243645
901.224336545
528.446746529
948.279343021
14.636491028
233.537805627
920.919401384
425.912797445
571.497658281
597.800961377
624.05738563
930.995308305
971.096339514
633.65031183
872.965031528
766.451908113
587.161677205
90.5411587853
233.567536764
651.571547609
59.4559316848
50.2216120826
943.084504962
100.598957487
276.082367129
70.3405596959
555.714662152
654.952244187
528.151681892
598.623862014
450.348214255
239.072300504
640.421639555
144.184196681
855.906764714
647.26509313
356.060743112
923.296690555
310.88073791
58.5306404264
91.5812526518
559.362166295
692.677039313
575.360554696
791.942162777
382.563853563
871.655742723
560.539815695
946.795600463
265.734372679
822.210978107
125.402353946
258.598016608
791.263283812
424.1576117
909.370366597
339.636252245
383.07225992
317.948774895
810.838111469
405.881076158
416.417452207
766.986730558
496.161641913
711.214523682
232.170611515
319.914972099
756.675249184
459.104411983
973.213690207
92.5046123472
71.1458353034
786.733510891
690.640949817
58.6550509863
438.845595309
945.903626209
221.778437001
270.519029403
242.102374318
700.353468211
233.384484753
866.112166903
204.005144724
18.141016303
818.106558658
302.255070024
100.645961772
205.367010321
674.155168204
717.743850624
768.905409873
799.629946588
298.60876397
607.457495811
16.966347149
143.60777652
775.836679608
546.149661695
926.669750352
479.505097757
459.19001445
534.203834961
974.933497649
0.224573044608
918.541750016
63.0327790438
409.671054554
492.061644936
807.179714496
803.405699588
689.763579627
905.181766544
143.685750439
902.821629509
763.079250731
440.016130071
18.859028394
336.369307871
106.606083332
636.097942869
685.458216391
557.044447181
317.645400456
103.402287661
300.626633024
172.868297115
924.756309129
502.734092108
169.810511576
427.222128461
261.469620045
285.976921668
788.793733928
556.845507365
836.457361107
935.44623446
990.785035508
152.985827789
279.959320251
912.692879039
222.610723021
691.537191842
836.279239434
391.976133005
655.050335763
619.234373409
990.567533219
361.094144286
435.947209526
236.368627548
641.191566658
54.3420472924
410.001712246
234.761538867
197.391508857
759.772324598
488.029711429
663.298173309
731.995418765
962.729418857
139.304685682
133.112468278
575.507614579
586.696667345
27.4184954785
406.600851365
468.575731447
69.0566372095
274.393180848
432.865144256
1.17197517332
203.442500409
723.04339221
378.846729642
462.876515799
377.216682817
77.6528902782
997.829401749
6.55994838356
966.72226112
157.345302593
279.453173047
265.552843602
270.869383296
723.938335207
149.216203385
703.642043876
442.965213069
57.1700375691
635.411088928
221.767780206
743.562762164
181.755758845
273.828881725
508.2764326
628.392937306
172.472080187
863.433373798
465.376434812
636.850553481
907.722919533
302.697259791
67.461630757
237.387423156
667.535422724
958.808463955
388.411608203
35.9571748011
643.478905517
854.276537732
412.144181127
426.080226268
388.128904232
843.983515137
455.809158356
751.926000669
193.689096318
214.869598012
508.261902146
736.824836189
220.042325639
16.6456968788
294.305962719
606.776319191
519.31520209
330.907634893
713.673883449
660.855334541
513.157260978
420.905885471
411.596726306
720.097564762
449.134539382
135.667185825
402.061325279
529.392864418
971.928289847
35.596232113
566.039000104
921.026459947
410.061512112
35.7919960062
412.747108131
263.648364837
624.393405835
955.798177855
726.216430297
124.177478405
311.759484328
536.25534649
628.6254438
150.92514931
800.744617056
320.421974009
859.305611845
268.820614536
