862.273061296
694.569873303
409.045551707
902.318757754
120.351085644
656.254713748
681.05899091
218.967419286
105.665969298
618.636395815
988.697612245
186.068198845
539.900112833
80.473247642
742.572006542
744.387033406
977.387750317
275.723473991
598.121583405
887.74749039
746.32722649
707.668773683
83.845511562
276.812818377
21.8843036013
663.745121273
378.240396356
485.933933036
468.920495758
996.525312529
305.55726598
890.202750107
530.930534842
125.94933885
246.822490381
800.358118277
675.150010176
822.557709777
976.435870218
508.151796546
641.25878209
256.184085667
1.54459954102
745.922440303
126.169097359
889.089058731
504.609249221
114.907187341
734.647774307
964.942841212
974.750494069
84.2255185023
284.661413215
433.151750922
795.065711859
10.6418420159
117.429372955
38.1393074979
537.643552573
88.110624487
760.519881305
971.752354454
643.421256229
230.222177008
676.302474355
677.753674953
388.984383332
703.740051583
111.705987167
864.339933445
253.0680741
432.959869093
139.901443932
704.006363288
385.166082427
611.752377046
159.479786125
648.62104432
293.857123959
743.565000555
657.908431271
257.752450264
586.303139949
285.950399134
497.387971845
745.753093222
597.694745429
183.041727331
955.113358873
561.91296599
969.001413042
84.5906614219
872.701377824
298.579344666
345.597252206
605.206556853
700.818626488
974.023370965
282.818949785
81.032788299
59.0768448301
984.984183837
359.161279771
368.610634719
647.2325756
201.746942693
381.967014407
231.524576451
913.09358207
123.476365249
455.560353347
339.87607975
997.696753825
905.920102328
834.952041974
837.496691874
179.239912009
595.579728706
355.411591397
665.512561541
355.724648472
378.006753567
673.058896591
177.012776368
823.216880291
513.993963711
269.982362533
818.453641195
195.725909023
909.375441345
638.413366058
866.339334559
358.11332544
467.103200336
989.381690513
592.124592234
189.378014984
611.153604286
436.146076605
916.258812206
755.681122073
310.698218142
442.688915149
356.471912076
854.775105909
722.224756778
129.176395759
511.818321494
603.949417274
679.154946453
733.890292474
909.322332731
677.274886302
710.637753354
50.7846030521
975.903809148
545.548124843
669.624738478
612.078802813
220.213030769
216.127074121
432.037926589
149.296401362
692.846557911
189.995950704
636.594306717
331.896726057
724.135063546
978.562072347
374.036114971
687.929490793
393.0101152
923.909537017
396.445873843
548.311464436
228.965183928
413.302684767
216.779498356
524.520863843
537.680430294
815.809085304
475.469238386
723.161280192
801.936252915
308.160753446
855.715424045
962.959756351
956.448654395
501.356750803
907.547897205
750.275023538
879.118998397
871.9429385
965.325819299
774.012713013
887.209956847
134.257145558
359.903898134
168.997194651
982.895927385
993.747230608
164.530886209
253.49300721
758.184799683
590.354324808
469.782936564
467.167939725
289.031779232
499.188302213
329.059369865
321.047864817
603.259505974
845.267232737
844.923276572
559.266286481
627.330436966
860.758947387
519.525682957
10.9521069969
949.323894661
978.080667975
647.072417971
376.569158919
252.872282867
252.089347728
860.537518528
606.198125739
692.99552337
857.379865677
940.926732215
750.891142098
780.578814917
687.246505843
615.331387258
378.935757258
2.67878649591
984.519975314
342.257647931
59.2286829158
744.396248543
52.0755935701
432.987159044
150.024876134
279.538835438
907.308885814
35.75059214
263.627860982
236.730458976
564.145631233
14.7780980451
796.823601391
880.607873711
611.952688153
168.124560806
396.125354167
956.703973151
377.596143563
575.125095593
799.017183696
696.78300551
229.412346311
82.6383241279
523.598892701
110.951098173
592.361685113
570.787384806
722.498123809
764.662178174
240.00579982
303.245862492
343.031070562
18.2024943268
653.270639267
791.993416124
832.359320217
948.739728515
774.613178565
579.540669906
149.045867616
48.4475229103
189.804615542
926.240158338
744.875558892
484.590275275
34.3726960009
279.848942835
621.208105919
99.6061235142
433.685734431
506.769814212
955.124495748
292.701103926
717.116373848
68.3742308123
548.057896191
656.541260016
580.947694729
784.494335867
744.736022881
952.84990956
173.40111023
388.544011954
646.358888836
261.322165877
676.270119339
97.3098815502
734.12986622
750.3427482
967.5007683
670.39015436
452.479036802
659.724734372
711.066583537
761.981234256
983.571511122
353.973415586
19.293577079
185.245619793
42.0356648397
753.245003151
137.450577546
497.316983428
566.071913346
554.584372789
883.557707634
851.465829194
816.374311175
316.122347065
337.131452347
557.303381438
794.818510629
883.501708597
627.294649378
789.427348198
461.053714344
506.380640915
834.081329144
82.8786066822
898.661052575
620.11259351
772.234260186
629.355390174
204.257903937
252.493334934
531.923361139
69.0272547808
66.3714276947
619.642232962
65.7504182198
469.305679561
496.35791522
88.2979799829
391.187253559
530.558272083
241.472820344
202.750955355
3.86629591258
275.270769483
881.666494234
756.921820134
613.186383375
844.917262143
859.136663197
160.140793948
471.049548772
669.072350821
520.658435081
636.841626551
612.110984632
987.92155177
315.623210966
158.87874293
542.781448435
684.219843181
152.02926433
768.036629146
213.406343947
474.579387048
368.155273467
73.5915285172
28.6947658275
167.30903871
864.732858836
726.761433541
519.56776798
712.938983573
498.146185928
78.0449260962
65.5275198769
358.516373762
754.206260877
334.569435496
536.715769011
694.030324657
289.548298175
633.617503936
596.102012665
223.363236516
224.151764266
347.165221487
616.160506981
273.972838843
348.581194644
918.616827926
384.046726424
487.352496179
893.415292292
383.189375623
842.848310417
159.812224571
319.769936869
727.180677041
896.275904311
512.325230316
467.501699587
211.170858017
547.313748021
291.362631498
946.340878423
840.034027584
383.278602285
36.0323058933
115.947853801
401.723425781
392.600774647
3.54194005376
263.686763857
100.202348837
645.578677974
222.321559729
190.93233421
882.591970501
338.718316517
34.8819040634
393.108247522
636.450531585
104.664995716
237.447585473
662.175292027
455.575958909
583.866247942
463.19956361
718.490565425
111.371489159
839.101009909
77.885247493
20.9796268694
731.713125131
49.5679216052
937.272809554
228.635770443
848.821519413
136.960365123
157.903307644
694.775519998
311.927309907
616.458035886
847.320667194
714.437656505
13.5691279928
230.856473765
16.3457064596
741.147783118
814.22983036
366.869566191
49.3882521325
320.163675625
30.8950663926
191.694585405
682.517010901
824.009076898
18.6352311664
955.85862143
155.362356484
456.756776919
870.059569223
592.757505617
816.355619413
711.531074327
913.611000183
22.2334748704
984.747129158
49.7114489914
47.445047566
760.725513416
562.594854751
962.139388743
14.8280484441
522.003428801
38.3773994059
970.104963567
490.902665392
282.918626756
592.546260951
627.533631529
159.909707357
796.369705584
518.578788141
619.504014363
66.6452536744
176.819141228
768.939208873
766.936438766
332.305362949
102.800505436
825.918521648
380.059446541
127.885417572
782.187072703
405.328879055
430.342829483
327.987585231
363.313466914
632.076698789
322.568747408
79.7933914699
475.001029119
844.261670581
964.246663416
611.346936431
841.845890514
399.770981282
387.852863078
43.0425070535
921.29614927
416.216515694
634.605107075
897.28737209
661.352959876
328.768258747
768.761375957
629.245763923
810.287129573
946.977789201
250.298357495
594.542994937
861.35820212
103.516468342
342.071934554
817.728640525
753.09570643
328.28669115
334.55596001
887.805300728
947.906670749
629.605104867
673.577512289
330.064104879
961.208710489
371.152418271
486.506285731
422.017796523
764.248191229
492.554375652
589.081875731
188.109114951
811.37932924
37.6446046668
115.230348432
276.568231912
798.561612351
408.658324071
425.540433657
44.0396503223
598.423720187
809.398463493
487.657856984
499.370913365
4.30758396623
898.482375314
458.819384101
190.192623974
808.769720277
32.5767500741
632.823171723
320.715677416
986.525726774
369.936396597
920.050226813
817.76432526
845.623992099
691.962435698
97.1689933785
277.436127994
761.651128442
481.866087123
124.539778711
645.050477303
440.52407109
466.010501702
155.471110427
472.64777887
155.606268845
188.363621933
910.473225498
898.16741709
743.765777573
68.514166016
56.6222512423
863.017021477
231.894584396
775.186381165
570.256244595
561.175810031
339.596662709
741.72980832
211.585955722
686.206657052
561.710660129
696.913618686
986.492898718
697.391223245
370.540910786
833.256660539
625.862175308
563.992147924
218.695977589
610.614111631
570.372858051
519.325119337
337.219715009
888.75395921
711.307246368
20.7061301753
354.065682311
341.075121205
459.127962983
833.982316287
812.110975812
971.184528209
588.977187658
169.228500496
610.508877774
246.680191759
322.236161667
552.279557994
894.588671062
657.939021966
527.144399639
348.844763061
359.073086948
916.91952543
96.9546962646
777.069943147
845.863066818
993.641620328
915.189290236
384.414634875
212.067825435
300.395212601
394.47911306
673.664742435
405.925325939
557.68090667
642.8606129
637.228387356
351.489284364
245.343312156
705.579030754
229.455593193
113.542090282
627.062094446
818.359306375
128.555927107
939.531385842
500.701318244
673.070310653
428.482522626
549.247495863
499.637796736
958.540128894
788.765055801
217.360736357
423.168702149
353.026633156
894.443730444
578.666544147
843.83173512
787.785074553
895.588499061
461.861293943
255.326001617
840.456243804
97.4717820925
31.3914073822
686.576159973
757.82396688
50.6368261254
608.658504884
301.543644587
202.540080486
662.742842867
166.36236094
139.450641515
750.438535383
820.634587748
839.228592209
488.741814857
119.106973988
372.322816463
426.059466935
669.840381295
654.511836512
682.311339043
135.626217222
535.269838128
33.2500875452
953.078143532
327.886505245
586.188749797
981.866092976
495.651082251
240.550886782
970.208593556
738.362424664
381.044981444
615.162112204
547.704910026
825.449626471
205.205503
558.869275905
867.626952765
445.170498451
211.032312808
547.711808372
803.128538211
179.840518398
719.52493097
856.936781232
967.111058292
995.0022895
6.4763300199
607.556187708
864.418693315
867.786769481
126.144437576
168.252854192
400.28652971
499.279430604
481.727657857
118.205337565
984.599106831
713.098424591
423.187869943
693.878730197
877.90314552
361.293268825
975.42449137
676.500179162
223.891942138
886.616578953
146.017271993
331.755498931
389.881904001
855.034420809
316.683434878
773.314128325
341.803186409
486.640509955
135.845750851
683.25113532
813.640079102
141.832372348
967.728751661
91.1539232843
40.4720684824
162.597409506
364.637774397
462.549334408
662.977478411
908.944278984
34.5217415285
759.332310897
504.630787413
509.263001012
508.035880523
397.002763439
582.518519269
967.915351125
677.545133683
358.942174775
788.27073657
901.980529916
763.206556114
692.294282168
766.661561764
941.01827693
482.429137589
762.644091372
704.03713102
706.995566168
466.508891504
178.348803652
956.996345865
499.147447632
104.961575575
646.499854971
863.798059607
333.211494791
281.538298156
218.273270094
873.670716307
661.619648494
993.27517236
865.642399785
68.6451878442
28.4181026458
134.798643667
208.996451689
170.305482285
961.925338862
655.098719093
951.074582549
186.799691754
309.183280826
224.660457589
190.998058999
131.70154222
20.2432215063
672.154712279
530.042595249
169.328243664
470.52039574
760.352654645
462.826999966
129.628343955
321.715613783
595.321784341
964.533100557
981.373327641
999.631726669
84.2608851577
18.2442794655
410.641235169
634.968570503
382.066261621
902.134001821
356.905980815
368.941420465
863.850208151
875.393317668
307.396559769
252.247638919
95.3329201883
556.989431222
537.911352447
726.542513238
298.824188402
17.3054093159
804.846224803
285.458258987
276.576700571
764.975063259
237.538879647
316.42942175
802.561316143
128.196429379
420.903151905
600.377162935
889.306531871
77.7787144155
625.803121517
410.637789958
333.949830391
200.083424725
77.951735683
835.446475134
310.957481109
906.272189514
89.2582474518
976.027674135
976.510117624
240.827861775
523.837175572
594.50529927
363.381985693
805.697664275
620.887451546
629.082310616
531.366342963
140.344674058
289.658029681
116.10149207
420.223999098
172.82232512
108.054109196
676.974982114
197.264188317
850.187792991
245.41271365
109.845782141
439.342246527
831.43147035
94.4619116732
884.235758031
553.457396648
183.958161903
732.16515709
287.128519125
618.85667369
74.4179145435
125.740733419
280.969750451
637.388631187
549.38877772
162.019753796
215.322871881
286.114971082
339.755594115
581.135454994
313.278652321
741.778473507
710.786010541
785.625812109
194.220709559
489.23408069
662.111989019
670.528874594
788.050238695
906.446465308
749.178609392
678.33682831
703.034289715
706.609670123
957.897922569
354.002437734
271.340595689
912.659481149
758.997698526
308.056610894
878.273452156
741.551836783
792.261279953
155.580619569
430.919598052
485.330917749
756.681568407
1000.03323501
611.627874357
0.427320330096
290.098946884
471.011146328
435.080944421
949.932586331
442.589210838
227.968426393
117.340957214
354.216527695
799.165113832
572.779318166
487.369202846
706.289956686
369.037323307
505.532726519
56.6492238711
632.098748385
266.798486168
170.582653349
68.4978671185
446.175864707
628.185748848
788.226581541
460.64839758
87.247763164
245.253883301
340.11463007
736.086363394
480.809893569
934.621657793
23.760286432
759.554771332
952.476651965
867.117472855
763.562498084
889.086136681
712.668515049
6.29988710549
632.483312215
228.669300107
96.4272089082
967.114241405
426.640771138
120.404701531
659.711588054
279.691325099
47.7125745836
443.449301099
626.086062599
190.825855212
48.6858214241
830.972723324
492.46558451
290.818220421
601.571430048
303.91472206
724.824238009
102.103300003
225.832776573
177.377822958
179.629440214
