345.956741243
130.629121889
422.422080941
434.107876729
548.580099128
227.84927414
298.328236483
306.190247154
579.501411073
38.576453506
19.7117698414
676.366395293
984.65230913
854.640225073
70.412178397
257.583137796
711.468192561
903.095443138
460.727950401
408.408215454
389.719529152
609.479265559
568.078728877
990.271643149
835.011810683
78.6374955876
0.470626653324
440.689706204
116.26869187
210.263698491
323.894100704
998.155855205
124.148323911
923.481837015
731.837469395
2.28661978208
429.463465351
705.003581228
182.491189501
956.007677898
305.775426024
335.655680173
785.428297066
632.955036549
696.634602102
387.106317894
821.505569858
258.682393792
330.248759118
955.324240409
90.1169277118
321.813374304
546.097857585
252.104211395
564.054400914
472.972557083
343.459271392
190.103925195
947.246642186
543.877034312
23.5542808403
985.825667341
869.390846384
596.980608187
635.514367888
325.241412983
571.785143376
289.217791798
231.498271176
667.746889358
846.18321852
25.5468979972
925.624958308
582.213549035
538.064954046
66.0963152633
358.406241631
721.052299598
728.715114904
55.0009033997
123.140306425
268.493360918
284.584462581
207.904174008
594.937543134
519.874287249
701.972519401
677.564243704
223.128732902
461.911452775
329.460503245
558.390442888
419.225563548
890.144932183
233.155031902
887.003409814
9.38941974129
13.3885765994
205.980627821
443.56457198
990.703814711
47.5396593562
682.806561348
974.945790664
230.5075408
175.11218672
330.486066379
157.404238592
770.248929224
851.18086085
644.509666964
900.523388634
909.748031817
150.834395629
881.45054294
412.936408332
348.61805159
406.399620806
119.955239297
885.540341072
268.809969918
47.341197944
415.737027117
801.269217802
461.277771465
228.589408442
340.641417641
215.079748187
983.90731497
688.510685478
674.865030037
533.274932864
51.8059513634
993.084423258
257.54762855
709.393044751
884.465371697
16.7414358462
119.248201629
873.669517533
828.493577729
204.841407518
79.5929180513
774.775074203
867.202176557
174.523117886
870.559299573
461.589155911
834.179244509
644.092177768
871.067588602
942.583611773
420.987274978
366.752672309
187.070420735
681.298063735
150.734338073
74.5047987617
406.860557395
356.98555616
444.818760148
495.516791372
50.1252439022
359.60525969
201.409374695
641.501539331
468.122184126
535.907576603
205.04185767
711.068374459
809.752393927
0.205635181631
495.536376231
870.762720079
299.230877652
822.853464911
231.460944885
86.2556544484
768.505665741
583.061426673
700.408289261
482.576509163
495.591355355
291.357503857
919.60101453
303.823991875
280.48556595
951.913937034
563.636747049
373.904848274
777.541446218
561.40272158
803.632184523
292.82848605
423.231134829
125.383991722
328.657385133
880.50568302
153.113119015
280.094238771
514.794613338
698.425172745
901.434458417
485.320220549
737.239506436
890.864909882
877.624543562
948.113510253
67.6595918071
377.487927099
604.408615892
595.094395028
598.342336976
979.500821946
36.6819753098
264.150097972
703.83096742
653.878444926
632.508709139
650.76254916
235.070608351
214.496041965
945.134522399
124.672853896
36.2751099278
238.28838819
781.497395677
493.199406599
682.410337794
587.743536786
875.289952797
202.030130882
584.168100886
664.001053723
929.44796044
744.27697988
236.590551582
819.435877355
830.22190346
605.466832512
214.25294179
394.679186804
567.518075025
352.913196997
937.40896526
480.537022781
913.729076622
218.522110874
228.842702481
667.675652209
294.704045519
884.031356808
574.174725899
678.142298079
138.671019322
956.450669432
909.111619639
922.474279136
396.183097433
274.325598195
645.684388807
809.708426648
102.237512892
167.80831599
205.646647193
994.372635524
748.968067562
146.944817897
905.274347551
700.051006329
262.913288868
72.4243250982
994.896291862
537.348113576
394.203532898
525.302852156
899.774446016
136.026489983
719.167666464
656.800020887
427.057602946
413.726396389
461.50073764
154.264025228
254.449555224
51.9611699896
704.297639726
98.9155680052
581.166998958
200.873775603
589.878730308
111.521799519
667.321531091
930.27817281
222.850317897
138.465572809
835.159495784
530.293339727
503.564800152
409.393827425
596.317738085
557.351925638
105.877735158
940.422347865
968.165753176
375.079008928
115.331140547
208.851388935
973.419756238
928.002957673
240.375311097
754.606970568
521.361991455
732.808567192
796.513463258
601.923270824
220.476616855
800.679986256
617.258366377
428.286237833
387.374567213
41.4762646579
481.96122392
254.003698008
612.122711594
353.260957556
840.98222214
634.144506312
232.012297959
449.266228732
971.513627963
833.533969715
337.409115223
151.561969429
266.942856366
430.480432664
825.876423034
858.596652141
409.967481255
166.100484678
77.6671009537
664.636666599
547.429592389
894.024633842
613.530396251
803.32777996
66.4190050262
34.5917600224
730.129549691
906.794046018
478.727486273
814.013685292
888.961048271
171.205585463
211.546764649
518.092048911
716.973864935
843.734805116
289.185228381
939.169634574
73.4230666628
623.095247486
665.473255446
305.16472282
855.011660474
855.320742206
327.002581934
118.093372363
740.49679878
692.099332027
9.89646057478
56.2844680538
62.1949236318
652.689799302
579.163333041
196.965467798
840.731954848
235.784306011
595.212763889
601.012716642
515.181603783
689.602566965
577.277757528
38.574802985
963.039367315
948.379518512
985.99625326
13.8782078086
526.211240401
621.00020372
509.481498409
398.072774651
88.6562950527
508.835111636
955.294204059
517.841397849
843.299865352
879.306599976
364.271592042
839.300631772
961.003935022
502.649612839
927.9816301
172.051537874
645.899092631
167.617683145
569.847447834
987.638398795
599.660850692
569.259023687
716.795926246
15.7796648158
93.5804394601
800.842946801
204.566681208
329.391012998
179.222342876
489.708353052
415.219618082
615.259598026
778.541532117
80.4060408692
187.635368505
27.7658780115
463.795465917
741.392194303
597.921516649
6.70203335145
318.84391486
391.61484079
941.811499761
207.513259978
377.490570757
139.516077305
307.458133051
444.61214182
941.432366421
248.218284925
212.956156526
86.2918650343
937.224429461
459.344275832
15.9420327955
460.444904604
156.743489888
692.142677061
877.824956082
242.757685405
422.793599597
63.6242087761
505.990511496
264.446122825
200.390461952
573.126475256
583.028788273
791.98052584
343.681040932
704.18740893
569.036634948
97.0503922253
781.468938469
647.136613962
631.254748411
317.170793785
275.730373926
109.211224234
888.812145622
203.366342729
819.625533494
77.4500870556
178.761551942
530.620655032
550.886079644
382.609382204
838.154174414
766.527810522
869.158429
969.487584989
154.129302142
121.066318312
269.30833705
211.841578896
288.396535672
364.143659022
465.238762718
305.492916849
854.161610978
754.99560072
710.173716385
337.741333949
646.081252347
681.317501556
937.38637873
953.145404216
367.354906572
416.050088889
811.009354957
9.05510394969
235.962461149
909.375503298
910.752506391
11.9679627956
788.852832736
899.003458696
87.0654966102
262.11771818
134.556420106
617.695100844
756.360381831
34.2306173934
732.812129898
857.182722548
706.814999328
617.428570704
750.900941889
285.89102687
494.299501441
745.688855716
837.606228916
793.00175447
896.500359799
256.752540748
804.564477306
813.823659903
808.401589907
474.625859152
574.311546896
390.8856448
787.002538925
959.928063857
116.318611103
377.235817355
938.864530056
287.248683008
802.2276556
25.4999689849
79.2827702317
986.290718968
637.852750687
333.053892283
724.593003554
471.573195242
787.870866192
950.339214836
41.4983185851
44.0576670279
322.453924004
493.183145014
953.67270702
303.829165605
112.427211878
889.229648752
874.201142612
129.981869203
59.0926882996
639.4378657
592.709338086
294.03329846
804.476930097
917.941163709
151.245683035
989.336958551
179.40278487
808.176476487
944.483774787
956.042053325
579.790354476
948.681368285
367.082444796
804.5288628
477.342344017
430.218363225
224.235611892
517.95029795
948.578189347
226.564300521
75.3757906916
450.644187804
740.569598341
731.727836362
466.231614327
501.789988439
53.7709424388
581.513081586
244.383375898
769.642668688
678.010777639
14.9959348939
979.611849889
935.337554263
57.8493694809
111.80709897
862.105982484
435.212557959
190.96269748
607.617231752
608.432641021
386.67420145
244.691206014
261.571843929
458.946973227
717.629645389
679.792532126
189.979950229
149.221104506
494.152532596
400.804917077
810.881423771
886.710835857
917.228880835
906.307808701
543.823734113
473.141287739
156.92857107
654.68328654
744.283593967
664.829021088
993.605125514
789.525041958
307.520139183
177.253527997
396.841087186
208.405189926
532.543706383
778.04065339
609.464408317
302.595855196
629.658313098
37.2429383154
223.844520766
164.227372641
691.231536349
581.763213915
793.763022295
793.821088985
332.32978825
97.0118256238
954.986930603
125.259125337
858.034491545
649.593961669
487.174483584
552.254243026
982.501627542
634.033144893
849.356208195
801.188199817
527.21336931
27.7143238909
995.387246621
412.957785877
282.140576789
574.572384201
390.316645344
35.1056888697
300.904997609
248.376304087
341.839762139
766.688937985
376.158816361
406.89451867
407.905866747
339.273691238
74.87594427
687.632756212
0.280032607873
903.395696918
122.413427074
257.658625881
112.442096559
622.050643504
432.02461244
73.1427288752
316.085282902
762.015673083
371.542153766
880.995018391
814.489424003
941.815012395
907.038465401
951.812183604
285.378462591
999.117938728
584.77613367
264.429719522
344.536699342
826.599026457
550.20393279
593.42419541
269.712466337
977.561519461
638.314135301
84.6598963777
611.409874178
937.839899389
669.997992061
544.744276289
251.392972479
397.287586689
382.502660771
777.734554467
171.819529733
701.438637061
913.731808797
950.146521208
823.160115165
643.180252264
678.003949806
146.744496439
610.402849616
1.5309383019
61.3595114099
620.551909506
345.540894753
388.546180691
1000.29078651
1.32913703911
437.835532023
6.34522541653
913.457580576
705.955641098
67.7983636949
25.6384213706
316.779091517
418.035806976
851.540136264
621.903536917
353.29763642
208.134921731
284.714365875
957.373418455
959.549258793
951.867257493
406.120481009
107.660899971
69.2877027859
627.628456731
638.978985093
578.083691749
842.365554253
303.344366314
504.899352497
868.091687259
688.980871485
795.06744352
597.050839535
546.544994134
455.417417159
457.774704618
150.323537997
338.473051921
934.623812102
507.876544408
120.305577157
583.524116056
737.172129824
131.157254538
646.27160266
886.324647161
167.481309134
456.197719731
614.92961556
147.761378007
529.50419406
779.429216777
43.3986491339
985.606849013
128.96319407
618.46169515
762.673321376
105.220296315
397.559970188
499.300577277
242.158388851
705.326566694
655.832934057
317.265950073
959.014837592
623.352947525
808.615993593
991.365582758
930.807936831
726.151875572
337.906953397
248.396768708
286.38144037
845.731575706
868.694184137
124.530452297
932.453617125
258.980257743
312.453082608
330.31854266
281.273573313
480.018320787
654.166704874
446.732695748
647.291457131
893.276030992
732.781206495
403.606880548
821.953052713
623.668437106
954.496165457
486.124602949
39.5629709633
457.971384914
50.7760316492
928.682316644
477.150913773
107.835021018
634.105514581
919.969041931
553.881382209
378.093982466
934.634235965
333.902669443
556.122083165
956.974064803
159.235630633
966.308562008
258.710259234
475.768801038
678.660367152
307.449309971
85.0244778038
31.5131281339
889.265131325
770.625705759
19.8129976917
938.66252846
487.608354236
189.214494815
928.52373926
870.575957017
442.400465123
204.635376005
665.086186416
500.378734826
115.16714736
598.714628156
224.562731553
499.689470432
824.118818149
894.445275638
674.498313767
668.303474769
474.986418536
537.965920699
259.780436725
475.788293115
556.620928367
806.34856953
36.1793921432
999.763856709
542.637652541
862.830071567
29.4000270515
860.82320862
482.447387602
936.218711123
169.84385766
762.34641084
219.318789028
485.198209995
883.382611118
184.897520951
73.1407786746
764.842218591
232.22801516
600.684147444
577.618254838
780.36047627
400.058761329
416.822103536
24.4160335321
79.5416057906
99.8725524422
243.32660255
296.471259731
466.977446918
144.632586147
491.468186398
866.019147181
730.628065152
417.158517679
278.26299929
360.504429659
484.978868562
711.019573302
576.652427559
419.58011207
677.740204678
139.886850445
102.176245951
360.929703734
97.4582651705
794.900871433
24.611413466
774.305023615
145.240345246
411.058010967
824.610136173
23.3064644353
187.329466119
536.574750348
649.099324748
83.2319283422
168.43616801
145.329681899
610.913079853
228.692552877
706.065750005
898.917097955
561.892440399
139.751451705
373.416908922
114.33557828
68.4718793253
746.133936618
772.418319502
468.955379425
573.273407869
706.771748677
916.92616114
700.77228607
42.3297549315
371.668710603
152.52538843
607.867821629
446.366299579
129.703323267
530.637083011
160.266755914
747.435019302
959.495901815
615.497822215
414.430515584
588.549131809
248.860963972
14.359133854
754.128523895
479.149424421
738.883857572
487.719813769
742.285826549
570.607105462
592.020915741
841.968621736
34.0363786938
303.1872676
458.697837198
577.263372184
282.338270115
979.391547896
558.382758083
804.250315008
314.063543124
271.086707085
716.073383271
664.785837337
89.050092187
205.794377861
377.566312122
903.056442555
393.761051754
687.86842955
935.821201913
41.9796832648
966.552138261
645.918112583
662.493163806
584.499303183
161.160492813
945.54363393
497.021160513
417.892471485
1000.26888558
952.443346775
612.153369345
264.394943076
738.117481413
273.95210492
581.385319164
432.332935674
518.90297281
112.414107366
299.529049084
4.71045297854
288.62754733
866.475489485
722.849825693
116.022623908
750.832066995
328.333477708
865.735508195
497.756598401
721.441386586
651.033714921
102.441586487
