695.523741802
701.065034314
151.435560624
174.419669751
82.4662602965
834.606855812
356.057864826
865.466242465
753.460446252
513.575835149
597.200345178
32.4586963293
358.296120913
510.83237458
303.923420962
774.846616426
970.499757845
646.900583747
763.271927527
185.454463249
143.325014166
58.2593838479
894.272155609
55.3719147556
305.654783099
327.659704859
334.441808099
738.150799369
393.86150001
705.293189998
127.718303839
629.60367033
854.331062039
465.521394701
947.054665726
898.891501174
288.41435885
304.370146738
745.249312722
729.009314114
87.0995014254
952.694369796
421.686047819
142.087457192
849.3225653
391.731622507
239.587454962
740.127911349
899.324774714
184.302367291
136.929414726
389.189712555
527.729542983
249.149305413
559.575612666
702.960216964
344.15379884
762.922310648
64.3567201038
78.8457652463
692.396829194
504.669972847
527.482105114
800.782732786
406.250274679
249.531099114
417.442060326
354.538562286
697.075403285
102.610036959
69.590230067
761.192816102
262.210027819
704.469659378
398.488505575
521.547719296
981.662548697
719.673640601
190.31744146
672.477021224
747.023787694
72.6720718048
148.651227525
454.196945126
165.763146518
294.170036782
701.001807045
771.544458362
741.39094763
433.204026197
13.3666784296
285.795900568
974.767378415
40.5177595913
865.062090055
813.688435438
215.034043882
458.801264383
394.921266396
529.123928346
799.487819543
428.265486283
380.656085409
424.407557694
251.440740198
680.945964738
431.986486619
633.716712329
64.3924169289
694.082675655
391.727567167
900.576182905
597.680015338
564.499099785
683.03466912
580.259639572
527.193043768
832.954191631
30.0623005244
52.5566892972
703.27341035
592.652154358
986.341197061
679.170807764
614.202003978
443.458707522
625.493146283
484.787157618
925.901044961
854.669567162
931.445790807
156.099648983
931.47018271
888.750861404
853.427826107
696.915996277
34.2788201915
829.909090321
728.582514742
894.032586687
946.517767954
989.322003492
875.804791189
774.357988838
149.13692183
285.078204631
715.057610907
646.412813813
619.300826676
224.503841006
751.613999891
46.8182944621
455.177854585
703.977321379
310.094158142
282.19037227
71.3082536609
728.878997447
598.548465644
800.646464561
703.467823851
530.565215678
388.127356095
824.080438309
677.255235417
937.480552139
273.545367781
834.953027476
154.924044715
557.226967631
240.458011558
221.832597259
286.351027141
940.312014426
222.485487227
642.101764553
499.868016197
660.275916111
901.288934478
409.796284893
366.210186312
87.5217857523
656.145571986
211.821646757
959.25433407
877.706154624
454.040765797
880.676003712
529.165723602
360.39005386
563.889501221
311.397323968
551.476873191
281.951972651
557.795816059
463.978334009
793.95942832
408.541298009
331.359219231
454.766352781
408.033096539
247.421911789
480.116363327
35.4402003513
251.988386617
823.052563261
179.425388715
217.30333881
156.983456651
899.998219689
226.458501852
280.242013178
867.825071187
747.006252989
176.486676937
867.427337556
763.394660263
367.84645107
531.091741594
240.563068689
112.949463943
471.597075523
272.004322721
906.386358998
931.667876494
281.205319718
274.553524204
9.95095104671
786.274333591
540.545167767
194.180830391
166.735350948
432.209509031
887.950015709
840.749750209
627.886573161
57.974227698
195.155832833
337.744908871
201.537216829
864.266529508
451.763617833
291.569388834
656.632573677
874.014634252
642.116604729
744.310846387
7.80510917987
35.9320053787
200.470519182
12.516683141
910.424161678
495.143115404
559.553476089
663.009604938
863.329196783
339.008690268
937.561928656
345.357155149
795.740025388
645.600759653
400.28541688
114.792397296
226.509395579
433.520784895
786.687707784
368.926165474
270.53815036
753.501538232
730.310905708
577.3337724
849.308281203
792.125170943
495.951920648
825.21186863
595.583902007
186.218258819
577.489679821
364.949018914
778.902954051
132.958025437
189.263990468
255.259451204
503.931518153
123.803925746
117.556894946
83.1208756668
110.526231486
856.835691928
632.869086896
463.150437363
373.918217287
49.6556239348
630.865550391
672.679109075
154.400183306
552.386429238
591.715979574
747.687357516
896.064243588
310.324274744
970.525812264
962.309085259
502.413624537
640.750337189
571.032293376
294.553438173
359.745771724
367.272516221
705.25430914
483.119032439
5.44081223848
936.253230951
252.564652668
328.093932951
338.950759546
517.607444337
570.891233428
850.322856849
89.7430659879
841.461239512
977.51099847
500.048316526
67.280421701
468.355077704
648.911456549
472.970471041
993.352641796
289.823320772
20.3075121589
943.215365698
295.478373148
815.534637489
182.609589118
357.033867885
568.890059416
813.069235786
281.643604782
379.097710478
18.0745234222
903.34210728
124.641277105
324.314842206
532.378917301
426.109786974
365.325448714
794.369987276
274.543431878
889.332527812
677.44284295
981.728593367
916.26771137
511.014066045
474.157180996
72.3619258781
181.326442878
976.393806114
414.73089278
193.451452966
312.294176609
451.267972225
300.77537003
898.511320547
612.077101022
850.272472685
917.896331288
272.454808818
408.947192487
270.368616248
615.331974063
179.359436157
664.753180516
971.111586817
574.344966519
855.118632608
926.634037077
301.42772191
766.919093227
566.260998799
942.268662427
123.490850987
845.287765925
551.080679003
852.971004872
827.726579966
287.78659951
978.538288613
295.493697342
409.512562702
88.7009258204
382.858750377
468.313400415
457.12522697
611.376540309
884.301052747
396.49520521
954.763231745
175.734435624
31.9366373388
488.961398468
849.08179859
202.707759443
898.980214207
434.185992596
696.811297227
142.404768485
956.366071066
975.60931071
138.464173742
238.074696698
970.50440912
806.973339263
71.6160856715
160.77498281
473.323174143
383.644995957
179.073575752
797.730104579
714.648882368
764.133142336
808.918378343
569.690692977
469.815545453
365.217641784
626.905240731
415.664552635
23.5416663216
441.753305147
719.484080361
787.250890786
295.192859969
607.579186999
814.200980769
558.318114658
151.124507681
496.359703449
384.578206173
496.451969278
664.797504855
685.061409621
935.870864502
624.59150365
600.15526811
508.260841944
589.641375829
198.338828996
575.347480976
257.923305077
779.492456983
996.517963534
885.227464844
195.20757927
855.83631385
388.598832331
455.874104968
836.891728349
877.927158385
309.371230199
886.755756785
647.502895416
891.546523323
78.9618782975
984.489754993
782.719812623
221.061649522
676.505518654
276.482108548
195.862379151
312.259382432
893.732153799
745.27906923
936.110815483
136.67417365
888.212830281
692.827307187
756.046264456
715.869035959
739.538321794
627.729522709
461.745517601
732.521802121
111.732289205
298.643611411
878.959652636
933.533577465
821.152703279
28.9228705173
479.805535274
525.71649851
103.452281325
212.298669653
417.090958535
828.140799981
104.707355281
482.11781105
676.902615585
312.582738862
761.514425419
410.523048615
895.012836765
190.804015825
414.812600796
637.583123188
190.336007766
923.568280448
871.517246225
601.201335353
375.023290498
144.48276064
756.587380358
312.348166103
359.778929524
931.055028813
672.073238776
706.388063845
382.205801214
928.175174296
406.439195446
530.629135136
381.587042533
75.5217605842
817.170022963
584.225441937
567.1807013
342.575612829
685.614816688
531.916564723
452.957966688
406.496226664
868.179579016
136.312587346
762.612919
683.249810117
212.645973576
79.3007796757
577.912489538
728.650354865
924.987684672
216.75887067
215.615359663
643.462242133
552.219674644
689.573984613
987.776169557
576.3429351
44.2242714789
936.944735598
300.037386929
981.660986241
405.644844561
540.072475409
641.320792691
81.076474882
30.8918077619
768.523918123
416.037563068
862.537630136
677.819985418
444.884050481
825.523863535
306.997993809
902.354923587
547.337692681
139.870323981
138.080418997
45.1373689477
474.390130873
498.82129835
793.998675986
675.932618297
161.614147187
189.673911959
141.268336819
649.549330635
307.526769135
0.635556544605
803.506697086
755.346573378
240.980786801
131.94671955
144.706085799
450.247779266
892.651850139
256.081098776
151.985904716
241.496986141
623.132595418
771.932310685
143.227950703
857.831195909
272.499990608
748.737078041
884.216124385
53.9018354294
408.549026045
263.198670895
237.456459883
442.622965512
650.053651709
216.48885164
146.028814215
18.565484991
961.922157582
265.01161536
249.741688055
270.222159514
142.148882916
307.756022301
467.318609348
592.922887428
196.583213074
510.22092546
564.392422208
819.269928522
742.496610721
876.049007681
547.145529647
303.724165651
820.497854307
560.141924515
796.475791358
244.806546416
344.269378094
86.8935256257
795.790727839
48.672225143
371.801201076
310.398504263
52.9615278784
996.898876006
553.888717787
558.874644258
562.389294868
991.889242345
273.57096616
861.494943205
829.920144465
367.972060444
804.175251008
829.527619012
808.567383656
138.80756797
398.882644664
275.826129302
797.69196805
353.515285323
416.784500774
539.693891315
914.623993385
492.287050967
346.826256829
377.845413006
404.309891174
151.433229386
226.182768727
369.674015792
931.680394717
119.953896947
581.767887086
84.3605253729
678.518183227
190.925844019
598.314720028
991.896562472
516.06868588
524.177683409
109.103841573
984.719408057
225.545084053
87.3022121348
918.33196848
799.786379278
226.606723713
410.766033008
836.980147199
446.595387531
554.919957161
815.495372977
221.940913476
115.080133028
367.545408011
762.357862089
332.066191965
144.489685393
245.807679161
840.277157824
892.775275609
249.455501945
999.470808157
879.947036933
942.155205729
810.645035804
101.232310431
29.2380289548
81.5832132612
828.991073151
903.30486859
135.853343184
400.653657817
99.5963312464
323.89630387
987.524722625
782.332355117
326.020029133
275.439436254
62.2974511782
51.3067263846
109.518799428
10.7972929694
821.828242522
847.314612341
26.2910931811
642.213259653
603.985252764
370.823713745
932.035030741
936.785722014
494.460494652
507.749525178
543.672763593
427.066262076
885.768979711
354.319839716
664.164237675
394.868802825
504.233629006
229.279310021
787.229089527
252.636299392
935.999963887
686.403882573
452.349439358
82.2069452733
984.222878107
750.76696293
343.465454314
920.477912812
884.390597031
907.395661005
393.996227748
614.540756616
486.801568464
913.157818764
665.978379542
51.8293770312
27.5870025316
363.96532109
213.443060721
597.526445953
934.032393721
19.3817693401
192.206237212
235.457345587
165.085545022
984.668099932
129.599986755
610.799241225
105.10001469
110.557932713
101.471029347
870.778666265
605.77370274
189.908312776
1000.15701661
927.630144326
912.414119818
406.24014165
150.941519605
688.918209327
943.98372603
42.0370554355
218.505375465
628.088525096
140.434102722
631.986141502
313.469979408
491.55530408
235.344844702
635.592352251
96.4506234323
160.836131077
198.658165977
292.938498919
546.039673204
670.575575998
532.511121672
268.166242333
798.071293928
217.324770289
513.286659094
929.483005166
578.252057846
661.510254763
746.981889462
467.727602191
843.083668566
664.438080736
119.354133256
482.613792987
943.14405585
297.6275671
771.372555415
803.689991483
953.768185498
903.374562553
110.728534308
271.267313547
293.816129222
763.261526004
316.093900346
194.122264591
321.911222853
397.698539277
830.13703699
192.092736925
434.789718379
279.976162053
297.697092248
630.285201488
167.114695154
900.818161662
193.070028168
389.417981284
744.090863114
385.366718194
771.990067406
194.923345183
791.020347473
227.359244698
271.648856257
220.462423208
766.733112783
375.474723024
309.826686455
230.08571405
221.228752643
252.516646236
697.874001978
245.105292901
856.371991933
485.151559844
843.089404763
463.264898704
332.62985696
342.249609307
385.491449147
384.728202116
43.0486560256
289.694621043
716.884315868
306.976341349
55.3089284568
230.017720074
297.329032956
890.28990157
818.249119793
568.722199607
787.532860907
863.954730449
6.38445100675
59.5963319363
343.113162559
868.713826463
164.403709483
132.861847995
469.365806392
179.49610357
119.961893349
146.786620239
532.887376867
409.492477765
879.714311479
38.9750221275
680.705186353
862.52357351
128.565584149
56.7203822039
735.291059218
278.801391211
760.155262471
722.17136283
1.18296148054
168.730862459
801.080768906
472.526399025
208.757487694
380.944233552
111.801661514
205.733709131
378.230032952
576.639849664
417.079057567
361.410285059
575.208385164
100.573096892
159.84547335
834.979967345
607.971958835
762.749749633
482.619913282
278.593972367
863.462479625
137.184738138
160.640564922
649.409933979
845.290025522
413.624843841
403.964768442
769.725559235
981.400773042
654.277468532
91.4021843245
880.597500186
876.094422574
588.247960731
258.588429267
845.232247316
882.959689756
333.639717375
24.205041309
958.34251273
929.601079119
2.86667223631
765.066148482
599.134100344
362.101527525
736.520520332
560.581570022
180.915353544
421.784313419
688.697679848
250.712845514
659.61029459
398.326055165
582.948180154
680.121397836
658.788753192
500.743834781
294.812925
309.417353748
35.1107807046
242.200631746
709.412967501
161.233221009
599.74678095
471.121792862
169.745699008
444.148219174
788.007106362
383.51041526
735.819420107
122.370447635
715.402375286
20.0834797165
120.640221671
110.953724884
366.89665025
736.792744424
480.909628321
73.361013337
280.674423039
533.869235907
520.375172653
733.509349767
202.463731479
314.108333586
425.57619095
652.574334773
852.765682117
917.574510175
387.226680205
552.724712558
909.2589334
842.622657904
144.249913383
315.913064494
113.423968078
103.284611649
371.971613267
111.0959656
721.150930503
139.762013876
490.124620872
134.28641807
922.05440456
154.074884771
961.470345819
459.058967788
549.657536557
29.724331154
912.809920937
351.781794111
672.351498153
795.400017301
672.476811835
172.179777417
499.989312682
852.575634284
687.875607807
195.585105982
