742.350478115
162.965113037
908.671954086
407.785675581
719.689552511
242.58135077
348.28741807
992.613945488
306.444899087
800.276933954
789.312025631
156.258705883
566.810686328
176.741823429
509.459706637
921.826306238
614.519677465
774.004364313
757.23550522
366.424731673
60.3339023452
215.152895311
152.142579313
345.140588139
225.648185354
33.4486264146
979.99664067
291.722609694
36.9888408941
563.310551245
7.34717502405
283.391397735
520.972932288
139.319522825
763.365491966
685.343648779
878.834203262
357.23518215
127.287879699
319.769339964
510.530564937
642.257969602
396.206675698
951.96113574
925.984470313
381.907889191
305.333871914
186.685639301
398.028684999
952.358472255
718.019477969
665.839235714
761.406134032
584.998151598
299.535669592
192.492537558
678.989790473
700.324385053
767.015607951
956.246486105
356.378301775
727.166316529
228.89222377
822.834489755
946.65866514
285.269205128
364.579851535
477.058002838
326.053086016
732.643862152
282.900892025
236.702222824
826.329995946
880.25668709
443.591608987
248.631727898
416.621190228
108.943039106
442.806408624
943.171933478
640.176693641
659.013068938
737.422366087
130.499162278
646.34877342
177.207065855
695.329186972
423.920548395
786.137576322
521.328784154
144.684529748
879.141664127
67.889379287
957.906845243
186.449098512
849.989577483
453.391856586
554.670473265
603.226272888
828.578523536
136.205944313
781.738127172
514.962076578
682.074225848
267.268911139
250.007540426
282.284310734
88.427223343
586.445013751
596.849318305
50.0848004555
509.854296558
472.310246946
129.655472918
479.527593671
846.265340579
649.634042726
0.948417422991
489.185648912
209.434055402
20.4640725271
401.001325058
970.019874299
621.389016782
699.825220199
952.136724741
299.130580199
747.302702275
95.5426386023
938.374418594
593.094469113
631.908598559
107.447357766
945.36795911
162.887711059
435.451477568
779.78280869
770.851298503
428.729832743
129.264055379
241.005064232
277.258210996
910.992253821
816.36981101
413.661372706
754.808431674
525.935448253
91.5566407205
991.903342015
713.891657584
101.488886713
759.575783126
371.711905717
979.403752953
311.420243114
381.588744068
700.902990046
988.128420037
846.564831358
489.474424263
36.3138442964
941.784520876
543.157733309
152.043887096
330.191809301
818.59948257
830.103139391
278.021660259
176.330121118
414.631006112
280.732334214
114.330500853
247.294748734
69.7297585294
837.802005864
365.246070051
886.676841064
263.020423946
421.501202306
223.628966797
672.224568407
649.495684001
688.465986391
843.335999793
254.602169111
144.598829567
854.654184097
20.3687708003
380.815742154
931.16630513
410.151518304
389.295825616
963.825381348
376.758868162
487.390627848
316.057133396
348.626588355
899.419566844
561.617983481
608.650887191
197.586568431
42.3675760432
301.822227481
426.47188627
709.63294353
479.078236472
569.860568231
342.717975295
188.782468505
784.8803471
862.665553416
650.100909843
411.847606904
964.581479718
889.07422394
332.501875565
627.427059575
801.620151387
269.104000764
207.655173582
370.587417844
869.620303733
5.7135977748
948.842650247
779.425273491
625.68022585
558.346177245
667.942360401
286.754125334
449.828943549
320.862856049
745.168236889
51.7853900289
673.210292464
820.561216446
616.274824323
307.399458649
582.382453592
836.562835022
986.136166697
721.942790818
822.551032555
858.762892687
484.599535381
493.730052163
229.733588826
825.225428597
956.391665465
769.94892877
793.077666298
331.289024238
256.968484483
961.990781227
72.4380175067
479.345168613
103.951330582
978.712069904
242.994863896
29.2811169782
986.310660277
997.694165799
517.115866415
533.911601843
288.562840281
166.257088727
540.57446355
734.455096859
776.528658381
283.755885645
493.030931375
648.088065783
435.519751013
682.663339333
980.365473763
455.861203882
728.76463218
518.510641929
282.469275744
38.1114860543
641.846106244
311.694850492
334.942631645
273.386179403
916.367688934
379.266658364
469.852071019
487.188211601
29.5780071512
549.580838569
485.93082358
221.727473507
434.007734402
771.730538956
225.382550058
965.52742485
128.839339869
470.656571057
371.630719541
616.438349256
217.019751965
45.7444293139
206.493966774
147.997468326
196.358103425
308.052681829
555.803791511
147.943995171
813.152874283
663.38744103
895.005035291
168.220447044
174.915257199
331.527408832
881.532993672
68.8867798986
285.735583835
332.853198376
238.44386333
464.401487139
530.591566562
870.904724549
353.753939637
597.082023902
750.34768748
730.389215701
643.682890379
118.008201588
612.105041052
11.6290476479
176.617768228
558.293047324
769.800009081
437.318621083
390.731348205
40.6067314324
844.80721604
234.475761198
493.551411813
32.0112525751
139.418513645
135.012404203
444.962412213
812.313546619
642.179078518
995.260321318
805.228231367
1000.15104452
665.87031704
783.637915554
166.548478786
217.332234028
575.330317248
758.9904181
334.548235136
623.477564454
373.124420949
340.599703014
104.95284426
986.956603539
650.815590476
774.361923623
732.920991785
17.4304678542
188.206842465
231.944537026
786.303554668
388.648504186
181.234773374
174.429500727
928.962412874
483.458263463
289.571311108
969.795907014
941.144468958
157.35481162
311.488150133
378.773018411
106.919937805
352.101079969
228.992737116
524.651855264
697.465059301
250.372883141
22.6067004057
196.088363005
634.891759744
206.059865809
642.833006064
391.522503676
129.994275734
226.200970501
414.477007192
15.729810069
3.08915738771
587.842070504
85.0882883142
762.713259672
706.847267172
395.464826431
426.348470511
990.070495918
154.021509975
617.544362239
38.7103056662
132.227456613
684.118506571
226.856927036
455.71622086
956.97469252
569.734466767
499.04398254
950.252523138
392.450602445
253.649824883
58.5883367862
448.768323918
641.930935617
120.052894108
549.708085782
523.81268302
165.262990234
482.141738136
997.989569631
278.073477465
566.805278129
631.014150843
727.205954837
348.338822884
414.231245128
121.5501101
498.995264865
930.88573381
351.527574647
957.900492603
961.905792515
959.017640564
869.393680615
482.003819193
828.410332653
308.271045361
825.76531036
765.557155335
48.546865305
628.073753803
410.589336524
612.234885356
472.918065348
732.657081189
229.56789302
337.017077967
344.520241694
98.6694011782
761.588007785
61.1235037489
351.464824672
359.524153304
412.442552778
885.969485055
93.5062209863
625.602953882
221.366730432
295.331015765
864.181770495
958.981416608
787.73131859
599.055959085
935.381727473
716.659822838
391.352686515
655.787569301
276.251182507
512.203278079
144.656891826
282.377971634
791.482485045
153.420522947
124.151279628
636.586035867
440.888939912
460.594934202
500.284519952
687.438664502
427.125521748
611.038793023
824.571104814
646.298036081
244.018122442
637.97115058
494.02539321
19.4657356807
255.852080623
900.662761086
526.425947748
848.593893457
321.178361316
621.575242581
274.851025846
355.980169036
641.368084907
365.068659274
860.485564285
925.309322447
652.130850091
459.401522226
296.687990504
79.5726838711
365.382949347
188.900282655
149.517550417
727.321970611
324.953036506
949.652916685
854.947048728
561.016999465
354.268826206
778.599324261
830.639723011
801.868375071
358.993810732
158.472398923
509.457741268
714.659755206
238.626049784
558.131934063
476.562161495
928.791973998
327.490848011
870.787546528
19.7661968867
563.634513218
308.458653084
422.683044312
173.283161462
865.424591351
585.106573446
497.872400922
957.480162391
434.252369133
817.384985829
946.369583037
809.053626739
794.666591272
543.288970762
156.844486553
246.580802202
1000.79970825
141.023673539
679.079319708
2.93772399039
417.270521572
12.3400533359
484.573528285
462.85329636
934.217252229
593.273007561
959.255220363
417.056712019
715.308923523
225.397981871
724.069054846
112.727684368
729.683481348
0.252491955907
100.541963738
359.531620911
54.5601694165
318.279376096
169.867882526
979.566316551
398.511661518
374.124798279
853.950403581
922.347455601
582.267382569
745.475294831
132.317310198
124.303804318
728.588114399
306.541887666
405.418365853
671.993252493
532.383909376
260.322400024
672.58522351
96.8861468172
74.7599232308
825.044051865
419.231959705
865.191412669
64.5650551263
658.64506367
11.8685295628
871.787732114
499.30874702
376.545997243
478.256143102
317.65991131
959.34893472
414.260073474
430.178521355
246.382879487
662.792900502
368.709548451
8.25677700659
139.183543013
937.008778117
610.568092031
642.030437566
195.287557109
295.608297933
429.7996254
205.021711882
74.0501500477
564.634350684
758.746663306
445.465203016
797.565988127
744.747760813
648.611138668
282.391040276
168.45800049
748.333151196
189.968730557
905.536802519
449.549797018
833.65291042
718.019038193
745.116508978
613.521338277
521.277809914
308.403391799
3.7585621306
814.033424781
86.4337877535
309.998003894
106.628800792
973.503377774
262.248992185
206.637851568
755.125857924
27.83777055
369.921212875
87.7001958268
193.654117996
902.03954548
781.40302261
977.629756589
322.703650224
24.2739785268
38.1419433505
174.618222853
680.962607465
571.543768202
767.117264492
779.292531578
239.633839732
862.231644838
270.793893644
848.059193243
191.613412076
228.906560858
218.800104019
993.556834386
722.887230758
127.786283805
500.441016262
682.551924859
69.6658660578
254.013755318
700.854681639
770.694703453
867.408910138
896.861982862
132.879051259
532.370778912
345.442683412
589.700986102
988.573742666
454.477129677
237.745078279
751.877770536
124.781237671
16.6079639116
0.581136909983
682.780555106
702.300087862
402.501587445
208.039412063
916.544192264
29.6218167085
587.326263234
173.448188885
913.547513746
394.069358871
51.3770633453
364.848102909
847.396520283
269.220567615
539.578086667
942.895914751
7.07743334077
686.185147751
136.018786666
837.800814758
97.5057154572
68.4154624935
303.630113697
402.629307182
18.167569533
963.260322117
219.907849844
158.790705539
821.652539725
627.197272314
475.11601396
288.289819685
782.419742584
919.991515093
56.3142678537
884.050597961
509.623608317
830.606328466
740.376162099
382.701425546
666.367986178
150.543983794
480.48093931
232.006661158
128.60784311
415.813033658
946.532463955
217.500927426
889.554730411
962.979050404
310.714470914
913.366144621
579.318180534
47.8374071013
745.546417995
479.449869472
85.1102236175
299.744159326
644.361052404
470.488634463
478.596101736
494.568630392
285.608165403
651.038862224
702.68704545
847.688565268
112.995150549
33.7648471718
661.124930642
684.159300765
735.176238711
112.668490927
474.26175546
560.488835952
330.756882464
299.90293237
582.640568166
396.813787788
344.766011967
866.558365966
492.215883549
374.959829795
14.3757840078
586.670398981
233.066436754
506.403292761
414.459920966
14.8666116934
350.195108334
194.939034459
577.516793441
746.628138629
901.128503801
405.912904327
691.296867985
564.103127105
92.3817664167
182.40383942
732.003824675
339.559782423
532.906672105
437.133578279
727.177751126
326.722233469
253.285312436
494.635769566
958.228342033
87.2975995734
299.299389912
91.1037521267
205.795625981
547.678278744
451.180985381
436.187770716
926.946359535
879.485224654
522.725438452
897.025849056
220.303459361
548.26866058
643.089878942
634.133057403
677.700779766
462.948807802
767.922699577
563.409332165
451.452543376
99.0482650085
171.030679477
496.270823314
979.645871429
912.323458299
297.217306087
939.241719686
307.871958052
509.378562372
476.552024241
1000.9546531
207.106094982
92.9786285648
673.214402245
953.797693493
288.164750813
94.6232600882
790.294641082
517.885281047
504.383567653
301.507061674
773.680498247
45.1133936157
946.358949436
968.872393284
148.522077381
2.171404392
525.099069101
421.184186069
895.47843496
397.507062023
245.520171587
682.57022197
450.856258389
846.968760563
529.23712158
354.267459483
228.096142994
702.655691798
437.883234851
510.536861163
457.704496922
342.355377422
272.828280926
125.566472618
66.6586942156
787.725102826
237.708244081
46.2414525751
261.914505055
336.092496961
588.517665681
788.079704559
502.275907803
219.68402518
32.1423789591
667.445599935
304.106623191
125.192683025
587.371189938
366.203580652
332.293944432
64.4282862433
661.70248919
230.622507516
853.478804175
924.718630691
481.188096098
133.735745403
231.710541336
760.124406918
76.7969180657
515.742059166
76.4420920646
964.818098157
445.846625073
57.0235765714
580.497232492
976.609715015
281.804215801
75.4085807828
1000.67115397
766.446578773
871.962392111
913.993235524
434.889441473
567.584203238
199.275596934
668.244813107
841.579000042
855.485268793
555.398348587
973.811200335
174.268242636
956.98519225
24.1637003883
671.189495565
285.356105978
240.938226755
722.205376416
617.599114731
412.465612223
370.187027292
284.842331561
877.708958556
162.571814212
669.907488186
622.436542905
84.2264479916
143.256745629
113.002008046
478.884045456
869.835109806
196.013519619
362.667705537
782.570959794
904.780522538
34.5761254626
140.678791386
254.233051292
268.953361364
768.056710135
768.906686696
689.707772719
765.646124903
301.403785496
696.091974292
686.635678663
638.888307562
991.400171866
812.31370333
725.209505693
886.381376889
569.814041869
702.622948111
677.341497027
431.023252545
381.009185303
969.395764412
280.356918309
612.102960728
472.169882301
683.862244452
592.906366327
786.661450969
964.328919112
710.041987345
783.225113826
446.956085792
536.190654328
928.581853537
567.417873081
812.916008011
835.738260429
406.080394681
47.9972830043
140.085529373
117.862666473
330.790971932
758.523130132
101.724938661
830.252850746
306.8346033
818.59086804
463.281057329
379.078294568
158.542599049
293.924647137
900.927478123
314.832177687
579.246768305
122.351516587
914.676824179
443.078580324
638.747508565
647.981833266
913.104423974
238.171056003
28.4382123846
771.189326845
154.0252917
850.329391279
216.490505431
849.898289392
558.840518858
704.591799212
507.149406387
824.266141625
507.049696824
