744.163164425
30.9645273851
226.721169092
740.064496046
248.335726173
869.808950637
122.21132168
184.50766991
64.606014696
258.51036627
868.256909404
156.995946166
846.005536375
538.262959445
88.367121483
967.322646663
985.510125677
767.922152224
451.709887199
515.061677697
445.784373381
753.681741597
544.972813247
206.678583288
981.198940371
615.510637582
495.118170455
978.825175808
177.684795608
430.458097275
869.504489589
127.547546242
616.517481033
835.062095955
73.8193828794
673.473314154
488.898963765
887.861765889
523.205989591
282.064631595
47.3450114158
605.234742393
617.882059847
708.493030645
548.273932506
116.145905663
621.854141544
14.4793240181
928.581581079
584.053632281
616.986295839
3.81136714356
577.015509779
173.817948502
658.019646506
780.580996588
395.939689869
419.8737207
544.689734872
761.223293404
196.797626738
559.626701172
336.036593506
109.805376835
462.820275587
989.979724733
184.867953916
995.907310948
373.385382641
668.728716682
839.393447028
411.149085495
503.426473883
71.0887543966
130.369674098
171.261906847
233.957198959
433.02633624
329.725713432
907.153708409
893.934160493
44.6170469958
780.436027018
784.121582997
398.636129274
733.164389666
108.795068854
825.536588758
221.233755104
31.7170346982
464.293372832
707.466511969
955.308435958
308.591351055
372.859071328
971.589368251
796.090531917
949.821711318
918.110180594
298.892220918
707.264591156
375.01418995
55.0342651669
665.235371458
774.596680011
453.612898104
843.261443583
727.751176631
449.333474523
165.32172526
208.509609576
590.906604347
100.290583926
222.442948018
256.737583077
783.924173141
113.120932927
488.360620507
775.156110086
407.763759406
953.558564462
421.093139214
415.700719141
318.746911533
260.173459416
280.86288187
521.120112256
310.464248099
902.162606776
853.975489598
863.920835596
926.5555652
822.580884795
784.24769393
918.490560876
419.92766239
287.166169844
215.311070927
871.721644268
472.843203926
21.3416374776
960.721826106
330.934276429
375.270681943
60.178688474
226.813148427
916.560959097
190.00692978
117.616906023
921.758038524
407.639520106
723.96400921
556.733081479
740.08590503
312.639068309
643.590202207
279.460785631
805.147875761
10.8284564125
24.0773859467
224.711260331
313.07767473
357.270108512
856.307215385
932.450810172
835.197574623
997.573856281
426.658876896
528.467999578
718.740533076
135.406774387
929.021714406
879.058984371
362.222560976
886.399061149
146.776395591
423.641402382
425.221855662
229.946454633
463.718043521
418.201711645
331.368688187
26.9992681427
93.6564603658
47.4556395571
890.118561453
800.640626054
329.147303141
880.049267772
68.125759064
371.760849971
116.440147763
228.818907021
225.2615952
611.566138891
644.968045664
88.6241749465
597.960638401
998.972374446
11.8909529003
941.875216877
850.382464427
66.2863841495
923.516515993
265.358718713
559.824980195
536.029476709
663.205476598
784.505459349
145.937222539
176.506512089
0.267791237532
347.107547451
508.293179597
38.7496687608
397.682244915
580.216583679
442.954717795
474.874587495
990.690431298
509.874844636
58.8257212503
217.262891719
499.082213219
372.39142487
424.324640207
423.553852104
7.21720750105
741.798896999
18.298318569
245.841430154
945.135466858
306.02173229
966.415478318
156.693119765
817.821894544
679.173315633
324.900477056
271.376555011
41.6561991254
945.418405878
950.250434727
229.231818235
751.271625949
306.959718854
356.276467014
793.488138117
135.561579479
888.649377972
888.760608517
856.597414181
66.6875560128
907.286013392
729.222360869
356.874310308
813.80103665
113.279113869
172.706254644
898.228332929
735.282598849
339.401105282
333.917060955
546.466308681
736.133845004
361.339053956
595.22920798
116.157641193
189.091474728
961.131932462
48.1578345723
548.793614626
301.98396899
121.00586391
239.224843129
12.3981092084
160.901319428
501.071069402
586.861973842
0.141000381808
537.321632193
804.648757756
285.193812834
794.546596134
141.868128475
724.870171185
973.480154428
707.531098882
150.837526579
342.225114607
254.662826747
663.185109904
953.584838813
733.884943795
373.191006117
824.401840547
759.278984719
492.593254655
541.238695687
227.271437823
792.911392392
599.522422152
859.34648961
903.062941149
109.981840043
286.696110753
704.934095408
481.769764154
383.655125136
705.670276239
943.240467054
745.672322224
579.211759693
717.206179478
198.393777392
890.281670125
648.442173078
781.625007277
847.473038721
440.074325526
95.0396440898
555.009250935
186.302914606
239.632418604
111.529745653
648.462788261
564.018160155
950.061238188
504.067225873
958.937015809
706.092889718
896.559521439
889.764538864
830.212216945
231.478382403
165.339717168
179.988254534
555.40766626
213.939634508
566.299302811
247.990626605
12.9570160714
360.877329014
176.696909403
146.715264662
299.853163937
831.101843924
504.253561431
702.425646361
844.017879413
754.544478174
447.624847569
112.879698453
453.92581068
936.075857678
798.203238567
501.825339846
505.117887166
834.4147503
735.026905213
133.802592299
38.9899432221
72.3775014588
118.912523739
826.497629021
955.715697321
551.478220827
932.934190481
115.172117572
893.576244474
999.786280514
270.973681603
103.450623484
83.70363189
982.53084642
344.617755164
795.202936688
66.2912350831
853.829043771
204.32781534
608.799976708
986.277501216
11.1729552208
614.390124871
458.19575308
181.943435468
874.800604196
285.461018431
605.115058909
739.864555314
340.386689487
707.082811539
728.040122078
424.109940835
642.794412809
71.3998487968
396.711174196
922.214156781
355.200850656
876.451785561
974.427003686
683.729255868
402.175275945
711.757837869
777.746185826
67.4354324045
831.066297269
258.848070769
530.122141876
72.8302458896
501.999647255
994.430063136
252.04393923
544.808044056
683.156707557
996.671222561
713.41808892
469.318561087
531.412769122
934.037481426
456.869150514
206.182214049
423.525661165
735.095850409
305.957974759
507.049114284
71.1724840673
420.49456623
997.936723023
897.74195369
689.819632048
892.494381949
443.779618689
400.32382676
703.235982648
672.736665834
170.30693084
961.58828667
20.9226982162
582.194047005
727.68066847
757.257012247
549.04570217
847.235528718
681.80100435
964.378366148
761.056665953
614.706147624
239.308287271
901.301602183
163.50245895
246.365166541
269.800188957
139.052290933
106.662282458
479.199785499
890.632483362
629.986970397
349.253867659
831.867764337
784.291894811
720.736207782
610.006369234
262.101112473
623.089525872
1.17495852038
807.645369009
8.02898279706
579.567047672
729.710059963
255.008704101
860.032840797
886.161769264
826.073924628
727.366505698
826.0653302
546.437469403
245.172017167
647.483226948
397.123483752
994.253139346
311.886959687
213.506546053
610.798848307
190.992886867
709.627191216
235.656596232
808.395646158
577.021702561
409.347802141
978.658296153
351.390058954
496.846918236
383.32056664
920.310228908
783.387763651
136.836311633
516.397311987
213.513615363
694.593992724
513.622896294
130.922823979
419.145017114
341.691275765
640.130038847
962.188975685
6.6564233526
850.440364505
531.630453745
608.848774551
83.3025622828
610.773914094
265.804706309
244.420336311
429.393065585
38.6803835654
826.519083206
101.962404246
878.252502117
777.163308257
697.17420432
576.14572805
382.550770688
531.470291414
450.468577308
516.267128103
784.684684742
84.4239237292
234.987058892
23.8558669351
96.2719523589
65.1640165582
38.211406255
99.9145567473
280.70300851
899.151834141
936.69157789
152.765996012
476.262423406
856.097019001
424.635953231
249.839454784
296.393798989
972.378371045
606.781037309
473.659354924
765.456259471
797.951829804
39.4755283197
209.847424869
3.71605139606
186.468457553
232.829378865
280.294952287
226.931692614
13.4993235748
137.736724226
616.798454651
128.073615109
250.579756249
949.567851199
21.7325823062
112.238979462
996.683176617
196.116605786
683.894756311
682.992437444
667.112805122
598.686020202
312.803582749
278.590866442
695.935294875
714.687144564
176.318088262
57.8335165972
862.283419942
778.030102185
283.419289128
599.99122382
42.7566674502
72.0926855955
251.468238822
722.25323531
668.518782363
839.176808859
265.625566332
293.684924568
566.506007939
65.1469583042
194.663234877
781.850738965
326.953623885
742.500676686
118.038795697
23.5829824864
47.6742324055
20.1801601144
322.519583227
457.870063559
679.963892354
155.080636751
365.050798768
197.015020399
390.271671377
853.109117383
904.180220184
215.811902912
717.840678365
523.222841885
713.903418066
974.009270055
736.163183221
191.164130488
899.40826114
242.141559202
341.989546303
553.367826221
324.104412714
893.632604278
874.221332298
716.241239834
165.116038019
353.078138117
836.000576623
245.90927301
779.152557528
893.438365944
559.699783016
871.06596294
550.002612498
940.044469116
837.132921078
541.29767556
235.83666119
470.36649572
130.038811537
195.052724461
323.170039514
893.025698714
282.874211052
741.695361615
303.943058122
359.612716316
37.3139698113
592.38944922
253.257289455
536.565882498
474.548713038
396.60454408
293.118177803
609.16292583
290.059990072
570.223911028
935.48386175
797.210177702
652.497279223
63.3521187278
242.75469632
978.46267814
19.2035220657
600.912477603
468.351533419
241.039548075
955.798314685
450.651908903
63.4756095512
11.9631940256
846.272520182
659.323191494
589.342018834
85.4738606288
244.194422574
239.058103411
933.409876545
488.122127431
907.591273932
481.788338643
807.56742807
97.1625483169
163.298348119
148.341772404
33.6212472059
991.79863007
939.44206781
340.713845995
245.848399112
319.437467039
476.973445396
608.246062074
849.275032192
551.821607496
378.639887406
102.081133388
459.524008386
778.364494093
805.26454638
801.405602551
813.734780571
425.430787007
943.569682502
521.413431625
509.367032782
907.52909514
933.286088247
598.786600582
30.7795671522
105.960865961
503.197958973
348.92593318
503.664574309
685.123540555
905.533728575
354.69098822
809.553054497
697.949689716
488.54824075
586.907643122
979.608488893
856.271761027
706.167003007
408.453580378
188.559132888
831.786570405
387.086393289
113.230730977
535.911652371
30.384990552
28.4787427496
245.5120511
328.825912496
402.891584021
52.6626969023
509.429166745
57.013961301
308.00825337
417.537329914
187.536359238
962.144804061
626.768031965
708.967848097
542.132448492
479.074451323
671.725137654
45.134387181
723.547620481
37.1275747842
829.29380242
73.9040434033
218.889615255
681.458089467
127.599907063
688.566439016
552.83016223
892.449533906
273.692451964
366.266462492
522.916487198
836.025200948
354.588109961
461.014022196
914.215660126
722.574761934
924.410241597
724.683498001
852.926652052
384.379750883
484.814067023
379.94108291
639.670313699
753.252102647
101.121289244
389.221025227
34.26322094
126.416414327
770.152100442
448.173542351
70.469537496
563.712006716
893.194016684
388.135595601
999.842480072
169.260741118
981.156078412
975.336096012
236.122112567
680.285747706
902.077925692
911.609222006
536.191347224
901.879346421
438.670059574
351.992344521
218.756448283
789.662992015
291.979201382
749.87511756
526.654768708
204.578514053
717.056290886
123.714192117
878.770766789
12.4292908001
491.178514159
491.562129183
375.763128008
978.399847687
253.930776344
592.017431419
649.163991655
482.163957498
326.20677461
357.504122318
316.480598187
444.965555538
447.366863023
10.9698295496
863.892227038
617.775109566
343.386798174
644.235568745
937.280154995
632.501432269
995.626690346
266.514857166
305.389997782
698.893338016
477.273675928
39.2486785121
813.433931028
433.336156812
970.476875601
623.437165664
611.063034581
694.260166875
270.846228565
676.305427902
184.839010408
698.015439205
301.302589975
446.045513159
748.710875247
392.675607943
99.0402459953
877.068104959
44.8177295395
101.574636312
679.541120186
439.82845355
59.1068752497
816.90908803
176.091601031
788.622975092
78.6776597736
629.438763212
889.121596599
572.988178999
702.268603241
989.805055005
320.248514461
616.013994639
478.069615014
884.066055679
518.291580998
886.30071825
276.560274975
457.464818317
818.5042993
1000.16617711
791.128432118
806.443770692
95.3966999333
132.932277003
600.890060863
802.612469198
390.264019294
150.745915936
512.718749309
830.000505595
924.450090829
785.001542814
755.712145948
282.301965703
492.445813427
982.706863194
62.4517051711
864.912913121
341.886744934
485.820548083
661.241360811
729.784780686
591.715788619
665.435576894
881.95547888
247.291748495
889.985464707
735.108640848
490.807813429
620.052747618
129.530850662
639.401490349
497.059088713
29.043615671
219.810258676
671.339205709
241.689246002
95.7827267196
652.96710617
961.081054146
743.98581155
210.311815391
308.11768788
321.571885384
19.6309195267
386.01491346
925.406641156
995.978940999
903.609570325
777.51860652
776.585871714
19.1541922324
691.072682779
954.137492054
308.952638542
295.038370166
66.8738749753
837.223629504
310.359344224
372.677682975
555.983543472
211.141641651
389.281194862
615.680932092
43.7758718358
656.840971948
549.198089601
232.63957082
87.8444744329
285.998447752
902.49033435
823.92223153
417.141460233
850.688220433
994.330108162
750.450789428
856.054151402
141.221951558
33.0938574477
206.353222542
707.879249506
661.389026658
223.631310176
308.824864078
533.700931758
343.014254131
637.163364109
949.915864817
825.425228446
48.4961363542
892.784599997
311.434391174
690.168049684
142.928508349
254.962070168
679.414922292
357.830280133
255.81031157
746.268058757
254.32379223
255.049035902
966.230093994
955.053985255
185.243367301
376.425783537
445.669826182
547.91297128
54.8232039919
352.302653873
715.818013714
730.377297074
404.202299402
366.299190381
73.0937088671
803.317611658
849.921412703
573.989670461
916.038314314
739.006345119
424.336149537
637.925532209
564.89191518
236.808077319
426.893351368
719.57370817
277.574471712
219.431816443
920.051023946
452.244416032
622.763799384
25.0570983379
551.84001736
685.482779521
