570.861591749
567.352421603
693.611040646
808.818093187
917.513420722
936.397927198
18.089149773
370.067370804
580.293120223
204.303454467
627.72331476
712.864322653
162.228382068
164.693642533
490.935516845
136.270019681
924.522637501
900.751681605
129.916703523
175.913907228
364.103909302
609.295624065
994.362539217
307.731237751
10.7664010032
323.127272482
132.806921301
751.393130695
462.804258928
842.226624469
75.748273237
877.752632375
535.74142559
183.103516171
411.746916251
540.481836802
789.40028272
677.692900986
361.385666984
121.906043639
39.4423859575
961.114386793
631.333048038
167.697175207
126.160616294
356.479462055
469.562992085
265.994375158
520.390209726
397.82066899
946.248469974
204.700216169
848.875248906
573.944126815
557.485736467
817.803426216
197.047090818
524.532594908
659.056750883
561.092958996
573.865503633
243.450345195
28.905228052
786.130501073
177.940225462
528.528523384
571.609929666
410.989645877
800.851691931
485.019510581
775.617449152
225.8688457
949.473186001
863.184612103
258.949025987
305.382829998
701.608942429
994.623618191
682.054193097
674.799167382
953.838667324
352.904929159
665.065893176
405.127692344
190.179735917
0.353104571466
546.486134859
836.810375641
31.5666473843
853.691894176
381.507469232
106.82242299
664.533485808
124.008811741
820.70239718
938.650919346
959.151396328
674.204218761
751.792616327
584.704787059
512.448862189
348.417874538
387.694843632
652.818376994
185.284034778
955.265996528
551.221324307
806.775764752
23.4012230232
651.4780046
683.658851846
558.505285512
202.995299892
57.0262632307
17.7994555721
535.628996805
452.603406757
67.8922736206
674.445988397
284.178468889
798.440147682
103.059896125
262.552843486
678.826938429
395.025404771
665.700188371
589.01451161
234.810412559
464.530432181
524.66714435
58.1384874745
30.5252751883
772.498248261
694.982600251
204.063035026
817.366286936
868.233312301
103.92634494
538.350282095
38.2247386628
376.940145876
897.303141149
975.085793485
502.098703638
831.393469529
48.6468955087
896.859213032
120.134753344
790.897220713
179.980985955
793.228587482
789.459989557
466.512421019
202.782450148
209.319458755
693.122203311
519.452650715
861.170073494
170.373597615
670.086845065
519.72603467
295.816027816
711.570361297
846.279361517
214.148440401
550.439528178
338.407489593
877.577847958
154.830329677
849.826681998
590.065306573
127.865585877
171.582264767
415.022622229
15.5153013142
383.109200491
232.654314832
386.662218949
912.375334582
903.084404111
206.769514421
468.990817963
177.028355206
234.103893836
737.117695628
453.796251425
808.44313062
317.460994398
755.654211027
954.702856699
509.134584012
84.5171250647
52.5697963436
365.013834326
694.390236041
209.216647005
211.59654634
815.8791983
85.0876157362
839.677950572
275.920659556
396.693676388
392.241310881
288.794641035
197.763049358
577.021610207
61.2940151934
755.301564056
995.77141388
942.060534675
842.526144199
869.177986014
723.994269837
79.1393111134
203.010790693
650.952849841
155.006191178
937.837520128
162.364200026
735.003568011
319.282499502
420.707228289
247.52694898
150.030591706
267.042752897
789.619148561
580.875817288
454.497943447
3.38346410323
909.463699481
137.385172856
699.841306916
484.473750564
112.828495979
435.308419505
970.162245295
83.8287077517
858.640311535
782.822610073
813.184283897
161.910620935
204.968905383
735.160887128
639.579106764
591.871042854
207.430522766
156.366838463
536.540845726
209.459020048
170.585468439
655.885531073
238.499072015
391.585000299
530.14213579
573.731318005
85.8301801495
252.627144611
790.760690627
334.340706557
111.399986179
342.323237966
609.183945938
230.029197699
794.760909019
35.2346258261
882.037182857
220.991929714
63.2976561875
655.955086925
101.541107481
593.308482224
121.142726749
62.5602666757
430.625230991
847.859209836
728.72245773
416.74527964
337.439442375
980.681946746
921.726753477
294.076359459
708.246872914
581.097835559
779.086970309
536.28494008
560.365461392
222.701753668
927.193643366
762.429035957
93.3407032571
777.044071267
881.86173705
203.364680604
558.897510844
842.498466938
917.141626146
179.640764423
849.645063351
722.090313477
237.666463375
964.321926535
961.065780211
394.400452902
448.152434736
11.5738466653
899.257037299
696.747541836
31.4000107832
465.148744716
508.06484854
295.628066218
72.0207134755
916.175133859
76.847373675
499.860511684
517.180298293
108.308895994
459.853313948
280.063059934
407.366812947
60.2122354247
253.323263938
571.611530367
661.375817494
631.46905107
318.228566224
622.85607004
577.852011054
514.560778354
869.891360707
921.876536042
682.721456636
996.63306221
73.1734120945
580.933528693
280.140414046
136.001539081
572.028049279
508.525742257
181.174773927
423.016912436
238.585839898
292.921305516
9.42003590462
561.777230794
839.166328389
262.520380307
176.752279576
739.96445045
133.227529804
951.131327258
22.6384415251
263.419581154
952.189479694
606.39805539
990.801936865
141.850072729
755.797808894
698.915428322
723.136649494
422.646264321
184.346677452
433.808482627
681.53678298
140.716265744
581.645067315
53.561919214
379.401859423
337.265945997
681.474025565
174.663785476
388.862995392
654.870952167
21.7554440926
983.20152647
395.270816253
989.798903193
51.720896416
17.6800507051
295.491055073
56.2632330918
646.246327015
985.926762465
867.440569159
894.022360051
128.029355314
967.893650972
78.531747373
749.680858028
572.659180669
754.895689113
647.596141764
397.423485331
829.852355494
713.74975236
410.243107308
201.521284454
219.060808832
441.527415031
867.984929957
826.455522848
496.94404241
255.176697566
34.5173636284
768.27366752
825.43472149
580.305561478
278.012197656
617.636305708
386.773771531
459.476111254
809.562020461
598.976541689
853.406367375
45.5765808304
689.126312974
236.03063378
157.785708109
425.502018027
464.152342091
418.285124671
602.532061816
441.812178231
980.201205991
917.204717302
882.170714016
756.944347335
451.96654265
385.44113372
103.020299143
165.31819335
747.509894114
517.06615619
516.857502095
3.09951549813
71.2691492144
616.918963217
458.202632748
695.834476942
776.555520341
138.047626343
94.004192764
297.642881486
909.498531071
847.869932145
139.791284224
860.749060772
214.372238948
513.932395302
795.141726022
754.130386485
773.258830888
15.6285214031
941.640484659
781.957833522
356.48232058
715.039265606
514.443326411
342.681697583
71.1893127394
434.996087743
635.686733574
144.8680782
598.456152306
530.306515822
227.840919345
927.287101774
64.1892779265
582.980837397
961.801120052
121.675912911
898.555593259
807.125635062
141.051327654
439.128605288
466.743348433
938.267708907
340.657892686
825.411458536
900.590485287
816.284454071
715.265668343
517.029171419
323.549694414
702.650094042
532.52268295
498.641290199
314.306986537
204.288938737
290.20957101
34.9177621547
16.851996923
176.909698642
292.401479096
501.247857276
79.6390227212
435.709617056
968.307039569
743.553059136
963.590454845
797.247127082
272.86959314
11.0969192206
747.616867089
669.77049967
170.987676651
423.160970542
19.9523876793
228.986773311
210.133878098
81.2710437657
332.917836904
160.500235811
437.649884644
925.741768361
785.451548996
236.180103003
280.638457175
17.5127613744
472.333859321
971.574937597
732.451603974
736.873672956
360.515807009
34.5047310357
531.990972879
680.664758204
570.376470116
726.596978191
138.769403667
319.028132334
796.898011498
979.323551958
789.197630338
113.094945581
492.768510759
886.527732598
962.639033595
834.590234185
534.688919069
76.0883122029
24.5861910642
663.935818849
571.937969837
896.742062116
532.879609891
582.872817563
781.839563446
729.167388056
861.121797393
913.24090589
581.781807201
125.532338731
622.785275813
521.51775734
610.131342477
635.10353592
408.743752302
326.294964505
520.800204361
679.965540254
754.813382516
676.129500225
846.389903975
985.857366751
975.868734103
281.729478558
497.55451903
747.779305492
791.159341118
769.631264108
520.116099912
92.6777862595
858.031740384
231.987306375
978.956894298
903.034894103
620.397519988
934.351175438
243.123446011
697.817934488
426.557460486
623.108579216
125.429791493
264.498011622
718.466575279
177.057208981
727.39284661
510.958022019
76.2683788963
425.07277572
804.994123684
398.544848244
70.8556827509
6.63347678262
916.781485699
452.332495052
162.543499128
615.260555119
462.247341322
884.361289333
466.27756064
719.354949165
561.841815954
737.617796984
757.911567381
311.429066681
48.9534670652
719.801659178
342.591664317
790.298023903
579.010572365
941.256520659
633.485210308
874.100450028
853.394912238
307.479870583
479.096954753
804.292999022
164.724594338
77.0086873647
9.52648641756
45.0975570875
264.142403947
497.77278315
373.009101527
897.106042073
595.740857122
689.646476816
766.931348734
19.0839318245
574.602357088
706.807091396
870.570865583
31.0137782294
984.962125617
679.600765914
592.272867402
885.693841549
395.5574235
826.646870832
519.789360988
1.11169469976
70.8836267537
536.98691236
803.638355538
696.347082692
963.04588176
701.591806052
118.588296931
768.736839196
631.916896873
220.997198362
233.874513448
593.043846453
496.250160177
740.063186166
255.671204965
132.266852714
59.701075866
778.955146797
805.813355605
758.043091142
335.123858003
114.40076521
802.483912114
928.10254833
154.786984536
909.82232476
281.453340892
566.72369664
976.514044364
45.0402066334
309.68672509
365.041978808
544.46113694
543.282636931
831.196895174
93.4584871333
829.188217236
28.7963680937
225.734571749
844.45851662
321.912482668
396.013444628
954.302320527
167.31591496
130.29263429
179.414372057
78.8134956018
303.428651674
792.362624543
53.7198780038
287.615434321
368.707415832
246.70762347
748.351344644
298.51394324
409.396704597
8.8191549197
438.164147685
239.500111778
78.2749649232
31.3653926064
481.067155118
971.962245889
587.131823096
900.248704408
920.735602617
439.35629392
835.644795297
825.973982496
987.10354614
740.415619953
771.447383844
861.65114802
947.348157804
62.82518762
760.817178659
930.211653968
957.678215424
695.922231786
49.8653218289
362.792763592
30.4361769168
758.11435641
837.577072347
964.443064937
747.416276799
35.8894747953
456.120741549
57.7375084598
279.385686487
949.038277452
508.191546603
605.45597135
197.397827833
473.004294769
876.941503865
919.182661699
120.26953003
901.974907553
225.30505084
44.0360635067
680.69110099
282.55845822
240.749237123
264.21452493
63.8989688215
927.108118179
422.525687279
550.376281942
569.258265454
73.9836893851
985.96473858
454.668314847
522.102629494
897.905323347
79.9782558015
110.23412001
635.028429215
659.037816633
308.630231513
978.909338859
936.312170852
117.577893694
373.692741934
358.446803794
57.1602482297
337.445500661
181.290260918
309.880767496
85.7640234919
946.051106784
976.216393683
706.124909335
905.545314741
310.684654206
844.418133172
682.993739793
173.572900184
353.570690019
72.5153509736
579.309648865
287.425586826
416.428084405
154.854164022
818.424540901
690.855953346
763.922944975
747.974356677
235.076365658
456.2123667
35.8445669228
812.396556224
650.971760437
426.74177761
393.728979296
937.212489938
875.967941791
184.546279432
502.876458304
879.59827987
411.904078667
97.1082095947
233.819273561
421.645776022
866.94479062
635.379011642
366.5440295
896.24832317
950.373643441
100.196329968
145.520750864
728.499778219
337.399343757
559.53207959
627.355734845
957.267612655
874.516224476
846.239850487
92.2161263989
239.429824528
231.155082762
531.912738236
63.8427467341
427.833455606
923.79612989
160.527715732
430.198483707
190.364704125
202.0931418
655.020438571
999.20020643
410.637051918
921.456907548
448.617842548
139.571382426
444.02522129
430.463708968
57.3739007898
992.658450165
672.052739787
649.056405216
264.119549825
364.850904972
315.84400316
248.792904956
199.072288483
117.54648226
352.606256554
581.11512873
681.763735559
78.6507818393
26.6595622116
26.0211987064
208.276839436
969.660399073
141.371836485
382.708604954
694.978119177
250.926162015
695.000809598
804.996887833
12.4419331619
411.145365932
925.398714794
352.261271432
466.243468211
103.31822087
920.209482059
316.67158386
898.945114093
313.431846522
464.595303405
49.4685301228
346.942001052
109.109800208
384.624413796
933.646503276
156.174363713
820.342022846
442.589359321
940.186763864
112.222452482
237.425286602
559.310080131
444.277894286
425.73954167
66.4728964239
41.6519589323
102.985825426
564.688831731
741.826217885
801.780630224
683.867206901
570.066038768
354.200596453
228.28060408
534.627800839
741.293486365
220.661579731
508.286719364
65.0962265694
926.690509444
648.701413276
799.087972979
73.2082958084
166.099629871
691.333056523
289.228202278
921.676835401
391.179962971
884.175264575
654.039803706
151.760462816
144.414772003
130.01360353
587.036873086
901.061410055
971.858042971
474.355647585
726.871238105
693.606936689
762.864443151
248.942048639
976.736614882
120.977814948
611.931218768
675.676078811
244.056302932
117.182876596
123.961186122
394.045259625
744.477780413
866.692503357
751.112795687
558.164225778
131.907865722
507.983286282
137.717510087
310.640504343
262.382976723
744.231309362
90.814487039
594.572635493
939.015505904
78.5607958778
123.82499799
768.639066766
602.844154597
351.899691916
835.986357771
997.065147254
519.971584677
747.578960738
144.530863801
143.822593488
707.128959977
758.715130895
39.7889193597
404.524142052
416.937524131
971.179042772
964.154767525
5.49942778788
730.038426841
122.428147795
335.805038831
60.9566920321
730.137430383
951.941622223
584.774429661
328.756979593
404.048211169
526.699388753
491.938843674
848.19528079
593.07846008
799.490553011
52.2641040766
888.662890894
388.429586318
856.824316444
676.553961757
117.687979443
482.45712923
879.254764927
958.842667838
981.45235142
542.115840312
703.059915199
454.848590726
139.761489045
323.708900307
581.930714791
353.853664373
785.169981154
151.72450365
614.873301692
