830.827959755
434.831182649
768.178453483
326.357587384
130.355953812
284.953991384
391.152390592
672.747161043
734.107582717
84.2817610742
881.956862121
696.279071654
643.794281122
293.719329012
662.127030234
150.781627329
991.171011859
837.828542814
649.623235805
301.489869025
378.22548894
814.748514194
470.817554519
265.791845398
997.380992295
352.278174047
346.982310881
969.97315932
357.357028542
84.1475200531
55.0045099744
736.247298459
297.650967271
19.79340444
443.749568426
268.256042438
598.495897582
710.033902158
27.6963691405
263.7987186
381.793979476
275.722942646
123.546924257
50.7003904124
152.658357087
282.500507469
688.31336418
30.5211576739
736.678286064
106.417414364
883.850827741
925.83151533
979.175704747
374.384090853
555.551372841
697.367538113
795.972812598
189.807263885
237.231037867
700.428968922
466.091963845
881.24198614
280.078049196
665.718591591
354.337187636
265.585087018
23.0007825937
122.633205695
382.840435656
671.032752722
986.833381118
707.434833717
791.639283631
310.060141809
240.19244237
856.418762326
894.42245553
795.16556946
258.922698353
732.06507992
803.815002545
665.476821817
932.298803439
673.146523199
562.403174691
794.956665909
486.827805644
433.503122871
830.959250433
805.818437443
296.076791188
192.322527663
814.100661568
805.602913238
993.478604174
885.824229328
670.836886916
596.725710609
609.863010284
300.524286332
116.421345171
781.049333876
349.273896833
253.388097753
222.701705175
552.657954267
79.3345348095
47.5071124554
320.389180268
43.8882816229
141.936212955
820.62293496
662.867719508
531.029379359
484.319173167
105.444538933
139.501166931
944.394985039
878.995586295
942.130734385
864.433592111
134.789985436
673.168479721
683.659064134
649.968179478
109.208725337
843.815604414
191.161269589
447.725297201
589.953717832
669.649577104
104.450795893
66.5970777681
256.088441972
847.73251266
365.513539642
716.847405341
618.350383001
870.249401988
86.4728147485
951.203960558
506.299774782
794.483605447
223.924735569
351.489696155
699.161183242
874.751427665
845.400067859
239.238629517
760.993947161
823.959608368
671.395142078
80.7015961252
466.918737944
359.183349222
487.738615846
596.774208369
567.79537084
978.328213468
876.465499404
130.827130522
947.981744398
953.915373286
959.821254653
617.549548385
115.919200514
838.336234321
524.511562048
9.06274736593
972.452219835
858.142537418
150.38137767
575.913694041
664.8493593
774.397525128
224.318929106
169.104343709
838.430898688
984.855878762
920.579377103
272.465434015
114.877599134
347.091789152
851.282175534
355.016308879
241.261388759
696.62190829
102.188152104
674.875034323
983.483316609
729.721778639
216.010107567
2.84319664894
563.886294169
328.648241184
982.729261794
382.197133769
757.87244266
330.385053849
647.619832284
848.884510175
77.4155837579
402.835626391
624.916177028
178.629658595
265.256210818
167.119488848
943.285295789
264.016335732
433.888233514
987.429417018
44.3696605674
812.825059684
738.73768937
702.953919868
472.950440534
573.295953836
151.467891032
67.1759653047
331.578584134
957.087113786
872.37242837
918.848630818
860.881075861
174.142477729
563.230705877
396.055845791
257.854430082
5.52129215157
646.130481652
594.977489859
31.6690351068
449.679553996
545.54531653
794.279149044
122.33112929
388.945972783
560.951193452
673.844211115
241.341578085
56.1111603209
51.0488974124
253.46255222
207.387905794
368.065814211
17.096517731
400.627459834
495.536486163
967.041175903
410.485028674
901.343491398
751.611909257
190.148086997
522.762637907
704.029669154
720.036158067
581.725891772
950.907131283
843.274112904
68.7479743106
588.321798032
10.8219941362
823.010252339
413.452714789
369.594583542
603.214964744
243.361032565
809.227859589
951.209667711
91.6606902341
115.034893174
621.473621941
756.422551122
495.941760954
478.881821132
980.202076838
481.005468134
78.2019351664
327.565464675
153.782903689
677.011289705
399.0401386
307.712711066
430.52122155
36.7013169494
956.290691126
923.131949302
570.726574653
953.145668509
700.30348287
726.01922026
755.875651548
957.953101753
828.935377107
781.404781543
208.641654464
132.010372243
949.65711822
652.468036343
819.575435035
825.1283088
874.281688522
369.139457301
349.856437348
44.8162010318
450.844563239
997.433625719
506.43992116
1000.52450057
698.489866822
374.137555558
749.126882066
373.854085254
21.6470520395
371.348905947
899.336428336
718.751067479
385.593652519
894.105850429
184.40947755
904.047443511
698.659603967
347.495407916
294.649643916
356.057773222
821.371912806
264.963078455
371.758054909
54.714484823
34.5629019734
740.874715273
549.174088736
666.847526552
95.3797279647
479.831863879
152.831717177
719.337167136
661.435702248
641.182514045
928.721796018
675.368766776
948.138836708
167.728000222
34.088892509
14.0795513382
289.961735297
640.710510234
113.372631315
191.758067305
859.744320553
777.083803062
454.250521654
734.431455775
127.722737521
389.993817412
876.324727772
354.599483719
454.619715959
892.348636427
398.724270191
276.785961555
88.9785312741
964.792289052
190.565173936
190.157512928
690.867155572
245.001068308
253.34750907
465.944299964
428.659842882
557.413729769
202.132159239
409.628907869
201.24832121
703.855674066
564.93282737
561.468502327
505.623102602
19.0835009056
572.676344025
632.08997727
440.474661205
571.361090389
767.595663284
106.527512701
215.207519453
103.306881041
146.632673085
578.977805172
144.049400369
74.798087531
416.151923943
25.0366164253
972.387316666
611.896973872
535.267905027
724.983841084
739.419149143
54.5456583937
667.372038289
406.272939785
758.116527474
816.159399429
558.879770268
739.557535509
534.435090032
490.058423995
415.593760519
322.935203555
475.034177195
112.528279211
352.25991202
567.544704798
787.791077088
133.337122465
423.221385145
163.805212563
447.968192612
648.949134002
629.340925769
560.020290432
757.687235979
825.574150579
115.741051799
315.383810834
263.102523032
80.7215577618
211.179496298
787.67633524
281.008043066
313.305368856
333.480299106
362.978004044
61.0258983297
474.301611633
206.520841241
555.925499265
117.875268463
423.113117542
558.784314229
899.414314866
925.850441362
600.816786425
88.1602911861
117.533474905
839.486970133
250.579324742
239.829834748
951.924112294
207.878151643
416.032393233
153.549395045
638.006199993
38.5317739252
71.707873317
806.959090764
126.205389152
490.59803325
503.362782305
996.956938986
966.046708537
621.885565279
348.510493638
845.106477441
17.7067987766
196.171827812
693.864156856
174.563734269
475.724691784
590.546229659
32.4920267655
760.518951054
369.304261627
969.571823635
791.351519413
54.8718199811
880.842393161
589.346561321
486.688088751
818.539639621
241.613624834
700.781270253
977.096922955
195.969801508
982.640818074
43.4572582885
540.536937854
292.978269285
530.880798473
921.232226126
538.989609907
991.851078823
498.017601596
543.973679636
636.262757949
624.530547976
843.247075167
972.344417034
905.115715913
634.120587616
375.263996978
425.954008845
353.537570917
252.11995426
887.708587861
197.911650414
397.88188506
500.330294914
922.950569906
24.4201855531
488.035986233
466.777323549
973.424682761
338.400022975
784.499510996
826.115724653
141.498202422
267.519669538
288.591572473
770.148446549
12.9783060945
548.001118695
284.881299937
289.292212072
575.950102778
289.602552101
625.733241654
947.434417568
424.328892913
762.436177856
938.252237816
825.692206069
838.853542961
633.085902423
705.204750391
955.230144643
565.598974395
614.112259393
100.766450223
805.972232943
942.042920263
294.412068428
393.236020386
241.775865196
84.4580951429
645.699476788
551.302995089
958.224545471
793.685872184
162.971390858
37.151853006
550.479762338
785.866539096
205.219940559
174.372729548
240.537204884
539.522553222
342.463612378
599.564112607
596.55826484
395.606085531
935.937613867
497.227540757
498.370263017
308.103346262
324.330656501
138.729014384
545.998417617
353.066427783
658.64325748
991.916205316
680.429379819
323.325624492
107.442172935
772.323076523
489.800483126
235.211622233
312.959744308
112.003802022
875.170107439
291.108822467
375.53922354
485.810839803
894.912202173
561.342598738
509.794673722
89.6696601408
368.779646821
831.76973302
813.942130748
417.624475045
438.347600969
617.754913184
336.805778304
739.884964347
293.532923187
294.170698202
604.172224898
368.988621998
47.3095573405
81.5671995469
364.208648085
79.389254554
214.990095026
448.09789353
758.52776716
405.670897428
748.67342103
142.258502179
446.448097896
68.0181719056
677.231833581
116.63571586
519.872116081
276.277095892
490.353461502
162.169339396
975.248320146
501.189096562
207.308766177
587.297070551
570.387145055
682.890499614
787.45328209
5.70361792124
437.971787936
819.131913205
40.303906284
403.356698661
589.538145797
488.147889974
704.40720534
438.829365887
780.454548548
863.028731501
495.513307692
54.7322709828
500.520046624
346.26420219
553.014472556
824.109001798
901.956679671
768.850111873
760.661492292
805.237232791
682.297823987
678.079644838
465.692488438
256.741362709
690.372381333
43.0130136273
332.113110617
931.897243452
255.189563116
431.784150939
328.623215495
639.240261944
1.4201970776
602.098609151
76.8767239411
99.7835698426
755.411263665
708.012145888
925.663087155
783.670037065
649.256274111
996.671783087
607.666759015
532.441082063
554.074892699
732.627497882
496.900132652
256.540407203
260.743695547
594.351875934
106.980415777
668.106708503
35.8109205448
942.253248909
89.1781215872
395.311510151
838.412365371
524.48151372
749.021224593
621.32315815
836.763098948
699.244353013
404.865815419
980.05247681
900.285233582
402.673984035
308.981422167
857.838535511
946.870209795
324.062649318
596.43428449
43.7615851934
653.566331418
460.370928212
401.659163379
218.99427267
770.629443452
734.947901812
429.514741655
148.188550998
18.9776811612
189.315531461
598.492396245
275.596616635
933.873919451
890.072178706
962.213012858
135.969272797
231.968650109
451.641819134
390.718972476
758.677890957
398.831929731
493.515642763
337.567482642
471.660694349
959.296425042
270.513143925
57.6707681448
391.270975199
987.833466376
700.92482015
444.549707922
80.9682144744
836.588252142
272.583785015
631.060103749
763.901389059
851.46409836
766.480648311
503.006376604
657.980297971
512.950663249
494.964112677
365.775537971
147.428782368
218.188647034
233.161290327
9.29084148886
387.508203125
476.943719828
282.785015701
429.017978272
299.229420465
376.005750446
359.467806397
891.832340982
957.629066895
50.0975629542
349.953792969
889.918386619
211.025164782
307.801388072
808.711951698
390.826447966
795.183999164
646.066452365
677.22771316
251.007945564
705.706390945
578.027506597
520.52240618
195.219639021
180.795337228
236.106407172
139.440870123
961.462487291
685.120132594
635.606803579
60.1788381276
513.857044943
77.3525000432
704.222035119
836.471922099
604.963887511
840.011876606
983.133232271
978.008861695
811.976801955
623.013254032
912.590828681
306.042634539
406.944545535
730.670251516
586.01820503
185.022940157
61.1722792742
335.90530566
445.253709332
266.404014914
346.120909691
793.42054008
746.366556378
247.296761222
557.032069705
178.755855143
971.899056071
180.173378663
481.5020179
653.062555838
129.969069362
244.729321767
861.997716652
941.278719867
936.031796702
48.447140099
697.580697835
895.293793655
160.937079071
570.391211006
36.3116064353
54.71415713
996.773601928
977.029110341
866.589332245
303.500681251
71.5145592618
468.6669069
396.395167541
435.682424159
989.86834542
478.881407617
916.792644656
176.968829041
678.643089827
384.853765306
501.345046841
51.1013476713
107.950898707
408.38661679
303.976108349
771.690021921
772.706009262
498.713439745
737.417846963
998.880389689
396.974207456
80.4195742786
9.58590017086
931.116497125
109.016257138
975.998360495
798.09411926
503.887257878
502.158567454
942.673342701
737.726580343
791.894058685
80.5463227603
129.507879195
151.958048126
950.760351264
677.75546859
574.330895156
202.475588073
246.046006532
731.780541936
562.219691145
503.616541488
978.917959717
184.377686459
401.518536138
818.330198987
532.571778155
974.825056633
761.921993761
120.07317443
5.75734468249
891.758382991
509.097276158
818.643611216
504.920032811
813.811770828
129.506208027
6.50388650543
606.610549323
906.002303808
151.27192615
954.819806899
389.424557485
423.223480342
698.445933201
921.569401021
568.836969063
717.517813238
180.603208485
880.835263877
154.528925858
705.281547914
833.306459338
227.847457022
110.60019818
140.071828953
839.491065493
206.389250588
770.940321217
407.237694885
258.446330981
423.820413893
377.059311993
259.97104407
306.51375402
323.52925917
856.494363324
510.244530888
643.047761152
768.936329912
906.680569661
458.033106398
954.702276306
280.065716366
528.269239823
766.807277829
140.366236894
111.728446301
295.30591043
243.426804605
601.753506671
902.421889747
352.716727964
574.063101155
296.309951879
727.989191076
238.010001451
801.609727008
943.418289409
684.947693669
393.040473463
476.442152888
333.055500036
297.181792942
444.025997889
234.576318617
304.365431798
274.541931333
825.503920575
558.307426462
742.019262926
713.004695188
707.832114368
532.537063881
200.342542396
902.398885544
199.813487323
365.567643049
261.079108217
668.644510687
216.935962429
394.70988206
130.425828085
175.719761186
785.041394666
612.709446765
703.223634227
629.719809256
507.024178129
21.4516780627
808.554471816
319.717566911
832.633124216
972.341912581
282.714021334
700.405474713
693.16191202
438.05350972
663.724021628
700.911326678
840.795477332
982.287888146
512.110269118
976.457933272
907.190055372
524.00988071
114.811568414
774.879555632
682.17363269
628.885414663
745.16380776
424.778165611
991.702738423
472.791967523
909.033426892
207.016912649
742.377541193
828.871332591
734.765766771
532.110447852
654.640231956
795.731291779
905.647548284
284.032248801
997.930356898
93.1403986148
219.308869779
814.897604526
