482.083589702
668.444631142
869.46238696
174.110622218
587.406077214
326.050596192
664.543714786
414.943589395
734.011293002
800.152511346
904.490997836
192.438422677
361.398507045
456.245347397
53.2032940502
62.5742746368
682.96786489
997.687690901
737.750402327
109.495332674
226.053515031
1000.32806362
933.115042361
513.644458197
34.5412692145
335.255959677
84.9605142847
24.5473062986
83.6333765038
721.194524993
520.417105754
805.004911311
140.549876504
753.477604456
320.237240742
356.856152484
422.412914936
50.0144736194
774.534132719
904.508380851
38.8143775162
989.442340841
994.046246005
488.626530451
556.423098439
925.449444291
577.335303638
116.545292434
108.010355364
409.677379906
770.745216578
895.537460116
678.135316216
726.379362294
786.131894946
187.951031999
61.5809811395
611.15036948
943.63376434
647.722407246
213.164008776
993.029137135
197.167968031
506.5599177
952.881381222
414.650046205
454.341166127
986.13343215
577.24563207
415.142565137
950.209459564
835.401136173
388.202977532
914.590221298
182.571269077
199.697626569
748.939710681
665.340077801
66.9577464422
514.224076638
634.340729866
705.493575009
792.371187985
851.415404947
570.315676088
363.250528568
971.156470141
35.2117810031
797.31079641
690.10119284
141.553014039
588.496070445
559.537294318
877.494552032
838.513772484
860.365884603
439.988879586
981.002664028
499.510314046
475.169786304
896.303021421
801.358873583
898.040160535
878.760015041
158.178278075
998.364738481
655.600594487
566.47565094
257.96653829
503.943431508
476.951198885
390.843141464
758.812591793
376.407543654
506.31382145
545.094247567
464.798747887
378.033984074
482.175655012
57.2218073727
642.346959278
785.535304426
689.022094679
548.693489269
792.29811269
517.920827328
252.731670897
347.913718452
966.834546449
329.866109773
143.72083181
993.987202453
801.682568844
501.66511501
93.2329664492
14.9779196104
257.283001577
710.769162654
161.480481467
113.42607611
349.868880815
21.5315309506
860.06405402
973.447215022
499.207216469
27.1482519931
718.382817778
757.188457252
142.458920494
676.305669016
524.016895365
406.421304691
318.218580701
887.077295824
663.733338805
101.359604706
828.0640271
295.806172577
762.252563779
731.896978025
975.749765622
15.8163078549
219.121622132
695.439533045
708.967289287
282.279356567
713.501428765
878.318473783
847.175815371
559.980605339
226.347475932
439.536989368
512.734677459
993.821458251
866.975678013
563.430279057
494.251098057
765.626826183
279.583208612
142.58978668
180.883096904
665.925832169
188.801751132
795.606730405
389.888203187
258.679714008
616.864810626
726.131607808
613.482046533
569.225135647
714.184304082
941.814324276
292.676714289
364.159528124
411.026854403
664.760919958
79.6267659693
490.014616467
399.419982635
644.929241092
523.703488802
209.035537294
75.1925722486
877.195092459
753.647371663
190.274301511
591.547963428
580.109253732
530.668643494
173.546190286
356.094904148
205.654744096
245.77139148
635.30467073
428.525489364
486.568060437
993.938734547
70.7952554591
628.803999649
755.503102989
237.765964041
767.451931177
308.659354806
504.526780777
862.576421845
790.684027771
105.876834842
656.904187957
143.823815134
405.836086003
486.805887134
993.826534905
832.160148184
441.430345032
492.678469731
515.694829443
672.939169967
930.550668961
149.20348138
33.8214041863
6.19397060138
277.974902642
221.109417457
812.357560835
354.299993648
301.409675242
825.521878244
73.0256528434
835.163999876
820.213383623
885.270833432
967.891274703
728.573759684
584.934401793
85.4358702567
276.269164871
937.21245164
678.318944095
893.654841113
471.314861719
643.459540983
37.4811634162
708.654883243
296.790045048
489.134624906
269.849024945
270.864032993
620.821450801
828.029857865
252.446096479
921.913281288
855.013249864
634.167383083
792.64866433
661.190471237
3.42975078502
114.368504842
617.764308997
56.7127422242
946.165687992
652.077331283
606.806683032
699.952735448
696.156720536
135.071516019
149.052081307
445.022836656
239.738289515
619.839314311
10.5522606451
966.346635308
621.412308274
628.866684701
451.526809133
175.674835573
101.082564078
12.5839684933
770.165697216
618.122605554
773.323813726
84.8787040254
266.903816125
322.113304218
424.053911189
759.584760495
12.4826136422
331.02762597
641.058341647
660.613153758
678.975056954
11.8408563572
928.77735395
747.540897212
208.203441694
489.809252266
886.643860745
331.007583484
803.657982342
725.109433183
919.652267657
199.762213433
759.3885129
398.676568312
782.588089474
571.54264366
74.323379171
599.641916224
321.888791717
542.914923441
81.5176309794
412.196407656
53.5852047311
339.820181676
704.970886112
685.903566748
362.640330404
839.122629227
773.11884312
575.543525319
408.267100623
18.4499918871
97.3608632007
42.3062125681
108.764616935
836.680685111
745.248765139
158.409405315
335.25280926
247.721153165
79.4270468604
37.5738060279
656.980108039
602.831019776
47.4759486803
255.720265413
474.747911868
949.925233585
477.263645941
419.660068949
768.200527132
235.271262908
863.193367964
415.34840954
968.068923716
336.614327477
352.061305927
396.626115513
722.126012658
567.373487776
356.961759082
27.7617787698
741.223222237
575.669938808
283.533277796
736.642163712
385.794042269
350.735360213
795.602951116
824.29792197
933.560185443
308.701827815
140.89521088
816.433676367
853.793089261
856.78892006
225.412115613
791.310929598
364.707000079
73.5843131663
522.814466582
47.3670919332
546.770699126
699.970487053
527.58030341
467.835419199
97.0652291812
853.994584604
666.150879291
579.937465162
492.339722254
823.993904582
527.792027085
884.008667371
419.414021291
483.040040304
372.069905321
513.725855889
630.039108656
740.694890565
51.8487229826
777.958887621
405.23056005
78.3614254294
312.12408796
675.456841119
490.49373245
625.278260742
660.289580677
178.389991723
281.075899532
768.668721243
636.936071396
640.799166121
516.592266737
663.180386279
819.12183329
180.238860731
367.885227502
997.407707454
663.211358924
29.5805623264
168.245650392
415.599887456
704.929851971
634.099238507
134.117804377
930.561468075
659.053231981
241.059241626
901.430726138
113.572912651
265.613780198
676.954797398
868.289791132
435.081989445
292.635877455
421.446497934
112.577481329
934.968334882
540.143316521
263.318316154
787.960059208
248.727323747
381.36720682
299.733295857
377.145769009
688.860324187
48.084432605
323.727787587
857.56075727
216.058979538
471.027537421
899.515768933
259.258109689
551.119415662
12.4909681676
23.5485750269
504.6871871
543.045830254
60.999728211
546.343250889
820.138885056
853.575586049
212.943390849
675.9885713
267.81528139
359.762313535
252.225491447
734.946215399
515.674200263
739.430884475
78.8002375843
736.810233031
644.516099399
21.1195821784
338.971306548
700.597024668
562.543258474
542.600860636
645.321366531
349.122732401
95.3703009622
624.815512898
135.242788476
465.182527224
585.420669051
178.68654804
625.601273037
231.668677089
362.919451714
72.8987243987
481.508466456
745.614323303
276.608561675
309.053078297
405.862347478
453.491469908
627.543269914
880.80835628
24.9759298548
595.005947967
508.759426159
758.064863403
210.976086859
2.42638947161
281.953449746
675.164404272
51.3849854983
616.029890338
129.365211224
639.115486301
831.835905033
61.1632744378
470.886105551
799.605164258
996.654802552
792.7583815
525.299697733
240.928281083
486.895057277
716.783085225
211.91217308
57.7341483354
171.831173236
722.977750062
253.482361516
438.171751523
237.29872185
971.167074404
508.421261979
616.401819781
522.389842831
461.558762176
536.405971989
734.546668526
106.859201971
373.399150063
695.938110106
974.078847642
228.07863704
744.742361951
822.27292398
209.099937814
501.685684241
164.315823737
527.395565612
393.825433384
376.462333715
163.554863943
822.735571736
482.876527208
923.265171713
951.156930019
11.7136615467
985.827790478
377.819759104
707.960439546
351.547936082
543.927569643
278.229241574
662.361889206
597.397689063
471.548334208
976.907664499
246.829833688
17.2109565852
827.143964645
511.816985999
226.652845975
899.16366701
800.556182565
473.61110238
984.180653554
723.515523027
141.578498627
372.913847814
5.75585043683
318.03618232
37.8486521357
146.440694428
983.206586039
648.489105171
740.871947402
306.092706221
172.443361826
26.0064583051
819.348591209
472.796069912
161.085646291
623.022748605
296.032736059
713.804822536
167.906770091
179.717944139
401.301889
54.2441697436
843.964978807
914.706572936
355.646987946
616.421412792
893.388847726
163.584766633
336.442995316
815.669828381
614.789170068
113.996404484
586.197856387
845.493322725
210.5034022
84.817153933
17.201933496
441.649564924
880.0500255
679.648049199
398.708849531
49.0671443169
405.841400965
450.108423515
61.1818517907
781.723567135
574.862104414
287.372582066
997.677275882
825.853676973
428.173566866
733.29257029
530.475639525
213.501218466
600.177222631
125.592566021
589.350199778
503.35867886
974.376926531
872.373382231
685.923186568
496.760944826
268.954935432
34.3029118848
864.920660795
838.923159565
458.251820766
43.2792164106
550.201261431
183.100356952
816.452745436
661.911790465
12.8463702209
807.043772043
460.215272382
26.6250381869
440.474515924
648.694033422
68.8545148516
755.313615448
760.663992801
456.074769823
413.577586995
764.330327796
462.161803224
149.547194175
453.877829698
369.587813548
645.14961256
993.300514647
301.827190996
643.57570779
968.407565035
614.561465032
194.065424097
343.80928159
343.719768289
137.412045253
306.436428218
762.285248458
563.618510198
94.0046529774
592.539069297
6.78240460822
303.562601443
668.7357254
726.373286568
101.44449451
423.040252722
72.2096244054
798.343271709
584.175509017
188.086152649
785.672488509
275.398936838
330.624341478
388.237653967
146.005625781
957.329511857
339.71363205
923.830673121
7.01555335295
927.177801649
981.246963567
66.1219148309
605.898584243
211.48441087
776.708572
41.506949236
692.835972444
490.215951864
958.733979619
694.339125444
641.255364019
942.725051723
587.040211646
101.936104717
637.929756565
960.954821339
316.698624578
501.007196434
905.099057224
971.89657721
833.341736855
189.246493747
885.667872501
121.358085667
288.474732683
312.920539807
739.844157964
330.050461288
252.395394335
2.23398900652
861.313494496
72.6224603998
759.109777618
984.844480165
897.585959203
878.548744926
563.78672736
378.211254242
28.9606545676
206.086912481
258.915296171
67.87657335
591.724301546
959.765002469
56.9140590225
768.715018226
96.0232646376
573.331989102
873.24222988
287.886225997
972.692955507
722.135855566
741.991812457
363.323409236
254.745961589
894.377918131
830.487981575
786.228107006
906.680916787
45.680125472
78.846095895
428.708945207
453.953771099
37.7630145294
109.09439094
956.877169168
191.339404511
772.356914402
933.33780176
587.321948475
649.479614475
364.46319654
979.637446002
877.029446626
676.620503951
885.004137534
697.149076643
423.206198116
885.138043223
854.934304048
854.019600359
873.240727811
519.923106745
249.235633663
461.421759823
491.516391259
684.449885311
139.515327497
565.131669287
621.23597032
422.29862139
627.001938448
132.851857622
658.224387706
477.551039037
67.7102912001
574.180735197
401.244694563
904.491512957
59.3426476312
677.970456026
424.598241246
871.389990085
286.874397946
426.936869253
243.397507498
396.60248378
390.53787258
71.7498681178
42.6217268229
824.505084439
21.0833165952
334.88578505
645.841910826
103.806136375
569.770027848
843.163752128
716.263976136
294.203266934
740.098568009
197.055930385
161.000430142
767.562067377
219.262410166
215.111109257
457.36606244
197.899975563
842.337969998
764.923059273
875.306222047
297.595272025
503.381818717
622.402722636
588.455923399
147.431534082
434.221803743
627.971460359
215.765132957
58.257023824
951.967651638
214.752831039
362.842204249
105.189761945
365.725415305
698.113355268
588.063635782
762.924801734
250.763336162
415.622053885
667.822898164
917.637895012
822.652286899
865.008687327
850.254724017
114.135795878
783.535819278
901.320255127
250.6243294
710.105752579
876.129901589
438.834191652
689.041309888
669.387940187
466.963239198
401.237972391
520.877920134
634.704259672
457.726148325
83.3995335829
585.574180857
806.105600089
992.503075542
911.597595736
389.378285063
784.07977155
374.803838534
192.845796252
998.210690091
638.423985519
857.101021011
351.030908907
156.652679904
147.379558348
35.0672358353
935.305611979
139.308592693
938.64812513
579.036531267
337.318334836
735.262205684
217.636885165
908.791043881
377.158937802
389.885926428
663.080757051
69.4767559887
507.69841772
851.108263309
350.005319049
729.958005417
852.131136876
91.2018934767
211.021996334
195.564837203
957.643488771
377.314129451
813.04978065
283.555932339
125.659094009
817.414490361
419.297424066
424.721299834
766.142117447
66.4094265045
227.510414952
86.2504240579
956.453109575
529.733773536
978.425568656
93.9880391459
118.619520195
318.056210278
698.75710274
954.983290891
99.0173263844
915.698747933
756.30348802
173.575754637
792.021332422
51.888930169
292.2071063
109.058854984
615.698315519
816.14088748
224.985047955
966.443356372
498.789904405
139.166673847
250.187453275
174.489926186
263.990803725
640.29947356
62.5536709582
333.27122239
456.243096279
993.872402256
115.800727672
312.078516868
835.828370193
593.337483709
355.120225534
657.927869557
888.110999314
500.269156113
906.858117261
523.400575914
784.610477216
485.554966025
111.038821836
920.202275599
731.489143555
719.973037411
860.350645447
376.002071491
962.104813337
679.777735617
917.082154016
646.242481848
515.043626247
548.610303003
663.940933338
987.569663953
214.596574424
860.222029561
215.497368087
471.942939164
290.642643576
157.38957169
644.809300845
146.181765881
775.0555742
38.9823182738
871.902752757
662.834043666
794.174304262
696.517589684
132.357659802
562.1866581
93.9481410591
231.29299262
748.718033388
905.367193775
502.938886922
