751.954915477
356.667712659
42.654850317
22.4666671889
622.585468357
871.654091907
82.5566424393
664.166463203
590.513272394
859.216903345
959.992019524
479.970491237
685.240872167
328.361058278
805.62095947
635.429631387
733.84960304
254.69604966
308.141048837
944.931968948
393.081843629
596.895259022
824.428200949
59.6291874001
497.46148078
280.461675655
845.479112386
63.8655349026
12.8645973637
767.63902945
271.585062725
441.381217192
683.640459026
225.990288522
98.3280596959
419.4618787
104.746778985
990.262827995
23.1929465291
715.788142
535.064885822
840.804824526
387.281376583
232.477508572
865.006420942
483.79007248
919.226638852
207.694383238
584.55407446
626.830965986
686.661394895
479.911260511
568.99255769
389.420366049
368.24460998
429.989440601
705.3492687
947.546109645
62.7842623614
281.014850236
636.16697526
772.918176173
710.92167526
581.248135245
606.795815115
56.2789264361
516.943480299
156.571565645
545.638104997
152.652288202
408.566696097
430.076297232
441.904025221
479.610233214
359.9952461
241.976933569
326.648886932
233.563814037
987.581312841
336.938511674
470.793148493
393.66834969
778.966690869
227.688542874
687.334101513
148.52225312
772.698789657
275.790992924
465.634176498
934.235532193
69.485419481
345.862041654
180.279299957
713.384187525
849.341217641
197.307968129
282.21489143
714.57051206
883.041826421
507.827940356
677.41088119
225.93270875
747.633940428
627.664969037
844.701963841
173.514217221
848.281694504
940.556220288
815.604176865
672.079961544
95.2356248359
419.491594356
424.54091133
219.695251169
37.8714281896
33.0007314775
84.0521632847
794.530488877
819.104195393
291.578175722
108.465409792
201.356107672
135.868897413
388.94270689
719.650018396
710.066079589
534.377825391
837.620564672
755.775238342
125.992814006
35.6081694185
543.867618952
984.894421071
153.837068501
356.018446667
586.961889216
281.626773022
915.216931153
409.81666962
137.963905052
413.158054092
64.5457017528
959.44119124
749.273543336
770.453929026
455.14932902
776.10345714
514.07663001
979.032944493
475.548437093
556.151091729
355.1631283
935.191463475
464.761070414
828.933118973
510.295876108
583.943088312
578.444320048
708.613736845
214.936574658
949.802128002
543.393631401
253.104596529
714.857034373
411.83545785
559.942778844
214.652891328
455.22466549
21.1906524779
143.610115497
353.086890613
727.714946507
906.890099495
270.861343509
948.647840311
437.985182017
582.389070452
343.371770932
479.179843413
900.983759953
785.428003162
560.819427259
723.299054999
493.938988192
903.103583732
407.918343454
423.287879637
935.840930336
900.597568378
236.632986399
404.991399977
527.137086752
260.993902494
632.707473
988.402131896
772.395525922
20.557901599
867.202199609
757.926304271
163.169028021
73.5622320525
851.646672453
817.849407979
182.831009975
176.933406223
603.893891619
208.488218666
773.861590517
715.980993056
813.9079111
266.020863796
796.233212679
144.119848709
999.834136391
633.063285857
786.794816156
186.947233604
367.535804897
779.10706037
208.039057655
118.085726176
300.007195331
445.397432964
142.463982689
372.985070056
866.581865874
533.976416928
522.648377781
952.025458116
630.796318358
333.693887462
97.6137049885
325.882154969
856.803264717
201.48033573
981.556832813
259.209186286
662.218380614
339.18925321
628.443322884
951.831095543
67.0535086465
926.60642124
394.194001201
523.063752697
80.2839226586
825.515246168
805.198165368
691.165052463
71.1274373208
453.22409767
457.039113201
257.883948546
145.925188843
228.340224615
477.293276662
344.331318058
287.790861694
838.876749574
483.17403885
233.743691079
764.378607522
542.244975184
469.081890999
33.6227603546
44.7871359386
683.386941295
158.130889447
981.397521982
175.975998386
83.9483145627
917.900262786
173.533748502
937.075842074
178.109598626
853.494868081
413.893804356
696.675791138
479.321307849
532.575183923
60.4312971103
191.405527296
969.110886818
837.394919264
453.019302216
947.4607238
164.805241678
464.541532055
358.475680115
993.459528133
14.8323196084
671.918160294
949.036651857
744.890713588
282.959197868
815.459317985
730.324520547
544.85639922
456.884471889
500.002704582
627.124232942
719.444124132
805.778513313
868.260576009
444.852862039
109.183262205
589.316127125
107.59897025
793.953859638
19.2908577958
949.230301053
999.220718689
630.30866986
954.452785134
666.672198007
14.2304654938
929.471629535
703.758387423
542.905831815
267.039884552
630.152804032
789.226151305
181.352914204
955.24170102
534.122482093
527.14626759
836.130706912
157.782259528
496.962917609
85.0804509215
188.422900248
167.215307771
474.431594758
895.652305302
292.231803011
434.779420464
446.409658948
181.566621251
941.726834852
447.559542395
415.411949355
668.444078407
360.923596221
121.482266089
326.767951763
605.527655402
156.068943681
1.00925903111
993.484336477
459.144302229
15.6806443049
174.019289579
58.1205253145
509.588041224
552.837750028
912.713243707
198.322466776
987.709403155
901.879478748
408.063560115
223.367055311
340.310367778
84.0245663707
235.37811173
146.760399492
351.350503864
443.536741599
298.61844769
266.22020966
54.455381883
637.080499797
994.587343417
968.215785399
788.618241632
830.396663539
307.018876461
585.490109743
497.45357227
638.623536115
990.834068886
774.219697415
168.399833659
998.98994762
455.000358951
364.016683892
241.631155531
225.570645198
434.222594966
904.568828717
307.104670713
824.067236753
999.932186249
415.661044816
432.638608744
793.961904078
320.116682328
865.576411839
379.895248235
356.879278623
643.840050857
157.240117059
558.597892541
925.011274282
660.791366708
726.47736826
866.276282492
217.304733565
449.547693029
7.02845272349
251.265681318
133.724857759
193.535140863
491.818077708
133.345439381
551.707275052
513.770900107
384.32497542
831.732794153
670.512260358
621.771686905
301.92228743
708.831523691
906.107991474
236.808085757
846.791585719
686.54354492
125.762199029
789.057279777
169.175646664
397.609568984
99.0187954734
94.685407486
217.099540301
272.548497572
437.285304392
816.067425395
161.055805188
402.35942198
557.963451214
704.458011403
797.748773179
632.405167201
700.242674207
961.629491095
534.311416411
371.44341621
59.8917793309
352.173425982
717.594851819
12.2021448795
607.966291149
500.094903064
29.4997110837
251.681167801
688.827653267
62.4873026568
38.0827115905
944.08622343
381.681636846
572.452370298
42.1973325204
547.800493464
998.021949834
382.720198552
33.3402067017
89.7945015657
115.783235153
192.242694312
764.833057438
839.523840023
201.191312401
602.000792088
731.860549743
935.97910334
810.131174942
316.414950971
249.21241359
635.80626433
67.5760078094
185.054287548
685.01995045
498.642983002
457.764715605
855.612240238
868.039741949
147.16420414
478.832453558
911.829711129
955.737731331
999.311281732
160.663180784
460.768784667
49.644168015
222.150675074
118.895294665
465.862822475
485.735357699
697.436247686
974.970338518
937.895650324
834.326124772
340.823454571
266.814192536
998.354663612
847.021944181
1000.40732409
614.291285232
224.377685938
124.332463135
815.782044145
93.6032156785
216.190486502
958.647511305
50.4820543047
466.849638387
176.589304625
995.778510555
718.884001426
860.583594528
622.592634388
319.308347198
229.754443599
665.934845191
976.579527472
48.4019362035
147.606944146
862.361216399
37.9944862721
409.976870913
257.051853061
259.093137412
76.4162046591
182.619825388
144.833379113
140.817851821
192.103039899
106.595224464
737.892036309
986.291096877
213.263175918
91.8890056341
258.037988979
377.547674275
628.032973461
155.646118819
380.470701971
756.695909048
855.368856469
494.294243489
881.838313966
244.673337033
352.488459296
975.485056409
189.369149378
87.4989920229
804.389111407
708.944396251
515.359188554
801.212852265
106.381381371
887.358731707
558.150171639
183.59535829
528.936039124
172.032124253
423.887273177
514.024116272
993.63197658
310.757867907
810.389139008
460.207177421
830.858357786
113.940916602
789.886562607
771.017942755
976.382549702
313.725273355
766.375406478
322.605711656
985.740609914
727.73594971
801.502968671
230.913896567
939.795446624
987.492388999
134.361390383
755.73341546
704.419432396
79.854977672
920.710161745
64.7467085453
247.576516965
203.556262584
571.003487256
835.936865222
829.656203897
767.590232
269.870654788
438.024983578
683.560576483
197.725146941
91.1804998627
670.485178278
482.866221608
525.311452485
886.026381842
173.705040936
816.560768685
167.841003084
497.547269695
218.274270024
611.109920629
277.976494189
891.214439116
3.85694677814
574.131075235
664.037752129
758.89306142
592.804636781
929.068451889
484.333053372
744.630984773
33.119380005
264.084028958
297.418828619
691.929857956
293.996193131
545.274185679
710.3960287
48.1451059614
616.053261556
559.687219523
218.972537374
804.875623852
399.501890937
234.173970983
647.282370285
451.090360693
566.157059303
98.7228864016
671.585707834
504.52159831
437.634152481
71.3524962458
487.414462724
902.897827011
36.2180920186
156.292978182
694.547692359
786.658338966
242.149890901
831.220757156
77.2425668845
585.175486906
197.658433034
129.070558976
653.899809593
504.117845494
852.045768113
838.734039114
866.039967866
134.649934569
164.627481565
820.212076661
902.47060932
58.2011917003
63.533210798
556.933870993
790.82254204
674.44922742
621.811284983
497.65609751
28.3063120245
286.635956104
459.796803503
601.576976209
15.1982545256
128.636598788
534.981023798
304.689978804
229.632735686
587.017255245
206.349395395
21.3571235928
214.840291753
804.821272235
132.476368754
105.172916123
832.083807414
721.250253068
414.220999013
726.546993296
729.547298605
192.971109282
677.111293125
901.31773572
157.809874906
428.789909432
23.9227560164
383.571298758
838.22029324
605.561710354
242.871285159
460.390365824
280.635773722
174.414172513
598.954218902
212.499619494
146.872474576
680.926382763
710.357438729
949.134830874
496.239651347
715.731713114
169.013628387
256.053634734
343.531913522
82.6213106001
378.401246572
66.2147611376
584.968593283
550.283669908
868.808130989
907.854168132
127.320712221
536.252281642
291.014313721
728.798164356
181.52685746
67.8006223581
711.437206469
226.647844491
255.558506406
959.167464816
529.564469139
387.287164019
83.8654405079
980.489417591
748.126962312
448.383798791
634.391370017
513.296958305
742.943284662
619.461408036
322.681640149
97.3525852705
410.220111192
54.7480156837
779.256978068
313.554408963
952.885153818
859.46790004
800.980874787
281.585191614
311.725882684
650.051588525
482.387738557
151.137787435
794.689990879
591.144032014
44.0295708244
534.407015326
330.369281241
82.7695171184
411.817686434
959.80251792
83.8340091292
20.0564757178
813.453290878
612.697606694
743.981601683
466.168208437
701.730032187
820.197181847
922.800822441
807.8906519
458.714976246
1000.39258696
588.236830425
527.974955642
648.730145757
236.790489989
806.471461188
347.740568557
268.543176906
602.838273537
662.889485647
210.117007595
486.183015336
884.924617562
271.652016533
983.219618376
580.184430899
942.307483259
417.081420187
46.9307324395
376.298790834
313.02003329
780.31615498
198.777576894
345.107525896
139.663866673
121.360463835
946.505245031
145.076426301
808.954543292
43.6879796234
727.956461937
221.06136472
42.8924179583
889.285173524
481.37591167
771.882287354
77.5605011241
515.676380827
450.277094396
632.838172141
767.709964146
138.512192799
143.271706868
956.054437563
578.852298857
844.481237981
873.836341376
876.448311744
717.239871693
664.774065981
993.662876104
248.030496597
186.280183682
55.7121570202
388.151518958
801.783178945
193.876123202
249.432123152
724.782370605
474.768785631
490.006414343
631.773260023
932.539527915
912.382314219
876.177189766
112.742749971
235.439111073
463.783327525
319.754603002
911.185711189
85.140404903
536.796047235
304.884154232
333.959411538
641.089665677
118.054946318
258.65620969
900.047497252
156.116686658
377.487843546
554.0896653
245.769599642
514.592692638
121.770605752
303.326739332
83.2340074965
858.502095368
889.020406058
861.358846754
381.001727252
559.71752568
45.4197870333
363.209347739
849.671160247
703.037894693
990.243670114
830.567425017
878.067937089
707.923306266
508.443124384
149.201875824
14.1840669395
713.341805298
351.881941795
894.991421761
777.396733704
82.1826091559
460.648803109
810.512800462
554.36151288
377.371991151
564.634558122
43.5580842532
150.811337503
971.784609715
87.5997271227
78.0621876726
987.734746619
682.414945471
161.020506112
982.415282387
460.706419458
355.642745225
503.591119639
625.553492188
605.958744841
715.733789811
431.196674936
583.543870635
80.0718208084
462.757309099
794.485702412
438.27229368
817.795645523
710.994918429
952.367990629
454.240520042
800.984802045
586.284654156
486.960899862
751.52456717
555.400557048
429.189927897
394.902274827
884.211123417
437.032936637
459.335724872
928.971344351
213.516438309
608.647725545
207.885547067
240.826583028
821.688420434
470.760898546
788.187912521
177.866467136
480.27137551
836.009266737
270.285721079
852.710022674
769.6391096
459.441046339
171.014869595
739.151217991
668.420429604
930.366381594
120.496083146
483.362756861
164.405776971
182.899123552
352.922746525
9.94477151206
927.649208558
119.676419978
196.807465774
954.905772512
633.658690731
115.190088211
594.696791524
628.790462231
303.658418099
32.2590825205
835.022428616
501.793547647
175.692476852
957.883344836
888.194945803
451.258109021
367.055766981
869.490271589
880.167750474
866.478915388
935.834678054
958.723754105
719.590755442
502.586450046
883.5740459
663.112939047
151.586757733
520.299429508
83.0361593191
371.882925785
341.116389327
150.636352304
720.576374552
971.481740849
7.10787281287
155.11731314
192.165849131
687.882093914
672.980001224
282.562426718
930.021296688
29.0176914531
116.68413338
812.447461817
702.05062182
395.798106788
432.636141868
711.731254114
268.12582786
111.946698518
850.098428025
