711.385296424
423.736604403
411.969583551
297.227244255
979.981179445
641.606745871
342.914308885
136.966251636
409.95431843
185.646676582
469.641237769
964.48533429
342.115450774
893.397024041
962.340710517
776.553130506
913.641214538
62.2007390618
365.404029078
882.306509432
143.791022136
248.855666656
557.586128288
877.229059487
496.233865795
833.423392288
705.573647224
0.907929694199
927.328858093
279.232960255
326.499949069
953.204023674
307.334141762
294.849138275
8.63777950257
878.273192834
279.621028159
466.786125594
233.803813583
526.540833342
722.8364611
26.2388720015
83.8989613423
326.603991689
699.018393021
244.317450541
143.945422532
377.26196143
457.666893576
672.777487615
360.657328908
456.560877451
68.6097701874
892.770336577
852.496324245
507.533160961
744.746654923
606.614369056
679.892610748
459.500630469
341.0995503
59.5750409486
973.945906518
486.90830999
187.164904804
762.21134214
885.105773313
512.406014009
287.911159378
184.386158749
733.447110125
895.983528839
421.074280994
650.943265165
72.9295408282
812.997570696
630.653277738
668.419662743
54.5671012255
324.171791489
614.045261081
936.999181361
180.124178884
580.715338505
179.82266204
79.389287757
992.083578377
908.022544951
851.654268279
878.953105246
422.929451267
911.754860195
937.763924752
655.813773152
579.560357426
842.660035829
848.330790105
165.033102657
672.031589424
217.971225422
388.563337429
671.429058709
467.836833212
552.073137996
859.241773404
801.206622525
862.741866574
678.276527749
977.459996919
727.71647798
522.644921315
512.241290505
10.1059181804
677.299603958
885.260172188
77.0669473432
939.903800582
918.379445367
135.173891732
979.295459254
115.524183307
528.485052302
720.850820922
202.337859026
433.626062107
952.038014515
992.660493298
813.220176372
115.138696957
442.384958851
694.610217196
566.839804473
257.671142714
974.700034056
25.055395113
296.809599797
907.960934745
778.853324535
914.608687427
830.542725743
200.962537337
614.678090657
233.041145804
186.891628547
52.4533657038
702.323628441
364.50667596
844.609132574
666.781739003
584.701461862
188.780175581
133.417536583
985.857915122
649.521856229
173.484708734
711.608830896
423.064079853
505.125015054
790.179598094
719.6605647
328.169424704
567.11029842
486.071959822
2.85805182754
998.944033416
905.031001559
725.317145166
19.2186393247
823.544586666
874.547414648
970.108574501
252.9191354
695.19511771
434.99714124
444.469538063
518.99634717
985.900435569
932.946821971
313.101286904
51.6294435131
752.27648438
143.150178273
987.055265914
512.348433132
32.0840525259
481.188365435
475.644827794
425.495286027
322.401795624
96.1271602583
686.556231941
205.192076989
810.559389634
244.611019411
436.671803923
488.061109468
702.574678543
139.949165937
395.484205015
350.207831357
60.7755485147
840.684425859
474.857873775
616.897131829
716.208419014
828.443416471
891.169619414
952.383560728
765.035597087
769.026472643
528.602233922
180.719012752
955.049559016
202.088411423
731.226740574
360.845974313
477.760498164
506.827023857
170.870951696
453.720961851
307.040656906
968.550346304
266.874776773
4.57750144345
395.863276342
7.4566693884
522.528778577
15.3007190724
88.0257520924
38.5912712085
669.748393497
278.322106088
957.882340149
871.638859983
76.6387391456
3.1307113688
800.656722175
232.289431685
746.249303431
352.205843381
560.390193674
901.471132947
854.362907582
226.949462407
466.422737918
74.1623770712
910.185549376
538.825268314
797.750335958
344.398928182
671.774676077
250.26125071
815.763821995
915.61317343
112.279543496
239.709181904
886.47355062
242.678978843
626.199735379
324.344408896
52.9498292483
970.265423979
739.463902993
676.916027297
104.368504783
466.772907501
803.482282297
734.146611452
864.903265237
88.4340871904
686.495045437
791.877398369
397.162679676
473.244737699
238.234306533
54.9830898607
179.975376152
852.56044571
581.083777621
444.811890891
318.634923211
169.756153489
713.841406918
610.343488715
284.97324363
103.148088134
598.896666447
450.623059075
495.345208461
86.8906720511
709.470565632
746.335043519
640.801120865
473.709648291
664.644542157
509.617296628
363.030785153
455.596222337
417.652214197
34.4486899184
584.889730559
168.201579035
805.539325109
422.186441544
23.101047103
244.556145608
657.155955182
928.629292255
602.250261116
45.7574422342
45.0748300897
126.277227857
856.309937743
962.983506148
502.745673789
265.299619776
759.128159046
822.307948093
976.534695585
862.631470078
540.186899055
954.399008008
81.0713689611
991.720693371
553.657355499
26.5568444746
288.916964371
463.871334706
980.841721367
555.527441568
748.647881761
140.719712162
166.737369651
134.028184093
612.074357798
492.95132481
635.531158125
873.047217669
49.1726749392
853.840283412
237.341115693
240.168586832
619.135072872
332.807572407
503.571730391
64.6306978688
965.152048469
612.978707904
536.999217891
301.826807128
274.862950909
17.8166162568
327.098251767
25.2858898334
941.181246368
800.545448048
11.4247602526
171.865042704
481.890424316
207.5971262
902.922374673
493.924125233
591.048574114
919.009909814
626.931592578
556.981832434
276.563183153
852.707068628
714.475726157
515.634578067
311.305042486
464.230739254
571.279750008
453.495143089
427.217680591
4.63064165989
747.976584162
771.042254691
529.318744271
917.147832672
305.385229662
265.274387045
736.027108044
305.435295466
514.471435359
987.985808263
266.695149522
887.651732498
854.621859834
116.237137273
606.927586233
173.473218814
401.317326834
160.565481672
968.963384214
429.523618977
38.5899492516
219.476201538
508.644565287
516.8745008
757.855187316
838.086701698
532.772690682
829.36042982
787.593473435
634.341026181
376.698381175
839.081740163
230.661306393
461.962049674
522.401524586
754.148618158
113.343689691
72.1804581297
722.094772172
546.994613777
651.024018182
805.808884193
931.507190282
81.2608334932
457.538162559
739.43329202
855.479602181
806.524221032
108.1676028
2.2178635967
768.033524719
670.281195892
792.575773822
850.029469702
914.986778151
184.139630675
29.3719074465
217.310000561
931.77614567
691.282950133
407.370414456
580.496246499
675.025332039
376.828250237
109.317537939
99.4206553878
677.385364822
812.656803835
509.380675408
558.531627922
711.158678688
689.392350234
620.442431891
188.627768494
229.485491485
554.679264119
575.374441809
590.929603666
510.946417591
81.8162698115
951.369565722
112.534488935
264.751170475
100.062127365
299.564503812
436.051346747
128.857783527
301.161857291
510.490287632
24.5569609834
544.221095366
405.155377205
850.200811866
215.839150493
170.422883969
681.375679961
346.116963823
498.146843076
623.84770059
375.925120925
661.940739244
530.851903256
800.033844195
548.986932513
909.430157921
594.891469912
536.808830537
77.952551561
116.238152883
853.764148394
734.619687259
46.2153694952
622.222493122
303.423713635
260.372580629
813.825431962
839.129904163
195.818233989
928.539508563
707.429336623
628.273714924
700.343997683
101.383396065
356.09949542
564.70100212
927.103744945
89.0093992299
530.308502357
121.73207927
597.459455627
83.6860361416
180.816875875
564.498044551
143.049344923
515.015884213
607.603443443
12.9769080344
133.224257007
136.778345552
859.507677759
356.220627459
990.646727793
735.681734169
262.300398613
712.906235512
183.143244165
526.583680007
239.620738301
225.066827186
224.787887454
849.330222721
669.574363572
452.895208033
516.961868404
557.252048493
51.4889276887
285.387344717
247.197963873
379.399444071
650.087118673
462.019844385
646.683086849
70.0513410301
392.625317714
570.304558516
391.082853291
25.3813435042
177.072857999
752.580567624
552.320501383
35.9069130767
996.744620889
944.6327637
311.088644875
789.293111542
805.619763329
148.851172239
679.894475473
483.953340532
836.795622795
341.628324622
494.07951746
262.136973395
759.542776979
766.841855457
301.501091396
920.655014451
44.0804402962
333.677965002
588.711870201
657.650993705
894.433944437
991.683299276
32.9435129676
280.25891951
915.164726474
21.5390239247
332.375302086
497.813413738
318.692623962
237.280546069
208.156910646
980.481989974
124.661508502
438.085118462
460.87672028
787.541405664
293.926171479
475.806495661
568.270535218
491.776667696
744.55642267
634.602616104
282.497989995
879.049353297
591.443057148
341.233148412
403.190374896
882.965772599
882.36064543
726.386029536
92.9528599548
678.31556934
89.850659615
877.34803196
580.001423494
872.530508982
748.819518369
425.422848478
823.37023712
506.661311502
170.193401624
855.306571188
899.047918592
418.969826579
638.037132886
963.498324813
506.528969485
699.275495918
405.149390479
376.663532676
776.59341529
468.10089591
652.368383807
864.221914589
341.79342582
524.886098994
754.47743231
812.195473663
500.411147776
409.819254548
850.899903908
474.405131138
634.764018108
346.817992328
924.223075064
450.779846067
617.769128195
883.393262018
166.644398226
626.397122084
397.495322878
622.342028318
581.906359577
635.725325799
930.340846466
36.6153508962
962.576839388
149.408891608
372.342863807
999.192879907
365.609760633
693.642821207
667.103767364
611.077995715
978.480197959
947.009772209
44.3510633925
66.5713703032
924.023884571
887.411800657
479.104524577
789.36421327
339.367251889
455.534316466
308.395425822
53.6451323444
780.628924913
500.898659246
558.788396228
109.076433017
584.895862809
838.944192536
650.831740088
71.8003986507
279.991354833
234.287253914
646.439166362
255.913390089
43.5991467277
434.804382209
911.492799305
471.972842886
695.919609297
70.5704248259
425.437990604
369.049669912
419.32049842
428.233656082
272.326120085
299.643491766
774.103045385
227.302288923
113.329341576
734.145103812
918.656555073
748.830138384
765.997071786
380.417158831
778.707581378
257.824984151
96.5945419545
252.455896204
485.821330579
283.27742333
196.457387214
846.93223084
317.956657449
791.352410727
405.46796542
858.401986566
314.217058703
598.313977508
140.308145568
834.589610555
829.018842099
61.2625489067
421.369843453
901.090108975
853.836188132
844.356892854
823.872490145
572.41202177
63.9541895287
606.445778136
203.28997598
783.992209255
37.3000721445
859.647823572
509.814453207
437.895241635
247.645288634
314.363639566
427.435077082
810.804803368
8.34312566315
66.52095635
783.901086975
508.44074262
738.107983058
981.359809933
639.969171953
605.802572028
635.943393902
599.966481823
756.167603368
409.245100424
519.680768378
266.398600639
360.640653612
221.798179986
154.624486767
847.703212315
89.8705320003
691.987527714
942.695263417
439.742189481
226.307246918
250.006610196
703.332709256
358.515737486
736.237057179
328.840135494
337.041079749
169.066059046
680.060754317
918.746718094
906.106968329
224.181561103
900.576037431
338.099559053
188.955823728
683.438789185
378.065950994
112.521716878
728.750999213
939.690730824
735.029227549
391.029115178
91.6003262978
302.862002025
418.606073225
910.338514381
600.525346453
35.8944674901
971.36900006
608.606263046
654.300882661
462.065620157
918.894691285
68.2155433041
472.986752816
170.650581125
10.1237560473
717.820917899
205.07992602
905.814006783
110.696281578
285.961906775
207.65954419
946.80987518
528.611239829
675.165811771
831.345367087
282.090698603
490.012705893
91.9179233784
264.703210049
609.355277667
246.2523478
697.9538649
433.883894585
538.028920325
710.290998779
801.920453813
532.358755365
591.241874143
787.351030119
730.696593944
866.072822976
644.951537273
953.96119507
978.099202325
69.7391479233
283.931843688
302.406169415
341.682853815
668.707776926
471.95597518
366.594082524
106.776271473
184.415016843
200.228828862
897.550056777
884.754085936
42.276881835
52.3661167512
842.946018323
525.003300084
516.051672833
845.164597141
927.622844808
564.137034103
992.231666953
585.285657656
563.649168052
559.887968567
63.4687131983
310.248517462
911.67967469
345.647421914
625.736067859
1000.94670822
8.30046087721
43.6777964543
645.237809268
654.59584661
800.372057624
919.159755953
208.648849602
118.351531023
341.167316675
368.028234559
987.593171449
879.215805494
571.63448352
451.653815765
223.552879818
952.424035853
992.876798436
385.233000913
136.443532242
830.880781017
81.3903646538
381.329431908
295.299560629
413.94768893
599.536537362
817.537871426
145.871398211
62.8933035806
134.235513079
341.061855612
712.359175155
105.776223451
124.290385629
922.76693225
127.955487024
23.6836436175
75.4151370532
614.020191246
546.690723263
775.578639554
829.526685402
67.3272611542
219.179917722
535.326443486
360.47574628
178.610378079
611.027551737
139.510807635
424.576817143
439.263185437
990.592472026
230.935531491
604.1803255
36.0029645568
681.156302366
137.212148823
258.507611134
471.874688133
963.898329262
277.432466579
330.877310264
555.397456825
978.008032573
499.807959139
139.045118304
87.6139553822
768.357418234
128.046104627
314.286968017
277.696996872
610.994498773
358.791769017
690.089303942
102.439838495
224.660923073
807.552350853
62.1640368461
668.200272127
243.653330433
585.58500238
999.132781252
890.668923934
975.823390432
963.27536732
826.776808466
907.481001596
434.26121208
289.956551818
542.11578015
36.9767479156
106.087183806
551.474059314
668.607321268
730.972511326
210.449792927
655.525425443
562.369850664
148.631975865
933.79905592
181.023377954
45.1185707279
251.806203049
950.428340188
474.068490099
207.13733483
66.9209249434
883.977547965
630.389536118
799.106936729
3.24194575564
450.012444698
317.236412126
156.060551379
969.059815259
157.413565314
968.996695867
450.536390975
342.851130522
987.57096289
173.479777818
805.466761688
816.841664111
648.781757377
859.043750162
969.998108103
434.868249651
951.474293673
684.825446557
686.059244963
641.629524169
555.248598372
17.1931225482
188.47634252
35.6478309048
297.179664607
982.828693338
111.529177784
591.944752499
661.813610261
615.415632894
537.488376101
429.768130544
176.080139779
248.874327483
439.232396085
542.982856105
101.408314662
209.778356061
177.207096238
655.027077296
945.376788343
