393.279377094
977.438876898
564.832491374
535.736830093
740.731874765
802.066196137
248.497711273
863.705211852
635.164807879
875.385459358
78.1282320661
214.356841196
648.361514519
919.143961721
396.551038841
444.89946276
605.623877813
726.747582673
598.43248703
526.413828939
270.070595269
476.722066943
165.11531796
890.715517161
27.8544089305
249.22328825
951.663077735
796.305201109
151.057523221
381.497146629
127.587462749
515.712433778
717.872645215
476.78021134
911.920843459
804.925629413
337.674919353
351.895384864
628.529198465
102.368413238
153.035156355
569.748242699
849.20833377
196.417439705
59.6091376692
431.248276321
459.977138347
282.871978196
665.257204703
785.093175108
514.67776279
94.0617096365
647.335268255
379.363449223
460.47388215
452.104412308
835.702818092
546.652713818
30.2013641412
46.6987731207
310.835442137
545.280149321
85.8215058804
724.750009959
137.288370628
150.640202137
842.047927066
864.448462657
412.978846716
337.136561022
99.1689699077
402.48850152
661.020012634
440.726598376
539.466234812
38.6623848566
489.517070111
842.110746895
396.659565771
6.3534809299
765.528220793
865.50385243
340.687116072
602.862525361
423.545879899
40.2741535855
87.684203021
390.019033742
305.132863064
815.370201354
578.152064404
122.400174138
368.543225932
649.9974631
575.066576784
80.4524491198
776.333433228
886.911980175
74.9985105596
334.057465303
638.068130734
367.403146118
537.450877512
801.312405432
312.002473641
808.273426342
683.372014508
267.799561892
868.856695846
565.422447248
162.717328964
632.564898596
438.335617193
128.471323159
504.317948482
617.685136852
502.829760261
672.678338367
54.5749974025
4.3280054425
292.03676206
764.460381526
559.741347275
188.665716137
774.548549317
542.064033741
306.778328439
72.2589284776
397.79342992
761.339875504
278.867155353
199.793673136
686.098745783
792.874230987
125.648788661
59.059289527
885.287315437
165.840800977
7.92920229845
890.713491836
227.341024952
350.334127532
74.7512593427
142.565450405
145.012180193
922.131601088
999.172441016
494.211547319
587.509022365
955.706992311
429.625934592
207.787661887
890.622055439
53.9868699511
870.617459267
847.461088339
51.2965938044
904.017684952
607.125945909
834.502324076
612.118022093
692.595746455
967.309836991
797.097379559
39.8912205315
243.111650329
865.047732641
140.036757671
681.089600965
63.4533147208
212.348061664
465.807084287
666.615678453
975.060185663
123.05678682
622.041512464
656.480162417
28.4848578346
268.141386664
263.30833618
133.645034284
359.47720109
816.404437178
126.653283679
101.881093105
123.532750475
566.098361298
694.822621203
115.533478151
155.977105849
823.654901668
409.402552068
991.993563832
195.492687963
144.851108003
96.8418517128
95.6736145363
916.904814255
950.613962513
489.039080819
567.738074685
504.828870283
3.01370244374
915.269757872
232.605049843
145.142630035
651.318267343
378.074181856
440.387219272
450.069860253
917.885674677
648.504263258
521.061434167
306.152359668
639.713219008
234.42162613
541.223571697
779.836572671
260.887691324
822.020278204
716.588969578
269.240809916
709.94492257
760.154541652
113.446907659
606.875454968
24.3964479854
439.116175925
188.658445337
747.731550525
398.310276091
349.719326837
434.694477996
290.64136376
952.714134654
944.275210072
697.430229458
938.302267726
754.757577929
869.345880803
813.733916782
5.09250732254
905.806706475
164.423978017
820.359958865
608.440646032
86.5847657847
187.86570976
963.082760286
82.8733592688
512.499884556
140.778446532
174.385122237
560.300939381
290.246835368
298.708316877
987.41027134
813.794712252
1000.25515091
648.264223108
429.753176681
389.981361445
122.971046554
705.746203474
263.151649395
514.674314882
373.656247226
862.843895038
498.943443792
701.694648716
180.893303049
386.269730223
572.496346823
170.541592971
564.737411881
713.236993995
107.878474186
996.220026582
262.349116131
989.89055828
201.931894221
818.881011105
712.62687582
182.213642034
349.337426253
4.5807475524
172.971883421
641.28247373
287.48478439
738.497420772
223.519024907
374.986262515
884.640013891
161.495050279
436.247308301
969.822097151
911.3884348
641.160533897
198.945935098
543.504902087
327.906457324
207.712276539
374.541797819
397.803828891
217.142232676
513.960159036
404.422128652
570.678007057
739.592496584
262.204945857
966.26576007
690.148720861
943.322283639
807.555556973
597.597536513
173.782296526
697.064912058
654.512308362
704.157110897
440.464616138
677.913348496
8.202641567
160.263933626
598.056089343
712.748880328
21.4960190334
497.26095123
533.197626207
556.107458059
40.2151086312
194.508319208
655.123351501
35.532625054
639.058616616
420.006574784
460.428504965
523.812216553
714.56645879
373.485911177
21.1245538685
879.728304531
385.386424941
525.008580433
87.5635592593
131.63876095
250.758413219
583.068232296
235.013042592
670.239193769
244.732440975
540.098069232
368.891286847
370.763702309
4.63989726588
427.738054717
550.328067631
891.287689388
346.633862717
305.148007412
61.4220817425
596.881598882
775.042329581
844.229927382
146.984028192
546.466949885
15.014862958
631.392123472
452.424558521
638.724072066
469.409616053
674.51832471
215.669853784
674.317969143
530.378327253
653.887353089
217.064082898
655.095279699
686.241131105
803.033637541
488.472280676
942.621567054
480.769302889
90.7146883303
856.367514496
476.882416237
238.000970187
723.339922186
97.8539016994
152.759639432
89.7954016836
193.037717765
640.78815873
557.885545898
787.328721743
662.679201379
857.494386747
694.47645034
406.005834093
943.933007552
613.937750191
181.43590272
705.049445772
876.669010378
457.230878797
224.868647858
228.794229486
772.125592967
65.9609956298
452.766431118
855.034717225
32.1426114211
107.204430014
405.036200718
277.396925903
900.44015204
210.922168322
779.251536287
33.2257772167
570.739419902
281.333334055
870.222937875
790.11182557
76.5755285076
688.275928985
433.720241087
73.3000427729
640.987242485
764.083253184
29.0771200158
697.661728221
449.290234864
527.939574871
463.7840189
914.337078495
45.989575355
839.134460885
757.006646311
334.842970168
539.971509067
909.319047639
339.10412037
844.147196143
870.819319445
773.015267926
7.52798937972
610.786077386
181.722868505
503.899445601
754.145835668
193.131650376
233.623286065
487.603740262
350.873627369
621.442641078
98.9555398901
79.5444985366
405.027503254
262.076121221
172.200611922
826.039697896
550.70064834
221.820348897
216.950648432
905.860130296
726.907537882
841.864095753
572.783498721
64.8358416786
909.318409311
64.6695285775
957.507538011
189.328531612
749.946952109
255.31233725
594.941213757
135.722560945
270.930160251
5.21435110895
293.983341348
764.999453323
593.890071531
322.543201175
837.038157145
873.84794769
995.163808744
329.050832367
416.98175264
89.7953366041
974.294601932
147.103399957
831.774813969
819.551826094
241.931881583
275.868415949
312.316080952
692.635611118
660.91603158
716.476303051
664.986787809
563.115540135
396.889541795
829.599059632
255.718451293
283.62521355
654.521211169
410.630487608
469.780805526
794.057736877
544.100020253
868.579767983
477.535172665
754.122899474
900.304232309
678.232575529
131.361946951
810.412871911
892.530210747
146.944853604
138.810707669
566.225684694
564.290463713
109.569806651
478.113056085
646.326260391
8.46376063804
169.867467427
112.268541811
481.929649174
152.630495991
908.696428478
827.574703262
24.0356440824
666.000945564
830.291636066
661.096726626
5.40201178934
302.284461158
379.242935547
769.625984875
921.116587445
695.966514754
498.941771202
856.387496082
348.348262981
807.224703384
102.167484949
724.941599431
837.43845422
871.039338637
115.489467173
207.842669315
532.019354767
37.0078433873
348.409307891
846.478598259
869.33642784
537.402140322
696.556648393
471.17307369
362.696555813
880.795886297
416.819376869
748.525486002
181.9497703
347.068076534
194.519283671
893.9937694
508.82220927
628.747577246
563.076909322
717.048841495
132.371362468
684.028040468
529.373317858
278.123504727
443.64152812
897.689518736
38.2351139777
530.404123287
31.9959175285
30.513193172
282.975241706
446.59808726
292.209493562
802.828234637
757.871224147
97.6093019942
876.814470813
304.572827052
652.027033458
949.289791282
519.102696954
438.945392384
66.4759283576
333.061595531
524.906740947
475.495967098
947.439647577
610.704844239
803.489099674
565.730591962
9.6051617969
127.751796564
709.040834913
79.9776704393
127.586751339
748.575652754
185.4516843
255.585127083
21.9596477581
876.982140742
473.326873655
495.097725264
193.562117701
176.451189424
261.610013956
41.2957894618
682.996488912
901.552599434
403.749578452
134.057338964
320.162450597
747.321655288
34.6389931453
314.777288372
927.950963215
879.05887844
150.691946951
718.114721091
333.528976594
723.795192689
397.956823911
59.6678162003
880.090292066
733.48146379
227.463719991
739.365560836
591.881474589
200.476021847
355.501527568
710.794103715
978.373671867
56.8553564073
792.549560553
772.601636998
158.624370269
235.399017197
852.1623138
113.490072697
804.322166265
340.322792266
827.204064694
955.096535289
723.407196628
713.825346421
387.96160099
464.700077795
664.349418527
60.473106749
566.449108465
723.655345354
198.443104964
715.864241901
760.242675841
679.825677074
186.573791205
388.28692917
857.821132395
145.412312543
409.283404
30.776275283
684.923341397
139.969031089
61.3779289518
550.401155285
955.599207288
92.8608104259
312.372357493
89.8501476223
152.50087816
289.991940935
625.275316518
908.842861968
692.013840656
40.4367930323
812.537350511
655.42841255
412.602246851
264.888520393
277.495947794
325.740534682
904.410590723
912.387213646
393.897265055
518.338610608
794.097943236
363.351701443
816.295710514
754.669059457
842.17423212
0.166424716792
618.155560789
691.060181394
552.109918367
934.24466126
399.730215016
442.892070117
857.915721333
586.310152094
763.748159545
868.282399959
34.2181699716
356.215106874
564.456814599
221.467811265
167.86677883
228.622488137
841.524460311
939.891478319
35.4901738131
420.443802558
967.783023665
599.618434529
566.23817136
454.886478458
122.039348997
28.0602275368
18.6875829347
3.04989204838
630.421921531
257.446151519
232.991385417
341.597685891
678.739386614
152.779058368
135.979355834
920.223010039
226.021811481
53.8469144386
884.517815755
34.9154446858
672.286774187
736.111780952
209.777186634
864.668461903
685.600272704
523.426767466
177.175859353
404.656630563
385.974017153
734.424015589
650.960269773
290.719063812
221.219825518
146.258205471
887.049943741
45.5052579946
174.175800422
524.636059153
619.880210432
748.165984622
693.728928498
942.123999433
893.124123354
48.1377054039
498.247059804
169.613402121
810.136294343
312.461041601
845.894258481
853.918505027
140.481594895
861.482315965
388.694276884
350.563755683
865.071437176
940.312159051
557.649358322
854.421493813
101.651225577
791.979958998
105.019163645
399.517071746
35.4407509047
959.383765914
217.860056941
799.636386399
284.260633322
78.0849799298
874.059032473
34.0093136021
321.142800727
965.619667557
552.055432779
483.531741272
346.563490711
976.799445435
583.788608508
539.125457364
441.108321357
661.717553058
925.038591949
922.460051306
161.071425857
158.461378959
436.455570651
247.650182535
560.959318962
983.352280981
483.414215395
448.022982988
964.987817443
303.926384342
643.789029631
53.7430238102
583.793105654
139.549626516
611.687946399
601.666666613
610.918757388
196.316479586
449.632649155
116.589730984
554.560486815
196.551586447
195.363252282
651.374525742
756.108552981
874.215776202
191.879291038
574.510378613
476.858649826
794.937828908
2.8958440682
915.454549002
587.423767547
259.525416219
995.325653604
605.031191247
879.051336829
70.9067763578
692.45952205
390.54855141
67.1244631227
737.739076065
92.9863214815
226.748205345
801.856411084
843.216065109
527.407082038
304.057362104
982.934020103
547.92806035
603.959968254
685.240956802
205.601427437
473.083085856
895.775970069
507.653948375
483.854253452
673.779294363
95.3062910925
525.238725936
292.248410674
297.32702493
529.131939332
522.713408809
558.588921894
842.188554136
766.186020817
632.846208748
484.167227656
21.1215679826
521.184089226
633.536530589
668.426612158
928.627736469
189.652637035
779.149208992
539.165871745
766.728765764
542.600799048
369.76595276
171.504533714
257.695495466
154.607951132
940.602660543
603.006636134
623.001671764
393.744773874
73.0007071052
464.211587427
529.183980011
281.406553966
729.562476015
466.253237952
207.918637044
751.631471428
892.680741244
689.341013284
18.3936208616
507.232953662
346.049765723
147.127492121
940.293182971
895.497419174
169.357996773
967.756963706
0.864074738823
133.085668933
588.040402841
395.628840251
419.223703969
208.253720726
387.406174503
225.236497147
911.367034175
505.63346544
675.2281827
129.983667152
422.646961334
166.853998526
824.171701599
491.213587576
807.937164725
617.59590058
901.211486358
465.250282548
905.257413053
973.081597242
218.723344749
189.843091917
68.7021063749
509.239623238
182.228848606
710.299169126
159.549657638
453.9045169
302.322868684
263.695934086
913.878128362
415.746445587
750.924197905
846.684611905
100.322155033
654.062265678
942.063255059
541.408061153
906.755336398
542.14378668
241.225345632
363.300981355
710.902440599
406.681116967
889.015152589
929.526530695
125.302461071
239.404250799
643.528283552
213.349367057
603.216613835
722.427154229
933.344615806
886.050747996
861.204105236
117.825890722
702.621105465
172.35046609
54.9272232361
793.908729366
330.224483052
737.34192349
546.455621498
153.466440293
992.790591627
373.4888516
120.27565638
291.95584456
838.143399925
763.731144092
182.272039393
963.561873644
955.403050497
394.353039702
195.361050389
533.68485487
244.308490551
847.490036884
246.174996619
999.444770626
501.288177543
714.657544702
55.1000536597
270.371876247
592.178890018
416.845599477
435.42279009
305.753109647
60.7677864705
717.436575473
