207.956954026
732.933916751
414.066746118
0.536749510718
283.159213437
872.290399033
434.63546103
833.844319797
287.438284582
271.22912865
54.6435900008
161.697623033
984.699029464
405.675473007
314.940238883
418.40387456
373.201870365
929.875400664
432.631979424
954.150861112
743.225399777
846.241602013
966.294282873
981.340567544
192.466434459
492.90862868
2.17659803922
69.8343651701
801.990246332
563.688819441
929.584209742
720.961946435
154.1238394
825.525753647
604.098146321
667.668537821
452.118870991
426.684926062
481.444507369
992.890645045
795.309471719
466.400056911
743.156500181
644.514240033
439.888024737
617.03845371
776.204770428
406.297652274
225.513360136
861.342531604
36.8642658561
495.519398335
288.967117727
127.674286791
661.851468867
850.659076934
735.269273181
901.681799712
119.683126093
285.259308162
131.492432615
596.502739205
101.379936563
330.049898825
414.895598793
383.463110115
478.552551152
503.553837385
960.090856174
893.439667148
337.850305008
312.499452338
772.836257039
911.207169224
200.794531885
536.341290312
49.2694708052
538.75357219
192.214588925
198.505086688
108.052079276
918.728728512
538.58796104
286.329525826
955.552820122
730.665558107
310.610436216
850.123729822
516.445201251
108.164095802
870.159840461
217.886380328
947.573821876
151.29868733
956.17742194
318.06768255
931.168810689
804.896041821
118.817033203
199.506682849
359.457060754
200.048823443
740.926083382
839.741383391
595.508896703
564.597607702
178.337020969
548.837621474
651.286835827
840.235513659
897.083073785
67.07093111
861.088679017
163.817184534
134.982973164
521.271007061
211.423403678
585.171211993
638.555192469
299.720588695
316.798345489
563.485209342
839.571416612
903.660051826
774.043044325
932.379484431
832.353697734
0.978185213241
174.051101141
47.3145845573
628.284790061
393.710277561
997.157777716
410.565090831
60.004535875
616.927753529
771.14808122
913.700262233
255.166355416
277.714950328
995.082684439
561.44408964
162.809309289
764.684402249
106.001380505
27.1051118098
43.8714972944
861.948580952
36.8186408479
826.218750207
77.6706761118
403.545970766
684.43936595
508.727693497
88.9053858634
94.3507566233
497.398492929
315.452965327
628.293369454
760.5983574
696.004230966
212.292719046
859.160097092
352.097706271
648.425884084
102.597102473
837.678178622
929.040990221
288.119513923
261.41818163
502.342940774
561.593555423
727.029358577
593.905668558
954.734867653
52.4202875887
780.543197165
675.990916147
880.993619005
168.875422129
681.573380085
553.624331649
522.425080877
698.973343515
972.828220846
830.822343329
654.755117381
912.901029406
878.556687163
526.943561742
612.47793798
120.368871031
554.708146158
185.98796116
19.7539757454
197.597417407
30.1915317925
150.097662809
167.401162855
500.620265548
745.062321532
779.789650123
362.082756026
958.088682762
878.384616055
30.7546646694
461.749883885
714.884343085
737.551684672
316.044673817
150.964344552
65.4861610366
341.911361189
383.081281489
131.901355039
7.38011184631
50.3341060168
480.123194838
0.738689366663
343.018949173
367.482095829
751.12963545
447.136904642
100.067448494
915.600133165
210.306418874
416.506319075
654.555848533
505.398921286
254.211659924
470.979360702
920.623368763
337.657302159
167.455416958
319.408192282
157.529242245
297.954884965
568.770058122
338.00156327
580.850608359
806.140980496
829.225503023
214.479468984
445.251636577
438.47716087
145.365258055
452.761499241
116.097306519
498.63155061
392.495733945
418.515906827
233.042734926
238.776425628
708.154388701
764.159908944
278.048420189
903.454473984
822.49481433
232.88846762
958.839008383
621.293479266
797.074578498
234.272945104
887.032949488
297.127951642
81.9595811862
811.365258201
705.453825675
110.505028825
464.856628799
36.1743888839
844.297319253
306.781413306
96.3193305961
414.999194521
500.32087589
358.931357742
208.546582146
879.02689057
485.199012897
703.635298167
947.71277685
550.475473077
376.029478175
403.850399388
876.729105821
581.936152352
26.4921737056
24.9250713602
579.335817076
490.215453131
851.331405979
658.614273665
670.671916227
190.375626058
498.522949215
243.964965873
254.558064619
196.646397117
235.589094638
628.398351575
914.314336404
566.437639704
207.479194856
174.04043104
674.587544228
490.477555405
866.969405683
173.012154015
900.190978035
778.041256868
359.666092612
864.555685597
222.395422174
44.0469509702
654.652181426
525.73928408
364.306200762
924.971092444
906.019746696
885.941200306
217.515890678
678.555445272
783.650612461
471.862869852
504.090486959
579.679899817
566.46375174
978.631410787
698.193314782
711.215227597
663.880092801
551.801927237
569.12579952
176.237646668
105.096999128
888.081618034
803.10296477
628.607879703
504.259933603
713.259361317
373.746908995
578.787156572
597.469543054
792.6494345
439.210105846
119.032043312
370.208785768
984.070425313
921.38024895
497.756412794
832.067061788
709.167800945
40.7066384114
186.125553478
282.41802029
447.093041949
562.683423965
107.975336024
579.164485609
720.513342887
384.671036149
304.330583202
67.6642617896
333.262497406
257.608299996
725.006969566
746.349112058
225.534603175
224.395417704
558.169911398
80.2838795441
177.516497524
286.871115247
371.681107984
363.296766237
299.612990754
777.11840489
771.782539928
620.295570334
642.379242251
933.816196365
556.885429333
998.160370524
511.775375951
786.679369864
350.230875526
629.876595009
260.471288546
645.017058071
1.21652291428
190.046072598
361.132410619
514.153792031
715.294497233
273.935412327
718.368319235
169.378939275
625.204204623
195.332630916
95.5280391952
810.299033443
597.880779993
606.85506995
251.60721912
702.480136168
326.214901167
125.907240534
734.060917523
933.287240258
505.609023266
879.205217747
249.562518603
827.204528297
359.469266364
594.518063807
191.306358808
279.986484332
390.323687832
808.252584415
842.917655653
847.66715031
598.194010742
978.83346951
977.628234688
934.382607484
98.5655048194
773.772511786
258.301332947
597.838341713
360.458661573
843.968754084
26.1760669665
950.643418863
863.144482393
546.839729197
245.646185928
69.9703630769
298.787468677
40.3373461777
391.110267192
218.337927575
761.094673023
982.012520571
748.580904872
728.343355488
755.928825739
273.069577118
487.873022695
520.664292408
128.75149769
608.630956124
568.307997174
819.868270594
346.467905271
488.28403617
919.18364744
793.962933001
5.18317103757
978.524360746
44.9118892101
797.878178727
512.904876304
253.725458621
818.832589802
932.467237107
831.484246307
429.453580073
26.1835933396
188.836012672
743.914354477
613.592326058
238.30331464
77.6932242491
192.311206221
345.936209038
144.149301807
413.321345414
625.471385252
587.945784967
915.870826453
985.079471487
844.392279521
187.93405325
798.623490724
467.546976123
416.97229136
311.33632802
128.925106262
906.748393412
326.686749749
900.759748901
862.820555344
350.789813968
533.85714643
821.838612134
732.363974346
652.181829458
463.302995295
902.941640827
697.677372147
827.372666559
735.066599937
814.609359566
235.713779141
137.748786618
686.445150752
585.306875941
740.836275583
391.502345253
474.48644697
490.706948881
358.646029916
884.456027024
308.422180368
134.794801682
987.79458853
725.439433671
864.290276322
232.226918332
707.468546953
580.822245991
14.7965434972
500.474051808
233.475347207
823.602112102
85.3270697514
833.792584386
539.303335095
832.671151335
808.049666722
605.530262823
404.836284619
755.859993253
441.424467096
236.957750131
575.399611585
335.051752697
122.170940105
393.78077386
710.338081185
628.727869706
473.446614652
139.373315473
775.903718548
4.31674325838
830.388536478
337.748635873
163.352381962
250.933038093
655.308920018
621.468253581
797.679152062
644.365095596
897.60448502
380.81455001
122.736148107
50.3220021255
378.265710956
66.0077111587
131.559061875
588.874370277
758.899273724
143.246283974
903.833990461
315.885920581
116.799655074
871.089112368
413.145858248
867.385494425
165.6947073
782.007278386
750.417868778
529.643119621
668.694397368
839.138538328
913.263651397
568.642364651
793.47522227
807.307109337
775.409463224
135.05688189
414.791495049
496.762444616
890.91482585
957.008378894
888.227702814
881.562048412
877.609320288
461.086406671
684.981169055
615.220242182
586.734221683
768.414042996
548.450710854
465.043395726
641.331146031
790.192678571
856.228060998
357.386161138
372.315684331
661.348860161
172.539028857
358.825706232
560.917753336
995.072661894
379.548725089
372.132242053
499.540887132
557.479955042
763.023182709
949.885986359
917.695989471
588.425314629
162.083333531
637.424580967
852.807932455
632.213487983
615.729952282
879.7548768
639.411248171
711.100522829
329.727631992
994.491771743
177.563669755
33.6502183094
333.326447339
109.552258081
649.703962551
170.497802163
854.30930644
257.50127994
812.614842792
609.338849428
759.666439864
148.918184063
205.772855371
988.211302913
172.015296648
142.787330087
567.906042589
578.328409674
937.437487699
619.940456597
229.946550624
188.777351975
377.611714382
986.736465637
19.2714694738
579.267308199
14.2704245086
962.329284643
379.956963545
659.439290859
482.917618498
910.252761366
956.326663888
466.577212521
293.178274195
402.963871354
901.381342112
898.740453923
482.611903833
525.579016054
922.962641688
979.804269335
722.946966324
982.499084853
183.966293796
450.779582519
311.211171617
321.061257977
680.888562426
992.895998259
952.814501493
829.770336855
24.6903829624
451.959109044
477.226217565
218.591298688
943.784918841
475.485568685
423.464051047
699.780888812
769.669452826
359.869483192
194.963413618
205.094332207
204.345232055
59.3021406537
688.054677559
889.488083451
983.407881735
229.600068839
233.020848397
626.591899477
272.701001477
576.884999072
818.662279295
132.085374974
149.999845794
350.454817154
487.351232562
396.340010517
942.729824343
596.266276743
50.4368781162
697.751796335
768.981813724
268.801969955
653.814494849
237.863429378
625.319607748
319.442585761
5.28632636607
826.626715147
264.398940451
249.967987417
821.422177034
695.172505026
313.886304217
972.378494661
710.446768864
928.264927985
339.198658972
22.6900536047
281.96157106
234.879490266
18.3486748247
272.682590851
795.462006343
979.901865084
104.807955738
92.5177246895
868.135728878
228.533317319
995.569366411
468.992935583
923.680212031
501.257176078
14.9821668293
666.453972038
276.993638332
314.809364413
406.430169014
451.896416201
655.148100142
565.748664881
808.591530384
509.033199188
374.815486011
672.664482839
820.732480336
98.1152528014
197.037788542
237.355549547
525.634346123
876.135944417
499.4267407
934.469872096
904.59493109
725.762093062
516.633645137
484.114555424
821.001815027
520.435076307
860.240932123
652.102786952
203.981005907
305.401028929
988.658121919
342.291541515
301.806048659
995.358190066
62.129030758
425.682718603
862.173313459
444.542192256
523.805452558
161.557070316
477.462708955
345.306997074
833.878099785
130.03068627
912.633621338
456.869401844
422.674960027
633.901869571
103.677699294
835.224437117
161.833772819
145.341926217
583.138269433
430.885386932
103.24090731
4.91836668971
627.659517257
235.871649087
204.23240005
218.393860089
971.525383718
492.987169126
637.073970463
488.243051789
578.387335325
286.084035278
667.216769677
442.21343211
496.474030081
419.471867786
480.735815203
853.381361509
289.949263885
332.104189939
847.120708405
976.716163558
675.06000204
778.497178876
830.418694252
830.644178119
847.21089618
895.581882314
395.656035666
942.647778439
467.273274271
617.68416485
668.450417442
946.6969834
354.439586553
544.265373981
692.683710456
282.262211562
717.178186887
114.756218176
812.060161359
636.699881609
189.887945306
502.286184851
829.094855045
83.768656282
613.29857639
401.889822755
165.526543851
287.372275434
936.389944508
100.756418108
57.3801219888
169.354946963
166.955344082
752.443908201
846.616422299
570.176332903
714.247475306
823.759406202
127.169619123
64.6928727401
513.53622051
510.893248826
558.968403504
197.057686049
813.355400417
895.521674459
374.491999516
228.035628077
621.196782543
8.75103724202
714.54716657
522.113611697
32.8711399001
397.820952227
593.697644541
751.898019802
541.75687709
471.940928856
201.80961726
66.8638464466
704.178272516
260.161465503
908.776408679
508.639688865
762.886191609
228.107390806
874.753135489
541.216356863
195.911209509
669.745676109
113.462030133
477.792120716
526.736576144
855.996941833
95.025044082
209.668159384
695.321854499
652.421985197
776.014872356
166.201832508
741.240998593
643.480506586
288.164528866
903.619929624
113.168426951
849.651119664
360.049886605
611.707673824
583.262412665
988.89971556
691.01842954
435.940212775
239.018078069
28.6399828291
503.20737476
873.535850864
425.933828381
748.250542832
704.695424527
429.374983698
706.909355976
112.456257156
112.880413244
953.823448779
616.674215539
76.1728889371
20.7150945915
280.726910992
813.584485536
446.013935473
68.3407464994
543.993647952
170.998538778
894.104470457
756.94435925
355.124746216
400.29914264
967.066964664
516.988843907
395.463941495
256.269516304
509.158607653
409.177190714
56.3441900039
414.530807767
212.355811464
282.602694243
628.152390708
869.766565628
384.834995874
270.448636077
282.249511172
870.207026437
486.948159682
816.612031354
98.5425864097
694.329878203
946.585680983
412.698757605
100.692891744
765.771352002
224.153783621
497.512890697
427.013688874
792.221189144
61.5004985795
856.600948482
376.25441725
809.911945567
538.43524696
425.374944992
174.15286581
31.4450960398
154.278851776
600.578323719
988.269056106
849.329188661
590.271445808
711.224048339
903.295856428
721.713965698
770.210664763
832.824316468
881.191686303
840.280319155
197.575919144
221.870938308
726.533994788
691.759767962
24.9703261069
503.943060862
977.748041815
483.276106546
989.841871156
802.504346686
89.0888905715
573.884162448
26.7323725402
888.733616366
37.2530323743
710.26708822
604.527014127
403.460845577
587.8439279
