447.42470687
164.719511285
191.537570856
695.730944405
422.270930144
277.159250955
756.84033143
802.629712447
785.546539364
288.362845208
579.939649595
659.350965437
954.298537693
915.287732682
598.456747941
840.988159836
496.165026476
878.054860137
273.687638599
914.611287524
724.338001457
678.354693971
103.01610511
257.786266083
606.312858647
320.840316438
565.266223874
845.76729336
682.780577351
111.051806105
408.614304651
640.744396809
407.891832377
642.50484974
948.09744706
800.628020044
358.266512508
664.52060923
234.497070103
159.807381093
629.436814499
338.462530273
737.213021075
587.72497464
189.26878844
132.586048084
806.27745158
763.860118639
865.430305878
238.368237955
673.31048938
735.285081191
780.054701757
341.925284256
955.064011536
78.9366726866
651.928479475
31.6669315953
881.313373027
81.8119059065
638.716145231
740.54121848
846.096790298
874.794515086
301.759566451
866.781487828
260.443385681
454.398785342
867.155016031
725.171819246
162.877905181
393.223390349
532.071172416
725.994017702
728.972582581
647.734570414
440.137866857
204.458366662
410.555508054
486.277323382
65.9801980447
256.593788366
894.592827816
256.13794687
614.235737042
384.241367735
525.681945919
494.373377493
347.710112369
989.693248194
30.1857528513
896.696865777
519.817059239
782.916552482
724.316424456
926.525164811
285.358904221
104.758653619
101.296330046
898.896487353
806.592931509
995.770570719
881.23872813
508.69569341
982.13679138
345.319241353
654.256225167
398.050414887
740.342674254
627.256856056
835.015049046
385.20136164
41.9772578697
941.933173231
992.992043755
700.419023469
428.445404168
272.839413991
441.217733667
534.319954931
688.348145957
904.291031145
647.078008547
322.438971684
360.144387126
916.092597628
560.781569527
536.008196797
835.766466724
869.334780371
738.102807814
40.3646402573
796.80241809
800.179274246
562.895473714
797.454529588
583.728624292
487.308998136
669.945341967
748.122464341
607.851207475
355.816170251
970.38322409
276.523918742
322.702000306
692.7464524
420.569700168
129.422441735
917.08169273
394.19483528
209.360646766
863.781939083
798.217890298
597.471984802
257.364309709
919.910973036
704.052433102
304.657590657
758.25201555
679.659119851
445.708454413
344.518143939
503.521333727
789.278239972
603.08103565
738.353864126
193.643917736
629.857850312
41.6633404451
326.654142918
1000.83069606
119.458309675
445.714858684
3.63507777859
69.393067133
955.170860925
422.391523856
381.285696714
966.247333264
281.261884045
108.888421713
614.367836706
95.9483190381
207.204073528
595.715017466
976.977149194
685.764857441
189.210260878
916.718236415
524.667444001
88.2708582274
187.62554612
932.88178866
494.725411087
12.8599398927
600.124653031
167.145652753
149.381135943
739.875682191
217.427293528
912.850136222
74.6886675335
14.410066054
763.890685177
695.520450835
277.453729805
38.6443166786
375.61645181
853.697443231
918.682211895
764.595532019
334.964684124
191.147058733
57.4396475544
667.240994113
271.050158371
489.722405271
280.196149527
556.160309574
754.637849977
796.017863733
133.462223048
572.024765182
862.280533123
655.496628893
783.767898222
653.61078172
751.626673239
686.965931729
186.562061864
719.226388894
150.534927977
301.673983515
794.126450182
456.444323425
951.591405864
405.358126773
197.569547004
44.0652767986
512.941128793
877.793590397
171.931403494
101.831269749
630.564697254
67.3140051063
197.90701412
122.358885852
641.949125743
785.822763501
9.41815420253
2.05204676186
665.358280289
312.645530068
118.94214358
820.08272627
832.392884479
792.539615201
406.81573459
822.716498625
967.204462249
109.57063731
701.536144369
759.588707471
679.552308163
889.886139155
478.980315379
413.115158642
596.648024278
615.026975036
899.592000118
41.8512846948
862.34639826
481.384552956
794.932490799
758.028123421
357.600071936
22.4994480841
226.170109534
759.480651862
418.471867159
513.8974921
859.670528839
31.6659228175
476.866666492
551.014942506
155.751646142
799.183282398
97.6417453887
319.377874938
28.6837333465
619.431594414
752.276029823
830.594273864
51.1441078209
621.268727476
330.067006901
491.927089512
986.757107593
135.516603423
804.29436712
257.875447461
457.772614296
379.032334943
366.435301905
430.068222978
519.729408277
403.163940029
145.799384675
482.472595699
376.115188745
595.636926147
243.060619727
502.241788467
99.0107915411
335.591657949
890.106311145
191.250609599
396.447295718
333.710327537
423.254655775
530.774132026
845.419533968
963.82800074
183.655007555
578.877275457
300.968233867
893.515213464
249.540664587
927.264251594
777.355245777
194.8705823
871.070291001
158.45752854
322.530209266
930.240682527
428.513828485
127.371753543
116.736571203
710.66569619
134.327735175
85.6547972235
987.030115061
865.249242146
985.261923405
276.395303128
790.577637221
212.206401345
235.639956492
248.511210687
333.120663404
787.943731671
159.130537877
149.439934556
867.685985515
547.428654681
807.154686737
754.732442448
283.055571007
40.4158171468
549.730275201
937.866524488
85.7798283393
624.635748688
345.589536293
272.428337841
868.57328773
826.656904624
567.139114256
630.88856717
242.766316222
678.378176071
479.829998049
571.033649987
42.2163699303
733.272957236
602.840115479
363.585446917
560.717629714
437.869760587
961.09694946
298.741926948
129.18462044
215.414713433
368.947465582
995.29754283
4.41193791117
404.228574798
454.410020959
225.55134642
494.824124307
126.416249703
143.692700592
347.49862302
282.618709447
987.269301984
368.939362957
212.680785939
735.166054528
777.090867577
285.227367364
149.885991662
824.634236053
644.261451145
689.729973658
13.4963567264
913.121975459
904.173635949
350.43904704
57.2608893882
492.048629044
318.085386558
866.703316158
339.701772846
415.362347063
906.094072734
135.125718491
728.063322376
55.4199515414
259.646962822
272.631736444
819.102819848
571.252986217
941.347095209
492.961667053
437.734885109
730.678854273
66.7912446312
38.9389583734
413.35224358
191.52459329
867.100463141
278.194218783
899.192612118
354.637550003
114.8525864
293.828082866
916.785798868
852.547271658
62.572597837
50.0487476501
540.697027639
227.706107489
193.03320006
885.91660581
338.460520271
127.696982994
611.718853712
912.768107866
907.957309223
487.304715053
323.808681531
918.922483444
341.077511745
736.504694307
231.909827052
471.304923002
168.022291859
603.743388513
550.249463734
963.608134568
354.483931682
987.439720722
550.37734384
354.002710953
62.7483971374
380.929534157
988.299698579
934.058474271
403.271450017
609.364496004
384.604950775
117.772360744
997.968079716
427.105317476
4.92299863855
949.745956608
49.2478486195
374.288495383
334.35566674
973.255917985
763.519989105
535.153631276
330.319132374
829.170962919
895.502311781
577.153275578
995.88612373
239.278668063
992.37923737
165.842460123
578.808984429
793.710180124
845.619703681
390.549431794
491.510771182
504.149979601
402.183363098
866.703316563
245.059542167
953.516729225
191.015202933
336.756870553
295.554974403
103.11518503
22.2526328212
863.375897234
103.933840554
385.551252883
155.468411859
290.328491045
349.26105744
795.762956813
972.322872829
282.54658414
34.3551176888
849.805107788
936.319671403
88.0610904168
133.913536957
914.463673766
707.643615148
723.892106764
28.5643804276
966.160344399
806.499672379
438.848451749
503.217194889
695.23136812
307.00819676
809.039709943
371.125609993
301.49436888
962.087965417
875.972526459
54.6490285198
620.542897302
643.222374361
430.369694331
655.987516694
921.935708815
459.929450899
242.378086104
17.2478905212
923.093530628
543.458919888
463.18976844
617.980249545
640.149866604
689.123891804
247.379196804
13.0900318537
432.059053266
339.991410706
320.23300815
52.5687526111
749.59312432
747.242940235
585.755590373
446.214509452
225.000235194
150.336499614
411.701967198
473.651092463
712.020475162
939.211545813
600.635944991
394.635370405
716.772121779
425.764567054
756.046046242
760.605104391
566.348391684
633.223834021
608.620712183
904.491600645
359.176921638
166.512926909
148.690219112
764.128949819
90.5688334986
89.2924248579
268.169151374
475.453591385
353.294693626
602.280835633
196.571528218
657.887191014
812.458053107
253.045726205
913.305491839
973.508898565
76.8158111677
228.531927064
336.422224352
809.513991975
923.242622471
290.980006468
528.101661623
556.809753863
582.189820851
40.8215541842
317.379466979
960.175579539
443.927735973
823.907236044
280.520084861
359.576867819
755.111667655
750.682151029
937.105937846
158.010303644
685.478008102
47.9142970539
842.453920794
376.24746075
461.19916472
951.956492547
369.373188836
51.5625773787
455.168535741
299.982684342
409.995175127
886.856114713
951.957882413
624.601034987
779.614436982
936.232732165
15.7602722403
137.557461669
152.678318209
786.783370113
669.618041366
642.984461733
609.585331133
79.5507604532
639.913922842
276.01673101
568.714983256
316.634900219
561.6268895
400.107924039
548.601114123
112.470736373
461.340044196
487.215887626
356.719457932
152.294824648
800.810625012
903.243761154
787.99810341
621.202823813
87.9012508887
985.603955719
975.927545455
893.349683991
892.25236105
880.381651575
340.216943087
88.5199939059
377.289729614
18.4090135306
211.603012478
117.295385712
183.784823582
846.289094046
419.10189606
701.635328032
43.2747778843
224.883685292
75.6550379702
446.080280598
500.596293646
3.84407684442
986.048730893
181.187118847
380.010110958
973.261132086
478.70109121
43.6681433947
684.540477121
720.256063577
713.652594814
633.756804223
526.258426541
513.912038725
208.707165773
613.371328066
621.328534481
218.957072681
727.909679601
801.538666613
630.525595056
731.277101014
944.89044239
937.918004785
977.301860214
141.212411356
620.1781881
512.074965543
619.922858119
885.112249547
584.883787446
200.842557547
390.736502397
957.74225293
922.415194234
586.280423734
352.206960059
956.461684409
732.794128397
357.044166007
989.23129514
424.997326713
350.791904662
600.752601028
293.476647124
315.205862035
534.957986345
614.103326327
314.159220188
716.17563329
1000.98678261
364.344752151
428.752268523
352.812944157
478.48516379
555.288182376
10.2774611346
964.762613324
121.906780908
855.538595425
1.09638479524
891.689247131
70.5116249474
528.467713899
345.947206439
668.227455155
340.515431257
219.779662761
565.183340641
323.810827477
891.584316485
659.185799042
825.41937598
862.81662972
631.672264485
743.780311096
385.48303931
202.505764817
677.288259616
869.634131908
565.352209622
325.295226768
866.081618378
399.372751481
62.8753318817
178.441311189
324.860249286
550.761678725
913.501412393
909.216816771
618.357760491
986.428497335
181.206487571
20.6127872595
896.302583136
970.21215179
39.3002162297
65.3502505369
65.25978645
49.0653563776
932.58208789
41.9898619047
629.74920372
205.054741902
93.8416175858
274.114257518
719.378026886
488.337253074
780.697524691
82.2554280145
169.521868044
563.40612771
996.170354909
270.869504235
162.456460428
140.096926522
902.179281467
736.052362208
422.24514013
405.239254312
962.872360948
543.350189271
799.338765763
62.6692078595
291.162233452
440.373099874
602.518192713
572.007070592
918.787354885
247.679296859
144.852969362
126.247680754
287.816538595
310.781020197
241.38304967
674.182280699
266.310437408
756.177332469
949.528056361
43.0959705673
407.104592177
750.66640565
894.734031399
807.445847071
428.469367527
128.435835715
71.0042212537
467.884536807
244.47067079
906.123211685
906.362888129
814.620880826
791.307851294
850.236904848
885.581246413
994.086410718
776.912964686
68.1275155347
815.381563201
585.322724685
389.878183946
506.023113208
735.93499838
260.344920601
824.459851677
108.152315633
0.537855592467
165.354573238
573.965260494
919.929826032
133.721379598
793.466655386
955.822229642
448.059180417
876.132150561
646.793493267
350.584983519
920.770676208
782.709593212
39.7021751697
469.887594847
962.792396834
350.765792316
341.550468992
267.553163489
124.584012488
544.712864556
500.408626586
640.499723893
348.410526806
99.7520500322
31.7516548666
1.68489858648
107.47027342
944.069931056
550.841237934
932.208363566
779.13654918
838.015752878
230.024685917
394.961050199
610.753631954
774.472758618
287.328484828
946.071231737
302.770135964
904.367689957
177.938051624
457.542094521
175.179850076
333.304200579
270.290465585
630.667545039
997.192148878
358.197303195
217.58143788
784.356918976
193.767357163
402.116627075
886.034765404
885.011911469
753.730299556
512.188050847
736.476968164
530.969601166
10.6079578462
108.531921949
546.403538287
0.457032169886
75.9550576054
276.850632522
49.9996010016
363.17265337
364.859185828
728.867824266
927.212324014
742.341742009
330.39719481
623.369592924
818.150779651
978.018459846
841.392693985
742.84299778
231.252006114
620.002129707
778.980031859
678.886002737
662.675498994
970.527868406
157.882249411
854.559982792
480.376272666
909.835737549
865.214968049
809.799623057
37.7525296801
929.895479634
182.344029535
378.484789694
13.1870751184
377.206241159
533.604325641
86.8636503278
772.734765053
84.9185604497
204.119804154
960.855848427
600.825457804
658.069830511
137.649303748
782.024327041
374.202691471
246.418507581
939.223453282
430.053926103
959.518043635
583.811461993
772.005528351
540.503526961
229.196288397
604.282806664
499.928102929
522.201664731
763.033513687
949.844941012
489.817708556
334.863586074
64.8019638092
76.4985774791
45.224299117
66.401283865
613.051051022
595.477888671
317.390223826
865.423414288
748.88172739
171.668711324
479.856160232
948.990676328
460.987218714
437.898496207
591.970382374
230.63932359
645.304520138
881.182716471
221.368758682
796.269324547
350.60749354
170.651459394
341.184485563
632.037773214
962.685869183
996.955084011
684.306864324
903.799355786
236.819282555
912.726324992
656.784485189
344.734390686
363.939293499
59.8351292461
709.726829462
801.050817525
41.8882198686
88.8873198277
570.707321944
110.72153825
212.486815767
540.444407681
