49.0321351751
468.091613179
602.330242387
627.563616518
601.035492097
613.467359115
447.153584712
667.45654168
414.317380555
811.778772604
287.523542524
249.653858051
632.833631143
520.279556743
416.861780336
265.867597246
38.6433611566
0.939125503441
907.305613146
125.670213218
606.387145681
994.972493288
851.289089012
221.768187453
684.398593523
708.65235226
455.635793213
214.970694507
708.701244681
43.9177329737
60.8424673182
185.506605915
170.35243813
67.4740188437
172.73841589
398.10239763
245.171640276
425.592847031
985.037822967
636.396442606
743.162887096
540.709690499
343.068896584
734.194010205
354.578879582
334.744054328
17.8064565009
262.124159271
801.79409878
133.287713578
381.375738969
339.235390937
894.898019916
240.057484749
254.80243805
259.722513707
142.185596436
65.9023637693
114.563470838
780.638225298
57.6239636722
755.580509866
348.236677826
457.957658599
194.037260059
175.442670246
948.029482935
925.8675448
291.796214897
446.832601258
49.3832191586
165.531385554
971.041043933
704.621038773
481.969153988
0.165154809889
385.975854001
102.986849306
13.9507936995
390.998346193
266.326925311
262.355556791
523.735115362
678.201078499
756.619673358
783.544894545
754.417859639
707.16999804
906.118238722
598.262608627
377.953880184
998.633033435
943.986534792
741.419876269
413.080901503
789.053797783
353.485937365
629.586519413
70.8630468206
786.117894761
914.820854446
35.3995978562
73.9552253982
139.826939544
295.122653611
638.880243874
442.396599644
589.476884706
912.271522666
493.691460661
383.173667564
224.89518342
890.555025244
842.763988457
231.26876467
341.111723559
52.5879556536
958.09892934
201.720555575
253.45489613
79.5747378659
645.700373251
556.685818402
267.170719384
349.337394865
375.215340003
620.834635239
262.205523152
566.441290985
695.865630842
652.324038611
929.640949938
258.0568968
236.825967916
237.773445814
197.891974734
251.530039484
813.355913305
229.941504414
667.570670083
843.82097967
273.565347811
872.715476737
693.394648248
830.492309807
407.769300653
995.946638753
706.615261736
155.039753527
997.207072285
576.443498051
934.068204213
687.680120022
795.502462768
357.435049056
645.425422387
530.947997698
685.657533909
680.72527963
792.809181714
162.367417422
94.6495525994
605.529367634
210.084473214
243.789788042
329.903103167
178.994500502
812.071336461
207.222499986
929.35301944
678.948530977
205.060498388
541.093014716
677.649276041
317.78205417
774.295277572
94.8888950987
949.662792196
329.40430812
434.265258986
31.7184481011
101.936444561
805.124745558
434.610503578
19.1272020009
152.10287517
682.990641095
467.387616114
930.132681496
315.02766084
665.381730717
696.183368064
978.173785701
527.287017281
30.0921552236
678.972683373
604.430922703
737.070573315
161.959246729
411.553922407
683.227408333
70.3819553391
976.35944143
477.010022248
988.728329038
382.476055929
690.922699593
146.694976453
391.55754325
1.37595640055
622.689095989
191.305203682
719.568107707
635.424777828
610.621805263
733.986692258
470.711154117
826.424245015
735.920682456
375.422865791
611.8215532
986.854590812
857.909016177
700.559770657
172.148594016
504.275546933
615.456421654
483.611083128
47.5498793882
668.136604282
568.627685474
622.450803207
475.814213792
866.641290865
674.456522658
355.446492473
901.311874847
414.387427854
853.19900515
142.518540207
738.903856132
679.706744485
400.358411068
43.8621695642
856.731248524
552.201318183
677.120726313
30.9786368418
534.577452212
59.7885531023
591.05811561
908.85918148
527.264298503
853.987956343
917.107642585
908.641368542
707.013777296
342.671127119
664.572038518
880.746723962
207.304023683
126.776941876
410.745656735
606.591381479
868.369825461
651.925251737
199.450746274
522.418178457
637.91202434
591.469283347
976.924667733
269.165199497
832.772191191
116.528841825
778.946915646
744.558223925
141.23942614
140.038380769
662.314284242
675.062591693
34.2074022054
388.528496057
437.341560799
303.351100248
334.128651918
473.469701325
650.038716213
208.370626725
637.512111432
896.420971705
77.1537978935
3.60998657637
315.939659215
359.867123591
36.4621782767
545.976491042
580.408890306
930.052599731
105.184106172
778.095676184
325.995369223
903.911571425
732.475192805
639.994591394
261.78834364
399.33569655
42.5184078242
929.921851768
542.63595493
255.589556404
263.480713306
976.510919635
207.381323994
262.540059327
467.1447535
887.138468327
130.683422234
534.241194881
813.923862162
20.7506843276
150.191249113
658.207703879
393.043979053
7.20506758023
804.219090218
882.037835701
655.963436821
761.635205002
426.956920572
224.048784406
409.728808278
590.787875482
801.173832177
330.414641469
496.53100028
980.307915369
772.391618901
520.149383332
699.368230414
224.238792994
747.078242813
753.941293393
651.811890721
611.899687539
17.4167318694
453.814001648
442.158840832
913.838400257
34.7124679858
302.056348932
589.51411141
464.421436861
276.906597691
406.804488357
546.827836789
954.287950791
707.713671654
660.917920098
406.050401669
511.781375852
152.845867771
473.497603155
401.920232909
464.895321544
22.0117926425
627.055479941
896.60706608
983.732030889
516.563254563
73.94769717
130.578859411
786.109520837
915.148866242
79.8270456334
290.924130119
943.191715748
530.678757592
547.686946841
158.752810732
713.752121117
339.880094173
758.181243101
49.0467199979
699.590853205
104.759200394
510.30502047
375.64053971
837.36994739
143.741864923
134.813561431
523.773914452
150.068435387
344.160648331
66.7244387
162.028925544
212.635759654
9.4353799997
307.777674629
154.69350642
576.302706042
522.572464511
445.717087082
404.265662633
792.045602492
82.7078180259
965.824575202
255.548025948
669.096574076
839.76608691
85.9067152479
852.211569894
5.74638243959
615.305606206
659.187298848
329.095199048
408.809109377
107.131223686
336.775545871
902.33539767
643.550590483
267.98530051
261.999055797
183.043088385
744.439267185
256.865328472
451.933160356
871.126337116
598.523099623
988.193386805
85.5411319881
618.570816332
261.331212857
409.203353436
922.74816139
840.277795257
208.927129849
485.062298914
756.464253379
486.951408135
691.067418672
713.886992468
408.775840609
657.956249509
470.19600353
592.202594269
559.655846623
762.76972429
609.685776704
258.757443343
208.517835386
340.122579022
847.656984197
689.116858405
118.464905031
208.547777874
671.383453525
35.6997173305
274.49841333
660.361730602
400.138699079
22.7729095315
809.232642248
343.257558536
792.271706396
114.974916158
29.8331053844
298.206162647
132.353582929
199.358228017
703.240335027
619.587556654
587.778869037
347.537283814
497.660807386
415.743370305
720.29135491
743.399485583
716.743943966
279.380184501
521.714321216
428.222883892
818.211974127
238.833561341
677.773971954
947.182205468
159.362339093
297.355558647
853.704899056
660.999277265
484.78674245
665.851773854
537.38963279
775.200548284
82.4068168901
28.5725881904
209.364017981
363.306003565
433.512549968
264.747317514
19.9517688946
744.911345003
565.841659455
42.8014864082
55.2553530708
945.962449983
923.2229294
957.906384812
483.403346624
936.762700573
41.5256525805
231.258603229
172.975876754
762.876728283
363.258777351
944.483481445
131.744681253
449.620180393
59.9020965192
145.203392841
172.525899361
429.187627387
279.195997759
305.593837892
705.671818457
860.373703189
544.290150873
104.306632462
636.980095836
528.69892792
53.5170953075
682.262281415
704.110843925
866.583954877
157.5385377
192.694207319
191.726941572
677.146194931
630.827649145
605.55834837
204.958510685
354.460447464
663.854395567
576.415580833
167.391026664
950.685155498
978.793960818
760.028180864
557.254030505
835.37330715
1.45884001764
813.206966852
98.1282165826
24.2074069186
253.539776889
339.772943349
635.235264928
203.81690734
996.437763774
470.445279816
182.651151418
572.520169405
697.614505913
423.319352393
447.647186663
199.898710419
949.417687995
755.427464038
199.536485779
291.352036304
512.221026305
306.514790364
858.656815416
918.606818801
945.182817573
85.6806997228
723.57582583
900.771817386
471.043957468
536.365624705
116.431276987
458.582517554
262.092676502
447.602777884
512.398624237
267.92359019
175.206182159
888.892339632
632.672645366
67.7024229825
974.216169452
310.578923479
719.291219322
332.311646549
83.0869118323
603.004634445
480.050549483
584.29750451
793.990250364
449.657874999
947.999077732
108.17001397
414.125777472
440.184210264
742.917317944
919.736569543
813.861381295
791.325168574
247.737640491
956.67454436
381.93069125
780.213995852
300.113244006
824.954350164
177.677432355
459.967807329
691.419059668
775.917135326
941.645656203
526.444639283
790.446604867
665.223593126
984.961770006
35.4538358984
534.489888039
431.626100112
303.291888994
767.733356649
384.401521681
979.070124906
852.46001685
589.097984602
519.496238171
382.363395562
5.14030317609
924.415677371
297.672062379
561.638449332
533.490306098
95.3924376884
109.893739119
165.981763999
915.114043906
458.047225397
147.570056184
857.025517049
459.455807126
985.169098366
383.556098537
326.307196839
532.187923438
28.4628923309
135.091953971
689.018389008
996.773189315
920.553202345
703.756139975
135.535520071
462.682308772
505.020785093
13.814414202
410.158762093
871.125421762
787.448304168
738.827428596
250.526373865
271.679985505
438.039158416
271.162650354
992.710408973
15.1429937713
252.24202082
123.831507028
891.678775857
320.284010522
739.24929714
182.486434762
876.044145554
820.941044269
915.045464673
101.110440101
657.397575774
359.770051387
650.734136953
90.2198277101
198.284081373
164.796489969
807.902118092
763.163039083
128.39892514
485.03696887
625.169096106
780.513354698
240.049031998
249.312749371
259.209482115
962.923010182
393.53969625
117.017182413
10.2585310544
415.914384753
405.63128758
968.768881355
988.417041744
145.313744112
938.952501936
903.605577961
121.398223225
31.8233781773
767.933631883
123.591605531
332.828223743
734.488275847
738.126723377
997.510827516
406.624510686
346.844647408
376.817407716
808.830526598
651.988234281
330.099860668
66.0168637025
104.077149703
701.554426343
589.063577142
801.457114231
215.812311987
135.605276083
105.658163876
669.076579953
544.191288724
481.094526825
429.795345445
517.953997208
659.202768304
473.579004098
646.471108142
410.553194593
984.797336515
917.685101051
60.6096834691
475.938801401
553.786148037
761.834119289
81.0970099656
54.4458868481
650.133130346
755.341620037
703.23727926
523.992177797
850.191741815
742.017523914
969.730609112
127.438545151
456.641148533
320.904668332
265.33439096
56.6454334913
971.216510633
755.818033844
571.491069057
704.082517931
68.3674432564
533.812993964
488.328751933
765.23915661
983.818861569
364.332081342
701.356117705
996.488038957
412.087389343
510.829346386
458.36718355
618.908368828
121.372703466
198.652605594
77.1689710451
973.160437509
476.437861249
154.398683419
279.91384918
45.2246372754
641.744912655
246.893396315
414.01186369
536.018633233
50.8175125305
667.714870336
303.541723917
967.02736622
562.852328832
104.835163696
66.5502609348
559.189261822
987.172444988
417.97199155
911.779158234
363.138421711
710.492734568
856.11200368
445.689762545
498.966012803
782.945822133
300.962672919
315.184051711
939.150165824
898.644860844
495.436990899
811.175302052
496.219795264
730.974744225
764.192196462
736.326934061
631.355128764
988.107694168
395.34711824
337.337156638
778.871399469
373.005535534
739.466720161
585.815580768
173.921173778
493.836946232
713.284718744
363.326971401
777.004122845
981.770960114
652.67281304
671.476674875
680.203475677
770.031656378
351.601261651
333.14243005
110.325669772
203.781611362
623.811621969
629.964077593
338.516516742
116.301749972
548.241847073
391.1786911
289.347343194
563.890690085
548.728474025
220.72939734
367.395871098
115.31541434
28.8459565075
178.164266528
405.121653798
704.444161313
829.768052175
126.466981103
657.91948458
235.817031214
565.617655707
573.49122571
105.222264959
417.901335829
339.65718366
592.678606528
21.7442814204
537.759860601
799.965094073
855.717176121
936.265920274
311.182487507
596.144123703
346.847196789
928.714033185
425.749106806
479.134140142
326.377587229
661.193119506
986.141146083
927.931746243
926.339398644
455.598367344
200.816820463
499.038590535
210.203633013
427.190278063
932.052207601
617.773295056
490.829576732
474.393418303
687.771313061
620.006092513
448.556538692
53.0900616677
224.133242316
610.954560476
750.669719409
908.160585699
252.033966175
562.136354062
909.296092179
822.924095792
142.784506797
7.03566870595
188.547505555
383.155843152
682.804950771
135.92856619
737.484091702
263.181029446
505.43618241
443.533921252
908.787526233
351.186283993
748.034108296
557.007352692
8.0087227201
176.266462684
155.447366975
685.235635415
944.621458118
779.097177609
519.412756272
942.173392871
380.179522652
606.437325728
714.602091256
275.852095238
872.376100277
455.73345084
513.936624743
116.530065057
280.869139484
512.679230117
758.479611883
675.708085465
78.2050922541
400.212416413
386.002825793
74.9083804666
716.318486599
998.476872513
673.49490541
269.719781295
431.06492279
63.5727378197
117.367946239
615.254517936
247.6486432
865.230776954
295.481472679
609.409166268
160.599873322
907.278971639
127.065372586
437.274436182
368.045448476
640.418784023
689.467621695
615.411997341
957.595438242
27.1664385126
756.789744758
387.701008158
329.739635102
794.225402645
720.480810004
893.677216934
590.741967554
656.120081912
48.8828803966
707.693403671
236.948229948
543.373980027
121.197507982
870.901003604
812.560307899
911.471084213
15.7445691484
537.473944643
279.606491955
624.043893323
543.687958499
87.670324908
128.783002742
127.449687704
331.020885697
568.776649413
218.890670785
389.773186543
323.531288422
432.130766638
463.697658729
662.138394925
728.11941535
331.548278319
806.575228231
618.742569675
53.1045856304
526.248162664
687.366818636
337.606290816
217.118615847
906.284725495
989.428474822
