173.668921125
285.049975133
474.97976666
861.273407044
435.308665353
304.052690547
821.501689366
288.418644331
764.549608358
534.96611908
413.860586914
726.719037284
573.850374348
464.639087403
568.203726319
42.5816278174
441.260667945
401.463262759
278.934560703
937.730562993
232.220296353
115.507764533
565.726589863
831.252908714
459.538123043
806.093440719
945.98393111
994.656880241
5.63879634418
808.922469881
910.356860533
760.751720749
636.466354004
913.214027075
707.135261106
409.861602959
636.998390385
371.636063304
371.047651016
122.653777817
74.9168183415
79.8613810982
208.608418572
19.7884568284
766.60570405
797.478281595
455.193570038
159.10777446
116.991069328
300.854346631
832.034805087
320.723366689
119.790429817
546.246511487
743.423449647
221.404856386
952.359462052
313.581084705
556.372428107
622.301399968
111.586835117
440.412927372
345.824480413
931.791387665
428.166050274
487.86089868
798.59354089
269.599765882
734.274193732
177.67073587
987.087169176
590.766463107
614.727111744
187.407962912
409.370620721
418.231804948
927.49439468
142.002425566
277.987142239
247.818763245
731.514370863
985.331816952
552.310549242
638.983343183
89.1333736724
774.983907962
729.539263542
560.331425637
109.859687307
122.344774981
998.359338854
894.167013963
894.843872861
418.015932834
115.617184964
33.3014569821
768.240014667
662.068886376
173.467034929
654.315481922
207.327089946
279.683148401
285.584220385
114.770100572
29.799577221
629.379245429
380.007278014
635.654849193
320.631145788
757.777690192
368.965934471
1.10268680883
349.813283423
183.943558011
879.616666783
317.31723178
895.387145152
165.530452919
841.944407051
153.629510335
9.82626704594
483.248646783
149.354151137
199.386812942
273.371635386
121.289094104
613.879261882
798.921576003
992.354687101
370.661883379
353.802401379
81.2016925597
330.918581687
50.833504098
361.002081437
538.501590023
466.765378547
834.709139918
215.309978047
26.5169704207
951.628767745
900.782924603
963.256029806
799.240090598
254.255727021
259.665615677
611.074911792
184.731764107
681.854064232
774.61754125
54.2306445151
666.497426776
425.957649009
682.606406999
459.395673412
323.881266024
418.065560927
740.116908578
644.145259722
228.695607973
57.8943215929
270.811773585
429.787816684
618.497472748
307.758747706
941.501038359
148.297618762
60.4553945743
472.5181781
239.710806849
551.471831007
944.855545892
813.925693904
482.076465499
532.352883008
237.397194232
678.928522123
795.047360356
193.067462433
473.971953545
907.519536799
686.258407823
546.471720835
578.117591123
164.239609386
524.422024297
570.680005247
994.011558809
734.095977609
204.622578948
994.33948448
919.530008758
662.547580659
554.679567007
469.95116804
894.207558346
318.845422731
422.760028779
808.511368723
887.43799941
4.04825568937
397.803935915
855.002256416
977.933567565
194.063372329
182.226176305
673.185322158
756.939220611
963.186125591
652.960619223
764.994935099
870.034461223
310.301516973
410.878120679
722.661419461
911.948991359
923.862611195
34.8321602083
986.079191668
574.822272831
332.915610292
614.147640012
923.486743882
571.436357384
866.51066506
352.198286706
748.30700556
543.548187807
989.6424021
351.60232258
258.51835137
383.042388534
729.248832776
390.397894055
823.601811487
722.821570681
36.3489002563
275.72881734
346.333258867
165.994502004
932.378956779
68.6956433026
364.576090722
746.724963053
838.931389389
943.031917536
41.6453174804
828.089057381
423.691040712
205.906464968
675.054506889
359.374909981
158.403536405
462.264045364
166.981838059
97.4531758127
740.230407626
622.938230646
598.759890505
9.58017611516
194.855060421
653.313385784
163.549090485
602.908040221
143.317430863
548.654787764
483.034290225
608.859737081
196.647050718
510.996317842
120.935761135
584.300923469
540.638558982
293.535506641
410.931513379
817.381795092
182.034825256
813.231375482
221.504219062
952.01818706
747.769214383
485.362811789
334.590684024
897.387007919
797.345819126
236.531640294
166.579318251
406.988052491
996.000225805
981.743717786
615.666756339
514.111225366
988.670240451
869.181877836
997.069772405
767.016332111
344.944828491
379.208398602
879.325570213
909.049757733
349.136408408
659.93965902
598.595187831
910.682996322
616.55258314
384.851832941
984.625659134
750.087553648
452.582446997
594.751800439
57.535275547
558.167504338
267.60428904
296.239742068
29.8535434076
738.712377158
172.07272598
220.30371999
404.389384822
347.586182237
533.262371378
11.4879006741
85.0824775133
539.045930935
425.109342133
87.4928841295
468.243603594
100.558313764
909.992429014
281.539497052
275.589080609
612.185355017
875.336233827
537.673705146
671.670224155
177.923363602
105.195603955
836.018177432
261.991314829
659.353641648
398.42797301
259.43777695
23.9002781342
559.838695499
860.299846823
364.304091495
501.923419652
848.06525042
381.884808261
446.531217984
573.942987864
184.526997988
534.451740232
147.54742536
41.5278816062
506.092061357
669.934404009
591.385353942
132.732867412
837.318157842
678.290291818
570.017823448
700.106671121
198.44076818
320.958810444
955.626036257
121.92786302
465.453862506
961.628882828
36.5977978659
63.8867416165
68.4291586338
349.955305015
677.081149921
788.417738262
259.764390112
659.115979194
254.085829825
854.237587063
474.166974255
711.140275595
85.077376196
140.633625574
824.733751198
822.236067864
454.531445692
565.946652017
635.006077657
504.335098552
551.369903442
239.024570378
684.024410025
573.860207645
736.626291872
219.810851893
116.742935419
595.812785088
652.433703445
763.467662824
160.62127425
43.3271798394
439.948031883
124.976817666
147.939767402
278.393935292
298.906687868
284.942257148
496.935526873
753.549727906
19.7309519407
691.050440525
837.389759606
50.5895608154
933.992069175
617.286289109
50.2834691561
10.630050636
888.892697479
487.603482818
850.160045424
70.4967816808
723.881077644
744.224237943
333.728454153
529.396350602
515.935553662
743.236849222
465.695944308
346.493692205
454.231753598
833.756386986
123.823707395
977.280747361
69.2339584171
934.663411791
149.61093777
782.093941289
386.08247039
159.003983454
160.030845983
324.821722262
634.513130216
773.883312196
730.483332312
564.926400777
905.759836633
694.469006719
174.993870713
79.2622645675
601.340809346
706.834868579
7.35060192405
658.718033435
418.922483694
392.165203544
578.74243274
788.970198142
765.702246567
501.273323169
590.860280712
252.752250343
671.540821357
479.888837621
952.107182901
789.698724636
850.137547224
979.700750221
124.800501213
719.526401245
882.989969838
400.509417424
906.667910768
570.481078876
768.925709006
550.221615314
784.407748367
427.738456628
926.253197456
214.120642634
260.660738193
117.849280417
681.622103878
350.20074887
109.787798016
687.236784282
712.37713692
221.349216017
373.933718811
504.002390924
285.488329971
794.044819826
393.109313713
610.949159823
79.7515089944
602.87302428
130.057573025
586.278977251
819.540370841
741.535220107
632.572989145
906.21379679
557.7243313
214.134142348
798.563383978
905.4587978
283.272195205
275.197401917
559.036084827
322.487326888
615.115621676
503.740924529
82.24178773
525.097808531
360.442226366
36.0400498793
85.7762541696
82.4335154548
736.426017884
551.62658882
839.764169788
473.891591617
471.490481215
914.510976927
652.743767004
970.749735388
801.155031993
632.192472171
478.58518519
850.641585844
854.416110657
206.683131282
942.834045903
898.743118697
123.292934087
219.062789616
856.218450691
439.234251032
297.88212788
845.534864628
765.475878199
833.626238986
602.024059084
76.7709603313
354.699455098
110.867091875
12.8249289076
572.274107942
866.768312506
146.126921143
674.848869015
867.494458373
970.173137168
550.94985448
437.589650927
514.362310414
396.743723298
126.344927031
495.548123055
135.296981966
936.266894017
872.045602877
81.883066645
413.975585937
355.812941352
677.594310192
211.294385391
897.055425844
1.15499914362
367.507028289
511.14837852
113.392543947
984.529977589
751.900085493
962.674428395
232.844078508
683.458788316
915.873869868
379.944518813
575.554128084
564.359834746
889.27748788
780.93304437
128.330279497
120.321663574
778.348607677
913.24915455
754.183285379
978.258754287
233.157844902
210.009776207
295.611427017
836.814770984
560.978880907
617.269299544
806.992968995
641.082853497
835.631474008
410.361843822
568.681025253
118.491953839
821.463578795
437.749235551
5.19487624924
600.942578059
621.655627308
835.497730355
195.247658689
531.168683015
963.165680673
360.955379581
241.461865168
277.98229061
885.774192262
534.240302675
368.077698784
990.068908198
248.917304802
43.0628049686
196.561277046
898.295517643
588.541050322
300.777386521
674.104491576
563.298750743
116.831687792
116.068808674
208.810106936
170.723013731
837.86991843
664.046729468
361.689911124
211.88627167
899.908888556
272.216404441
381.119125194
92.6822887261
287.614326634
273.664021994
748.235609253
11.0164565881
335.709281341
167.147823534
57.2008816222
750.126832617
428.657120404
258.073697057
61.6795958378
684.911863707
975.77474655
138.599963625
170.895534357
500.692071921
939.67324503
577.070826801
768.2735187
434.130627596
499.035760925
212.36523454
857.176948435
641.841150497
973.76137714
421.421016488
490.71396614
333.738531634
882.966838223
955.675998497
458.318920815
272.191314773
786.344567303
587.752694596
19.9854383245
638.151102293
138.852105408
384.509202507
351.1742723
791.64367333
605.587119977
628.443945675
140.719786556
827.324451145
122.758623409
823.095650147
900.907083502
478.582593739
506.032143372
16.0921443121
198.684650506
376.829977307
768.25212797
973.472125002
960.875390061
807.118617555
336.904717606
571.953402477
267.267921112
224.475958394
161.283922702
630.434232011
513.565897332
227.960956912
90.4019089177
992.568511867
49.577627845
138.495908611
254.778405517
800.065974755
735.240966355
537.835993703
641.277311258
217.675959899
554.729601671
306.685557154
317.786768196
873.082081543
678.891468483
932.255038214
862.476823921
215.613545707
940.108741288
630.264032545
692.344404836
300.447444362
386.409715666
345.287180584
874.495408471
824.491608046
202.958354152
385.789880657
106.311864305
619.989128987
512.588384117
851.000711141
293.057680533
699.069036872
522.679961888
449.91952339
762.118099439
930.121478308
883.377155173
946.198797751
962.003692681
263.968562477
853.402693736
734.206160014
219.460330908
888.401224569
755.507372817
107.801296015
909.936061155
754.547448779
389.731344046
35.466272976
981.691271788
40.0089691336
640.671602889
298.837696122
358.893831124
345.584677482
463.666696058
834.863467958
932.742107782
645.700697972
425.140526295
903.765346818
303.853119377
127.939418949
261.073002197
649.554496871
719.091857353
710.229782843
148.977131717
293.37333713
916.739002171
316.52462804
748.2563753
152.694146313
223.408164462
154.215418859
178.300814017
847.400484983
874.269770406
357.859520489
188.312110877
452.28540621
397.057865178
179.678762141
123.961259535
695.336791692
770.399203881
544.719872602
178.195734705
312.702134934
687.255870484
242.208699119
344.793668398
384.344553734
471.039104178
824.732194309
701.091724469
584.006318818
377.589399495
281.946204324
433.821777641
790.906175514
585.958276692
640.085169434
53.4498969982
223.015269175
650.358574971
776.063293149
844.11863473
329.215712602
71.581144754
946.630385591
915.807031775
942.031462824
366.102700857
655.241500526
952.042010968
326.736229127
766.274226118
628.989001725
989.690728697
865.171574459
99.8473395574
317.767799832
265.919009141
639.499570818
424.338331624
491.541060943
119.744527451
432.078483647
856.062257103
566.659007078
205.080497965
309.400856168
729.012644545
248.17875137
742.814340956
59.6802167842
603.174384796
938.59085267
193.610783515
918.075095149
444.696058478
442.721486873
945.077515673
222.291550512
650.514271989
323.19254629
331.624115899
500.532606444
927.758972211
104.588096526
694.24491941
51.3840656058
122.420881654
526.824829523
749.132729827
758.67610977
934.601414086
894.846080914
3.93021235907
369.964844746
360.872708259
19.701843537
596.763041802
178.56233705
682.973125213
256.474779308
485.711116826
733.912034382
870.639198163
415.86497862
261.356520767
344.898134118
586.694960649
613.927305801
486.79845588
203.851463856
830.73514874
814.195482139
805.082034115
445.367084107
75.1190192761
570.202646149
914.413075619
643.952294726
510.633220903
475.095425809
507.257027092
723.258891421
976.028408263
633.739002608
247.856050697
282.323801105
299.218503477
972.066542821
851.934063542
279.573292669
360.944681748
419.665495626
656.723438336
698.576779607
845.947701681
143.619483097
379.024632505
241.16955705
679.934097234
469.73706029
473.410149808
489.31852969
700.065657596
625.854498993
615.875522925
739.481509881
539.907396191
126.695229018
668.347466624
676.400533254
96.4072568259
496.037728739
991.203079214
902.761009444
675.267811629
261.28566199
564.110931492
417.442310779
771.117025429
641.935050169
791.886796314
836.283137019
51.624915105
919.397131361
407.31879006
283.314461327
555.670280124
470.107847672
608.988611086
686.804787323
300.388316539
334.62363771
526.851644569
885.164575916
396.067942998
35.0781667782
399.399724189
660.582956303
668.599887271
394.061448897
573.13926556
984.64156272
39.6778264577
803.996231862
842.197884754
253.712119867
511.511503527
768.445508855
306.706619483
259.589988927
290.812230918
540.897869317
346.922090949
589.381397129
645.694256652
161.118261219
726.545247798
493.112130849
824.63909595
630.290777429
465.219149284
644.809433224
158.342669572
71.8349654844
224.441513367
237.826633509
294.086513484
564.65001964
807.795635743
125.622281032
821.286190214
357.278556977
179.537448379
444.898069948
628.899669743
141.460935057
540.761908946
47.4478192776
239.225630407
314.788510244
602.184977748
637.242516205
184.389019563
542.530618574
167.400446157
378.828631816
283.991425944
2.35276458911
839.176007594
527.261622872
