423.589306192
282.830638506
206.827697796
431.15432403
177.067734681
17.9731696767
70.6004047052
650.427348905
734.111091828
399.185463909
55.8084182992
235.713014781
973.887987982
703.629981516
927.0025316
251.681519988
236.56328848
94.5660155754
860.174482688
647.705290732
858.743519514
34.7613782283
654.804463532
11.8667679948
320.161698161
522.912600346
889.462896448
628.0900707
542.001469076
9.63724481436
688.135153606
640.389410249
986.525087295
266.1334183
411.129386998
326.391654415
826.417556196
211.359850759
884.771958162
248.101041518
993.80572818
328.851135949
526.270614284
941.322910439
193.934713158
793.697740559
235.885862068
893.752953317
568.207044633
852.766435923
900.851123861
349.818666983
336.879612506
444.777536669
894.26436181
324.344847892
385.638219617
342.04275353
740.857591054
609.159404382
361.728462145
40.2679151999
776.607651553
761.876592095
986.509427164
350.179693101
594.063094693
519.410926158
605.173035236
108.269413783
776.711393444
33.2891411729
342.062550967
504.830525965
584.297255317
726.13799976
839.518120854
788.911501326
486.875482282
545.030097037
849.910695136
428.517010126
705.597264639
712.092618905
980.663487361
927.418550351
890.890622235
593.449881802
864.14525795
341.642056387
188.416764535
899.773728964
270.049701625
442.647187689
920.474022632
101.787613599
886.3874882
14.0962681809
682.652129437
145.876061786
214.636893256
266.903125144
850.407005124
656.954809573
589.770813101
424.579258518
786.491240365
738.662589304
148.968081317
731.786182899
594.027245273
541.376312941
444.159972506
861.14196004
658.324488575
691.761026915
255.131423579
767.330575287
678.773895007
730.769995439
91.1202074276
578.151374484
166.791431239
893.736373323
960.828479747
786.834480514
589.849069378
20.9106368939
661.66286091
307.370235836
146.840261873
459.677135479
882.281782717
364.017593433
651.340797321
276.468773732
762.919007374
107.373108402
270.280517422
968.578533189
757.062500239
399.464352665
633.074617881
953.353949612
533.833455674
878.042448571
173.843537606
827.7033176
918.545369417
75.8786618107
986.646835663
673.149413056
715.606011113
52.6402521073
658.107296315
687.070157864
783.80332641
125.779328474
840.337065081
352.614913023
656.242280203
493.594388787
623.529281744
405.791362987
343.16657354
823.703263027
316.395523473
97.9167079985
0.251032779682
616.014285602
152.972584585
156.525878165
948.155661198
911.497498429
171.207778357
443.19491638
753.85461225
873.831902674
788.259198242
558.219965633
819.224751053
694.209482027
851.422725156
860.398694531
193.645493753
439.219681071
295.521033793
633.470853425
257.655591964
210.313754608
454.485102011
772.289095903
680.103411136
414.270757867
852.558081577
913.139440313
320.808599245
625.120045149
384.288669032
68.9900013669
763.98172705
964.934074983
380.89180205
436.12618943
57.6401045373
652.440208122
819.427989449
11.9594650451
263.984710947
326.880315634
989.801487903
947.192865967
987.374698832
792.355574827
41.8937930096
754.330135631
872.662761742
216.103933709
636.141786195
741.127339407
433.473519599
799.168786078
118.586369349
726.69553672
465.521041665
695.159315891
44.2173445774
971.342410739
544.753067401
753.685395985
3.3822497971
98.0374504872
577.582550915
832.840142327
994.694856314
340.24156936
717.736144235
529.166462969
938.394536879
201.088749862
120.065173354
356.267856349
668.055713514
188.599875673
527.876540161
179.780826511
132.412405196
72.1479016286
448.919187404
419.537132083
516.603673305
161.397207811
922.897018847
418.557189494
457.183724024
32.6796512835
230.880643979
172.722643416
146.27150918
32.6183412618
514.650674358
312.738529411
683.830833026
486.773303178
957.973823749
905.224936182
761.015756475
950.890200802
58.2948961111
552.571104044
475.47729108
74.2345138219
402.886413564
23.5692764912
584.644463996
838.721340099
864.581080547
490.390320136
274.024006668
199.646466999
285.516925701
273.920270989
193.724111541
867.127438597
566.233047737
543.922614279
562.651890669
307.492350844
752.019768051
228.375225867
204.949783093
787.578585484
294.887236342
233.215509
582.344139985
970.824452918
424.946374418
848.370679565
877.273309432
614.269576017
48.1305812079
251.176079344
507.014732382
426.073173266
739.972054332
303.675368524
952.599399183
664.723369005
979.396209426
41.3837204005
434.177678049
177.410177102
332.921861
970.178665218
734.259876476
993.453126957
306.394380033
38.1299674921
217.457971854
348.13232717
821.234278018
829.76159894
718.470171045
346.537755646
346.455695012
864.601702297
544.628603128
775.306415636
889.047598985
505.1686638
735.078107448
478.816186901
22.2166793412
194.788781146
349.866321963
223.865718321
491.597349029
317.650747885
876.642791038
342.201137536
703.703255599
485.947595616
896.951494122
272.671016231
840.99080062
77.425979411
32.7952160406
622.414467853
100.49500878
867.211542415
21.0819275794
986.112012241
485.173786034
888.693252782
47.6053426875
49.3703315814
812.451819123
490.690606533
313.848385274
513.671230113
932.968694577
543.87123488
309.359411444
983.498350732
638.907658678
639.572557488
796.881280303
682.92538954
431.998670229
604.96797388
153.311794501
194.14123961
688.429063376
142.03997305
225.294818804
164.617284436
833.71932625
83.3855108561
53.6574659706
418.398527813
809.397414665
489.757547188
560.174649224
580.879024199
213.179357115
935.254171364
731.656193989
519.22824766
717.173030076
18.8878201587
287.250559074
410.504227113
691.09210915
273.891351409
345.807028969
291.549167199
51.3723220167
452.063850463
342.557462993
798.954415803
249.597887626
228.081110781
314.77982835
920.244397985
411.499120616
277.417814913
118.066307417
723.106942926
873.375233766
658.678725203
13.3447832022
131.841527405
726.135766397
385.924897286
548.851315373
274.771600305
810.889852789
861.97096008
94.1183375616
55.2285875492
870.539052883
152.33764129
242.846332239
355.502340707
837.437297202
35.6971597114
175.398272902
556.152409916
594.157791898
858.927875026
292.292484327
653.652353113
326.486585627
440.26610978
657.935144733
697.715368447
786.837232019
991.714124141
857.368726359
686.265467527
943.760050613
365.921278718
356.09487442
303.852380369
265.736517453
94.0202877144
838.072093041
245.455598247
527.849505181
31.2435684821
67.9151730132
402.554505107
809.48992671
737.016275258
275.583528275
217.094969988
363.406083445
181.939984192
526.087282145
47.0592865211
826.729199242
214.457573365
657.762574438
666.744353175
403.527481323
649.917099498
725.399277847
463.688444012
468.076736587
456.19096335
794.698704501
467.880808428
142.914355039
714.525138553
326.322068767
666.713202103
994.272155889
113.217054198
1.62578170821
748.578993352
189.739585225
364.691788259
257.473862279
711.026155456
680.570865389
756.022916528
786.449897732
423.829390308
616.772393865
996.210721851
391.711942401
58.501588097
253.632174294
943.116085559
627.559099221
751.920157283
609.930670482
523.428420637
893.104252075
735.1514995
424.924039151
15.9695996218
218.831011993
760.853857463
932.678392201
675.564652597
791.358568646
166.042484426
559.564909574
918.86340783
587.948893819
857.010817066
506.33315388
781.67905484
332.797466391
8.94007736843
771.080740698
827.328712975
784.351892801
200.377238812
919.964413013
994.687355808
266.025315039
437.958686559
659.696315974
254.290697169
900.40696065
447.618872463
15.6650454952
522.662904405
382.855897367
542.79193264
311.709762541
17.5703264078
593.445943695
786.922789546
695.294897994
878.466592244
497.950355098
985.753960515
163.187758871
877.972654141
506.413780078
519.088603444
775.09526923
855.986007561
923.347423336
728.396067922
10.2772687077
604.911522202
578.926484925
521.049085745
231.609457227
216.600061115
882.655340759
606.439151956
700.635008898
230.775469268
892.75872487
862.692697156
813.645969013
715.941695223
124.295556636
687.306642898
993.874773153
802.454684842
633.30554658
59.0963819713
278.506822929
283.665973094
854.535040458
67.712719754
228.244786642
10.8321454659
561.178093323
103.550011383
287.624827696
634.570276517
416.900001319
257.366125269
254.924459676
16.7906257308
1000.64519178
750.191053803
976.423003637
539.533027702
656.887532176
172.544620227
414.385028588
510.633867738
266.208701089
576.624133719
112.892628587
835.698214297
357.934649968
215.134144119
584.485475403
936.400644304
65.8846231418
343.234747099
437.931323008
188.209004934
662.1011992
264.082478616
606.775279308
372.341727
595.783423767
321.32048551
232.841577419
861.388710564
652.077952873
941.335029594
936.303403747
247.287845833
436.549277042
93.932261568
410.589137149
457.983986992
269.435735222
3.64855152251
96.5169238519
830.211644658
818.177225278
371.392268962
561.682295386
298.441867811
770.63488056
108.245736417
265.954048506
691.169458098
965.17178118
539.316360875
710.910734583
943.028575781
173.341947048
159.890140297
10.6795879737
988.853479204
612.171369433
154.393310106
95.8084758882
823.639501653
11.6363337118
317.173542679
354.136319158
448.193163618
946.979791589
810.558193039
164.244867317
227.930533083
602.994063692
302.919790341
38.3099510663
848.089804527
611.515434075
175.315508251
251.601324898
99.1928472535
262.664322044
405.442785106
246.206607005
856.803416961
334.2414873
962.746244156
907.322040318
747.922973337
776.311656959
56.1095874782
458.47559928
950.155417671
230.916396119
318.945591628
529.790746237
442.048234389
175.212110866
474.630233101
386.860418055
372.920327082
958.291314793
722.727738756
415.339861537
981.360609805
875.887080758
776.83762089
109.035781819
176.830710476
350.145396698
480.519530166
876.223169658
489.576942857
844.736223593
239.161617295
453.369572575
152.394280146
419.095081679
545.987510454
496.935489832
588.11669457
263.710746714
832.962417279
991.87843766
206.403591045
632.866475986
596.850151496
995.739978674
734.194882518
484.423465155
223.514801687
211.219195799
405.337517304
210.551753494
447.17280044
275.491987264
258.082879248
136.601539185
376.975842051
658.352763677
466.652528461
926.146008842
602.008543161
491.867858062
347.88036143
581.417408652
925.759140725
916.624472397
770.856602827
940.98996474
809.620417352
270.42497373
629.400538958
502.465192181
816.374784411
451.294086531
752.957075611
47.3607427354
307.443314623
842.244997822
8.92448204682
903.823830336
558.894531306
197.657047649
668.560303825
176.956831169
645.48124836
334.195171303
815.189134466
521.596140528
43.429086632
921.853240007
513.916336049
408.060221862
338.198557796
472.42898726
865.613867319
586.156475903
2.24972128421
572.995113432
787.411590123
38.5157936519
5.51009314919
815.031508531
738.923425317
668.113674471
536.761928311
662.980169949
910.199891888
726.929693682
350.374412173
533.380813882
73.7922599178
243.821801771
293.028172669
780.926971048
802.334730599
450.279906259
747.458031673
457.573630331
236.610449143
24.855964948
695.639466829
114.484420683
796.361466175
96.1789080034
311.421297932
776.257536724
337.020098905
854.252848341
873.114935264
400.118767619
825.289289252
165.300154129
463.242159658
126.758784144
805.455660525
1.74110505481
168.418670793
392.971713966
395.528045099
835.361045212
754.364226361
812.816505511
445.058134635
479.316510357
910.315199158
558.288834683
986.146669152
297.276355169
581.202467809
245.568408668
800.831736188
316.64499417
937.441691397
466.602967
846.041417094
552.884303711
547.434302759
507.935223715
492.275164648
119.05682715
934.47673295
49.881319002
976.43435046
310.655487793
860.400349349
565.835578972
881.933891294
906.984222418
461.630436936
872.971678511
709.842492001
998.950886437
303.599256328
763.500482196
749.939658926
154.390872854
446.470902089
851.003918456
104.354633572
55.2666299626
745.307076825
110.520273968
840.379342404
644.90268451
594.743267421
35.0565249994
29.9103100814
812.359883128
896.957105643
592.953181859
418.47372506
509.614854578
425.230241807
200.986167619
7.23464605644
816.619277283
223.12849811
45.2344803399
682.228013894
699.417729731
963.209625101
896.943924361
532.856571087
332.367630238
816.707051464
902.632252604
290.250833986
625.135832853
585.89513359
353.09692389
933.032749709
353.525461399
236.622843053
263.064536232
461.412741793
307.748227799
431.461369638
387.738357351
876.783958164
586.573748335
72.9537607534
904.389788876
401.028787019
294.973572282
737.30164558
325.134735828
774.643603649
101.447385944
445.116351838
880.18528292
62.9051753218
546.788109666
791.866744317
662.926941345
222.043808086
94.27246124
660.332952161
75.2214392952
824.418814145
119.377113328
745.550149117
487.95949124
576.703616962
292.234058802
778.204277697
430.937648365
678.657259622
582.160562092
773.944468479
944.330395052
274.932291032
335.925150056
11.6458163466
379.256159542
561.365066934
406.637663769
429.711953528
873.108076256
997.250612815
936.82151391
747.132409431
266.307088029
173.952746327
284.178991242
392.167832094
33.008986132
872.622012603
375.039065381
327.074089955
209.81776668
854.676213018
11.8875150294
397.482151158
740.12973215
84.2687335214
133.67660009
262.18313025
21.3175662246
181.688179095
835.905205809
346.593240621
494.608538448
578.581298343
300.483887494
914.361922841
984.414752706
188.428824873
962.514486224
722.933961018
70.4440877367
387.416545655
917.521462121
720.866047491
855.172750243
126.881923952
490.51358488
429.471307245
185.13619814
876.094054827
74.5861633182
913.644417357
466.660195791
124.332856741
226.846114031
800.270084716
961.722710899
289.841712453
201.74887925
564.721101999
463.079474244
794.770895341
829.729560955
643.145112286
838.535707539
954.162099434
39.6564793028
182.56986482
638.318997853
896.574384032
978.077405013
589.153494037
575.771992731
370.815082625
978.672314931
411.559918677
924.820251748
513.879407306
491.728004663
599.028584861
880.704351823
485.622016769
779.190929418
337.981666986
824.396808194
963.439764607
821.934477526
986.682207332
413.765412345
505.789871892
467.69697553
741.195679447
