950.12492837
974.552024728
652.577892352
776.434824412
530.743734544
702.863611854
249.632009119
306.056386143
753.54605267
806.184684728
389.210611484
352.141031838
307.012394581
907.890162754
521.029973933
683.486005504
683.209495768
576.948831185
295.329020057
335.879619157
172.061127054
776.841408945
758.264949291
981.029306559
671.136582792
854.425606866
23.2253545549
516.067242466
569.204662402
159.006509735
389.592787225
717.996971119
648.095534281
183.995974298
969.92468393
943.317262824
322.389852959
659.459573155
948.640020095
324.203283953
315.701211529
580.357190173
594.710496554
63.2329484715
366.073423418
418.693717568
326.188346081
522.324146125
674.885522854
19.8691875681
989.331527451
840.866114168
909.066070264
733.481175394
551.254719649
835.131889742
928.646967302
98.8762326576
799.053869475
596.758042803
530.531016471
170.383280953
941.895165319
737.03698038
359.372586541
842.48906884
914.097577561
958.950974563
604.548976733
388.870344649
481.117564976
919.417293634
412.889878657
835.631325143
105.878163329
883.474738747
738.046051351
721.295512442
195.89510675
19.6678431641
980.180797059
392.522204584
559.895974021
439.12912577
614.697395159
300.608364823
507.972713024
367.511829998
71.0033076681
669.079502748
841.935948612
445.708209598
485.613872473
239.375276815
616.905640098
954.019127094
836.824775829
39.8502815698
706.208896759
859.456760491
658.631098249
749.397722286
823.43373335
614.550480726
888.584019323
608.846630405
829.410455446
813.581691933
509.480360695
163.301612929
687.478692096
599.859929867
949.575325641
57.6995304319
902.469634556
641.640332547
54.2795543092
391.970165734
89.3974859029
572.029921614
177.890770797
139.373449833
513.302625956
938.087723733
558.324249044
285.030316177
552.73651056
246.443407114
252.292701346
774.039580252
440.987106079
381.073529172
736.429275852
833.474979872
237.439311167
688.743799053
403.667050056
662.861656383
770.351977626
68.1748995211
600.613011256
456.490860597
653.996776128
554.394040233
783.014461154
428.865856278
900.213634182
367.911386365
774.995340741
116.789476202
995.232125195
900.346073199
20.6202895389
635.869337478
124.272506769
596.116794307
85.4976860947
511.371831467
962.231405505
602.680276693
833.183596239
474.705217539
234.4413181
204.988116883
471.960486699
842.267940643
793.964245338
384.891662544
587.304913832
725.487379199
129.5592675
596.407656037
501.980619503
856.71991704
640.347371997
426.972546633
765.510213857
277.222610872
183.757346473
264.27101416
821.740618902
979.198710532
750.764530154
114.575147717
619.083197547
892.460105369
881.118118792
655.985373828
259.310426804
946.684321945
265.492967678
10.3165001988
141.461713005
998.842422192
810.410498806
321.993915874
706.245159522
593.936334123
954.706827024
496.325266194
414.020461974
82.3133551003
373.44370081
655.935257582
627.194473797
64.8993894257
987.594601916
942.183298112
819.75816711
910.697945341
602.577084112
659.489137153
628.389918738
906.868854519
257.022466277
955.108202316
958.433791121
845.383357875
854.586909443
836.589772101
30.5602603406
127.844979584
64.0904399156
195.627269395
449.97378556
219.982493457
745.750974045
756.042442854
135.136385471
105.01058864
226.55035331
216.788045449
427.759395735
719.98363342
381.501164518
917.692340849
360.626715254
538.995151231
723.937178586
160.778790906
525.419192577
263.023214488
198.765851991
503.600521599
916.473480054
373.379236554
565.724971265
644.013031024
315.318671296
192.619569733
988.570938859
160.02290903
414.326840528
733.336468253
334.356462551
925.79618863
96.1312848758
580.07974631
542.999493414
856.565458956
801.388257117
894.92732582
859.813407117
278.481551956
285.736600711
6.36666852086
355.586552146
832.006873655
713.377703571
77.0403050002
556.097864437
836.085994998
232.54743024
715.836441408
303.699546391
32.8041520268
977.420709314
315.442152744
492.449562414
539.018830231
912.854138483
636.739293955
741.748755131
719.857911489
1.43106557335
746.267440918
685.550746589
574.959529311
475.05481057
396.805259872
650.090310666
827.898596291
730.228748241
871.548841073
468.21830173
228.285837393
449.526444802
941.751448594
158.159381331
783.761935551
425.368896108
159.056843516
270.064798097
793.21152117
296.183072051
683.781216707
787.3812081
67.1146101858
895.414763361
904.445746175
342.375046049
303.421525254
327.36874871
136.830656139
803.947242419
363.121683646
566.046714495
63.5535145045
181.95468366
668.995628784
873.715991837
446.734622188
754.355741664
21.30422465
569.577509722
165.479402758
244.584800802
738.158886508
405.381290048
761.366274437
779.138878704
32.9033667212
54.6531311541
872.387447103
132.873069699
756.115633877
984.635026855
900.474851518
593.039855236
88.9690366871
138.32543986
73.0571229592
765.728571574
226.439897564
72.7720209621
219.522269899
135.470842543
849.840821256
192.76439732
478.647674184
787.727555526
327.087107122
262.039083874
848.788552134
341.714586122
147.082171908
290.370694905
656.027500531
183.27651632
595.548930134
979.310611864
580.843101997
917.879487877
608.76159349
601.995034378
42.2452944499
776.839489578
260.827844466
522.109182593
775.303039468
925.318377686
828.362307141
320.890765178
201.758920102
777.382310607
354.053280411
704.120622205
524.44255516
25.0659727762
832.466870063
314.521747773
669.251621117
141.769976152
994.536857282
939.482782952
417.033427753
402.106037725
934.550442929
228.473806351
472.691574775
270.790640714
382.43830989
353.656982999
272.927533671
441.988876356
915.437518069
751.243776917
390.440570503
784.553735613
121.111209205
326.242682732
306.222983902
625.508315179
346.234856163
103.541336859
882.919192349
117.125006369
166.77184119
851.632898743
349.133628068
110.766852452
532.027347539
16.148366657
859.36914171
68.2286468227
14.4707708062
576.546763584
928.307032782
423.410528427
575.574540558
234.874652183
224.254451793
581.248769408
710.122308404
196.174796398
514.057104645
167.159943564
920.423720261
864.881561683
605.732113595
868.817389221
468.196628947
981.146445851
233.919518791
743.231953415
717.094070898
331.649270181
137.874560518
464.799099136
119.205439413
754.060042201
283.890854616
505.106994192
951.589137454
569.096773927
992.177732822
138.192407101
958.288619514
982.375857848
398.352917604
526.140934069
957.202726406
513.463906621
962.974559328
1000.83392337
585.244630807
896.069536269
750.622145646
182.596066368
234.160221124
222.161935046
361.328697942
12.5049972361
117.851246323
217.294327605
634.346246975
971.868460939
136.898651551
138.515608626
212.472573951
103.926364181
95.1349956483
270.786671599
598.004197194
907.098334893
722.944153024
403.952957463
871.574111475
434.066474594
185.652999433
875.349102688
987.685978753
909.664227023
734.7015395
481.703391922
246.345387443
12.8592575304
712.865622004
886.681802038
797.013029482
347.846367983
416.007069992
728.286802465
526.771774929
684.75342323
125.638198144
102.808457779
879.414273034
168.478224901
844.990003205
429.074356166
880.514933452
324.780145863
422.713212709
591.714371121
305.704513275
505.789957208
409.655181143
320.45528049
290.969875405
147.559348899
983.430001787
344.583048437
415.942383135
687.828947205
498.990474984
798.474231215
68.9065719202
334.142072936
945.605365161
187.101685355
346.59301071
686.597479838
888.186433803
831.599552881
259.870082727
759.620169013
413.095602715
109.637848777
180.192034733
159.813238109
696.06919349
273.008752654
342.046576144
697.877008741
915.838037751
763.701456962
844.088542207
114.446247239
264.008994336
956.446594798
209.695328289
384.823004167
535.709065699
191.73027611
176.218281698
540.119145697
899.674507375
905.812312654
820.156286507
295.59024782
745.569087341
610.881117361
146.093362363
117.337692595
17.9999388586
957.06445211
88.7004549732
236.114975538
564.283591527
758.588466424
266.409273219
878.355288159
703.093158696
700.594466593
940.191265623
156.949886868
516.543152606
524.116550784
676.249147358
550.132785473
734.838394378
635.970707658
484.436995058
540.479144198
827.829806105
301.744858572
343.3222789
525.900813671
986.105962576
391.184530426
981.991753781
703.446369316
319.491682737
239.407051011
826.060192353
370.391007144
300.242902535
891.079530651
117.09904816
463.79247475
737.639185138
621.905663636
779.422186784
671.336015866
695.106599655
503.659063736
449.340248034
464.26364383
965.254967139
398.936726114
723.427791505
879.103375683
4.01488080715
206.974883747
583.735515637
493.956847857
273.255122193
558.318547479
846.605746772
851.860955048
713.015236737
991.404704744
482.412879071
397.420646293
205.819654599
541.453304093
108.911282975
19.1227023789
805.352626964
458.252752441
376.878386763
189.666776285
765.746038349
529.409335333
634.125425689
352.68315688
937.413325756
347.066528851
508.770559879
569.414901446
840.905849229
972.486953075
888.426248755
503.877771046
354.979811373
574.304633894
974.946365008
69.297495222
376.84042985
175.123243041
953.930946475
420.966228962
420.133369417
49.4135097827
471.734718535
575.351002679
173.527900116
225.204121699
801.853960079
485.503524003
43.4953841128
878.91220074
328.111458842
114.730779362
86.9386673487
570.903376268
346.653993296
845.834059785
504.324970206
701.233617164
505.20331674
290.257425941
468.608210821
411.405015073
372.681330015
120.589667832
643.166450373
662.933671766
794.157537256
447.167002362
189.473939556
337.48744411
653.984904671
513.190021359
606.742344708
900.624508841
479.43233083
770.797041207
224.813919714
420.114259348
130.06728013
326.737588613
40.8859988742
734.271627366
456.470967836
908.582975489
103.460090446
198.806546912
361.612303075
1.98959739203
328.781995341
49.2465482647
576.316191388
427.699654396
460.377497525
777.132141483
492.064096964
5.75379236134
988.416696314
137.976873487
328.95421428
601.845929875
221.468250222
135.601155307
858.784895632
117.889195052
646.824758726
844.970754325
819.119991475
872.535709785
495.032234115
746.218534882
917.332341384
550.508305508
927.402895028
891.856933081
443.404746012
39.5888562588
324.904994702
509.737353443
610.183088185
934.418689398
994.538939325
715.474075816
195.171393163
731.117095326
390.82311785
872.23867101
583.810170477
663.253501764
435.99824341
179.725783925
350.265840221
517.476744643
542.936462713
99.8655478872
851.293856599
332.378070554
155.335307454
38.3329764821
57.7107390714
746.772511861
701.371399212
513.399180272
592.27108628
929.468389225
564.176168127
293.409128556
142.386886593
27.7842415694
952.179264545
421.467686217
870.621609237
135.52697795
76.7756933716
441.020224691
687.403337267
223.997272275
23.0340423406
573.058240379
212.020575919
219.44390509
681.733991454
957.053656006
822.302170176
632.028323816
632.747549866
382.650954402
966.582986708
856.915051059
673.469043341
660.101044686
896.158574162
309.152387392
205.854264634
65.4230903081
943.987083034
220.44915998
97.5475939626
469.16412329
994.622739402
974.144210887
704.323588813
724.030417715
20.2326083017
42.2663253665
89.9026945259
820.337349066
732.591672885
215.459859754
290.099722363
526.122471679
496.513553745
912.552751793
779.186964807
858.203285726
864.736516528
789.734170488
734.109480033
939.293804811
502.245993704
132.829844645
669.170737481
385.067964925
521.32851496
646.190559431
373.361227707
760.246506173
832.737571675
291.195875342
847.778158832
42.5275467955
750.164850783
874.426300478
847.615590669
748.528474442
131.378131427
774.592575977
613.264180256
227.298169513
947.078006036
761.473226836
379.566901442
571.397268008
81.4705649379
527.082037129
720.946558916
582.384667913
826.227147466
90.3273245384
671.870866583
508.714121515
575.922734262
856.053198616
396.577027335
294.579879702
10.5066473362
643.365597872
752.327782902
142.914253731
535.950854826
486.259844389
646.237582347
998.075510337
747.706858778
222.91461164
372.375129622
810.414803839
980.212970727
732.322639277
887.868185851
865.470047993
603.143981485
542.586352399
694.268565994
479.787320026
312.576813875
358.27689477
260.09952116
123.247789041
87.2401597804
555.605504456
685.046041705
754.696138543
684.668222972
799.679770691
775.341514282
949.504850908
979.610280493
429.829219108
896.208596746
192.148161271
577.520165138
889.19289954
688.642440586
855.892399545
147.59131895
7.62475928503
120.200690671
374.751968583
397.384375933
216.37705817
460.912348335
828.162509524
756.270887545
662.923985721
272.089650563
252.574268696
27.5853638739
981.118114593
405.18805293
402.055555138
5.43482661074
582.002487601
718.645315601
710.61653481
302.725782704
152.001388861
948.164070452
11.7344964636
568.564751721
361.745204809
238.915818099
524.925282405
797.776870309
991.947460524
857.153699548
615.973098288
777.519200232
689.22380657
232.14812311
607.449065834
759.441846161
264.080624119
179.682620164
970.492492201
638.158601671
637.886895529
939.226604813
432.251424006
840.277530851
262.438149491
318.836902169
491.795652011
48.5359599577
215.41351865
758.239288878
16.033140612
258.953339331
424.972270329
141.510003216
290.306865053
266.272934304
474.538824955
367.525851793
193.153144495
621.42779564
232.545547413
555.678364215
334.00107639
915.875962948
862.183062142
683.986716322
580.142568466
146.863049875
939.883879611
61.7427321824
932.40530095
622.924298766
366.171407842
777.262870518
9.93158068921
723.721603955
601.69523993
736.51757965
261.079486613
708.525843812
685.754317972
465.195282677
158.486968055
652.465727971
474.985287397
394.968471993
533.99042518
244.648899007
303.288371857
211.410017565
43.4141803118
620.795188165
65.3367760503
453.503829384
11.4200854141
302.954057311
230.572636435
485.513159165
413.9234598
8.25748800405
535.802799785
726.825664619
579.195975408
281.682039837
385.72174573
603.711843812
345.240157728
508.367390507
75.0130378873
706.921280362
78.6497145945
781.208369684
621.621024445
361.630204974
612.764171843
277.526167804
6.75047689208
376.60733325
916.811895379
597.487808228
987.690196581
910.129827726
