703.612600378
388.12902652
542.101028137
525.754702359
513.811692403
992.962839525
510.875577028
295.86433745
763.641541958
467.283377106
618.501774736
32.2883105426
225.258111569
300.112543504
603.538411057
780.262865782
355.576216213
919.371940489
884.816838338
614.199051995
553.426458342
209.517215433
909.503033677
647.136797819
883.124971842
753.358636738
638.792687488
521.903132595
762.991921437
73.4137139501
119.040393448
731.620592056
953.09947267
593.208006239
884.7201579
447.451706267
111.85606771
66.7923002218
732.606008163
942.680519654
25.0827532899
574.604548906
593.198908279
857.227919348
878.635953447
42.7890712313
336.051389596
952.416303446
439.373984686
748.206896349
36.3650984213
390.226665889
365.894027786
404.883784172
534.035836163
608.958105841
249.501170047
808.75963355
963.50541995
68.7459395167
702.100033727
276.125400552
560.169301092
456.520089123
609.131942867
453.131429226
121.917747638
591.457927319
772.54947747
644.469076881
328.397717682
544.677849723
825.875937955
581.139906655
736.314808525
813.360907346
155.813035337
86.5706778632
490.850132843
479.359547599
897.991542471
355.434383029
589.584478123
395.256957965
875.903486526
512.116433304
425.025985477
922.385828391
944.323643994
320.197850869
988.60781179
827.384376238
404.132034352
797.321178707
699.319697046
469.148420408
73.645888461
271.719007796
146.306007249
984.154552201
628.445885651
917.62109514
166.750515904
588.82718453
74.0581393523
204.97513184
682.466348563
618.454829375
880.799675003
312.215453862
243.581632048
131.630117969
189.629049105
410.219175361
681.59764868
222.312342527
654.237274887
831.194726844
141.583620197
803.305138639
618.044683674
137.240420266
52.5458737167
834.973933187
507.783846057
606.365359526
709.134509401
327.332338595
8.09586654031
348.71621694
647.509512433
619.379166277
687.218360557
236.08075353
578.129018272
354.951694434
982.861050913
20.5412043406
72.9800284106
438.380066792
490.361302617
454.811635674
814.929730656
737.369456267
386.939920948
299.950164397
980.52983355
524.237180771
459.463419721
58.3985425361
607.02708521
586.723888072
602.411481419
736.411388431
448.460784089
494.526972031
745.924593734
483.584663779
530.110306119
973.984576434
511.632713178
941.365106068
351.800782397
550.80238839
542.879873839
197.187558811
914.471173452
605.1564972
628.063435345
24.4271357463
105.236929669
970.255240667
489.513130664
621.177584338
300.95238336
689.247356093
947.930006822
649.604623446
946.97862604
39.3643513468
255.794618294
766.301966601
364.055772214
905.901171214
212.118661067
760.303948192
466.606530798
638.029584665
24.1546507141
857.144537915
339.004180856
939.3795241
371.41095507
564.902871198
925.505796745
864.321125031
822.62578812
778.235477635
919.745467276
148.946383546
202.06502458
349.694502865
831.4265744
72.6783639298
385.54239701
259.524577036
350.809910911
996.547137508
410.009410806
50.7096957405
968.105413428
557.070684207
599.29055551
286.989805706
469.70158245
235.458736969
627.299161636
125.705522427
102.420365593
589.205086276
850.44513697
979.728679088
515.573134732
117.983987697
306.938418175
187.286505106
820.193954422
599.015296013
242.104204782
375.351185473
205.58215242
367.671524498
851.180511618
95.178644896
442.159434783
626.743523073
6.23056362009
256.148113008
884.329057667
804.90363168
638.981909287
885.798206458
626.943822691
769.923515539
37.1105264988
441.708199678
41.3570734771
16.3742928103
436.750069983
857.932051753
236.815279035
983.558149958
266.947328121
143.024666076
666.694783695
937.695290187
750.536317712
914.755720156
543.867440285
612.251996987
434.509365596
290.086003234
612.847756832
534.843469966
91.8140129838
198.213999741
674.895457212
707.722568719
424.242144065
938.674400032
923.541057992
590.860129546
69.7624979203
386.099672522
965.014350633
750.32675298
612.140345196
159.036902256
969.448103147
157.249528496
948.896551712
675.608884084
455.947053812
541.265322105
518.370863483
799.780297067
880.53172949
346.624792681
276.644050655
894.461656536
270.931909402
793.059526575
462.669577109
798.1647502
930.303231834
691.110091439
482.431575962
50.0945152574
318.67777493
742.911736494
701.314528695
526.466258442
288.632984211
851.200854185
931.315319466
832.400818013
349.233434162
110.290770145
658.011007048
983.016090488
593.332612864
936.063035274
512.529767454
724.834403406
642.058440755
285.371727205
243.397596486
563.73097618
787.931715902
626.82242211
644.325230949
873.742239862
978.687063293
302.044849313
971.558029286
265.146954402
543.963862184
667.003145757
697.111162135
126.003948912
888.007400124
925.697920871
83.0950756535
562.016913564
180.251491496
122.816276543
503.148232268
341.967644833
811.790744604
331.984534385
379.152696792
344.849511419
746.761218203
720.357677087
667.376530483
814.284852172
342.302720978
284.433823482
13.2048202886
665.138730055
738.665853111
763.492765915
921.3791572
90.0453308226
304.67274402
616.884235282
335.329928863
750.750621275
26.5626956109
372.40018602
120.982347504
165.755964817
287.595976593
133.793723397
875.139235302
84.4373028562
995.966304187
779.584880222
573.795872941
451.212628616
735.422005152
719.1174888
849.427717731
742.592065445
633.024056235
775.160956552
977.160027086
613.845647538
785.907489627
496.063114866
677.474798931
710.767202544
656.421203927
649.365348468
71.2006042138
987.581924961
846.360983718
730.420728461
360.42779049
379.22318569
430.06398318
842.294971751
351.769940583
901.06271422
811.903915396
165.217961953
21.6663388929
301.548972906
323.923110635
892.806925077
996.794015868
137.811829935
180.973135874
408.688971374
542.380811497
357.151204754
129.963588836
490.055728185
283.894132278
895.873673601
225.995455525
951.953024754
337.614642748
899.97142397
748.167133655
287.019339655
882.131602444
723.191333131
661.302603012
88.9486908686
188.979791737
917.355857663
721.273126885
2.09316559891
765.582362139
990.929136182
465.082502313
697.756076682
509.213822575
220.818007728
894.448457872
592.979692989
629.027969892
238.457754121
168.274803802
958.771659032
200.629420423
622.218099781
331.254095375
932.542433994
13.4442316002
132.409850995
391.643605197
454.878149726
919.706909828
331.05927843
505.49894115
788.250703027
15.7381869744
563.600390292
518.124739198
554.52275861
600.227907519
840.620021399
508.395809719
805.210861926
960.594478668
175.535008356
466.803380143
343.856102911
102.267237891
700.873475187
158.400629453
239.308206923
683.744664259
401.906541358
761.118227744
260.013498599
65.2137877567
506.020437666
190.940120529
560.134987398
657.401026271
930.381642242
202.177251056
270.386371192
340.135269044
386.7169392
80.5637048962
34.4319603108
147.563552426
669.725733813
381.585127482
646.593670467
118.528948744
258.527692459
351.077756698
411.787793817
90.9724368133
742.017775034
893.994436368
858.07972359
627.199530857
809.599188235
583.544233032
990.399586115
435.715524126
222.348499582
658.536773311
83.6229886199
615.901650839
944.595462292
683.600959932
538.549188755
84.2698645916
950.034584181
226.973845787
625.827174333
699.459134106
407.586434657
44.5162464279
147.906316779
105.094961823
317.761381766
688.866409125
158.028673766
272.979012062
79.2879209045
9.62552576102
313.074015231
454.812122434
702.737951977
886.974910494
169.367414139
412.972151741
581.38944359
425.4552966
775.360165968
486.882007201
810.256913007
498.741461646
985.655718524
826.837922834
846.63442438
669.594778234
792.606019176
677.279800715
946.621080446
322.829281103
743.636168192
323.747567453
282.895936733
954.011598028
390.518947043
589.521526894
666.518906498
863.551338827
659.188432905
705.028081568
207.001531658
101.947692188
223.796049012
847.301072031
217.676660144
243.893502871
882.38888281
35.7265620664
443.620824398
170.296664469
570.845508228
688.208750226
984.719090772
616.939549691
422.093945535
72.7343181083
99.6750544005
107.814119871
271.459983043
893.616401468
968.679395463
236.214055032
777.422657369
537.328971149
137.12320033
665.287311785
307.484330721
138.514911456
447.278657275
887.533819124
524.345649688
423.731364673
331.687055029
791.301908899
784.677436684
988.305186833
402.793875598
590.456126324
981.335811993
612.471775841
316.656018009
350.130351586
865.098052941
707.585162947
506.165062347
783.968292126
610.817196961
766.262409574
865.062203423
492.195836305
84.1171101725
19.025777769
957.614275543
998.070147433
860.539747265
51.8900323263
15.4401976848
134.500201696
853.503915996
986.080535945
859.574023114
637.006070102
340.715950186
873.163614836
201.443238588
533.262572468
762.877366272
278.605956141
702.561059077
887.517223676
510.39139555
626.567473671
709.29639427
740.341239041
784.69790684
352.595651266
977.179846435
163.451022361
68.3320393472
381.423498825
489.83349591
174.556896375
604.993416102
816.559807218
728.454557555
191.766667632
213.436414209
723.618921539
22.9441293845
504.388023135
45.0375970638
85.9217555656
216.335145014
565.403942682
875.093948825
187.40220334
124.293652218
386.231575856
931.51506201
111.344548993
427.861164729
2.49516560327
894.95757073
364.86345452
597.440055721
860.579314848
357.610517579
725.198366997
670.764996501
370.657694675
702.33999764
506.070196601
346.817547976
197.159219504
774.241375784
879.220760626
27.858371893
92.1210797929
958.674277134
81.9412988825
994.510515607
262.057430453
637.60614073
491.867836791
12.255363629
37.6630553675
513.404372046
470.367478389
279.613856651
921.747349178
535.10385335
184.470290991
969.710048754
743.536794494
944.579401012
687.701005871
976.432222429
644.303360596
999.244911363
355.759399233
995.812847841
592.08809768
34.5008301149
396.333732636
458.663712575
76.7061380913
821.214110815
194.543912508
710.876581153
54.8939866595
828.620105493
259.141288332
166.092270214
210.50213703
687.500234204
629.721900008
694.43025547
732.953750412
349.939364632
6.18342441048
276.252427078
884.723306652
463.120370927
903.077941238
339.794824606
553.506452621
146.141866658
379.048179147
846.078596639
540.589230233
541.361416846
289.927089551
628.642231375
441.558198951
333.44297929
469.906333971
696.161688533
218.01987036
516.928262513
152.074407683
249.976451616
206.846384992
635.878181793
349.042798698
832.915018109
352.901953257
502.736012758
684.424106502
785.270590972
897.458264599
38.4921304967
158.838129876
742.013596272
61.306511213
819.171673717
204.597187426
840.619762828
433.687572336
288.937393743
278.96226564
770.906868282
6.94177589781
389.236214695
870.809768494
343.123759197
515.173845215
807.84309958
310.533547074
41.5892355425
705.498497843
905.243470269
657.431886732
996.439583835
223.865236602
774.608861693
879.502165061
275.723151968
249.529160192
782.246979728
861.94670924
105.878710222
123.756540142
186.918884883
54.1680452055
458.6271936
91.4819645459
807.37237401
518.795779203
111.018611009
81.5616592827
59.3146655652
208.101385084
480.231319235
947.519834287
20.4653421551
455.164956202
265.849252916
690.940839382
175.910863658
412.059489474
475.486241676
998.543592469
593.51477223
645.751830273
206.292606501
387.536539491
804.57095655
953.391560038
231.283366865
984.723323714
598.679843161
461.916099394
564.768346207
279.055214043
357.049945292
794.043075774
479.121458954
526.581791243
369.744597541
978.663876731
442.320889917
336.320682294
324.380853294
491.126233178
931.041388074
888.350060946
230.389736809
668.282678541
700.47628093
679.176883502
400.735772086
525.242206698
178.136093565
438.278190691
694.190353519
758.765000432
114.912499427
579.73109684
718.036463265
485.17993097
286.65035925
973.701320484
567.638920289
472.335397522
696.392014532
898.239870662
461.2096663
761.107638306
81.4187128989
134.337329647
289.27508563
891.396183418
50.507205776
28.344511042
778.747987054
850.196033438
322.574959323
680.127868749
986.405550157
245.451363651
747.228045472
577.659299897
376.86785567
123.667063316
21.1012166336
456.908145003
425.675403566
232.233091922
316.323315463
328.35482723
97.8052338294
932.279146493
766.317164273
950.167041109
425.715193917
145.868990707
600.661056913
479.492554978
261.463326021
92.1010527255
38.7276175
506.285759376
356.742276201
320.954669113
538.272640358
119.376921339
362.980850657
376.442327692
655.196233437
602.317865388
135.420932507
749.686368155
958.188751885
768.056747394
393.403448292
560.305998242
736.644772736
843.08647253
979.92076532
400.650908658
505.316871721
264.777924548
525.023165091
389.164205211
847.124475863
798.630373945
106.767770549
595.061058578
247.015924485
172.853240165
685.758415375
810.463308217
300.453841131
554.497711883
659.651680304
534.443316105
61.636954699
437.335643183
817.206530964
503.325556473
279.636892047
412.607300586
620.744284054
307.938095249
449.704211533
406.777530181
98.3815797059
672.247234688
471.393604317
796.333816723
464.55577428
398.916404993
523.732368478
37.1822762794
909.188470349
469.991296488
322.985399643
385.184115728
608.064038978
829.613087027
238.640713164
411.39580378
13.5609197105
308.321496417
303.873523085
320.015117614
894.338769527
540.706039779
65.4914027336
131.352974503
603.06838219
998.951171235
793.953246753
55.9819099023
368.973460591
880.185784341
129.758538661
896.065805353
540.393108145
776.200913416
286.7501321
342.500316729
28.8684614321
918.633347515
923.48178157
356.776829005
415.755587759
663.394848196
557.218682142
926.779230005
665.238154996
731.665892828
79.6037308027
221.584489951
957.045421232
189.88554349
972.722634009
908.292610694
912.200764324
42.2488076768
744.037251761
83.5746892243
74.1891292317
528.075862547
616.662974817
445.198950694
502.999311732
460.089951502
405.227691721
189.214157725
867.533873633
113.236862502
561.587211408
203.993597492
432.750661622
207.952370722
70.0542250801
590.295584823
932.24162799
17.1809401982
892.205770474
70.6625106312
709.817331347
814.253456407
121.906635635
301.948161632
833.913892149
486.982767758
673.838809376
179.404128036
982.438695244
