934.976546642
592.781115363
633.660946862
814.555118103
538.916909688
936.541568001
226.841176923
464.828558997
414.608221687
374.403847253
509.090476898
994.700368504
734.626113352
415.580132611
36.547226577
357.184405364
960.958096136
404.019092592
4.42018441403
81.357669083
564.191945806
975.961376906
880.507476636
826.530592772
784.168749233
633.371319086
136.523482492
597.636339396
168.964709617
800.596621421
243.271729462
811.1150492
216.688355192
257.564757737
790.320678546
253.235233556
978.922810219
735.929334017
309.298607985
398.385034708
898.001137584
70.8764029182
230.72654471
617.254761019
792.96153148
251.759249861
628.674358378
769.490227217
324.697773818
625.762112946
705.688641679
52.222443601
996.017326461
659.644500026
437.262643099
844.895187344
761.519435803
437.783475519
186.156963911
730.033667601
47.9112396011
972.987921085
940.14988785
137.972429482
615.799990579
520.835389104
481.031951056
770.731521436
448.526411638
901.0562358
824.285050107
773.95236962
346.327953151
196.246606779
555.354750677
608.323197025
772.234437359
710.359191526
667.609751966
848.332763248
715.807225473
160.846507053
146.628535091
22.377307214
896.921949336
654.099210659
90.2112950855
743.146489076
604.239904495
175.572454495
197.031835061
298.216153428
427.379347629
369.964304183
991.383279342
30.9327974377
438.682244244
981.130049237
701.68660098
40.0182134757
947.914555337
500.564052037
475.637006574
591.739464345
379.217633914
569.182649927
200.617609352
738.044617142
16.522393243
23.0171918566
958.767805858
679.519814085
875.038974692
769.85483929
336.139066742
570.942901651
708.244032651
977.867006595
631.093347627
406.105843416
948.998462032
292.578122674
458.047854709
969.892665899
173.616741827
306.6702154
215.187297466
246.133425618
232.561541504
566.462492051
25.4488580951
96.8082511294
712.882726172
688.954386091
828.390631336
577.450141594
593.03385864
202.878432069
390.453681362
977.183399745
864.873748385
335.826289177
791.514676927
152.079271294
518.132080712
310.295902905
750.627585812
139.282585711
131.285945345
334.90514616
198.653210098
207.495589058
478.340738206
388.602451404
285.434913146
426.928152751
192.255659373
378.747488718
460.376177019
297.794658929
974.708096183
56.682152462
660.950060733
398.689456957
325.326812453
891.731356895
641.47716379
803.323214582
419.278292093
420.671533421
462.7928113
619.512866794
465.88913949
952.663717092
757.784662661
871.34035932
802.480342008
568.487279952
516.694135282
106.888414371
591.969467592
229.385628523
741.620071093
198.039193288
370.646044084
395.062674464
504.216143513
554.937750766
132.50493436
529.996000323
476.550548512
164.920082465
377.562082339
164.562233804
784.809839092
990.210755883
344.093508813
132.810199721
310.777076516
712.769287392
810.68566384
717.208922944
496.730307069
771.751580566
820.386788078
87.39101125
212.945914617
656.759532418
100.901536388
580.557015125
593.78655859
250.943339245
732.427023761
504.183364776
936.269283667
369.354221665
31.6515061056
447.622344548
655.691868355
742.154898181
413.579336503
919.427879033
981.866616607
169.084504277
158.976492312
670.042566471
7.33780386621
93.9788340687
59.7445247453
993.606498665
629.038248293
55.5460434999
778.982898705
756.470379377
983.647427387
183.671341015
100.135260956
146.405905054
282.302428169
744.327444539
320.421456154
749.007626224
340.362940944
54.4517344841
46.5590141852
42.2469276693
69.380945415
884.624360129
679.984767882
705.492299247
66.1166153363
325.119316028
611.85052562
722.407442317
319.727154798
689.687375998
366.580041607
328.261152972
783.628256461
943.686939552
684.963497106
464.207332479
645.662015422
325.355973945
384.917881854
591.244207981
30.3472557993
381.765826907
816.667463676
556.853703981
641.219718347
500.935753309
721.808001996
804.627488099
675.711361803
768.244254155
950.898803485
934.712121146
763.679401063
888.618350231
246.653171133
759.354222157
545.990723751
9.43974547249
517.388030448
959.030645138
99.975520873
232.741199034
162.248525601
426.327958343
257.428253727
331.086963529
938.727756096
984.230436097
731.306210555
65.8477931954
878.067302962
937.51153173
972.138655845
918.553906
276.69856837
795.55132537
814.283437769
142.827962925
825.027178239
393.102522468
678.992747326
421.995925918
911.095432876
824.148342922
817.628415804
26.2413423281
74.9105605895
242.202678133
796.564803344
474.744252628
270.972711799
99.9787250766
356.608911959
636.429449922
358.755725606
413.159637083
431.057878887
964.206744196
337.804288498
897.276134149
275.935017252
675.305170653
457.78125755
852.431864269
175.170080179
186.1023985
129.402006592
510.501346736
702.121399044
176.094832533
743.179150227
336.551405097
104.458637701
603.048939646
164.088272235
379.83669664
981.744983529
811.483905707
790.402780037
829.270735464
288.147833921
724.19043854
28.6872371264
933.012569634
981.594354896
631.197925359
915.229998908
736.078428819
111.35904439
842.565214438
124.554890464
478.188545708
548.374723121
263.696682741
840.88535136
92.0108885021
946.827375348
349.137899779
707.493671578
161.458185726
917.503836886
617.485329513
95.0163221301
581.227600891
157.551154946
596.503829502
366.925026861
158.645148942
107.701974341
428.823722611
153.745771269
314.436915523
782.907560856
448.864157883
181.929658076
653.847780144
402.207285208
434.055216813
83.9065073406
946.766888533
295.523522437
726.447240057
446.809129719
940.401646358
2.21537076657
637.092818427
538.349151355
678.208921908
525.166983788
941.497590837
740.327830735
1000.67148336
793.637782581
163.457592199
768.370068499
312.301320661
893.558107437
591.348207128
320.397959644
965.733149045
929.907344212
724.302302584
598.303754148
814.855026235
444.623234103
515.387647765
751.960745172
158.066300441
28.3904585814
994.121674002
203.793756449
334.050921257
904.950712932
704.024218115
624.373606624
280.479642115
688.614861761
930.697728292
386.932591132
778.956937996
335.423250394
131.545256242
497.125350573
433.678155107
40.2091789271
822.097289177
196.284116034
812.670398409
599.823537425
290.702021091
583.961355399
384.552710025
59.6069677317
274.430494696
314.898219955
939.302144899
690.58917286
116.53232939
30.1967057885
874.279765954
671.684980708
241.610278789
361.571266594
905.304972919
61.5888067731
783.790458823
698.794516724
306.240282991
737.567267155
120.941191686
267.699138768
910.718611376
995.610117705
240.414308926
302.328493757
374.458367305
176.220602924
159.266689343
245.860166301
267.455129887
275.136296752
259.978503642
350.972132389
918.462524729
875.938830081
800.383051067
197.792172354
13.4856300486
491.748267812
389.115664534
244.06886954
124.818331056
644.007903713
35.1947750019
711.919687145
154.184464284
936.404602096
933.730539495
335.190959011
403.276062611
226.719307661
706.046606217
958.617205918
92.7945793845
555.525999237
64.6136979565
896.999109414
278.991479065
927.620211448
32.0887320618
873.351702845
900.496540102
698.015131917
627.945719764
645.602110141
7.05703076379
387.573787555
169.889400418
748.68420349
532.707867872
82.1780010696
639.439099983
404.751879924
318.150416826
245.67514542
824.934679336
902.002557423
163.887114384
769.602633277
889.646121262
221.107494454
420.031145279
139.003048007
518.503629201
801.649597757
868.879081995
587.573017431
98.5870811725
63.516831841
177.623585277
497.322503299
490.931073977
33.4640240276
195.626643342
754.719555064
226.703230848
939.746703067
509.412661438
895.811703425
261.333378035
26.0310538252
663.860108873
433.325795791
497.327345415
141.9489233
466.851838585
487.88683365
923.28497526
851.069988036
35.3616384641
79.3092765822
826.71430116
198.777281151
735.271747608
996.910337992
522.914682182
265.136736829
747.183789232
867.52912631
638.910740354
305.144316576
395.836698213
435.638616325
167.175442647
8.37399153558
460.409756899
598.393383461
745.624473487
190.501310121
714.640863838
246.332693852
93.780172632
591.695922771
812.905904397
780.235140352
291.784950394
909.176668924
63.9922185338
655.862283461
489.422514902
997.4584692
400.767420132
994.087831233
989.794780376
131.900957532
484.087446213
773.490974845
359.984529609
563.595425959
35.350548113
658.013521623
822.44270117
535.424164396
202.965396781
333.642122644
274.117048202
525.603408185
501.938608589
957.60787744
336.472430685
651.126614339
828.324108122
951.965536996
50.5792957181
117.748718728
348.109236389
779.748744058
271.04076193
362.434825103
536.301955747
386.598717691
335.994977578
313.283144204
34.6882736188
873.885458968
892.244588311
298.031046832
949.684338986
453.904383855
15.1191393997
496.72403167
781.466191812
749.863366093
663.082847553
813.521583398
863.490242932
6.29450577589
819.646118629
112.006575772
191.399362541
876.632561733
306.877932543
344.226717085
301.804014576
881.488707933
644.707348919
314.04941359
471.630595093
964.740518727
134.112572113
164.227381387
786.990586513
488.567408146
355.463481754
617.782160064
866.487083749
994.497947054
718.905995284
741.496094869
618.031583896
84.1967888274
350.025049224
662.212067139
667.542901819
48.6023072519
648.717378449
76.5819802701
293.812307989
10.8077366391
819.820984489
490.289355573
295.910724763
219.694891357
22.5249776029
920.072156049
469.915369629
201.761450395
650.554771701
360.911510869
126.516801015
288.709870889
975.515489047
382.016505089
280.212694474
133.361743116
594.310703061
24.6837445995
846.994639136
846.644050056
763.230191859
852.641061081
337.310437233
176.795973041
977.759624984
95.4289100396
314.015068956
801.407517612
459.425653438
997.535046982
575.533926687
531.193061174
748.654142791
840.573625697
800.240936169
994.908547001
165.510029177
703.693504824
168.806674201
604.280707751
974.299645963
369.33552662
201.526166144
576.927932358
2.73657401357
849.786865893
272.346316156
274.756195419
280.589521075
429.122417378
838.856637461
198.813969988
347.927784952
551.899659504
67.00009052
627.794040437
1.32934885071
820.482927574
666.795624857
157.874341705
708.548061657
272.152620005
1.80057042349
951.354342731
185.247745478
358.573295113
516.074461618
816.446282693
644.443573277
977.850666738
185.904845513
18.9718513968
300.530691183
291.618505747
701.458996267
819.068656586
812.647842351
98.6771595505
669.169175792
91.1957741982
324.620755774
994.813619549
596.092721225
502.384140629
827.430317853
360.594589856
95.2785288554
607.089001839
176.886373782
723.016203652
697.25319605
798.624912275
325.596574671
2.53545044427
821.556514893
328.817499223
724.619173962
657.106581465
969.066236677
490.370751287
52.2757789834
907.655956276
970.477042546
747.725355491
645.117060484
867.199132351
297.556333916
384.808460537
40.5666509515
991.808469014
978.47538229
852.617374342
26.897089484
267.469294955
647.657227544
50.0551619149
236.039549183
836.163368768
474.202587117
916.581939521
760.596072177
623.127245095
298.893977512
456.560081652
328.822159157
161.462782217
155.331829747
834.41550717
311.720685597
265.2016926
460.536972419
836.020425831
770.970714729
979.782589247
250.836856445
783.872601659
546.895902413
810.430789382
943.312677725
839.673006249
953.224696181
913.352496972
17.3002403079
437.277999037
726.837263865
254.565854043
599.731275559
430.843708167
775.295817781
861.565561643
814.273216755
37.5046823298
243.979713964
474.492346031
622.796538395
210.856513304
933.183214006
17.0228796238
291.739599141
301.050011079
894.086545561
765.749211429
753.475490293
331.99941614
475.535833588
152.98961733
547.257276345
321.107259292
823.103705888
938.286018442
579.404044113
215.42568554
162.081955124
811.448593119
504.343880364
237.900445649
859.56158115
199.177855695
231.722139059
300.043658428
540.947641036
372.840943457
565.0016354
895.060372862
560.125148302
283.986203785
202.397840045
730.061056282
346.889625215
43.3732203201
805.457400547
610.075415539
938.092855252
601.731280455
65.4916876373
25.3617684626
709.646008859
485.699438967
681.276264887
941.992361095
787.534854479
899.711642987
6.78652366193
29.2026237137
975.624669269
73.1385888142
427.279607681
506.132146769
885.992477388
667.624872924
30.5007196991
366.088849957
290.62685928
616.261620426
914.76006446
500.358377468
935.497526353
2.61355289588
169.929468462
713.493541605
201.941370223
517.091153439
134.891493369
452.462673701
302.775087502
451.386890648
770.442746804
143.015835531
500.639086908
75.4700311208
60.1143887809
120.202372856
557.062045128
403.220153172
747.435228446
999.124791042
946.086934881
602.879681094
542.734847706
15.7439140852
63.2736955524
201.05910253
983.19624677
607.742982808
468.453733607
716.425203223
523.429935731
498.382736027
863.998563075
231.442874475
781.139008387
753.574877016
986.367807568
422.035352507
953.597830563
118.732366569
806.175157257
897.38431745
164.344472101
330.912158079
626.707513925
211.306096331
799.675574427
505.13825747
678.302058263
193.214219949
500.396700263
932.014115619
132.477968732
82.1440956041
367.815036568
432.373753529
747.806841022
524.789200631
681.081762473
421.931001589
638.617169742
564.592818148
10.6095046721
369.981179407
705.678663372
358.371580385
311.289096209
516.244377811
464.237799309
760.869522255
928.402317469
309.68010906
344.007283452
762.132833387
384.977831295
226.090532524
486.721699666
429.030215761
575.018376275
988.570065755
586.483901936
307.093804262
764.587656051
501.925899274
573.285282954
181.114124541
601.978850467
538.279173869
638.192991078
72.707319447
608.567563871
96.6637917256
124.145897668
523.781759884
619.183693565
921.041348806
209.736823
248.636248212
163.390384377
903.112350206
605.608477959
189.762634171
224.079884654
183.506375329
25.8590205506
54.2010161865
241.688382815
588.711083832
584.858091993
330.652320716
463.277753298
163.517016042
492.245091414
169.42142631
810.398562786
368.666568556
675.762861869
201.164769765
272.204299816
939.923074268
189.095850353
941.057019965
149.624738395
552.265432272
356.261737821
998.709593826
33.8127398718
203.793818185
797.044067832
