490.815410705
502.44703379
856.635939772
974.5623263
216.978313937
269.000209475
995.190133462
949.653928873
171.772277907
615.772542479
184.341830474
134.668913405
453.000475286
369.1996162
425.874748481
930.112639565
985.802480071
437.365284773
628.691084649
276.039909006
816.969199228
844.707958755
243.296236962
906.302047516
688.540514485
930.433645014
396.111558274
635.040027764
7.92463565011
67.4273484149
56.9001705994
471.085388292
424.679072789
621.039215271
46.6893547428
212.276646781
251.065298875
133.860919606
73.2603587708
527.342459122
756.669168823
920.957773757
861.683977014
17.7027513161
80.1897271884
816.507259395
305.690199572
496.24732133
515.194272597
281.082195286
169.228627905
696.286313576
581.299282206
452.456249502
852.508732265
807.28472976
64.0573312718
481.512901844
149.830844903
62.5576404265
584.77677054
620.341070322
867.464433987
887.992574085
600.620748324
613.732625558
451.431705948
83.0789691284
528.036848374
476.57292258
777.985381525
24.7006326482
764.930706724
430.518812698
718.058547767
188.37180864
89.043946278
884.839312452
821.139817506
897.200346314
946.339558167
89.2549299022
128.665713823
780.048917971
781.30856862
241.310308653
712.102513496
59.2243334097
373.108892097
7.03068360339
899.590513817
618.745870262
773.232328323
94.2671386636
469.503619865
30.0664289268
445.109170239
142.015942529
851.122525171
194.960779415
11.9179003158
694.071814271
227.271296223
10.1093173934
341.61891382
576.493778667
316.875027138
613.229297401
913.19930346
341.142702275
401.576041043
929.968102777
613.512140208
230.724051133
379.314469885
473.981432609
849.430368826
833.058318371
2.94474082935
880.182163021
266.962000524
928.292520916
413.932191662
537.151359452
720.894134374
561.361969639
327.825075293
667.678063119
965.859993807
842.807249563
100.401221383
54.0399504262
321.227041286
230.113256378
583.853620067
11.3227840514
715.885305098
589.117386416
174.228038179
802.647115957
951.803662442
234.053831189
819.073408638
185.670965021
82.5161116807
624.155063665
881.627125406
110.051501112
46.9626537519
644.291223919
127.471182925
123.566478359
845.784746369
458.812668789
568.079651115
874.43531956
91.0364410293
21.061590434
496.524726699
339.003610496
539.100367726
842.423076633
15.0665689871
240.606438697
241.956517433
208.318745982
586.0940459
800.386085356
556.994126209
33.9660856267
983.840160442
556.844253739
598.024831877
993.268737345
825.115831713
304.897677173
819.649667464
292.541530369
618.065995433
819.904417764
194.537291207
488.364383751
812.373557825
902.445779831
31.5032263638
822.062914679
363.28625664
279.404439402
724.872816761
228.342837831
195.696721182
128.221076257
500.506350391
452.224457308
652.088575036
152.614610726
454.173032757
586.172378491
200.914869221
83.5589302418
766.590950553
239.35024599
115.487711966
470.806007271
464.592197823
116.010365351
170.741769048
868.823153656
70.1910854079
543.006214394
607.994279308
946.532609423
531.829708341
204.933087585
991.468825331
628.707785531
124.033094922
783.020944697
794.218369875
129.957415098
104.687255776
99.0832184452
937.108493106
248.941979812
718.642749064
183.988631742
477.099099891
827.881703451
304.729447359
721.184152768
397.300532922
91.7135325192
107.424507077
475.722879672
180.865267197
298.381471007
967.572906397
74.1206199379
681.022910602
167.71262288
766.67420392
912.558174009
50.9166955361
206.32839417
559.191174942
156.98180924
899.479673555
68.6562746411
151.142923943
673.345292379
496.778448112
919.229952947
105.930548212
599.581725347
339.58447625
606.889196639
157.047748926
272.758371802
385.697679079
173.197381183
491.309215974
529.973970663
969.374054465
401.917442261
831.520902268
281.350305583
333.482936486
790.87122922
964.641235861
781.75444576
440.516672252
889.116824344
892.921072819
379.48954025
4.17473872329
212.34242416
432.128192901
619.716991836
534.17438676
955.944125022
327.318165038
583.439061034
807.259237362
729.458094061
462.875009102
155.06923764
112.748101009
641.727191851
827.604597414
2.51722704802
583.123150515
736.016363198
88.2865918484
956.893493948
451.400231219
333.043282544
821.635635994
744.761240158
937.473548866
540.624341611
191.289377978
878.768183762
955.985265861
673.32482025
691.646793485
256.327500196
671.911056557
954.422050216
733.628223161
697.419550021
158.788047359
745.816491886
921.076052097
686.235785113
292.087783049
446.827186333
594.624918962
585.947981175
445.545571445
314.760217212
878.706336866
830.264975805
651.331416556
768.21543868
253.039747016
238.036210838
449.089144588
570.131755409
684.901496481
862.15466163
318.116901109
407.762976272
844.574460697
437.824521934
932.197519502
369.739594813
506.26803822
85.5375017672
466.578670898
281.373595247
266.8144509
958.590715201
607.283268826
268.231561166
877.997826852
640.389264266
382.196898585
316.473900667
326.997953613
613.136464782
822.452949999
488.976650386
629.353985395
291.21548813
59.7738213844
113.461504925
941.593772284
104.624567468
656.221055049
299.299247014
39.3355818802
698.952344097
313.787871667
936.804149362
431.246791591
575.797943625
316.770385711
921.300696048
503.317544123
126.302995851
309.307596619
823.541246774
294.690569602
212.381026927
204.867094896
637.785947864
484.708722667
339.712263994
528.689746974
736.718469808
966.537013281
952.09300462
914.244497615
825.510936108
506.815252845
824.859646936
496.341545417
654.262649014
726.840205304
12.8634858974
461.364091204
631.749358015
861.026253471
77.2364672866
4.51846483758
352.78205084
822.445070435
188.453236215
403.342787326
691.126747722
690.833391173
850.267611667
48.0472182714
106.24213232
166.738160653
592.698762354
848.008915289
374.968907534
554.598351743
540.09637878
514.093435463
215.095423648
698.576413329
993.232249504
892.606185109
451.362687127
591.988570825
323.890426015
905.250640017
763.153929808
949.390574084
644.314489038
899.293080523
214.75025922
165.60105934
926.302711656
916.352801321
679.793547968
364.598793384
718.677081688
460.249777536
9.54860480646
267.240366024
925.250480385
683.447025728
633.919224094
880.005717935
348.397242391
159.868181569
904.233048597
373.234558897
871.539171024
728.560944753
569.542595178
794.64713358
100.135509641
191.064536669
485.329600928
363.743281122
829.340872085
922.86257758
708.394894993
892.521521346
556.866094359
515.390946064
279.15547075
764.447509128
928.319994439
883.365457505
120.049876099
184.007999774
209.212417486
2.0865503625
549.346499853
166.859542856
511.226509049
466.627204848
75.9572183743
130.964230206
472.427077178
228.837569834
5.56656027936
235.459166927
67.6126967649
70.0735185685
551.616500043
437.915250058
803.362033297
710.43983016
876.827384235
577.707025862
720.415388589
584.229863744
755.356406792
144.934095155
565.048023689
19.2554638408
310.984094596
818.02230986
754.42471345
308.246267833
597.965003905
522.225387688
776.173623988
766.279583227
933.144638875
76.7824716763
212.30120841
196.370268778
649.983210902
911.761065587
724.041609387
59.8882794471
781.04215404
930.12956586
780.378828612
54.6856656463
93.2858660336
583.516250447
964.210481859
378.172587837
492.798873527
981.622670177
559.719062572
311.515822836
450.538809249
370.100920953
782.259658544
625.016917404
631.057606893
723.360993849
187.314252334
187.488769699
500.465972897
135.636534721
661.689471977
822.317941963
97.3017653341
474.56432248
80.1777893821
740.224478597
267.4208212
249.619327062
569.806814762
630.586160191
750.442788698
371.328331028
153.561094493
218.906359395
561.119409462
158.093773995
225.555014615
925.651072646
970.472790808
997.723292328
747.34542121
570.781027981
476.488004399
562.355467013
656.811365681
520.691584588
660.053675074
397.433701796
363.518318501
765.634838015
332.166880238
559.02495033
12.1004484587
71.3780883743
894.076226144
342.637806902
179.739803854
310.711811734
973.7888742
784.572345484
229.298528355
776.551313622
867.313898424
512.086053404
111.351493621
454.262706877
317.275571811
924.909412642
470.218970958
544.194193946
871.684329347
608.142052
868.439780463
178.65777627
653.320520858
929.284453278
489.095190212
745.090618063
646.811338363
769.069118487
559.850918463
630.338077812
247.672604764
114.160411289
79.7581984848
883.897784116
351.407852466
862.168958488
490.894516318
230.426433879
127.889939926
18.1227907918
462.33464861
791.030135459
923.092852327
935.647645424
615.285833874
785.03894083
350.399581875
298.775357439
605.793007268
88.4279095108
218.608580081
557.912066056
445.6135625
823.883540293
381.872855969
142.618290526
105.717426578
413.223421506
87.2459486607
175.920331958
0.411043776794
744.365324056
345.119655488
839.213911908
998.035584712
722.934862042
628.619553008
204.709996522
175.735787319
395.170649495
311.975061903
671.051125802
676.23000269
943.525203726
71.8599895157
873.544311541
209.126475694
496.444894916
361.383467404
648.942673041
360.057000464
569.225428196
947.631488778
970.05641146
213.964741983
267.097017229
777.751913263
105.109462871
391.775358835
832.153796553
193.961172351
779.352671507
556.17108644
745.903995631
771.938767124
566.314764
412.02415994
251.656817342
863.670685098
635.489060465
900.588909528
106.441754831
604.160022022
867.548687547
723.99730152
12.0652662183
36.4208913527
782.74674894
719.394299249
97.5433906338
369.906937596
799.774104692
421.786426461
332.241468211
215.751333733
479.933692868
425.58262147
597.379007476
106.633763101
183.233303773
1.40726760985
52.1958463943
489.50325627
188.871329425
15.4648757719
873.734918585
469.502503011
543.172494009
77.7615298808
174.188049011
248.794303663
112.737539028
208.043989497
69.4852592315
724.100032486
457.189962372
85.2944092361
765.617254204
404.968882003
910.203306562
956.599859506
212.54755013
98.5765342002
753.185938515
366.4604207
780.539306494
755.052355828
580.221912982
343.66391544
843.609900771
678.904352341
553.933873319
254.427984045
803.523593205
881.177140985
972.459415195
879.221972203
580.047707957
550.506239729
681.408961543
836.694002356
387.978916525
467.024903568
598.391612082
61.7804477933
211.775789596
680.810194607
177.166868375
904.432120204
732.352431508
797.859241932
136.302503766
962.958906361
559.265213733
202.033831071
197.719626067
695.987516729
594.65888048
510.538356436
270.870109859
976.067598484
478.959728225
595.88176188
803.768236837
588.380942759
472.582131892
856.367719747
761.232302438
18.413901352
803.355372986
471.817552969
201.349625835
108.762787069
132.744279791
965.031288767
104.940744411
502.605425888
294.445276724
678.411327656
298.22083197
687.77852561
631.083479284
694.325715746
292.479526359
440.85292883
671.746163697
797.213351078
528.690324286
259.993394999
105.082219072
528.837585097
938.814006368
921.890907295
869.80773485
924.367599519
985.18780086
567.96019901
479.301298223
264.607158636
267.545611585
809.394651741
599.341457941
957.058042959
550.124459869
150.462089168
825.882040664
809.236374574
351.612492329
677.237858969
649.347313767
608.602695371
765.232243612
11.4223804309
86.8281523959
487.907387285
200.226923172
513.27336412
291.918388919
469.016213508
361.725286589
285.718364177
125.071596747
97.7549447942
761.945166663
81.6217720499
571.761090053
539.001062588
956.850336452
28.050099192
954.182010741
997.725259895
994.918793365
480.651045643
316.777254671
145.134707308
837.961552294
130.656402885
387.943730663
970.685641672
785.153382632
470.812940862
367.114755964
158.101050301
961.676476245
502.078832895
174.003926339
636.079075812
641.925430492
382.581977113
519.337831038
386.245783333
216.184510291
575.925122146
90.5308644177
122.286514043
279.436007196
327.288684996
950.965940739
923.962857864
222.170306906
426.04345522
77.2082097261
717.269456999
929.792092373
219.156729741
50.6155696112
79.2017422505
694.883232634
926.300049798
32.1769890619
949.388799789
948.637431833
247.232164513
985.309359571
248.861325262
367.627946721
25.1459207843
628.873388742
711.841188198
338.510552206
317.989658643
659.25959833
591.523530045
384.627079796
720.457769205
370.429750267
368.742810048
678.473776448
850.692081942
190.220171566
120.016459605
756.197863272
957.934916445
724.226236658
744.777418113
254.308498812
274.875316528
533.703436616
185.939977563
749.088256894
66.3466124032
27.1155342501
216.767563409
802.520874722
219.742897512
981.817998913
656.223528532
294.924252857
933.129536825
97.1078194398
260.052075563
118.83592267
461.676818927
960.068057043
239.344457373
631.278211582
373.511574006
110.174983593
88.4902919455
430.813197151
897.730778116
577.983451198
324.496346828
48.1452493586
97.3068715479
92.8747870057
86.1692187107
925.248556347
39.9325411882
414.050027621
343.440403398
549.634189721
643.382729479
489.832706041
907.712203299
61.4304753327
520.536488045
127.651436462
776.274569182
281.199299882
288.866339811
901.768868265
5.9388408116
244.819292332
167.667335614
60.2964758759
25.4503399921
314.235957891
323.583928768
901.661435087
632.180257832
56.5863297292
833.52424445
130.130383857
67.9165090604
949.636583166
892.640830081
784.772007882
417.405001173
991.498906501
758.193462123
202.988604746
56.1023092432
875.477083268
144.236595301
431.272946782
898.868482338
4.25927865228
210.853599435
939.211566108
7.65253515475
274.738579283
558.375837923
269.801765094
729.540854964
717.204990946
396.764442682
437.245257234
963.266253043
226.85764737
957.193553035
697.648347962
873.14633193
218.355314115
28.3186770704
890.913581435
478.48001463
605.668870137
24.483760287
497.762440522
31.5277509825
472.438196674
385.117620824
308.44496374
54.5989260704
171.273462146
497.565534805
337.469210931
806.752619875
182.56024463
822.048398107
446.940295682
490.91881471
660.280149335
884.269559831
652.182616989
976.156992295
127.652325906
251.926534201
270.307363367
973.890308911
866.165814331
969.918441207
480.414636019
368.586560185
146.358656777
742.372807238
155.810906941
62.9768817797
467.365449412
472.26317184
894.128945396
252.502136485
