838.740834127
935.351414172
569.623267401
302.172096425
840.896043323
312.855438301
579.400793094
510.060786876
184.347384961
350.477796621
949.379896819
901.175584926
920.485252313
205.728471743
139.971147656
392.043794728
745.888799694
342.030029329
566.55800616
599.176966175
146.705872719
591.865844596
728.570137296
450.111654295
217.010601703
106.794686551
691.74821255
236.685101275
872.392252152
290.848788647
266.181666412
849.681277642
525.048885201
879.331768747
241.551100445
9.17221775677
8.23973456089
20.7503891378
526.450910821
701.726259938
763.800549344
779.408495284
605.276458509
229.462367134
554.206767154
525.084579373
652.853808817
219.102488314
96.7999767208
788.744887861
183.542058141
851.594747502
993.20439301
647.280710924
885.188588378
889.581577412
937.731775325
95.3208764815
125.230745278
683.99684131
329.160046609
840.33751205
538.819206558
955.228833186
636.62199881
338.889954094
869.469738378
272.949594801
600.759383197
961.388182484
303.738201224
415.982424321
671.041226572
748.621089075
507.368882018
133.120225762
777.244026018
748.031862911
880.118519476
824.555006741
894.549712885
680.698634023
747.841195627
705.397920584
788.178870938
473.677737672
36.8689819237
153.656186027
197.887801233
274.229441418
800.075304426
886.625346549
805.583795371
930.921290849
106.976119441
33.446365447
813.854548265
788.600993652
781.683761622
340.018177322
231.587574851
433.050431647
166.49050838
584.10462702
177.64884033
584.861598805
982.65210734
467.274568668
86.2354827624
717.944077062
870.9105868
145.097756741
378.725265839
43.4964861819
892.761578354
285.015854393
803.656689421
625.627680458
379.801346288
470.530810092
75.852036663
285.310367207
68.9635859929
593.848942199
146.212123043
281.603812511
131.851976837
350.186574808
261.224591706
134.831609648
465.429025648
7.72966113946
585.599256795
984.621171181
601.514449978
957.547742161
18.8692800251
563.354549982
932.658158179
65.6895998238
802.976053303
827.730215107
364.192801493
56.3549073815
458.202962292
30.1331761322
548.114436494
324.353664245
279.079440514
140.27076002
196.585641205
510.107574642
779.464387134
265.402006204
296.782336949
24.6514361715
245.534894588
755.13778877
806.336169202
694.894030787
544.513808735
80.1277153683
102.246947928
160.418126093
665.046943458
535.496468597
237.198250278
97.1686286747
614.636478343
423.00089248
934.069774611
538.644414599
339.598642561
773.957483456
903.086461426
45.3608908102
777.09624421
151.807079714
552.470759541
962.498140628
769.917076705
433.43421916
334.1846513
678.355467164
371.117198865
142.781370744
497.950772162
759.186919561
876.647384652
65.6947201386
937.925229685
62.6724081932
92.1565059266
256.338881617
150.737228313
108.993484694
430.334135213
492.705791556
499.69520039
329.137967618
790.473171167
941.83497255
974.339565785
991.374920033
22.1144356824
755.331666951
662.050850813
254.708311453
748.162828652
359.449758093
526.262900206
103.698937392
445.753656151
35.4240454848
475.696980929
946.50428915
600.12800337
467.362572271
914.324221164
463.36780609
522.021627496
983.474813957
781.366258574
446.418756639
429.711875233
52.7226602228
553.979664718
178.058592659
807.08690779
342.078594041
182.587023761
404.907246185
157.209864174
741.354016177
64.1947786762
491.246205768
560.031664889
305.001351086
386.281927448
265.024378369
468.319554278
184.224416688
291.663928194
236.4593228
919.759917869
184.700138033
754.385002174
864.392878412
728.166499629
579.193770153
917.71327616
701.862418704
438.970786269
737.541381887
497.170341651
933.237384057
387.619109221
795.917629685
54.1894142068
360.64113573
749.421093548
549.906879669
460.893331128
442.998359571
664.354312245
133.382556146
341.937982846
79.5670407965
729.673786114
45.7291570664
79.0357398777
688.038294857
530.071419826
369.587801706
94.131221358
711.627855288
63.0280715927
320.362807765
566.993253482
153.360938216
524.280941526
76.7949662123
404.753828148
389.530936625
255.029816538
191.505065148
864.747290284
639.845216466
287.305572223
178.374134976
629.057719821
347.166736654
934.658399627
657.309113556
242.95745556
128.287379789
632.385217488
436.965033806
304.144299831
915.504793371
807.466339647
867.575268897
879.008656412
425.434948952
827.334933138
830.444089521
66.2533009164
936.871964882
505.528133819
473.792194152
783.760244873
198.955415757
804.202819242
112.121497025
841.050265881
556.306897066
484.266142407
645.664312584
183.188896164
317.994446911
2.21417916406
47.0807038808
923.322580814
620.515006967
855.679379143
159.709087252
321.000568327
193.117733689
743.574383703
967.99886509
177.285767281
161.685671784
914.837321725
856.141208472
612.721160564
995.466153554
811.703537038
509.040450262
954.484844386
531.208480752
431.675913912
864.504539435
24.4907552937
454.081075983
319.749977409
408.979774248
110.846298593
172.187579614
951.477233458
130.46264269
336.399605361
457.996939387
393.646385727
868.913077068
360.383735333
706.35684429
313.804632359
425.418361273
878.251162912
428.95388146
112.087182808
962.279441116
64.1648429943
199.493901484
250.520759355
607.330989231
989.023380351
1.00225087523
87.3187023517
637.149162029
290.175821588
420.88457634
232.804430751
510.67423447
807.216987226
269.872073316
408.961637406
253.122677202
377.918442111
418.391864561
269.660462938
898.451985398
335.188289453
919.545608949
248.864052642
929.454395966
250.178314986
206.547668954
190.791849048
995.280375336
870.297919765
50.7232613826
144.811520278
732.382061378
77.2807629181
892.399120173
874.859526554
150.092307564
306.294482062
107.751116952
393.23921539
579.822662961
949.458529169
8.75109682667
656.607239504
624.217707097
741.435923778
872.427941838
674.480157098
77.7241398466
369.837815311
439.977449986
655.018699389
728.455594628
0.04320507384
877.331412057
198.255749678
644.703177906
686.352060257
418.663356056
586.295540113
320.364861822
516.336460829
966.302350866
160.637192822
861.123537713
863.64177281
820.650081903
482.286385735
515.548434137
558.506517372
105.892465903
421.82723015
79.0782310273
439.194345828
904.289531985
673.843826062
835.177006665
686.968708313
718.690312954
87.8641066646
109.436023263
135.047343876
173.317078463
23.9582113906
117.085459192
631.739852074
400.060609437
586.816652615
198.917042277
451.868689434
422.722547525
907.134998772
755.42969526
256.460956787
385.924490931
553.629445315
465.433356231
83.4939185187
814.243328617
341.608470763
880.935548567
444.945109134
740.285518602
584.280347357
306.996256985
789.02681456
726.611139631
813.93946821
187.686357618
185.643660945
264.319462437
580.051513086
524.091109082
428.196888086
740.587376774
391.720632784
997.449863802
999.656927924
761.786787718
924.438321674
734.438182521
778.649544479
640.141227644
850.076816969
196.324077739
48.679450712
499.99879286
676.143362608
135.374827101
958.175095654
355.335835059
400.721089648
844.083167676
434.956517351
577.861588851
454.73940858
660.829132166
222.744634206
544.098941356
332.583684495
487.959824031
552.995632787
506.240356737
842.575878133
302.979160603
739.911917272
874.474188716
747.193406161
177.66513855
171.078210537
413.219031854
232.796271901
521.8174694
367.412617298
35.8407206564
69.5946970206
902.19592681
56.6742969222
708.099992181
563.54305724
211.489115655
47.7234411706
566.507392724
319.551033056
335.546280248
817.387055924
916.666697838
158.899026427
936.340288191
801.70952824
403.508034396
693.625948423
867.646104847
154.418258738
961.338726923
579.171272044
917.018727552
168.3807828
343.880015481
125.129831191
216.22693781
36.5231371052
293.807051804
568.605505214
376.243503981
770.613219042
420.847846822
541.714130105
501.348211205
16.6249377903
925.133420857
373.876036909
972.208663804
256.830609154
215.526860643
801.514199851
13.4150539288
67.7150091675
867.065651981
81.8372321486
724.357833352
204.762526502
124.056986792
565.99627793
781.807566524
930.257930191
969.267048915
885.056948482
227.70986602
694.661023364
930.049172542
257.201196719
141.80092131
554.299249061
413.433141971
338.600108279
562.716870152
504.905668951
129.994013831
695.001268831
436.734365745
560.725298459
919.485234492
797.347004037
4.6845773236
960.562064585
30.3693332736
204.193882769
925.6823712
804.052012206
888.059073343
808.558927368
624.22129722
304.929474814
684.497683364
79.1275334984
428.464520254
416.977785586
129.756551265
713.016816199
955.056104604
913.667318151
513.200282005
749.044218888
415.888584238
390.684984762
724.215513193
653.798296564
819.233010869
356.027363139
579.330995361
785.702116984
898.628090294
416.809698803
362.209967594
120.750121239
87.0651625294
846.739679835
51.5255692108
956.247975177
82.9605574329
704.663963862
54.6176710182
583.366310074
523.503538932
281.674110293
694.298509972
552.106792814
907.063294412
253.431642748
315.638603542
795.445494496
159.080791104
129.923371361
405.959326593
313.593454584
212.574488988
152.791821766
991.947903554
152.256155877
947.731962323
953.925527064
231.635356251
799.506872692
154.979294525
867.186747417
212.657511359
898.574915281
896.683814302
662.977521379
342.297355251
797.075101282
991.068980026
270.839679517
315.944868482
951.865547807
590.81890119
746.206593005
406.542382182
270.747622433
198.815042343
420.447636133
811.226039638
525.357676979
781.195226177
722.986263387
83.079999038
87.1672780743
788.891009072
955.830376158
922.258577806
456.04931938
959.99140451
187.353960312
978.376255171
445.820734209
154.170940236
161.840219388
837.75779657
819.542181832
596.75604708
540.836879456
538.505518568
980.911809258
69.1733445494
333.418342907
913.913049387
365.464761759
966.862531018
98.1146290926
180.708841065
289.661824105
860.947345245
773.710052925
714.95586462
612.632572326
871.379319225
619.218074661
593.358308981
41.2342253287
161.189035216
122.747401096
179.100008239
687.716038728
375.445540586
845.833301511
521.467245452
114.88913218
567.97652139
303.406600973
238.899564794
940.789172123
687.029527585
226.988795634
263.773724742
868.318533609
604.380528112
977.097799318
104.138086475
411.080859091
401.883912304
595.640732609
256.019785766
268.371215572
374.14056266
120.381920595
388.030163277
341.453908398
78.2564595347
826.749596275
850.620282308
425.399947423
945.396216222
738.456463068
228.320350838
508.630060464
65.2379329666
106.211608374
276.007807576
522.997930986
954.058665902
642.736485812
720.928083419
909.355186644
811.74358281
441.71237107
75.942334528
793.88107023
222.481430802
922.620325283
46.5407285947
331.072125647
883.648263589
97.3763007223
230.721383388
624.204812137
81.9474053825
662.612725119
277.723276844
446.731558021
989.063793104
878.134749352
653.406775882
24.3963690627
593.194281935
197.38180591
401.13050751
457.023862086
615.614661671
413.592546857
516.189565618
674.384020758
560.000865547
14.6004445911
153.40260634
549.484823958
910.364136943
861.995396981
761.266082432
607.678153492
567.704224517
998.019290209
66.0108019729
673.79131367
704.719957068
330.812607917
487.016989041
786.641451044
338.323442998
703.424468574
523.02893414
415.425933387
233.47529263
542.999659129
901.70505194
875.816101871
1000.68253178
562.924194607
131.070074471
844.800134713
380.694430118
363.284033586
451.117575689
118.063543397
279.148992697
236.373532137
340.572198014
130.934600061
125.293268681
744.634805434
27.5080250559
203.155754214
590.685953362
366.048126448
499.637403945
138.835526627
942.031436246
226.475897304
214.70951693
64.1745007154
844.614286321
146.465289137
520.987659696
632.910674563
927.044291322
998.624245855
366.742698705
11.8949449263
603.584370003
663.353670516
807.981525912
293.085863021
6.51802486322
325.599837338
290.777308143
8.96060902147
316.253103657
717.357979978
280.168388116
839.418277302
437.598059982
271.808354996
6.23246225494
737.147604269
818.988765059
631.521530402
166.227029445
999.598467586
40.7479153558
863.301114594
467.228923007
70.5270093372
314.767648138
722.32241839
764.806179742
187.889200832
503.72773813
935.438436244
748.33046715
681.903870652
736.827817809
696.437861593
390.67521617
590.620607593
945.648812632
682.683029165
30.0138369661
781.020273395
829.368750366
622.568615015
783.591920532
760.582531377
790.8159185
358.407056232
256.389373711
185.029601816
877.400799762
92.2481357697
887.056766112
929.522878822
787.889782405
446.328598337
908.849262535
153.380505886
238.620209448
72.0380610837
955.257819133
982.858767611
973.646141295
338.764813529
116.317328294
535.128439765
83.8328406071
162.710833826
12.2212310039
834.724281089
521.403132703
450.913508158
100.552961785
958.105465468
22.3254147977
31.5111058275
343.230240997
153.646257594
209.233216676
724.020866419
793.841773855
391.796723149
234.040960412
195.798920377
134.418882856
391.050093839
300.229742758
704.039056688
861.749180761
982.12939394
780.046589401
824.025631367
630.76264149
952.63353942
60.6077880671
352.369702788
643.551205576
117.127695677
529.792350162
398.966806182
375.045461991
380.824164661
592.156712027
752.339465021
633.25353207
808.019202417
824.140450302
14.1995922066
759.992570107
287.670081976
230.044404533
67.6106762815
947.349420336
855.400751658
140.331301808
498.738806939
695.593702671
664.719491903
403.275705094
410.770944004
861.830496848
765.778455215
853.817577591
872.396835714
636.786642971
551.222839136
253.248648031
335.853006047
986.147989072
720.713736864
689.202040491
759.680031318
816.991774515
131.194708423
813.603686904
907.297961571
482.204598515
238.787458436
810.579304841
600.648055941
863.922578754
60.416895545
384.751402394
991.737817523
997.006358062
654.86726948
82.9372377999
543.207588521
4.03604589233
879.122166784
994.948007995
782.352402812
692.100289276
453.739157874
630.131663592
547.820926682
992.916477843
494.513072615
803.317734896
5.62184746655
415.652221391
740.811264913
384.663922136
621.891651693
329.249037681
341.169702906
175.21016013
495.976275315
284.180639524
416.694097268
763.821573024
154.454919645
895.183846191
