100.868865323
693.26096729
344.770883765
733.906135039
198.09786948
66.1210843024
135.376754102
392.426272306
931.388463153
994.12376549
163.281062342
379.06072086
491.389857474
424.314605056
884.181782989
55.4490621267
859.777024332
953.738268446
76.2145036708
878.821983427
429.971571122
560.054338178
934.554125912
273.797160169
595.454651631
198.565652421
942.656748859
127.659985309
619.153840844
365.404185065
753.407245535
134.431622459
421.798498511
153.350218544
274.605643107
152.835056093
961.787100303
547.918037975
973.328317482
381.344696724
828.540985062
675.69900643
453.366608821
377.097842647
730.368169433
667.423142503
333.435343301
600.399927185
439.001959152
582.816336075
107.016006916
779.495936716
559.393477203
85.2114089826
839.678936583
585.75241066
419.375803898
56.2560891699
256.422233061
454.878115106
669.194881539
285.012341858
724.406578719
610.952193629
128.986812858
598.569664543
256.074444474
445.287278916
644.767515309
979.628208957
118.650064315
417.361989209
427.986978711
371.467773895
173.806714386
212.56858029
744.784386581
453.424479563
775.055354571
109.026836779
329.983606093
516.705739221
350.117416772
846.573109512
591.659279063
1.38416303586
171.20794823
690.325385115
603.609614407
540.661012798
715.759497182
928.621186968
167.134117402
418.038143747
938.778619693
655.334635371
307.073778738
91.7939841841
634.871245307
961.630864281
962.507157575
213.046530357
767.696445055
987.927229257
681.746329614
757.26306141
121.116136065
792.92937197
947.421111432
824.078809154
825.062839916
801.391961148
452.593106183
119.98323825
233.837661205
387.410555345
87.1506600908
922.41686387
76.8909345943
32.9616262419
229.753721596
569.470840879
522.44537152
233.631075191
19.5319831997
585.783775664
655.604953779
843.152546698
394.245308382
664.221549609
287.065895325
70.4745020754
429.701932452
336.14359545
760.091410196
550.399222503
417.444533901
631.805828687
575.072702249
685.565359871
728.44746769
694.6744148
313.200158601
234.195948465
555.083992763
754.432916824
81.283864713
735.057356216
482.731202681
656.825421495
364.54057807
658.874078162
865.874262689
343.474301704
418.592862615
773.334165015
819.390053284
114.897455386
130.765783881
990.292929967
527.401530322
188.048737308
85.8519612707
606.93390178
864.671810943
50.5931509784
136.771559238
885.073128931
217.665504614
769.185700974
715.018775276
201.498575995
901.598740416
584.339695454
89.6973889289
592.886277864
738.809839251
205.216940723
160.869179996
865.468965038
3.37744013488
785.651250295
50.6737479529
37.567163715
974.86389274
924.683308352
539.171924354
401.880869289
566.037787268
915.980441781
383.158970167
307.82125384
599.793591911
871.587232371
417.763564277
862.116457544
899.60742942
664.08644083
493.387902458
156.195095431
405.914765356
290.261999084
900.328610733
290.699345633
707.121010142
879.485644675
303.108521219
186.939356785
567.231742644
384.364770827
953.955748902
754.439871178
670.735314388
157.308972536
270.505334696
47.9624803676
812.464007645
284.999320582
86.5932366589
128.317856808
725.301010716
166.233954721
474.695431631
659.782590034
7.46150890921
629.902241651
376.109835407
969.594978201
149.317924187
644.015091619
177.7095172
268.098914205
813.437762263
585.60907855
176.304732446
55.0834580226
815.48521694
294.325896176
361.050543563
209.505994913
684.936038312
980.422064501
824.188254088
976.313181881
448.541596782
893.439751449
285.069151209
98.1426196668
324.408423923
212.846095474
723.62268232
184.03211154
875.255193054
733.589588627
98.5552305033
433.46523152
743.551764473
274.413126826
931.452409379
978.83455996
677.571879212
166.224365291
782.519529172
187.882249616
134.600294065
668.390347963
897.650566042
481.285442388
513.243294479
63.5784588109
877.496615133
585.566516152
677.34215806
580.02312641
461.414963275
609.22091963
534.163418892
819.183758347
625.198687658
687.349798433
864.854357204
494.049145199
905.793576305
469.805781645
338.536071453
573.85671136
423.276936392
461.668827022
431.059248174
288.342266845
277.444365261
751.710334421
343.893036816
308.016255381
752.941856078
375.212675889
78.8434630401
547.878708233
489.135634784
232.267854934
574.382450006
656.349503656
797.030151018
643.798862929
218.893090317
402.088098772
219.469482278
518.093522387
409.606307865
768.687131031
831.343963955
516.440502796
428.439780665
282.843009602
660.550526069
954.81668094
266.718103911
376.620996471
535.830687416
860.629417707
402.977092378
415.205611304
287.57394007
599.5788451
855.061646095
716.452925528
783.233083749
341.83503698
798.438620284
658.932292399
116.971070082
493.555190078
502.26829795
44.8828178153
523.266015475
634.33790291
739.473015702
626.533486114
167.328136701
122.328030254
655.719009789
730.635290785
245.042079097
151.595270592
49.750199246
748.303764214
255.833635301
134.949650322
575.433244271
752.270178705
199.045770002
120.760759777
108.437954224
479.065670154
338.713101414
367.709869527
276.092514669
177.373690478
751.033838882
350.784236386
476.022290926
916.285732831
116.130589618
704.369279055
176.513131583
671.237232999
896.653409352
12.1088201018
172.224355855
809.99166604
872.574140625
350.914842479
352.598672369
479.875154313
847.277266889
251.075019862
834.24515579
928.596137637
918.982194176
144.117015961
515.511921809
337.874950581
118.234646568
979.116369089
976.617600946
864.917274311
451.793812008
951.672806225
768.163073327
849.808258804
848.658938
498.779849985
55.6089062823
406.277318664
508.760507862
53.0340550027
218.985465004
314.58803658
147.189444288
254.828756427
44.4234471747
120.638637616
319.064713815
62.948185265
814.253562068
221.244695851
197.24916618
364.434074262
440.167250274
275.27198761
594.000242156
653.839620239
573.39504441
517.761687081
721.137684095
356.793846717
561.066968497
984.330508585
301.858237822
675.096306615
609.782611102
165.617102344
724.853246518
674.650234858
918.843973766
368.846760949
701.693562371
645.136034079
659.793678026
682.80837795
930.438946428
530.981784158
266.620184456
645.098813318
480.069674968
947.03092839
845.471243104
695.179339942
961.192622416
977.526352524
605.908168003
111.007062757
69.5453774555
193.638175442
101.322642746
522.522254519
461.796221908
484.736278758
240.900940531
254.072850692
188.981560004
818.147027101
737.015261999
107.479771634
929.224150968
530.313057774
925.058305076
155.455650584
759.537532217
196.037574186
593.35343951
630.677979158
313.372150802
990.207283366
950.964331625
228.233444149
510.458632831
770.600184343
254.639933256
161.988063317
862.32154561
999.721167851
472.088390469
102.115339577
636.235381017
689.660559978
462.785078612
815.966474414
79.7241735482
46.1682590998
883.095039643
446.650314355
976.820607799
112.781295152
357.712634882
128.895889894
864.079174649
235.561415171
372.001201484
572.585868149
827.741472852
520.881143057
741.804307713
808.275945396
256.623368786
415.431458771
4.00883821594
776.444079964
506.458826445
27.5529349008
260.916709889
137.900925993
806.553472356
589.741241691
361.83091549
669.884725283
763.083830238
910.981719711
564.669911971
323.904524848
212.593884345
982.877061193
138.186582638
866.656487565
673.271151453
713.828613778
874.630745683
747.552639862
412.287196733
758.312164471
926.541571084
82.9191585264
219.809654327
612.388653009
89.4119832202
337.455647177
317.330913808
740.610647979
755.477628193
259.071570776
137.686792802
977.054042376
748.023726687
477.234837423
519.062183898
393.153017061
412.706959321
862.08832511
873.34627366
87.6864665075
289.131646878
273.884819712
841.453889707
751.619419459
819.088265389
434.531384362
137.802526859
315.351250047
306.884475852
713.020450388
439.435051427
108.536282976
832.81414969
593.265071326
167.539525213
849.185674747
635.83713471
68.459321162
791.563318795
567.178270076
110.276403214
627.983652922
636.804739039
660.741912584
660.236859664
192.516733972
671.207426135
274.21866753
219.319259412
714.993867876
848.230736237
193.085394927
649.417373542
312.389794537
217.805527729
295.904572132
501.749314406
280.164212662
815.154422761
910.063923616
21.7781402047
405.733191635
451.783100258
478.079745544
830.534368714
813.91037354
300.416438064
230.844127925
627.119970751
627.810355922
176.845723771
656.721032381
112.665952801
740.196226465
230.135024025
549.372996394
44.3579934219
342.18273316
2.77346021023
748.967332704
42.6382709601
603.546753535
337.226515246
42.4730568603
805.081594768
206.011440751
834.305846748
166.505786991
290.324423278
758.710010418
960.49957574
979.049094164
494.801936282
476.247234313
386.217697839
288.379587308
877.408003344
910.142065091
179.857716393
704.244052881
855.648030846
296.218689393
793.616115897
161.503457234
824.620282102
473.000640106
749.462320976
780.868535628
275.787210592
263.013345879
472.443339546
601.539706493
888.888878043
927.107055906
772.501082523
509.801495837
990.327541406
497.720919081
521.018981313
600.139119795
745.863958326
593.140898529
759.520461079
69.3544301208
18.2770294817
35.3547021797
500.768105593
685.716293522
5.22001179284
82.777333202
225.623335481
103.994331899
233.412207733
456.937617289
474.489761776
78.0791575026
206.219599396
940.564400937
370.187340201
368.203651496
445.045368837
880.993015387
594.750459791
611.350855632
399.281891636
216.195421466
223.553033163
768.28465475
755.338716123
780.242233153
801.339110144
68.1311010083
857.638998101
236.614861864
811.724385238
315.357372671
845.689700396
493.30846701
531.207989043
291.915046689
836.527986017
248.848303859
19.1245996271
811.459856074
961.452642477
630.169604022
593.474668528
465.05183736
166.164327117
542.015018364
479.071994018
349.932537612
975.757544359
488.598331786
392.039805113
780.127877902
714.909808215
206.009846634
546.423832592
388.873182761
548.129123258
648.073344247
71.9233373613
224.423455282
837.796396563
280.24541878
444.692827912
775.121985646
779.971861014
429.727715673
326.970782168
182.219667243
956.519947296
775.672163507
30.1064221024
48.1907870161
391.360162272
346.336565796
554.024427835
99.5139755926
995.599776475
257.44532546
169.351338677
546.04154611
46.2093626656
818.832746834
765.173490968
431.064889511
4.51546212611
900.126894944
65.8005068355
184.248273571
359.182953544
187.640117202
147.240947351
693.812423931
878.159086004
44.4015674132
548.592119974
189.982721697
484.833849298
502.277871751
898.89550138
583.203176858
786.939020001
104.578366174
40.3083617373
641.866970842
356.884508893
955.038313799
741.90285287
699.497695025
791.328012395
621.007471122
639.168786543
151.588651355
354.699651908
491.702570305
731.72659867
778.147966166
461.610740651
705.074517515
981.05738224
136.073343057
572.262781668
986.766907072
457.356080874
511.753434066
346.311764391
476.145506603
841.184602445
78.9092582799
143.439765836
90.4167168639
488.903928681
825.636691949
346.06333256
214.35375554
394.923248796
553.312974611
55.8544830104
798.37160395
843.160716576
271.189618432
384.931074147
908.499137388
672.526745792
18.6724595117
948.127090577
668.075670054
130.332586228
538.248845077
648.375007501
695.04477876
61.1364802983
552.394789568
360.752855447
876.63101865
35.6515192244
965.556495182
278.685447435
169.420861923
907.813239933
791.871954991
132.180843375
113.506568224
493.600857553
914.423933344
759.938187316
413.008021528
975.016874863
38.518299464
579.048331718
548.466748289
402.058340588
987.777971099
275.806659039
388.405817198
907.012007006
695.898300988
635.470438038
13.9775047709
560.350214703
406.803928423
805.918214216
391.1669126
752.007367974
527.883757016
771.523290881
31.2779599628
953.953249785
632.883774274
70.2036877863
884.185347024
967.277768892
843.567197866
416.497719987
261.514997515
918.976317931
242.443520372
447.475643362
494.62990658
237.79496599
875.527229092
211.721954419
52.3786202166
895.596306734
534.981368153
910.539150307
919.893869178
394.124293622
927.805373901
302.09496464
516.148717464
654.379325882
277.36803064
24.4699679758
196.858270846
149.107698973
143.690311667
56.078493717
190.047118489
314.100381598
666.957749404
78.8675139382
53.4032632356
852.629755215
966.947042215
585.272208855
453.932057336
357.819964349
915.433831957
675.907780643
277.728530303
41.7624263351
198.804052427
138.106781026
209.257033983
792.366840611
402.115661626
95.8299406512
370.095930598
455.060636354
742.31228677
953.009747889
135.747278509
723.247355681
776.829298173
638.748804936
537.250604725
617.406834259
196.424114154
304.985017044
349.724599834
168.318668955
974.623082757
106.917184769
997.106763219
899.3456152
499.030434525
317.071659923
378.013178669
12.0561814164
562.701545465
85.5505322484
918.711559224
511.267651447
524.609558414
724.06498518
346.694986919
16.7282061075
45.0711509077
659.814970818
137.858092766
676.386628254
435.870943305
503.549148535
637.798519564
98.6554110639
220.035540888
314.987664208
848.225250218
802.763308153
266.256837397
737.68824316
881.828881787
771.830180774
882.443038973
789.175961628
353.108655504
491.247652437
421.534065123
689.385508918
44.2178568166
395.348939217
136.105027151
977.105284741
74.3135765414
784.603430783
619.909656183
944.839188873
882.549411109
177.186153389
865.960250945
954.831832331
896.104135125
211.3599928
30.9199831285
300.538547065
437.150854657
390.326077012
498.336697949
545.657979565
286.604377266
92.3319869484
314.889932369
714.508279384
362.8132446
86.8789063609
622.878548896
447.093426152
223.946378288
711.437140233
178.736393405
824.051905916
610.806268618
607.030786928
15.829014739
810.223605538
534.016242913
866.754084693
771.205310355
618.163662594
631.197422053
698.196403586
983.62230948
58.0881341935
691.267197982
704.468297733
996.346065488
388.348589316
183.525123303
266.045237979
537.699524148
708.236010854
986.555696993
735.250731228
674.143613598
227.241700799
268.337130519
661.745891602
829.967784917
427.524323465
171.710509876
767.412122719
843.272482214
702.459994781
452.177731223
377.890354416
154.519923739
