807.084712036
301.169450656
689.000960407
13.9723920905
336.156417262
775.23673382
669.334758843
418.407562143
151.602987997
113.669137157
964.079384794
910.852059913
294.381509057
42.7442265988
50.5804317012
443.315323402
566.709808155
756.04767917
667.662780792
146.696054018
691.751961628
570.060980913
0.0728956545838
758.772641355
69.9760514447
620.212918667
861.299862566
653.961905409
243.318414022
906.13353266
779.606810418
359.168255638
833.470296571
195.371623044
827.5064036
252.950119836
879.407511261
385.820085941
0.0413615014943
558.878828657
532.157872808
226.013173614
253.729421544
656.714021749
740.626526086
938.414473448
143.313336761
377.844403925
446.194976948
317.106673923
520.463177956
351.508074628
556.034649275
399.183219008
567.696926938
724.18655895
440.226342421
403.034826322
12.7111335862
67.9273138508
569.785257639
20.7804127182
864.889201925
909.021713918
828.907844678
90.9814159413
185.009779571
663.637418385
210.309591157
363.548846378
459.136857971
352.298692665
776.18410778
589.901407266
170.148413448
170.938120899
217.886306008
139.511912663
913.229645473
988.921188727
503.484705336
754.049234579
782.816873349
220.926500306
772.492609797
538.240341612
418.053140859
537.955037943
114.129192181
477.391863659
904.929172246
245.602308415
961.650908993
991.13273841
154.848229414
256.414458858
590.872368697
981.523878107
852.607948692
169.461977928
825.100321926
702.597744635
830.189971044
844.858580321
627.027452389
757.832141316
646.378102151
747.750663758
599.64337935
576.973620708
253.407849052
926.217480481
534.515354421
982.99975047
486.039640391
393.329644823
439.975495252
580.261957894
705.872316377
122.955462271
208.492304558
950.223778744
778.223199121
953.096634597
318.765869732
278.902023034
825.304601076
869.733264349
590.862503424
957.010791955
0.83622005534
320.224446361
20.1832661217
740.179023845
469.333672643
360.843065442
322.195873514
709.654890686
385.15887203
370.630245128
802.178611016
850.442606118
513.02604628
794.232999232
612.705453082
216.048881766
483.074071447
684.93704397
88.3061622043
507.605513968
123.790446648
53.3504907048
717.223745697
503.509114195
931.163588406
237.071995407
602.333792306
187.794498847
766.60318896
91.3834950154
301.620674031
495.626624925
408.369318598
423.387225553
314.929444868
428.932176983
83.0176977177
627.502186573
140.283209771
236.377231277
826.190721626
797.793066059
830.787177708
250.45845654
1.56007478004
341.554986934
980.950302565
200.600318695
603.148091129
748.736914112
988.030093872
597.33089801
728.23423755
625.646671339
38.4835269648
941.345298851
194.138433842
777.362306507
31.0798749136
778.869580257
486.267532611
711.173905
302.737063611
31.9729455116
841.829951867
892.842001556
318.635597036
496.501345354
3.78226064103
286.532854535
61.0808123683
743.922544733
608.185964212
285.472256438
823.099529649
213.271582713
24.4517763203
293.373709257
388.76123316
707.970996749
154.775419298
201.540217312
462.950683723
260.568830259
824.106315285
539.719792368
563.488642331
70.617614964
202.720245817
964.029131223
808.430046459
439.039233056
196.343177741
419.856373653
931.002270078
913.193688539
761.647006564
137.569036041
691.49691274
790.26663672
84.1892542913
977.384858022
17.6572477065
371.282207355
775.198696491
312.006948926
601.581431899
784.060182422
260.774708433
631.940833027
24.6201701995
332.381760257
143.229822326
431.737404159
676.046632488
789.412887727
405.578146279
406.827400123
921.444495141
575.84207256
643.963185638
571.000557529
805.377775657
769.814464214
236.532120396
547.157861938
768.612502645
646.11506305
706.187529176
629.073439798
158.047612257
197.540301967
506.058307451
943.373580025
949.198569709
131.893673332
952.563996639
120.585186492
195.09096504
822.209841247
759.352291183
268.041551277
277.957761343
902.753291303
331.217581049
309.583140569
255.675786525
103.410309985
946.451641399
350.105679266
385.051725291
310.884706909
795.023385962
86.6302997847
234.388008727
498.063900242
580.310694843
632.193269017
666.886183928
515.411932949
219.883283713
117.865223915
465.972289347
806.519961799
897.616091009
893.040218036
793.336278283
161.935360952
982.66761836
157.280305237
527.958499819
912.939188661
886.700042668
326.270954161
344.951367556
712.272776178
259.928784722
413.964906142
615.492153902
856.96271598
702.384854318
693.355102263
626.013409289
561.165941051
217.413129661
779.84728528
721.078086309
575.448405191
40.1232802725
8.90776548093
356.981573872
614.549275765
630.242791714
329.58524552
110.279052269
475.884521186
710.63623894
491.579518083
36.2243800111
354.076323246
111.357259414
151.471978522
980.492066911
194.61463027
223.894728536
804.493971136
142.337258086
87.5353811769
708.426396
107.570910591
908.454193547
294.538409094
958.828760163
570.560041345
268.82165236
580.947872065
590.236127745
727.642421888
359.187352369
169.64623399
54.1080415068
513.314733761
114.488265669
976.241402807
161.94929548
399.250893207
897.957379139
750.178113251
175.758614056
490.593535671
990.0231612
415.384200579
559.299243268
324.425877448
890.105425385
530.787388887
129.780099362
337.790120085
146.618107741
991.320083064
244.878765624
633.373597734
606.911535805
112.854226113
335.605806384
661.792386837
776.071445358
598.260392862
716.878290972
404.684253538
819.589667708
913.195431381
664.49161361
103.096890557
908.404115855
821.272383104
985.887796454
782.259096341
790.552572614
76.1549903975
229.726752203
39.8249015163
482.579731169
222.900961633
920.573719835
758.50924209
969.519196328
268.415527543
250.150059707
363.405623415
398.549600821
862.648074084
840.872590328
766.62248247
346.861426949
28.3195939157
975.932839389
2.39152646025
967.174157522
16.6251410664
223.713628728
20.9240716349
660.974641092
935.908960358
847.621531301
336.415288924
849.137060209
189.292883184
663.53120544
91.3542966414
608.697275821
153.884732756
924.671340551
325.057943044
190.731102023
490.101339809
426.328525148
49.8541946645
575.426909744
246.78889318
526.445096746
477.072251255
0.603814952899
553.874939683
814.291936946
362.311337597
8.26473220364
97.8896614073
544.040063061
498.581344123
844.120897013
137.239780562
279.065714771
235.987175526
198.884942246
363.178215992
65.0050952923
188.200461847
700.869955804
899.493055877
997.851273384
305.749253556
431.020079763
252.275754147
892.845159353
476.701347641
533.895777313
911.661413144
631.714438723
372.644471237
18.9120132617
708.302163702
675.552622172
102.884631826
202.298265007
707.695289216
111.098465206
697.204838316
853.623800511
771.921156902
62.4585678394
815.327294242
277.084337185
886.256263092
521.342416488
800.796752806
825.738072313
905.237399151
59.4003060294
684.650301515
366.329249349
788.673447934
140.287337496
550.851408653
672.568136375
368.594995493
131.126678566
359.613517871
499.305046637
548.521986674
218.896347949
49.563811489
116.311919481
26.0270184398
411.322627869
133.932657823
575.952391962
200.199745914
867.607936715
906.553656711
680.321033303
73.1988933548
569.422136163
504.371217306
398.893901295
792.391192796
819.448197718
755.678053858
61.7203203797
78.4979342996
192.100892637
16.1795542406
618.584868481
291.92971763
606.032914945
543.708615146
279.476138835
213.484283874
935.886146391
542.49294079
942.486228489
946.649428141
278.823933624
749.662688813
771.38374716
367.369597284
492.40342195
82.3037963861
51.9839655973
297.666503114
552.454493051
300.240425587
336.366146212
523.411718839
87.5738750625
814.085046956
758.924574112
777.837635425
334.303482051
963.612787606
799.498438922
772.315308427
916.044047993
557.37433104
889.999220176
466.072327294
288.134618817
857.913029314
208.711921932
164.193908146
368.914751304
180.498864818
31.7785312172
16.0083649964
460.781526077
73.5556459388
492.08523836
270.130888049
862.344776343
950.075940547
187.131685348
805.616341353
706.82152201
370.938714289
53.5566870215
848.375036058
652.784715773
137.998792326
786.046670375
927.739352908
514.048163274
852.632454317
643.659874811
394.065070676
563.580063482
768.904746449
869.96366913
804.063921501
323.792915624
605.709043529
809.561213048
796.932613675
347.834681622
867.635341027
110.416237648
921.597165902
728.797296168
783.524620979
944.215722077
786.332921826
534.247222579
941.93825927
556.162569708
348.824192851
491.291414712
454.123143242
553.425872789
269.35922768
94.0023697536
5.86828053287
717.425986463
566.017112925
908.941539315
824.662528357
628.045270375
851.954312252
772.216669221
494.887006318
825.133699431
801.228284678
694.897715485
189.896667598
598.374162763
55.6085455667
790.319992017
985.766973518
617.603652392
450.246841898
557.701707616
219.563366084
997.297946133
841.683473156
593.758159533
246.081393548
617.588937921
73.1809831921
835.515178479
537.558437933
334.997723674
566.857384289
262.238042936
67.7802418757
168.742855722
500.051158759
131.046787025
628.364790035
107.459590582
839.259140122
28.451657945
577.691009041
8.80129443572
525.647345495
211.568480363
162.081710198
166.170979658
250.049767526
646.47368824
776.519328866
70.1696396006
90.6244655773
545.571076551
80.9008972982
906.461283609
513.032694177
355.260767788
625.682015532
134.834582127
539.897879753
96.9214852244
1000.58754802
486.794535805
331.462795006
15.4337788691
837.599595488
911.415656654
142.13671423
670.512680882
220.613538676
256.729028203
163.495863088
130.262621196
769.071604889
692.83854621
194.866342601
316.841277303
124.343341227
95.4454200609
584.221160432
227.024359413
570.880042207
348.088696032
267.82604174
869.526638079
731.867435659
284.699680172
373.196625688
207.459024547
467.244356133
466.853793363
746.181952752
149.781172837
143.774900294
490.739403244
352.694461954
220.754338521
554.916427031
738.418074248
891.763624264
782.099410782
635.983135301
159.574998586
697.175864227
778.309518218
243.238287766
756.64597673
957.081337823
851.058419045
98.4165752423
122.444641018
401.640953314
32.4758006001
343.571112792
750.191049002
469.226071636
453.390819063
82.9030139205
274.208041177
534.168867134
833.133976231
161.656487022
672.173739943
498.894726004
13.9990027941
432.922933954
221.801011247
885.511296662
7.27619181575
990.374783619
406.705172269
104.731683737
779.283190208
993.608964784
436.632451776
749.98299101
426.362094617
844.084112625
491.480173021
204.220233608
67.778574699
794.464735841
396.720882926
522.909296681
197.340215141
193.215795463
601.9835457
135.005572162
244.122014558
955.242550434
451.397529537
75.3242774253
941.403907794
448.89468597
255.094420396
624.800131274
354.791807548
944.067195499
551.20489678
598.017694463
589.802311975
647.37445587
525.160388879
890.932877156
230.892362132
339.493192029
620.177046729
629.510340753
672.60591119
120.671445932
807.474350443
138.919298115
579.723979233
56.9156248855
437.686360251
54.7114601013
146.413261416
603.860331276
682.125770119
558.672559279
215.26887623
695.020842633
740.287056039
969.673266364
727.55231828
976.888858198
183.078412955
433.405226941
510.003122961
427.663991991
853.64336294
777.803269757
882.172892971
277.585207268
399.276815846
249.482973308
503.610033102
269.244940127
811.872880259
659.522764802
651.853534123
461.114746283
120.446198417
871.296270257
602.662329729
934.257742616
355.075296416
619.838352234
634.656812167
535.443369833
373.393126283
828.858851713
173.752737263
25.0257872349
157.70938647
961.458568271
307.776096184
937.700697039
734.38282308
724.878237138
568.267411593
661.744515003
48.92194017
929.797776235
255.812386279
182.041315399
281.597131087
631.304772708
847.43608438
256.021160223
280.512856886
872.802338164
387.27190307
173.365335574
229.054837008
180.132108275
986.474865331
84.9715461305
44.0241289454
708.505159396
325.827875803
561.121886516
467.335021796
789.511712017
348.215318027
92.6137070932
16.4422240631
950.839623949
225.791506846
731.501747574
385.602133632
999.280097748
663.696573063
204.069104179
360.237170098
998.345716789
911.678073301
446.920982539
663.439482446
775.65217362
316.624084116
583.452157959
432.652138887
351.729276193
793.716882754
583.600505571
458.634321623
731.769925618
148.296738412
100.858162778
818.703973538
875.652743874
104.341719606
613.160607957
855.64431725
730.677167169
836.087442799
761.392660833
7.41497710941
934.828208451
94.4841802552
591.40750335
205.346524514
364.84031752
919.528483903
225.798824939
306.470965923
511.212524978
137.913945949
874.903287024
167.843083473
637.99173223
581.024398789
774.591730169
918.067158645
431.453152686
961.282945874
726.148825418
367.108046935
755.428198469
892.653079529
859.934446168
297.36766138
399.727815982
251.600130155
464.953140516
919.241313757
104.208882326
90.2625714913
844.110302368
472.106053973
122.274973467
927.13353696
357.22018336
375.39356922
304.084253137
682.993067496
829.775404774
392.719115983
74.1073816938
907.072467212
542.058120016
34.7660328592
397.64462987
777.177772715
614.275509854
908.993902626
762.615673314
948.261751156
264.839394633
202.314907994
215.097352447
954.489614558
153.566225289
899.97725017
112.684226851
65.5815323496
924.800480008
833.832093872
122.47701586
659.875377718
801.591989824
834.789816052
17.8707575143
180.903997308
989.747521941
217.158828366
776.302792669
914.424098959
944.261922839
153.446297457
785.323938923
66.3862786438
72.8543158245
469.892875092
966.758266735
877.061238394
248.667648559
990.610041504
466.734273141
931.951800894
124.100437673
548.524931335
732.994709119
282.560824993
362.182872923
35.3076532568
787.210190765
638.145642313
37.6920399627
985.050987128
315.185744667
543.706948583
729.697019653
153.406546988
390.971565544
75.0258904611
593.735967848
328.722086762
102.251554289
904.527359869
227.680221442
416.71677401
118.009320907
21.5473417096
796.364709858
196.434890831
515.045533693
340.879026563
532.815383938
95.42152291
262.160284676
212.91409528
532.806491521
868.839589367
282.840811023
700.311869712
932.250562039
879.026455979
56.122977808
541.966721644
43.6340466975
