474.380081696
2.31319632617
847.135650727
383.096875518
229.272952131
261.305635303
74.6873867777
46.2630763181
325.967235185
245.054128047
215.698829044
892.271807366
388.31529135
526.836488783
708.852812937
657.751714598
160.056366987
897.499327308
600.718917022
300.140035233
194.652164509
456.115901881
955.041345707
154.610876115
668.563338469
213.697685589
460.387268439
360.148622419
17.0780522696
651.007780073
635.877113041
593.058981427
109.901910085
60.7845827115
460.568938138
361.773794159
746.313941854
74.875221307
702.668001182
329.529782549
794.208651098
327.132416214
376.497402246
374.620482245
166.551187959
619.141039069
123.990117303
418.302201386
548.066567455
284.855093186
781.67739039
293.622594599
322.96742847
600.282807678
72.9547700784
351.560807719
205.730655895
533.56230511
151.875562158
726.134486128
604.254081113
489.149921003
848.641512532
896.855873844
222.626323907
872.562429288
913.559216366
172.412061634
413.988133886
449.617650345
605.315049318
610.557266224
445.485684403
85.2464413975
692.886861594
741.844329638
214.923951783
935.168655664
450.199889942
990.970220999
608.1700871
840.13559264
398.84965134
260.767072894
732.546246525
526.324416795
535.591682956
868.544436626
527.005234801
630.086825577
647.11147559
253.008056943
2.79337582732
579.24253244
815.016920876
979.265241344
707.149819591
807.681688892
318.386735831
583.474998008
946.294979349
56.3806632116
958.921784959
122.323599969
964.804919243
853.441389688
478.852682201
191.408015732
346.878841972
355.942371741
179.552392619
660.629498158
934.917897772
32.3217689254
146.900861648
972.206187411
559.028679584
565.952550642
552.409255166
577.998302271
328.669494435
850.031910457
786.157446584
910.27360936
4.59887711996
463.182804198
845.258974547
45.2016277708
357.279727533
399.633188494
890.305857452
904.6769663
94.2685280385
522.974412852
988.357277843
34.855976392
496.158381076
867.373059084
329.991014473
452.901684468
945.015470984
746.560101089
501.701093257
783.969769206
823.069825967
521.765150717
891.875774534
441.352998028
193.43468428
212.272620925
258.805953691
434.192749484
10.6921857153
731.45541831
875.135161586
32.9971102382
256.731733594
188.140490257
684.604705386
415.733875738
723.49704609
487.916462691
631.528749688
930.333657006
14.1024597725
108.819600059
324.96614922
519.032696577
56.504543374
950.877114002
146.813989791
679.459913667
211.647383312
574.519768093
115.028651355
340.119574322
225.658408142
910.512344544
19.9124636059
461.268869579
168.744962902
31.8218028895
492.328271056
95.5466022436
846.487063324
464.809511364
139.580915462
286.046673501
416.887805754
67.9430994927
894.43602079
925.854492714
186.604865241
211.813446701
762.328861686
688.157328308
814.52062061
84.0765067819
174.243897415
773.357226428
290.523096958
420.138650999
331.825614011
612.058101045
577.743099698
830.933358621
40.586119124
953.006391545
423.360968806
630.054869446
778.032874395
236.74061972
786.982499536
790.61696627
983.798056602
445.726273608
250.351335257
79.0774612813
698.456089794
762.263114898
181.188129199
252.746881569
902.387313276
228.278183353
300.285652843
458.764419675
488.8755266
690.096164011
907.812378509
630.452186335
755.660548585
703.810707804
682.987073052
440.767514982
145.755940783
213.62255699
606.005088015
24.5622669864
874.101113904
608.838763383
56.177497656
739.680269801
291.964958369
67.6635167501
113.255222135
102.567774566
997.144301516
261.831898662
726.342503882
290.711043681
915.542150261
234.468468118
94.6297302074
122.389368888
753.780082556
889.860378979
230.442115508
232.70775575
135.082317506
880.077073226
141.15275223
685.889976535
873.774955506
614.737545048
614.680369596
742.60598336
786.004785501
641.231429358
873.607435882
479.593645471
384.919102646
965.898873231
389.851442405
674.551183025
738.649192118
977.353550605
975.216089099
140.869543543
628.608065655
188.098064354
608.584482791
391.045570941
408.451844906
142.068678262
361.46607401
206.3904423
163.061266467
247.520137644
797.847173027
561.378998481
632.347347531
237.671609376
539.084595903
778.540461761
284.27385768
774.581657553
379.105384485
615.667192375
445.692232751
629.8666161
82.421020666
414.314496357
77.5075810785
406.435639392
726.160140533
607.414505776
771.410591486
844.264443829
625.497606836
951.519478584
79.392461145
299.105942694
741.111496894
434.436760888
971.754963936
494.3439749
735.859666117
90.1432407824
390.56511736
717.596612237
138.918305506
526.274278953
72.5746364346
222.445154017
504.878184225
19.7413636855
879.757607834
64.0781037587
578.824666479
363.336227448
418.261909639
617.238070677
278.877685354
914.401328134
644.026624417
81.8323349159
677.210892015
970.319846706
387.964480292
484.091837673
879.662930341
895.417930393
905.739959365
882.508007057
489.372085301
336.662778393
222.894165046
99.7481864535
581.430715328
652.264398158
404.872985678
863.789425692
123.657340751
19.3102974745
77.7009776597
354.179705883
274.272816799
710.781385521
922.549235618
101.898016797
599.693639351
285.900158683
632.649404147
864.77192418
183.879911884
733.537445851
787.32539172
279.620639328
514.836454515
285.157515661
156.453835222
388.975680627
567.83016467
714.301809193
173.263447527
727.407532495
608.747298396
132.324177521
116.955247042
88.8423202617
437.190044794
459.35158416
942.472058816
774.675378244
319.318797463
553.096106387
241.754153365
29.2274470511
914.174940209
196.888325278
918.575502166
643.446713255
20.0007309297
881.688436296
913.447535917
831.170756364
803.702742493
55.1432006944
813.829084884
813.906494407
451.714136846
317.482021638
902.434410824
793.349356431
141.516118152
143.491036515
199.038906738
605.813580403
17.790926915
984.527551834
568.453616409
336.679499866
23.4277276563
804.207252184
526.273854627
269.735922673
521.610614509
780.897384409
290.233076481
628.571021733
608.253070467
729.10729015
558.813462047
838.40279786
138.07994007
611.243750167
56.0706052795
838.357891635
334.307548058
995.602960983
69.1731863631
794.065056848
499.971917569
975.5161232
994.694226174
330.725607176
127.474515394
995.698836776
270.040805188
544.586532448
513.738026317
531.729134594
411.974219854
597.868250579
556.048008687
265.665849908
614.294292992
503.047714727
37.1233023075
29.4249028593
995.457969942
166.831814344
924.147934045
876.31934137
920.865128945
158.706487413
686.61349133
240.132967595
316.373893927
564.04022345
569.479866525
907.188585131
4.93889443047
231.976354634
755.25594122
931.130163319
327.882823671
276.308623572
227.286418015
1000.33214497
921.448155773
400.7883141
628.065665704
136.321650709
551.143592308
971.250447845
223.980725993
345.065270436
779.607255311
903.972610718
253.484340958
105.121200758
351.674755775
629.056980116
341.316856589
782.181695789
751.50458522
978.334067503
36.9924140071
585.908431496
193.100989615
4.43399743347
915.544524672
585.147756581
9.57639097901
325.650831335
279.102917445
429.452925322
931.363671138
467.063237415
504.739919362
950.499447661
875.894840902
736.59932046
516.096202759
731.330248491
459.645100194
965.650813152
512.253086003
244.337771009
966.822249864
438.878347883
566.970665024
120.027642261
62.4356765119
696.817719769
729.135693806
702.208095811
893.85077024
41.7769528435
335.072180984
984.312367446
883.564757291
171.499760978
49.9412962071
191.581941846
963.232864854
453.522984803
125.191252748
349.154257831
576.358188339
344.131771651
43.9646051368
370.800373454
202.362295393
653.704241172
892.739275452
492.867855267
576.652954963
260.830367231
577.733317843
457.563390304
996.061015535
860.536814521
994.653895411
856.000630711
657.203740454
778.734159235
167.437041216
316.155647951
126.478165709
856.333919441
533.751216914
411.975808279
565.112139347
202.577134233
201.244728481
974.580460259
404.222118739
17.1836409731
21.112675004
138.188228832
448.805457113
44.0496398276
665.868544658
270.401878041
508.395557495
265.745684702
958.052865593
800.594349856
483.400130014
145.108764839
177.977930759
381.139115854
175.873259747
414.874208445
645.1662952
954.546453056
412.615900855
793.899277948
192.091304403
722.808184637
299.292373852
491.22661191
152.262360501
148.642818395
670.879208629
360.060160302
131.171756648
152.047736938
590.6014144
424.281412816
828.203319313
358.381676306
632.01582475
366.265593905
22.4060368672
674.034527333
280.870292164
19.6048514076
709.737021801
212.289511238
238.169517806
188.322590439
953.095560593
459.232887377
686.923796633
474.917778792
450.078529626
449.191042167
783.691609905
711.474643155
142.040325855
39.910243633
402.945059965
300.218796986
812.098768605
820.462260846
762.195025519
978.701326066
34.7571797659
698.055301822
523.350955021
426.123943937
263.527050608
845.965241345
351.049815494
371.515290621
967.220470203
306.375079239
331.691541856
615.032955558
734.011990743
626.417675641
885.19318681
838.705271662
576.566589986
695.504472589
996.543506478
6.97087687531
514.303787107
988.339844924
138.1160636
199.23996362
16.6592990846
374.89660332
574.563731196
114.732287312
154.719307346
872.777979282
981.336962063
517.035840083
357.912736981
779.064478503
971.995544024
120.432101496
915.370998601
2.99326976406
818.878324292
504.394037516
263.06362429
66.5185148709
197.712174509
183.339656891
531.545722242
90.3831492864
564.982856486
944.092029899
570.196603992
595.579174701
772.90209155
51.7621220895
711.417143876
176.379201641
325.570327316
278.2412779
164.995036287
659.73062227
397.636128056
622.775978883
674.072967725
990.706546042
100.243979646
762.698200427
260.687275843
264.65679854
822.460599485
565.303262155
523.418778528
474.107633347
257.909310765
649.078902706
403.266568769
137.14533355
652.64935299
438.449529991
720.271726215
269.55608804
77.3344703731
883.448951249
280.166662484
886.927001465
141.498737829
642.023077842
354.809141127
209.003887175
421.605730002
768.956623714
547.628923736
914.906850691
817.721550937
43.4354305933
396.006259838
700.113100767
946.836533591
314.004899954
214.34631831
82.6262113827
0.463834534688
404.83610913
103.936991063
850.086772601
714.713646677
495.304733158
530.03161152
276.894265454
227.974427541
442.851530614
141.235396723
475.790413554
775.691397195
77.1742260908
457.347911017
292.377764566
347.338415861
922.003597971
48.7966670546
861.89395172
10.7871552824
79.1508692733
869.011466721
696.147256129
344.179407894
628.667899118
175.987949448
392.730803797
718.10558226
629.327103121
324.304712293
453.034015377
336.497392352
191.871478891
714.666074743
155.147736418
926.472248498
107.363505191
167.720886042
494.184694815
530.075472531
143.043304061
880.768397786
716.094212491
206.677519553
142.755577703
293.703346654
222.498674462
190.8733823
379.911652171
75.361571968
392.839594908
734.153690219
199.034779306
792.557660821
455.125943866
40.2160099649
196.605764254
352.174463927
369.611194982
246.872017614
141.559910106
968.108308943
446.629776495
248.300411272
593.111831594
561.662808245
203.177144952
334.170426313
864.043884963
451.478637411
813.168827158
675.645317544
470.707931238
839.620467147
544.21883943
48.6386023182
220.927229504
93.5417161327
726.065467378
178.939048242
723.666190527
673.848067419
321.785311695
838.619192839
86.137731369
179.99747531
164.650893364
446.69949479
331.538191225
341.105039658
475.058187349
575.194625772
441.391001387
250.28037805
131.951238832
381.01556124
51.4953825019
874.923899189
512.843592208
227.552568084
472.430514055
973.647371085
85.8461960128
567.448098033
840.988336377
539.873818856
535.744685978
747.183970189
224.661704228
182.575235524
513.959570692
425.816864951
929.099085823
57.0736116396
963.242787717
581.575146055
241.573179775
470.133000009
857.091759885
92.5885684497
398.791230755
487.591612491
179.612879531
434.543578317
169.62106196
528.609631708
442.784232303
943.342152182
765.203719892
673.603409864
535.664474783
122.402388832
985.859993247
829.809769462
210.082823727
315.301232154
754.282673631
124.164634849
533.123391219
611.755061339
4.96850332529
989.448347485
105.013112764
789.959661665
908.713005606
667.480647791
913.8882279
949.758235896
320.215081264
599.784310948
903.307522799
411.266689352
274.981293103
663.796291322
30.8421648896
705.570209934
199.223961176
520.624613887
311.638172041
531.504490115
408.897387046
160.159845399
31.9392542743
216.705616569
84.9066136779
78.9418850854
354.749771219
273.544643716
988.093760505
935.524299685
505.700392727
951.74522754
760.924837009
423.578135936
365.362335436
295.00495187
18.7421503032
364.71776312
380.553530464
66.843250711
189.657867827
762.911901207
771.705249381
326.431785841
516.165643158
324.977882476
824.251345288
669.437890022
642.665953719
252.476104996
246.140291637
136.83488321
856.62862198
614.740360786
816.756525974
342.36545921
463.150308129
382.134422951
253.584553746
641.752186902
924.291989612
201.265535901
988.852414068
23.2839158336
451.625916288
595.810739307
20.7058927884
545.031148414
909.277152632
935.075925396
684.055224016
907.110578452
240.915980066
449.198507117
869.88151721
359.729594299
447.915568021
113.905987453
469.356805638
829.849584209
339.956923307
98.9919227249
621.296646669
83.4655384442
365.512322284
577.914722642
999.208199897
754.993803557
576.473277705
953.419583086
681.515036455
592.162650614
571.113527113
2.39144069937
722.876541457
514.284552678
922.822763843
195.130780123
893.796959375
746.900301024
524.105601828
362.51401477
621.433692883
658.825700078
931.158395898
585.193215194
658.052244643
501.655268971
233.713161624
893.965954541
482.777163543
592.958329644
512.073989351
916.769822386
981.479875909
309.902684046
745.060224217
950.08422162
386.16515483
341.58411519
231.054679317
269.710300937
988.456985642
731.460076268
954.818778143
485.012307785
221.702871714
910.301474842
414.084988769
521.939027622
779.095799273
151.062330901
875.691379892
85.3185005544
486.651134849
863.390801952
815.857327381
678.205878476
221.346117583
735.757674873
569.167256029
