344.324532651
637.1369559
520.262385977
62.1473882635
689.571362433
249.354446628
983.179365137
515.163265209
519.730084295
543.686426506
257.414484654
782.11887862
297.203707799
489.212305331
594.202516752
101.621679923
609.147267553
346.937388481
643.245559552
299.031681091
923.984750617
414.581420745
23.8303930728
885.19789293
547.495276365
506.766274336
390.165526096
793.434663269
684.523219329
446.232892479
520.375417611
706.80921944
685.401348553
866.116076211
696.862233647
21.8069666647
558.746926123
564.482012424
968.241241242
107.215862055
124.461370939
300.767332829
997.755888494
905.484935299
416.534335726
689.340434901
667.825541872
339.552822491
229.977549644
865.030745052
267.076749243
233.242502273
700.479371963
481.24434807
942.598756796
180.535063565
201.203985171
655.277349946
703.341307183
784.798210119
160.01801156
63.9306500807
232.931579904
704.616423538
542.520090471
712.203991394
560.995803935
676.842212412
575.446990442
557.473972608
951.247445681
771.557858242
104.147930402
464.980018661
134.131676593
286.255445167
25.6932452288
684.27773189
975.519518845
310.016298618
77.7670769346
654.128253732
415.781732345
406.399703695
542.716499427
977.455417965
798.02560956
831.253909815
238.735767853
895.151469404
463.475908548
529.996596275
47.447796195
778.2280587
458.840884743
94.8486082014
22.578857793
377.401759065
11.031199875
942.400248161
959.720151071
279.353042804
191.925670078
766.449610077
578.985500436
240.235761191
679.267869685
162.913767239
879.307847615
502.059235113
119.50804202
753.746686198
539.784402158
226.658511846
247.500978877
783.531816829
399.374321911
339.208810988
43.8290800801
37.5563122961
144.567069577
325.402529641
427.330305057
480.957142428
914.227847795
897.065248935
576.824645985
458.984817058
165.493411505
285.148237783
913.950491901
267.354843598
206.917652351
901.741495233
830.408417132
777.184021898
576.995898565
715.582684895
355.176956243
511.391303649
838.934673927
655.60297491
315.895180608
275.397889977
10.6785487736
589.230393854
377.558830528
792.056049398
752.128660983
309.691721247
574.085369033
531.200663958
670.08910673
412.655452088
163.22287611
304.939797104
753.179036854
641.645974581
468.508340125
40.7819064655
282.273701826
238.873448032
221.213496612
427.042472666
593.855163224
767.998877709
471.13803601
490.172822559
388.279757425
90.6969511704
399.671320275
675.683424239
788.374607152
895.297568335
600.723948676
586.670791937
849.97169508
942.71410318
271.632439413
951.166848311
396.288214177
559.195594359
774.747834589
437.507035943
741.629504936
861.607317743
425.839839317
776.17591171
691.620638672
714.961558449
170.944238072
412.167517068
918.66790306
21.2492556253
237.80091117
532.496862685
804.740351057
832.58446533
182.413135048
336.691269566
971.88553945
989.763875684
345.525620261
896.240394453
239.797891079
266.057855702
161.606734019
212.838058656
845.649857465
94.3058987366
366.940204599
571.752503775
515.533335212
890.998368521
668.905863281
260.151830009
609.171291892
401.558757652
486.922178993
49.7424477626
215.428986365
796.34030148
128.391592668
181.912016279
945.494319592
642.47377217
284.822798334
270.522203273
175.741461426
966.59772542
349.741128244
323.105861834
577.102450817
686.653897159
462.462131393
166.628347116
85.3393518407
907.52180422
731.077603319
804.116898346
923.052009422
630.272751846
449.630537985
621.354339527
995.272800778
205.498637103
481.079710673
706.362585829
334.811873927
50.5429940603
470.47519028
391.235895173
667.301452819
881.257163343
938.452555381
505.945479407
195.333954842
205.649085461
393.162473045
669.165572799
963.301385308
410.800644987
466.434064952
13.0923798484
802.422708541
89.2811841664
311.925619466
25.8176818097
59.44561026
879.381840488
87.9838935877
702.294614005
978.638787231
456.612838592
546.025594381
372.484856367
871.631141676
532.803892745
359.067886892
617.424072107
516.350525929
457.062432284
608.293428901
126.393287862
588.448331403
714.292042016
369.11248812
434.313446509
469.853186751
725.453580977
935.703667552
621.996369597
508.660668999
876.175468086
710.95297319
210.870707836
502.081188566
160.797877559
959.409952746
865.635630059
896.489731223
433.908572196
304.404548879
549.210010918
82.7534692756
983.550510857
189.185835779
969.391527106
591.592545509
70.1424109798
889.231217324
677.946094114
734.871085558
744.711009297
653.848441105
872.716189213
772.595981218
557.255126236
807.835669578
870.547402357
909.671866337
878.619530076
852.49027921
203.808164271
154.894356013
674.70217784
252.287735179
336.230683584
189.431939426
522.373715702
658.051382346
629.885752385
604.421152291
639.521636855
84.339532473
851.011612437
891.056944473
515.938936632
516.573742722
804.833589563
535.823996989
991.355632042
208.352303773
288.386284024
105.573762756
19.6737977748
546.477498797
225.190322517
166.640708006
802.335081599
960.761379336
435.041551777
91.6956061642
279.41427665
409.252509142
565.122475478
847.034977714
55.8883922669
528.777865174
918.829909177
992.801821966
153.24317628
516.229551702
773.390152764
903.878873917
351.084832739
614.987464943
988.8334356
167.092097805
159.494042452
275.274018757
967.688107861
701.327153154
166.149704809
765.845073033
606.309843456
233.516019268
863.979321173
339.395230072
148.692690138
165.596225753
193.336986042
965.802129694
838.250030214
508.749458289
364.130411849
391.915896862
544.8882271
253.543123967
727.154464316
798.405826796
701.712885893
599.735745467
622.33020549
981.145991195
735.049080235
986.137317048
618.515845856
145.504144795
32.8576980534
654.421281964
270.819245467
204.699173682
207.359397862
436.215331151
834.35540421
311.851610342
849.92861955
578.161337427
458.29302377
454.584946903
598.037830512
212.851124523
338.586464973
87.3747572364
217.290598681
755.946346665
941.053356163
904.161192528
808.717756425
969.908334923
413.105083878
739.62621301
845.469200995
708.004883073
49.6764807161
526.664389499
333.073170995
674.053571439
926.466234228
545.204190555
246.465439172
215.068584414
231.007679499
151.522157682
586.390304026
462.868332517
987.358625109
825.045440198
750.209981219
28.8351240745
321.809138031
150.741195872
816.39268177
558.553052108
401.44056379
38.2362788895
129.312102601
921.997724143
225.965906449
812.288583797
458.437695115
46.1061468283
303.622477038
884.405634868
383.799899713
503.213028162
989.514512327
827.219566547
115.041434424
358.701899202
409.557038823
292.659081318
145.755225316
292.010056697
689.982388213
970.392977295
563.708671361
83.1706497976
632.62217746
931.984226947
493.866061521
75.0877362919
766.328858551
507.578607485
736.955888147
544.192006149
894.133332207
360.636604397
61.5394095809
326.474440851
216.011493699
893.313425077
250.300130803
177.737458009
500.567427452
673.838113016
107.601780672
867.674177099
92.9367290317
834.42600685
132.619206112
534.168512779
765.122737822
623.063368367
671.305300259
809.534900988
60.1506485494
18.5933972094
286.970236031
430.264229779
305.365996748
294.703996197
124.466479539
501.139629612
400.897168627
774.537272823
601.537126329
702.857106107
551.318200626
861.898718291
336.612042859
46.2647148996
802.010184008
836.542439335
998.40138776
210.567041351
772.63961949
701.846725172
29.5531974785
210.456712527
446.794405841
479.984570551
334.343047634
633.94124393
856.416059422
480.621830341
147.913565974
597.336958571
753.228396373
724.484623764
174.122176834
615.917609208
564.115832263
129.49011588
492.224192897
653.359850563
133.948489558
462.210496615
306.680403151
933.813099939
359.692641856
481.931140386
645.938278033
378.289228334
710.052285626
945.825301381
735.248801697
569.153202454
202.334101286
292.170610035
856.633617074
694.700769728
759.742812593
927.509240819
988.087362968
503.810194675
834.404704915
480.577403206
449.893328623
793.12219354
392.129834555
458.377888704
389.49623161
704.859242921
771.717919553
96.7413738666
218.151526064
926.978122964
867.550096246
639.37942573
353.594662198
542.968326264
536.076670691
507.230365001
373.33077078
32.9255665063
227.175332947
353.860714392
985.718905484
714.759109425
756.462361347
254.982554241
98.421528629
157.278361432
787.677820845
621.047844585
871.976015306
387.897166861
805.29553465
380.811781959
138.56990996
322.062748974
437.026928602
332.441117533
351.114358135
582.786895793
244.027206507
718.789885604
879.24436113
774.669355631
597.471357216
955.049829138
597.389740191
49.136211759
119.467719453
816.14723861
117.147439831
285.032350216
755.396053056
567.97333014
904.013325718
583.601194541
7.66343228218
647.396084104
995.321919609
652.338771933
600.099535273
290.448754888
351.603645137
369.403406819
766.244340141
628.941794467
331.932428207
339.932924525
949.0857541
952.061848297
812.154880003
66.3805751946
36.6124292147
44.8774270946
84.8931013161
748.648293248
602.773877977
303.958624726
322.87254196
97.7356029868
667.430056208
615.701523187
386.695247566
978.636060084
235.947750949
500.171926366
887.767391907
136.267817041
235.167545557
439.27528248
251.688831456
402.077206311
951.682799691
210.340161439
802.964114842
799.703123183
481.171476658
9.5635926526
940.129815813
400.883399759
736.36133482
481.473520202
853.361355918
970.11827489
684.408008419
730.768119203
32.6763360488
644.139080523
829.283035336
723.589747834
250.944614143
578.969701285
965.126035545
210.342097537
25.7221418002
281.833809828
47.9784972237
829.463406805
207.317313073
246.668511068
98.3658914221
66.1987374585
793.162668005
740.266611887
427.405493952
17.7959732852
629.256707043
932.063648371
837.587742293
783.333741598
621.481970672
672.743348594
140.859344725
631.384258528
41.5754865982
981.053151255
598.12170957
318.341063867
163.537166014
689.413715842
173.712508986
787.006878642
863.177214201
510.968658387
596.303286322
305.7366435
639.181124281
874.105955009
834.191350826
923.864353455
837.17730881
615.299014566
337.729609565
774.792767372
717.860961046
684.395329409
36.2720214584
462.86462719
991.412868631
571.000282905
597.477625072
738.366407885
366.010606951
693.061724052
312.766543474
985.680054979
995.974511573
178.932981714
285.954125078
194.994722491
319.130298978
340.591358085
43.7323150655
423.417928176
579.021697147
481.390491858
630.976242832
298.619227793
913.858480243
396.677033814
926.110750993
787.466194604
592.367020774
277.662322207
776.411013128
783.832638749
853.256966857
301.649370335
195.516367128
536.815487057
323.252560749
158.594727829
1.42829521375
36.2099979095
157.909864377
852.425252974
168.590974323
428.888846936
864.560622621
909.79617161
221.940749398
90.8420147092
389.31372423
74.6665680077
951.088877196
351.493533788
439.842661403
644.595072522
378.255274613
546.035223702
728.071251442
786.349798074
647.74624368
533.793315092
340.664748188
213.583047335
948.447191641
231.248061199
709.09177026
274.811605447
707.607231166
187.707925486
68.0957735765
895.71791791
779.458353874
41.3147917629
384.092176518
954.837200835
371.940036433
670.265272916
394.0865419
509.019333688
682.252267877
331.942286817
272.695344575
68.7501288554
502.331886181
821.928475143
920.252582207
539.60600902
922.223719402
431.238490813
617.252921028
624.785751603
184.815370127
505.69344729
385.240950208
725.667082984
882.925196116
524.34510999
696.910174815
92.7891131623
632.105203636
702.23081358
227.440831442
597.78087909
670.12849772
660.095563074
343.654482498
641.833511998
787.418943705
195.906023925
569.745566955
933.101184911
408.656397351
612.486647865
57.3555683742
372.879273908
804.269142311
502.944653071
605.343042695
146.074038942
671.43966333
899.920241162
997.95677183
387.018819861
61.1664247811
775.703349608
524.90870279
154.134841845
172.086686265
621.297826583
549.806340398
561.432755816
527.089318287
61.2956604374
409.555642911
775.268265059
166.578091782
191.32281176
652.425242395
399.909439281
808.015411674
5.56056635016
831.74087724
624.560492589
840.181382553
360.035560628
660.53956167
402.523399008
171.746787802
545.85250074
689.362250276
125.054503086
591.783901735
212.981607645
627.068629828
379.141351386
680.439514537
385.825949945
690.189298661
610.14379799
325.034049529
588.286903271
293.469032371
420.87423365
38.5497704431
584.795297451
504.623556579
383.135917048
11.5418479437
389.777613713
441.471731396
130.199689744
438.659985716
993.265853886
726.022898915
352.552044766
716.769966475
226.65808283
634.467156257
740.013860814
157.552219846
27.9762204676
917.116815971
372.881862013
921.06093355
629.84781753
7.93338348942
471.419204849
977.526116425
159.937398962
422.071806825
290.95966857
376.873188487
410.530269514
16.3604222625
853.234408193
231.48723253
901.762157489
166.457615159
341.370718088
222.18248051
876.634835535
318.047399413
281.269539503
748.349386199
834.853981896
45.6229232624
176.671797504
105.447219105
314.43626193
714.549304098
719.991083363
69.6951107676
903.289888922
227.214304696
247.104269611
784.546090013
531.710934929
242.826122302
762.540932213
720.454421916
947.410530487
532.274260814
890.502651468
210.297213004
938.666069607
243.461138599
387.314913124
405.606832556
213.429769558
456.996874665
292.495496492
327.299519472
322.94638852
519.349102071
643.267150433
29.4633783515
397.723366246
291.699686833
274.576218789
843.645132878
689.206703236
216.717720273
617.826264434
584.788020444
333.014079303
780.514788445
679.720787156
163.283979839
965.16118638
263.318665524
772.167438969
546.371179097
263.601247826
33.2984387075
754.595270868
689.737032121
400.63498514
386.713966285
306.033225921
226.706510409
884.638000017
135.43413162
720.410256121
223.338521921
686.777075241
131.315208323
310.41566801
89.197392291
784.504635715
566.951485612
317.874075176
936.717787067
553.919983129
715.230516768
44.7869175727
537.767506943
167.384734009
319.382627278
457.832166634
339.645659908
317.301983525
491.006453684
998.004806245
718.76542348
92.2709291152
683.890092857
309.448721074
41.7327948873
538.37181434
688.009546094
