409.602206603
229.479333892
591.276736155
337.227224332
901.542631666
571.501613975
435.59313368
161.628444886
718.209580365
940.441233743
251.829639103
965.490852192
100.153770392
750.628536206
459.354675288
877.726121324
521.628190576
917.916165253
953.496741947
719.270067437
673.725594332
391.890200895
262.674351281
259.571822097
748.374040609
616.073155718
579.918572238
924.439030562
141.167153054
939.458852262
828.509330597
554.044356446
567.238884547
727.217005977
74.4933818386
886.581553418
552.189125096
902.020489833
442.001190412
83.3418046913
466.586733234
980.030238778
626.673670356
548.547424065
281.803900628
945.277927569
185.427944408
14.1861409591
946.646453118
12.3299565456
215.080326874
949.928360581
797.250743856
751.604202733
64.9838067106
15.8695317757
530.880496715
572.336609582
375.604450909
748.601168063
632.302518643
209.636044056
46.9729621854
583.319059595
129.121078202
930.086018275
227.580800506
328.831552046
886.973620664
577.624398267
374.417123229
500.237062943
258.523508808
630.198747168
976.372050261
330.375811464
997.490365402
244.621590741
498.630423968
310.17097888
770.623213267
90.7681775475
955.700319971
941.840489622
524.917463565
919.963534898
777.67519309
84.1027562703
308.482442606
809.497313017
730.026424106
303.525076767
750.627470575
635.379779103
400.631909511
805.027206188
753.0244339
840.58838513
932.17934419
905.190459852
580.246714537
129.118699347
518.37992447
721.684623734
376.650933917
652.55669877
478.408842719
835.951906761
727.62518852
866.683962966
180.965050253
714.952903991
628.822897249
923.068856835
982.907758721
211.175937919
28.7524356097
466.421225193
195.592608338
246.160581957
181.783199797
896.669303032
330.691850606
970.003757687
432.127196632
625.411184166
751.471834955
88.561509892
577.737151637
46.7159363823
10.3777688295
142.76420059
798.03181046
326.203261301
183.587278913
320.513207499
946.529586507
99.4684648526
993.260914544
902.831877727
721.602514354
893.818160602
979.425578262
109.713428078
869.611101245
713.940338782
979.470453323
84.0995677878
105.197296723
816.82536823
534.956345446
706.110410589
7.64549871442
794.02627969
518.358113535
372.631623551
534.63558689
866.9103793
777.617373852
261.821114627
733.961734015
946.425245072
747.188363456
156.706754982
470.076102851
405.961708711
838.307506026
86.8917934036
563.250107148
44.4330126538
468.893114849
19.6586501104
268.453399554
716.114073964
655.096419339
731.160123068
753.518519322
700.751917297
746.037624757
118.393793644
657.511220102
935.282900481
320.945769656
805.468914773
417.506043555
736.338177478
799.342124367
84.4445174751
381.694345621
62.8154224239
321.261311878
953.127594429
514.961381874
690.422395091
366.067781669
433.230855554
156.561213765
809.428961206
217.827970755
624.374688946
589.693547786
175.884241155
906.641084799
198.569552782
105.447092392
224.889522692
100.89429413
306.958040567
634.402029495
846.0938208
271.506002074
61.7917589092
134.64644851
919.51467841
322.456482659
608.414548303
167.202038916
184.328504891
84.2954723915
636.55197214
525.924143604
426.229410916
98.4070758092
177.895904603
73.6675111567
573.238796976
974.136447872
931.300143505
663.246080996
762.612140347
262.037094299
269.717472877
581.145084083
733.359082565
606.556321729
580.753804363
944.051103437
619.709651774
542.311022887
39.8928588073
181.642144837
404.66189815
219.090813245
625.63069841
918.914294456
708.228658721
259.856057627
131.157347327
983.627088308
346.17847375
114.918204412
180.906105486
536.569744832
625.047607252
683.549133303
139.159617795
824.156542426
235.740713146
526.115435051
818.601579544
954.150913473
345.687376592
97.4470248744
28.1188985259
920.414826894
811.02193894
7.66649059665
227.808008277
245.109194822
195.926629066
621.143224698
205.357049795
492.886634763
94.8057045518
836.496607155
61.8118786105
205.667171677
198.502255845
31.4021664418
148.018646082
767.495530038
343.600706715
551.311750765
644.902855504
569.364487485
929.096715028
781.114608898
654.918004936
781.637673423
862.717079401
286.096697459
339.493655865
505.5004862
35.4780865937
335.217505444
559.190835817
98.0814630694
541.607340033
305.728383789
278.292737004
103.401911968
9.48266658382
443.614335648
692.134072982
233.369477301
555.270537993
96.5350142915
949.375568119
49.6853798193
835.179450068
936.9780035
421.212083472
554.935213961
789.248047058
369.040067583
990.032759574
128.505889983
128.635860158
257.763892605
498.913413974
42.9096544878
800.643030715
742.41262153
703.54101022
153.31715632
543.340882181
465.394842129
705.795329564
423.956517102
121.299581589
703.410088936
486.932959771
929.316559661
558.55796759
68.1545832746
662.31802512
77.6007946934
888.471000851
101.350286633
752.765127194
621.76788407
289.784932917
961.920454667
792.486571848
112.086609411
721.562628426
115.386061317
345.869584924
307.373650498
3.78338030058
69.3917248288
85.7621167991
854.041453068
781.891075792
853.167256622
747.765933382
836.834063093
57.2248639086
799.816060898
15.9937833586
160.046819093
329.311371323
854.244869252
986.646660403
706.537519602
602.591169134
105.783474582
572.495939252
257.109877467
146.153780984
493.171654594
771.223305674
501.245357188
505.871281528
396.874573418
196.63364922
938.831630103
706.521109764
37.3192010068
437.398739613
798.360683848
18.3074800414
670.250751645
232.879291536
649.433535645
753.399540424
230.000688594
754.163421801
595.850505057
360.90422446
161.691789431
937.939278938
807.27925212
542.25275572
531.403364086
196.405170599
206.855307286
483.531305787
920.089601967
744.055559059
938.552857454
495.895425573
479.557963163
143.278286821
159.766528118
901.67579243
371.289408741
356.182173969
430.844888796
753.192321771
118.311432237
482.717698239
380.575654867
63.476867758
484.051931625
246.878043637
658.473343147
876.591365892
877.743680748
323.447669755
759.835561358
660.307531445
455.417672783
712.03238975
748.191028074
506.625827883
95.1213056472
842.527634364
785.594652457
432.168881116
171.275769686
455.712927194
413.569499169
545.763223653
727.776669089
180.46757643
194.596829393
300.739147064
766.482247703
724.775113591
285.429691844
499.551151212
877.459978033
418.071906417
149.793001097
408.296639575
50.4042076186
622.859789333
760.349521262
664.848297554
120.01163891
51.5926637146
157.952951655
390.733012533
245.184122162
176.57977989
733.178850586
5.80998852136
305.789249567
839.309507972
95.024532334
837.641727144
798.798232917
581.993347001
680.250110892
458.259178946
105.353572091
775.324652853
206.193706316
156.910866401
534.043125797
375.698594957
712.208136508
161.636188585
644.004783779
124.498746182
331.736083027
61.3019353283
257.493073648
63.6239921547
446.505928286
219.305969443
145.489910656
196.594067446
62.0833570119
711.024135707
266.758850905
514.647506076
606.470420527
965.22564727
931.277761673
231.39216413
643.646563462
165.909950013
161.796406257
634.736373186
977.306579367
776.317096027
393.293233226
927.394299376
313.681511181
273.059809833
478.679718256
394.956519562
597.22619755
32.1543983002
512.661283576
807.529563447
205.507111251
445.155928906
395.742443408
901.378373333
729.679455983
175.862733614
474.934917152
852.418899567
397.455225524
832.357983224
886.802653193
804.825107432
447.244945027
840.963172511
595.529900863
452.505543751
706.007495938
336.128547369
68.6540866754
339.823241768
365.929727084
334.006596443
892.433749824
32.1992918006
774.477831004
704.928233156
274.174563652
658.82641239
927.018155844
694.64352679
886.971689681
732.393219863
608.981659642
960.715147167
204.241345616
919.161128732
645.749173993
215.719899415
693.943852277
643.355365332
528.659191454
577.904804663
654.39482516
341.647127071
439.457023465
320.09954423
273.013605765
426.071003644
673.835089125
637.076705354
162.710448806
574.09095654
88.9654513813
6.56962647995
466.707785305
367.48615413
680.122535966
969.225905474
103.724387031
529.723960268
663.795382863
767.281816586
316.725516255
917.534848399
745.676931738
240.964973407
991.043867947
608.03847012
46.3638237542
582.974777057
151.361659312
719.347894002
524.055371974
107.890541641
514.396694639
130.33586543
382.006866435
618.079376503
437.543484504
301.4341865
945.416858001
291.587635914
479.246935866
983.916464839
774.510663993
100.1931149
833.101041923
320.514048467
785.536364153
49.5933138578
248.518136377
934.992938263
884.6833848
46.0865778337
202.691500758
112.109992889
457.72773233
550.587945697
830.748200277
734.747623502
803.860777798
368.868695732
898.448675031
847.164077414
525.733044016
562.055891002
8.98452943505
586.487752579
4.03903225253
942.232263531
974.982362658
307.550293607
814.612397229
605.96983305
599.324075599
898.251376193
561.553939229
648.368845542
715.442292005
782.185774778
844.254480461
791.599821656
184.292254501
625.975793161
109.446697599
839.221069077
811.484523505
297.904937509
802.516863861
117.586591996
835.603087219
219.048162571
305.749713928
14.4013558534
970.096341853
655.075029212
836.111974257
6.29930050893
632.898705145
517.291138814
159.73551643
343.91848251
43.4193416116
525.742611559
231.108568018
815.296643088
102.710122552
586.340528566
520.09894931
662.464582571
458.364740567
663.378228363
706.128156834
37.7967904212
860.794939206
170.632785881
5.45809532663
685.420213743
3.03517077348
586.129892492
951.843724966
176.085201598
781.918819437
215.505753411
762.313692173
488.593534639
940.132326518
988.333875038
501.443523195
971.061047723
621.514107812
147.36497991
878.32695089
873.456542207
361.981562593
605.923255944
487.678180276
650.694825705
175.37641883
645.833104905
426.025754229
119.129026003
793.801003875
567.830422765
580.163665585
935.977107657
759.033329212
719.9769662
392.058808823
416.436608814
317.010207598
479.029710198
580.561327335
788.372120101
91.9646825301
174.524444497
493.325129777
800.956625213
273.555877422
748.366502596
880.7075362
573.125388024
267.557254892
842.959285925
530.122994755
503.541478832
309.034978584
510.70845545
607.345497953
380.979119819
635.660195326
603.662414215
911.153989766
846.534208259
159.666963984
204.819630361
335.243079512
70.2641039536
480.901186569
511.458002494
704.526898834
412.346563814
296.681150942
606.596616711
107.352916877
896.610772479
125.064317118
239.644098387
994.479161124
983.37121538
684.941994109
808.253450102
41.1213263846
514.04367126
364.495494788
536.87496713
943.477649145
507.847813254
823.026766514
848.065535539
50.8533908898
698.816989322
695.410895318
659.186877519
818.996043061
909.522805669
121.850082562
379.859947236
127.307287709
238.375421042
946.802640041
669.412907032
920.720539575
684.100575924
348.494845927
546.545586547
594.501459652
221.241989163
551.832521495
448.213200305
277.680350292
898.017393062
751.252733199
979.483380092
251.429092117
493.776062361
430.647072514
449.55010278
683.222455968
397.357873592
463.598882737
660.135421347
588.732608616
114.918887403
935.876864204
724.88651896
864.702320263
986.378439557
596.60713796
798.205599223
369.043213043
460.23013265
951.158700084
175.126221197
183.503658391
34.5057955592
808.651894394
485.868140161
182.699639332
7.29019515526
265.918291171
506.526363323
123.095852947
966.780858889
78.9807213577
696.273420114
125.14483297
163.9550429
468.984817063
635.235720446
22.4257420646
32.6317723875
104.113101107
836.007857612
975.374133413
308.095372021
348.644318358
164.623642929
711.905267299
91.5623704004
186.557444998
138.029822013
904.237766502
953.922294392
623.269458589
345.578136824
179.748508519
154.658009906
928.691268498
680.27745245
287.334627941
845.255712233
101.844800115
93.6809286608
933.718384761
591.326150602
424.267611659
273.96400382
3.39850973387
70.0967149702
159.34105842
72.4031044925
756.558838809
645.735817265
116.718168936
612.812271253
85.647198095
124.411698669
439.47665307
321.533569028
956.272803034
435.931589349
494.909394023
38.1813115209
144.61253791
62.1295005267
227.852287879
482.741850614
974.74308021
48.5312524067
519.472547278
301.670035679
711.744050368
291.01461345
332.665423152
641.666164071
412.699870391
74.9218342304
798.951787488
50.4909978178
823.916332104
846.359544623
110.100850194
364.533157218
43.6562204677
983.527114968
951.39501674
466.935858399
245.023910218
795.739919429
946.777171771
732.425245867
243.976289719
922.99571297
483.553023122
772.10044216
316.024936051
659.441409451
853.965854479
408.89977218
754.514748427
69.2786606541
340.685209093
483.126118351
456.23819143
873.253688249
544.700878277
47.5545824971
315.674395832
415.036293041
292.955982307
613.349637749
484.075423506
686.676850339
591.457640328
769.725035437
246.746740061
976.995640609
864.128642735
849.931183381
848.334863741
437.845207423
167.327196603
602.071428932
797.544753566
137.357160129
866.495348065
755.769039729
488.682466333
718.352864285
294.807533766
190.947773576
699.977987121
901.627699017
565.764943692
122.619447511
15.1350728744
575.408603779
327.137056492
131.190963926
824.609220352
171.380677302
834.352605178
821.90096191
184.255229059
840.908173162
316.260563816
837.241153854
952.443951764
22.1785490344
206.970575599
144.756620744
638.693025019
161.030660628
950.348023969
754.697735654
427.921942893
744.157162688
231.981617868
868.396257028
547.191643722
857.931667629
904.157201181
406.403340254
978.121527666
666.858568671
826.398693377
284.138307373
59.5926063991
523.682107399
397.611010545
440.049973671
805.990526824
838.384818914
700.297923639
202.570331586
841.177444756
147.835838655
804.858215741
130.821772199
278.648551999
163.592479145
673.589030221
226.65096779
146.170363934
675.517609573
371.159547512
590.883517229
399.644538162
60.7076441649
958.444864623
304.611086081
21.6049566501
789.975868542
97.157101725
818.580132775
798.434346571
387.329798481
147.908293744
36.4003686339
879.912891883
37.3460462101
90.2000510188
277.574076855
732.242846844
677.195055353
446.771317284
274.914485266
568.104814227
770.709662004
507.192740223
297.828710244
