850.564937858
463.455344869
509.755849015
37.1150552
170.470742174
885.731718519
669.314617566
455.869889543
704.606902892
711.488831462
47.2617690679
1000.9408358
917.668628404
385.490303766
436.632146653
938.547014305
207.249111665
217.936523262
479.564720233
354.194209506
868.85091176
347.049049042
346.497493993
80.1669136341
454.578749503
926.301043634
584.366232247
535.737790932
197.513290612
872.5916985
84.041816767
828.150948833
323.310294398
148.657204962
159.084299386
775.700466286
460.528758787
430.160565951
554.618732148
408.303463836
782.776786723
590.352774399
819.12371345
320.7283494
914.47167933
425.044043903
57.9561817784
826.016124206
938.072733513
664.113439505
999.922272308
746.809520703
78.1733376855
103.154967005
24.2765089757
905.245228534
638.95497498
932.405731376
917.901468713
729.036894914
273.609974899
18.2147613574
525.352688494
42.3050399535
234.898395746
713.638109699
794.018583963
467.908442266
92.3818789705
242.174815284
938.524063888
581.475702713
880.570240505
247.492948428
3.85038893336
446.156449346
557.058972312
10.1885231698
281.86385461
811.793780514
622.137172335
514.671357566
870.953606042
815.464609577
718.566410238
685.195070772
442.428746648
129.292277059
127.958646647
546.726546028
635.245575821
899.278543918
113.629338654
293.855927093
53.4843934285
951.290416232
416.47355663
130.42259131
475.506805673
576.896672545
814.537199057
848.995608509
471.34345643
116.785417108
218.05321888
333.09960649
553.100494309
551.236889458
333.415980699
107.904059253
896.75622796
924.918543648
781.990046406
5.84189281931
652.767140102
69.3996170649
660.399357966
708.109306523
95.5705023721
2.99456665588
277.138426248
236.988715936
762.352547854
909.212410565
625.272341478
399.106891433
483.539823293
698.762847318
133.431732864
763.080697216
195.522660318
269.798852069
384.444634802
101.624671161
71.3168701496
758.476788291
259.272285637
940.738833165
707.301780424
405.403577753
612.94875697
640.290162229
267.432610307
95.7203695918
401.016831628
606.93623899
7.69002370178
80.8620694478
85.5635511716
726.067477308
150.931966015
463.722086374
826.924069391
9.3707992
973.304146494
190.497894595
986.6446871
302.777370357
939.48544239
500.63897149
529.438544873
860.946736162
738.273747571
592.15579118
305.614990608
887.689028901
757.821786911
80.6341092567
149.053685085
303.388491409
327.566520402
321.642296696
384.838898397
755.429246884
899.527644016
722.396015387
754.60191871
682.436564798
232.784320219
85.7832396794
454.405784312
366.53188865
307.247953892
152.347622146
433.310815639
43.9262687663
811.586826914
22.8835876532
193.452228265
793.259502601
598.489069093
242.294091146
808.922691366
72.9285240578
875.729020117
17.1569506629
789.530571227
496.502839517
377.410862916
673.266772741
506.664446865
308.172491212
837.85011917
996.187412126
331.838702944
712.219268154
695.213269656
388.492606088
778.799727479
482.301863267
84.3867363626
326.154438801
716.232110697
497.8420653
987.177375258
721.267737085
203.794926812
321.918084938
979.081432048
447.290410203
827.543906227
405.560825622
887.099085607
673.476252737
802.164222594
263.55676749
341.038546957
632.227315354
823.095686334
558.384748735
447.119457293
548.5266859
217.092757652
181.882907706
550.993553789
311.179080476
399.866185134
738.91407148
640.809192776
68.8557661151
728.532779734
273.644824558
193.79327602
127.48253074
522.455408881
871.917532854
767.268918332
995.806975662
204.604230975
551.124541881
614.090715806
292.709467808
170.209167487
443.577160323
121.298787606
97.8227094825
553.876792831
912.057900581
426.10847096
946.014672185
914.585341931
790.500705956
159.232773312
488.297719144
312.293105685
285.070632871
156.190662256
680.287304244
36.1140541157
672.920615442
926.667464138
862.159388409
579.309510583
508.909351978
489.398965577
798.697107189
328.314649832
675.289427748
819.818231028
700.083933187
526.020182837
631.769507972
693.420336038
927.926161183
673.491849909
599.160032006
153.669719827
43.3360455863
456.451802971
23.8893625388
329.919151654
176.439413081
167.510690201
22.9609828103
355.879122613
982.047154013
733.056144983
351.664557173
249.394107723
908.72075285
417.931599338
418.977978736
582.735726027
476.12524187
872.538168658
294.696390886
410.051989996
546.659588348
72.106741031
877.537327414
96.9411999418
522.06555846
499.320217925
451.448593654
920.460496941
438.698825935
533.612814604
605.692636495
51.2550990054
281.743357914
751.865061974
150.611583009
63.4125412462
467.291284504
574.32882939
357.362603326
912.757963837
733.80990605
650.246608048
264.141113251
607.161277602
272.388384419
739.843450976
65.8102737681
199.873294167
865.160749285
245.885296043
328.552845817
936.030191597
470.700521683
177.097196153
472.814165491
934.539534706
228.422799248
764.038306636
62.0810756706
801.108951476
835.921495833
575.807844497
497.88501074
20.9471095178
278.187012322
735.39072047
376.465690733
933.905957702
956.948126065
356.093525535
550.654620282
221.909489013
762.216533483
515.949802614
835.808537901
255.092186224
185.636735218
589.070328991
944.178878236
442.931693105
720.974705944
253.052182608
926.521866111
74.4006558774
229.75101837
518.150923404
270.048766799
184.504589797
829.85693369
898.214143622
364.780134231
258.301352317
575.432079409
486.271761282
679.457793851
862.381020064
709.49910787
212.838023709
649.315592211
23.0898558687
845.643094698
993.481095854
599.992942383
6.43951541415
563.486160356
815.85381478
900.0438419
76.8476720112
86.1113369295
468.31018844
63.2318044797
682.307720756
813.112046123
814.550198086
850.335838451
498.674153057
467.691722176
474.950462044
679.874711794
813.942649853
652.02801624
553.708908648
790.546104209
60.8032225547
701.355361954
211.517068841
894.221635159
158.517930064
292.253084827
239.823544945
640.950124255
550.935686987
419.728000228
607.139135905
15.7246579189
615.062860591
810.258733623
657.650060797
157.303511478
746.134393009
962.235992323
343.599372453
480.288717119
527.65398693
434.393338125
7.80778694793
865.113993836
204.388751268
811.972016305
59.3115223761
357.99386807
174.515022813
745.917250366
826.915414558
126.055555912
723.29130749
505.298330464
52.704772249
865.945669634
765.603932906
346.690298296
337.808814662
517.26120745
375.991310012
507.732910991
823.967938458
807.597819615
242.230049684
955.8602839
159.991325616
867.721871294
919.227064239
872.153702416
990.716859209
830.278884138
469.189472228
4.40102424233
622.805622715
128.148890757
462.446856085
326.416292584
34.5638027257
691.116664336
929.413941546
918.980855891
531.17017889
81.342082787
281.445419616
325.1395501
528.708984709
698.046350086
642.761623125
772.220938102
798.804262504
801.732282379
606.915572958
704.383217139
746.050601302
59.002374579
121.096717254
322.303154931
842.205625661
445.975177064
366.89630722
928.392353727
178.074772551
262.408239675
914.686547552
247.135307105
340.909543391
950.158683426
919.499674026
954.969583776
847.433601571
743.605837989
582.873142817
775.502682781
985.090771462
447.620693881
728.598569428
105.818730117
518.107362808
915.614976152
557.402332591
95.5202163124
798.512789826
28.4595972872
831.574033388
854.002374497
359.145148957
763.10546828
426.177274687
901.041271233
604.188081094
598.216522794
549.470260907
169.414918528
666.84693681
549.599067045
362.607985646
626.965211233
711.155533656
241.790599902
849.474833125
502.09262784
429.829540289
73.1345935829
892.959666055
271.086807968
579.855394559
908.446155236
570.152691212
159.355249728
167.917338543
661.307747942
692.127345164
404.134205716
915.061486257
253.444325387
269.901182367
187.663447277
263.729145062
342.842414561
308.993756075
848.238849939
867.033313166
463.786698606
124.4333333
306.07624843
256.852434822
85.2588804902
950.953795836
56.1392506594
673.7901571
733.401063114
398.605279574
42.4353285081
383.84390581
729.110488227
625.453334226
801.308564244
507.025452588
480.735904816
628.276944852
211.180102169
945.138706898
607.391864039
140.46879632
875.779648618
359.435039776
866.713205336
792.213866179
757.222617211
971.163285181
349.230832597
642.482084816
465.273394997
81.1523113383
328.641169299
612.476970931
436.609524086
392.739501218
670.001468837
460.561488858
188.864048783
157.56925067
461.257127787
692.217786563
410.533593238
395.544919421
659.587999408
562.578081131
76.8185170243
993.082841614
967.10479956
353.039374484
467.499652375
998.541297276
258.623898757
594.567540778
50.5488877077
994.253584338
567.448520713
240.079411986
21.683716109
875.220408002
386.394969635
133.390977749
565.204205445
756.876779758
479.227134809
102.097989582
93.650694226
69.8555280748
48.1356872722
596.493825937
95.1140379608
137.214191975
263.642409847
989.235537024
392.612533583
949.032892253
252.383719584
848.968971524
479.584963616
969.542922598
447.799683484
857.424321845
823.007855313
653.68167341
417.705167869
303.318992539
273.922048735
965.036773798
248.5440182
971.116342364
854.616865984
71.4195640467
790.055587518
781.586232957
263.12099288
25.8107515242
282.064218155
153.625184606
310.514475694
890.156419263
546.295483211
654.865079612
766.219860789
754.93187431
325.680701421
306.306445861
946.469427315
104.141942106
57.1700377969
424.50245843
303.156600424
362.230288483
230.435884821
930.175087284
381.841421184
941.392217442
989.663831449
656.739598567
538.294074391
647.524684455
118.856566763
784.82321083
75.8447386959
320.721989915
81.3350097392
892.050019622
937.344834081
443.973206025
665.395717886
763.511386557
433.576319452
67.868583413
780.287795287
904.508457465
706.202497034
913.407234461
60.6906304596
775.625014408
656.996140849
865.165860123
964.745573766
259.981348603
538.215960239
886.262173064
824.629178867
179.69304048
884.959893434
318.313042256
420.853878721
974.469127795
295.70616848
529.090528038
219.799912617
316.688145861
70.1039164052
883.325460948
424.761948931
268.793665655
127.256609987
403.242423481
42.1974667101
254.956233895
695.067112904
215.27395944
97.5635420646
851.410874669
908.941905446
687.6810906
616.115709056
530.068504846
892.530791013
330.72968091
41.5119389049
940.291372044
20.4368675916
201.695913728
510.045438057
296.863544025
121.298277945
933.224423834
78.9441103754
563.800294794
25.4694738603
926.227013114
676.452041583
39.2074985343
434.65901256
546.996974328
825.18199633
490.79345752
318.679910581
949.928211506
637.425603584
652.894160674
29.1278373821
478.075716986
23.4725013091
856.866654439
68.5892082881
559.710033801
257.360284598
172.260253263
567.610998626
473.974942524
385.225616273
495.506325532
184.946190668
222.384379213
6.43626905494
593.116683657
625.768625571
100.771859437
591.693977846
364.280537024
775.627110595
903.555375191
562.46497181
339.151169614
947.627398526
394.512930531
249.30992538
822.500368073
665.441538827
958.138116233
171.814946652
402.963136154
907.116515387
495.187689915
96.375973842
397.196513752
458.866444314
801.340474788
567.097279172
854.673948813
929.476675741
651.452125236
887.372290949
51.165268222
224.536437834
993.610321956
191.208550341
422.795762985
280.320644651
798.075146414
893.44600158
233.286808462
471.270324651
876.127950656
310.425752904
437.779714049
822.822304772
887.589241116
373.85727099
823.467014813
783.200104718
746.687395333
451.365147263
928.20391959
281.462711051
350.390821337
171.131853522
495.010364089
580.078067946
462.563469533
292.192504515
426.117023436
161.015311294
690.768972101
257.355166692
185.469991908
456.265863028
907.210202108
714.024293526
682.50268524
942.588808205
211.762330737
791.125307705
799.354741994
50.8239344851
741.680309446
585.901471157
480.586599309
944.032858643
568.566736674
934.837902024
36.8756897645
908.18013678
447.117111293
130.194039304
387.847191094
832.76222365
338.263422399
71.7631112055
430.036135942
440.194107716
214.358500132
410.7582018
500.189975425
340.555186882
762.053052137
3.34859444579
558.445038945
582.233898474
928.760023149
430.399506419
468.19795531
293.113751633
201.257667653
891.753558416
985.035213857
649.069152959
28.919118243
406.161736157
908.247242757
846.375844187
292.696534597
989.244931557
643.482512139
69.318892951
515.919353936
748.763544731
463.862308335
544.799651725
430.883078748
60.8736509835
827.259593656
647.77090298
179.974820764
366.531850258
429.493843843
440.904418167
809.711884581
183.907761303
754.084294739
299.329572632
302.022029101
877.672155527
301.409693472
995.322656963
761.139419456
314.782230764
716.275093975
132.489217821
298.536275963
414.934444439
203.112122226
906.002949991
277.23921526
343.625280332
750.495526306
48.8107522379
973.162840831
854.583388642
785.580370447
133.736462883
502.348922122
850.695750033
734.247899225
819.82047794
317.721668361
714.579111188
709.331365443
271.597877283
288.590350035
803.051617313
473.115408893
712.639741761
677.031581393
919.174810339
273.793852486
584.439989866
301.248534632
387.186943053
848.867336922
17.6406315907
923.974354985
475.636269705
880.727245133
77.3826620596
549.521926255
423.352034762
327.575413421
129.837779962
265.620049972
686.192584875
293.978055783
261.058284672
442.201138178
782.715755089
971.529308962
653.987490402
248.411983098
119.646438912
18.8504194878
487.220514447
243.88326161
562.732837978
902.556812218
410.489389219
325.594724323
194.009226439
128.887510692
834.931173287
699.888908101
448.868004911
729.263011522
527.072282262
584.557353859
119.56117317
517.965924911
77.7949564224
490.85497731
112.704107946
694.756457854
314.099174475
234.378852489
181.921637413
726.728143878
434.583193343
850.003764056
461.82482198
126.504939629
930.044379084
285.179546176
536.487221206
837.999995085
879.546694049
405.066130709
204.547332995
233.556409972
904.868295115
822.139204975
849.384074434
30.431847671
793.613925068
884.92387368
381.167207321
142.554958655
472.796760562
733.465722382
225.009203206
188.751641926
945.228463769
587.724403747
115.632642208
684.410007483
64.3781935333
