288.555094265
311.658221271
556.645238056
116.428315645
962.10223291
255.409218289
355.962876304
6.09352348209
605.623839346
614.258810819
827.706546613
187.936903285
451.095749143
281.840317614
678.787575831
414.359818824
575.073324452
855.461639266
152.769939407
661.034308744
549.219217223
231.188456418
417.742979053
75.3959970607
116.008801555
317.46811398
947.317970595
193.413051431
919.561630973
169.07305609
17.0808842988
409.800039776
715.243338069
665.989788621
104.425416811
962.190039608
205.097879692
345.923235762
489.812553052
162.622038656
689.821733816
170.102406743
468.960974388
190.226975656
555.242715842
207.274681974
388.028544994
512.31494671
616.221941347
879.970770806
56.2734723834
824.678542332
330.118463419
355.05818161
86.4305667909
335.936460158
476.54685583
775.637330131
567.66537279
582.560502369
899.326142532
715.482478538
502.581162608
98.9694435149
742.523978973
26.3090608901
826.674533918
730.7854895
998.249005698
168.842408597
252.596473393
739.396410942
171.725685884
179.699843483
802.062513049
545.464362582
631.949869905
137.517797165
688.179700243
934.26379099
68.8674647384
420.996654507
717.772196369
660.028788254
384.637970749
814.323368187
224.8523831
733.048244949
651.980553112
713.210515078
890.466183891
277.537413142
323.620587004
431.066965936
197.518468388
691.634986171
937.355693869
58.8968624633
591.207085774
976.257289635
685.781564533
476.016159079
365.161970665
268.813574109
702.031651171
440.776974813
119.800619976
722.73135334
648.768023028
961.394579106
975.241019828
217.627382362
775.599847975
914.616811932
361.028938021
424.699874129
575.027509595
72.9170888104
514.460023116
563.838491773
118.124160038
342.329623865
354.12440547
734.776309298
454.656392556
503.582783062
302.91600766
643.430715113
380.642295401
230.810260659
440.649675904
214.630544065
570.524906266
781.865097747
397.008203371
416.782884186
755.886813047
320.910926513
450.050227888
139.52095138
719.926633664
515.01174755
751.131859058
323.072817503
900.820540775
544.69033602
331.105942552
972.355168864
337.971580153
431.942565672
961.553975268
565.471570275
626.518294487
873.916728387
586.461182903
667.196199002
572.713248257
580.526706978
347.135458703
154.849244036
944.029928841
78.7176519204
88.3692456277
724.655867336
533.770159707
915.933390019
890.30831756
500.686706382
115.416716421
706.974778414
254.084261267
912.851582538
514.692420939
909.79331124
252.881646887
407.439632969
794.191016115
488.07657786
563.651041364
135.520570636
312.221442702
955.865775148
383.432658186
153.503429498
582.424882899
767.273190884
906.185976195
264.842836413
184.968811792
12.2760153195
508.60313589
82.3447087572
497.616418587
306.220617124
372.1660322
834.979619115
263.326458191
531.707365739
564.746989511
879.921826109
635.213890187
743.246095655
817.134586726
512.465924601
385.514136926
762.381933358
944.757991829
703.257903523
375.709547345
768.4767454
810.519321774
322.882811169
949.941333288
426.547564744
127.585178479
341.56380496
5.35487962173
940.874379033
540.822378777
161.062641002
311.307975587
202.977619069
921.559140008
360.55901567
453.36116003
510.778599113
726.888873556
581.625589262
436.474402158
245.38563334
304.900166695
320.005596922
682.232936459
242.610675258
756.820303972
679.086616177
579.182199555
882.229966178
0.357781945213
238.785882726
913.715188244
242.671995033
477.490669526
18.9024338761
852.364158854
766.742336673
489.273709827
344.043453497
381.793142119
928.389081593
133.893219623
782.64490849
727.605387665
98.7005611537
32.3758475413
719.03535591
858.417516592
930.556353374
378.65645614
507.794245975
880.386553441
877.097132893
237.274501298
68.720102906
732.237296747
863.369971185
573.191729619
885.382153628
223.129472216
748.508226505
384.63388082
63.641910656
587.015955945
870.287990569
271.423912941
815.358044159
992.24616752
807.381794607
765.364560916
591.218458013
472.956515311
39.6839671433
558.51186136
895.83793104
798.326641958
107.695267917
411.525344776
35.2221785203
950.292028207
659.591786548
578.258905916
592.202803924
953.771803447
535.198933268
900.686352625
339.907074906
242.896325415
436.572582403
650.682280885
996.437274887
982.892537299
119.412935609
80.0193159996
507.297213903
502.638396993
715.788972752
146.822948366
341.790273263
240.138578925
978.477773979
575.571715686
549.679677562
651.160091632
596.589696145
681.682636851
926.331359337
798.000981576
736.08991896
876.898028116
310.79543179
913.105600668
426.287422325
619.195795295
67.8814327627
852.947668062
526.341890542
929.636721012
753.189576401
542.281205638
473.372006804
822.699368544
416.130386074
989.443988342
1000.93410279
636.959204383
332.670257233
4.57624547
175.159204326
59.8779541127
963.662428301
810.454544262
847.420579468
795.515274575
437.285773177
846.519104105
440.230425722
698.747476763
904.972033255
492.541034521
402.957458376
892.959124612
625.695187819
497.060066917
603.509978363
319.233646164
786.78261892
124.061549447
656.020724122
889.722717392
349.252621241
787.31148057
543.30174748
975.176539048
52.834700972
526.512669968
763.137327577
477.259405761
452.654771953
274.064366265
609.9707773
543.416376725
987.56841546
478.194501725
908.390985683
752.846478155
106.486766278
81.7474051229
677.565507015
616.74466365
359.667619479
791.629989134
625.465574176
768.753248175
330.19348801
334.320267484
491.256271426
97.8652551552
442.291255155
784.130895892
12.8789645935
366.298697504
491.797676971
934.471472896
366.85174823
102.329676882
667.273535409
37.4174723054
393.874257628
77.1834661139
499.742274351
128.57336772
796.607801102
879.945397542
471.020388713
9.00470424205
996.525958782
115.874117108
726.698723176
101.765116441
794.142488198
114.143603207
700.850091234
457.465217427
846.979931411
160.302096465
953.757092602
920.0290711
174.608520498
161.839954452
650.634829028
153.672426576
392.501215052
31.4491202677
190.463839014
496.336022768
784.142643005
905.049046323
243.260105811
788.263782217
764.909446558
601.382984244
154.09171343
436.219218668
173.870005005
351.119899235
796.272232852
485.651259637
345.299590185
115.589244813
587.708881504
749.866999333
627.372497717
110.349783951
764.54067831
390.342221119
690.395437006
815.399241484
699.165608679
652.334219244
629.525679109
930.765428679
329.301541571
610.584783466
43.5721944404
0.986499173596
374.763595783
226.037580933
252.530894797
929.561891333
337.015367962
259.884869826
631.760610605
829.881618629
472.308557266
83.4026085321
495.357491467
465.810225758
65.7956544806
89.8882854388
51.0942022778
287.29316859
830.0386716
97.7762092252
449.175697183
388.930377732
2.20477406943
165.86073047
892.873328843
508.124519334
583.939558345
100.99927413
577.912827584
894.217478918
796.981423469
129.131823477
465.801155914
779.229045365
341.830251214
270.81441061
216.247875073
561.044391042
288.19668981
433.948546839
466.428259244
355.318624368
600.967928224
503.230594367
507.160693899
513.405042978
907.294180225
867.757913296
54.5656554218
436.96071279
420.321151297
276.819263837
980.765961491
99.2329249031
234.228813049
873.522220202
631.450072378
944.580860067
422.435449897
627.647386473
992.292033407
952.139196872
672.336249235
79.6128511615
134.134679065
265.653315649
967.029448517
35.6192921568
346.858046608
5.29329477348
390.910138336
372.087227017
615.951207012
233.251402405
748.680718549
286.030768555
546.808974551
57.9929547579
550.755454356
473.510900094
341.565908007
670.093426108
137.580024907
53.5346058589
143.260575547
13.1391863367
107.249293448
744.928822879
801.542149231
634.704900388
40.8705941073
39.4053986913
683.566613576
683.070881846
804.324667195
232.138848303
17.4401998863
55.9255791412
535.105088712
898.706663857
872.434233997
35.3172418358
979.191505738
931.436688453
705.263311393
963.581072617
11.8895728204
75.8423201989
319.495775624
536.139567784
243.02556824
211.642067775
84.9504992435
754.711364849
488.416176663
24.1734735931
459.670444392
764.412426563
438.309428216
668.446219891
159.826972681
673.700808222
0.110896981207
420.497656638
776.977646211
536.981208589
879.854260125
517.38810002
913.916464566
765.820275491
500.743650672
500.720495481
265.327423493
703.026082602
776.438108391
151.367577563
503.07124646
175.321380058
735.366379164
612.111210422
293.112301473
572.846265144
443.169088692
62.7460810608
248.357948135
882.240685252
274.61907588
849.980475404
243.560871416
604.347513473
934.137836215
361.261831849
44.4471631219
815.862785218
681.9776182
681.969406104
977.971651915
467.561151655
399.578684979
674.978404157
977.168724745
702.435719812
502.081143873
353.083372323
204.940626401
461.049674674
710.086252998
631.652290643
455.063944792
794.054751544
754.899326414
995.655059965
456.801696253
226.434995064
114.025076231
657.882009916
972.07362843
112.73875841
704.505364191
204.337561538
988.87442828
783.184718168
895.116224617
497.518860724
49.5127503825
862.034517719
340.56842612
490.624594453
967.208008713
237.729634095
135.192201373
930.0570098
889.754351837
428.106296959
876.060209836
13.3637389105
889.791438695
58.6369818659
940.130948882
613.378926634
322.915872518
471.345468136
392.369454765
618.605500967
49.9390635573
331.320396165
455.204038925
957.581559395
531.444780842
839.774768693
643.997522376
736.895072288
98.9903822434
986.844894777
32.7986042834
721.736356512
642.068944016
735.502825565
611.123367954
373.228807888
73.8407319487
407.969883025
302.704999078
247.457626306
775.006654645
112.057713597
197.180726549
897.835577728
746.804728712
166.156535096
673.466991177
806.758440828
88.6520125132
627.85566987
393.635624822
468.607872343
586.977199266
295.597970995
454.166870506
870.780853605
637.925199508
570.080233304
313.819006199
403.057719209
150.749323069
691.741570082
229.643882222
607.409856565
858.742890492
759.697422024
163.32999577
954.705936624
503.983152257
966.377860438
482.142647913
985.638632266
368.785954665
957.465312534
595.46290544
105.652754308
86.3474313316
633.167394498
682.120523851
871.639066588
571.72538696
510.701215134
354.985848461
806.383869831
832.969984498
507.665966028
695.599898795
939.950856859
626.839132601
224.489192554
464.464694254
622.878773485
798.850264087
364.374881836
754.472056963
29.6908919511
263.144588664
853.880190935
500.200614541
510.781279076
510.604299951
357.28057428
220.252835789
840.017093397
113.380782363
622.60157594
835.121189399
564.25010613
771.098055349
459.371855162
988.487169326
274.342245161
87.2877350097
238.010250368
599.516377451
333.895193666
812.61549813
523.936125724
916.447054726
73.512502924
321.099841034
343.495705591
676.703632556
614.129502755
67.7547192476
568.358093087
188.031703883
668.104878335
206.64459618
637.13208875
627.238835607
671.422474016
366.728628064
52.8694240533
675.869716785
93.2403570537
172.711226198
140.765955714
581.599762369
941.153522197
472.270642446
289.933097364
518.445538759
856.744023247
240.187337016
729.082851445
740.718510989
49.8797980067
141.857390959
427.380363285
67.4723806867
845.503119536
197.329813879
191.357711176
977.420412054
978.493564693
430.058111791
889.187982637
183.100492999
668.844252784
268.109534404
312.187562431
722.716191551
313.200059224
513.04972575
245.50573838
514.595728428
491.673116578
907.25694148
402.674320618
982.152792387
395.537834989
10.9524529519
390.768199928
151.318048564
280.37163983
789.612084425
646.058621263
293.120585892
810.644715784
798.961796742
682.3140573
771.133054118
165.956099015
573.549004769
557.53483403
54.7901020011
434.425439295
912.480134808
312.560464756
601.134833513
271.727469348
247.26636072
49.3566300372
650.252039719
69.0479943442
470.594319268
458.817877883
292.235744906
986.051030638
212.796898743
589.778298483
156.881672211
571.389547914
208.830888897
175.5600911
200.26708707
513.153681729
181.422551558
570.379807969
974.670553478
970.460033937
482.42640985
243.35869222
334.328872113
135.415429448
924.356699732
397.157956504
531.151121919
460.232792234
174.846533282
939.687171381
631.997650275
438.583797416
992.234393038
31.10612112
903.161584654
521.650448269
908.144114436
485.002104827
974.38412993
12.5343599078
449.202576371
289.935716561
927.845032176
972.306175007
627.440973668
28.0028216123
459.787101828
323.643079808
34.592616362
698.287181454
641.356009475
524.672675255
99.0728245846
976.120524685
374.886663383
12.7327399081
50.7501927751
11.7952075157
735.704503134
366.047528845
121.054621394
278.644376296
924.286018422
191.10367538
717.2542584
20.0355579363
590.520853802
592.26025701
441.068617124
574.570244995
3.72331028552
312.12580827
517.6427183
747.499488909
508.559926347
901.20443251
962.381125843
835.590576533
174.587632051
36.1180183841
613.441517744
175.338951295
815.141382459
82.0964958595
93.6414931441
415.445845821
575.825089407
611.647066731
524.358523451
272.488771306
67.8648168925
56.2469833522
322.414358874
255.487522921
212.774662338
94.2976235162
743.804961799
201.402448148
510.426538576
895.824106769
210.083362828
731.713726878
555.268605626
230.889705988
824.137381174
159.485840095
66.3437888991
269.0083089
187.878234019
300.420531074
172.712485342
897.615050771
22.3471409634
434.29483362
488.619917116
799.584208114
569.178113331
340.080736597
557.530613126
37.4852051585
875.631826433
13.2925203414
420.332597279
186.831751273
151.306009668
873.130740333
716.694805189
348.775238781
375.948561415
715.397497646
796.70514966
705.561321971
286.83915365
896.079430432
605.518763308
436.557179953
143.853823813
283.087118282
591.403525855
90.2672913333
952.379137596
913.920963162
316.036220828
112.217907114
107.937815087
19.1467716097
776.423494112
577.163033452
423.555154237
765.110820167
278.132866175
260.80709296
167.035850504
465.553899371
922.737866606
454.052465552
684.169593896
89.5377039722
432.660726042
990.953521095
842.191476631
283.393488223
737.039941548
770.160200842
614.957531184
482.147527608
470.74584129
79.2074336461
460.316004748
403.950781421
366.632535347
