226.202242238
897.303782707
589.409893105
180.478526401
448.862879988
120.752098835
853.131171285
291.590269869
86.4679481523
513.391223971
604.910050216
951.529763538
964.062294829
832.19661376
722.612007758
392.329330336
834.096727638
18.6717665481
662.170610856
469.917647293
737.879334889
512.987256858
933.713479823
110.360826034
972.263828692
64.6879023499
5.84011563966
769.482987765
230.460515674
443.072721999
394.348977684
933.35646396
555.190269803
700.106460985
120.490500787
864.905069491
404.139525899
136.580596395
984.270795189
552.230011583
95.0867999394
249.241379405
83.5176579479
371.357709468
178.622597967
950.095286438
544.485293087
907.185660893
926.127880539
761.214943831
163.923551816
947.216501442
182.476648297
144.776527804
168.26363071
725.029181957
894.590447103
48.1511690022
695.130030381
102.335251125
935.51027352
890.183581226
440.931290878
153.779259671
956.448933838
944.940816158
858.83470278
61.5804637649
480.510321503
100.769270789
961.913029295
691.41687576
829.279459474
288.977475562
693.025430865
1000.03251691
823.116619749
128.321345106
942.38357692
641.134410785
214.776115121
388.698157254
253.259731102
277.215644755
610.956369569
305.494283103
351.518628002
30.858870987
953.549800709
382.592030526
768.025353912
252.245620507
428.017577093
652.325392993
551.435730606
86.7180853511
351.25099502
1000.22984753
943.847393743
994.746542918
211.235690138
794.163017968
505.218766785
15.0720885857
282.030319734
992.162449257
732.670797943
137.101087805
145.529255875
579.974671896
375.77810022
658.733603663
492.525205498
911.526227872
156.744144768
116.669153576
193.198553795
390.569808445
531.391478149
524.53648723
186.060180928
445.747264742
204.49784724
222.509205233
615.957162284
730.917002001
993.238224405
131.458228289
428.046808211
525.53380901
894.352278122
311.282329549
295.78060246
275.17251592
92.177414878
813.274997508
749.321185821
922.517502801
563.275875955
385.055259563
581.988372926
420.180995502
144.708470551
922.640925875
491.123265197
873.184483862
688.757060095
826.831697753
658.094510204
759.497872686
768.905424754
832.754013923
236.174027735
677.356251416
278.647066775
719.123651148
687.365570808
193.734918667
996.835302644
1000.29441296
179.500226684
334.159617107
958.737411148
129.336665734
667.270354277
630.738147219
6.41394625171
799.468678981
170.389358413
912.138268223
334.46629575
164.365824212
766.126614918
160.438505509
534.106667623
968.469729632
597.513308298
884.488238861
80.9498344127
236.919860334
960.434618826
842.162352527
952.90662717
910.787580291
577.745315455
632.105937712
960.054907819
394.116679269
640.665069483
187.851451959
565.302235264
614.1065387
776.641914921
596.774057468
707.125992509
854.025549659
337.528837156
239.925615962
470.054016182
367.241574105
655.063195327
77.5630430017
101.303206119
251.584910857
204.542285109
865.404737602
336.875752996
603.776902585
739.847692332
880.13366473
628.103524459
333.889104418
121.36504456
7.16654892933
60.2124520975
346.872292107
293.67486619
534.533753862
75.1531685343
969.398493816
465.263009906
796.612931655
319.743412299
371.736950576
160.820377788
79.3289610038
752.762400274
877.823374586
487.240174927
475.515439893
111.089350011
446.016731363
638.713378983
227.760542656
563.613491176
831.093349426
703.158006834
655.390333434
866.718610622
426.613822908
107.027254102
226.884311242
281.493248452
489.827459594
28.8005244752
494.927550197
816.549811496
740.703131866
447.806452943
719.774128309
162.410701379
608.733630091
987.108230849
17.6142834462
696.319350438
971.290932134
653.005155531
1000.76534032
744.863992807
840.017916125
843.546594802
245.538241756
314.180516203
839.643893474
274.41223988
845.455564844
215.210524822
528.301872749
313.454509699
922.966628471
813.063141291
404.550407169
114.392363577
274.02411769
664.710315329
971.245235408
327.52359753
320.035308774
957.276679531
459.561832561
823.514773023
375.969815738
362.100919941
180.056541687
519.174536061
658.776154026
440.862799683
57.539439713
19.4114764144
184.788728529
239.081826067
239.025015624
923.237384838
172.466433658
372.624687233
203.742514728
151.23560517
614.069411377
628.490228791
130.160151805
103.926240912
786.528643644
297.626390728
506.356763026
168.987037337
290.600199083
720.883791841
441.722690162
816.195564168
91.669792606
868.623113161
386.77881569
439.006875412
564.290308406
293.807115319
94.0437984127
39.1718742392
547.250784219
448.980766572
321.618517505
83.3406690676
824.968873427
307.908125828
171.221225746
616.58791432
433.861605906
546.163143653
460.125486774
759.186512889
352.550650967
250.006112225
370.581567103
939.238991149
860.058142135
543.410813164
709.769979226
915.38624004
511.28550434
855.085316507
249.922524685
615.816017265
544.174337654
342.326640976
584.362711072
459.584015527
985.578783017
307.492813181
255.166460409
477.469156804
771.278789866
807.508417862
337.693949327
340.104803651
35.4625078813
127.283377352
214.371528005
175.73607952
725.123140931
723.616377253
330.290537913
261.90051914
341.342006118
505.866008314
824.941618555
906.659679752
644.936109735
64.2182810236
391.273229314
485.469510128
400.43750817
74.5892788192
482.151903049
946.359583558
359.094305587
982.915228638
937.678028508
960.295164724
203.236305157
322.390528667
332.726670852
422.473394865
795.772367678
654.166340452
221.979859769
989.090354877
143.66164518
90.4428690304
22.4535536479
765.176480418
130.523510815
883.814823777
23.5009667142
410.391725279
529.38027611
996.089742627
674.216520635
679.006667228
403.310778369
674.52755293
280.361297774
765.294385379
421.553018464
475.335927586
689.304869778
7.9026877298
191.652199555
9.14157261388
986.467791293
221.636077009
525.142864164
9.89637344307
261.561948029
209.679071087
11.3927659036
49.3892897228
46.4063346058
809.980146559
111.744205589
139.477467651
634.835410839
350.319103101
843.354812436
822.263285991
851.198245853
176.771666768
631.936471156
980.733857676
66.7304253357
45.2139433355
595.182173038
483.377522449
846.248085456
803.003017577
828.006558284
199.949724698
71.8296198429
532.513701482
348.884162127
929.169672946
949.026016925
767.83532789
471.67901763
946.25964428
22.6920641878
559.587549791
572.908575576
824.99278323
484.868421148
326.718179932
48.7504200368
282.055971481
381.116180291
806.836257188
387.507391905
429.283992567
859.601911229
907.876138495
391.364772963
52.2979142028
839.822654189
32.5230869988
579.798414428
240.511870315
994.926425952
369.301156299
29.4885113449
813.678712221
105.526012731
840.870134569
556.976588573
243.985409004
904.779142209
719.209807781
303.256842639
516.743363777
403.691060452
218.665429309
177.636901361
959.417472366
66.1114924626
681.878541241
654.743093857
418.342700395
719.031480867
214.879923226
485.070730602
708.116387657
939.606329726
548.961347692
665.530284367
808.36002973
224.837085489
396.398357599
886.729190651
857.424334136
561.304809216
929.516490823
271.047491671
492.800119798
775.767005592
575.348237277
272.27266122
689.345389167
661.576433885
535.629306046
743.713190269
58.3480153003
520.550668138
944.139801564
596.526548257
501.717628319
893.410814567
771.635455588
833.245479135
403.456682361
202.252789235
876.349831387
889.223832637
843.535173567
135.894011018
483.431370721
68.2917888786
683.400470188
580.118289877
719.186541704
920.843455715
107.874532887
641.09813547
434.499158752
425.457759289
570.720277356
359.864506532
669.320128502
645.291357589
660.293031303
705.598302182
801.3085276
631.812695235
868.231784102
944.797849902
373.521563488
852.290342641
842.290529817
459.355493882
574.68138803
256.813345835
663.69167263
908.336070927
857.513021883
14.3440915158
628.468465363
688.968609957
703.309748786
643.186337056
88.6951148873
893.534684747
861.548535275
267.09901441
95.7070704688
963.466194212
791.854293677
775.22496973
145.055428983
886.33634023
673.439429017
841.970006114
411.388799015
73.8071838937
203.121756187
710.152785849
139.238469343
831.072424048
475.952576264
610.662339142
18.3690834514
340.749669797
553.287084893
175.606331695
506.398420586
670.792037944
464.931402745
864.881863496
614.209379266
190.022832181
659.639494128
318.520348631
449.807177684
769.417647646
545.266405014
947.279352512
645.920306077
63.5775508157
37.0248600428
940.957020834
801.753137741
463.935572585
531.238658897
335.604600423
114.222552555
688.96179829
563.684713724
709.685831282
971.441211416
970.937571997
561.164685983
239.63755763
54.4724099185
775.538182364
241.236735387
861.012664165
899.795912246
16.8946316016
505.335854142
246.688219492
238.688174366
91.631839778
317.708021087
789.32205293
730.279602249
619.195260444
650.616963205
487.444835389
491.152583168
126.66648328
171.196265954
554.398768725
79.8055445898
305.852206861
240.161009837
656.091037603
545.261028401
601.667999012
837.801750475
581.568170698
238.968828049
86.1303660105
149.621007401
19.0058711761
894.328793074
606.106267486
121.194055642
789.813409771
862.749264661
144.24655905
274.731888963
989.345859496
165.286372162
916.478879294
665.5164056
540.977634958
691.225914997
21.3614024361
2.97480896394
622.420712284
509.493246369
932.982777212
197.388234646
824.148295669
632.784155272
957.881566902
507.115413567
562.704012033
984.091164903
997.750402213
738.28255511
854.549212138
34.2629422696
770.42882143
690.309879623
89.5074512359
888.842529053
64.8363488134
415.900992856
168.416354702
883.33645164
902.551094729
465.209512086
625.596714599
75.4569690225
305.190786816
652.396469487
945.798117682
309.31254658
222.810318393
453.658054229
222.583458267
702.216075285
62.0941566387
508.18407104
231.202045598
815.388582252
466.164186363
439.491447912
452.672116052
711.537248896
76.3981037035
440.011794201
474.536803564
742.985160244
716.167685901
6.50193128272
99.9048067741
807.435042661
823.42241096
561.474584108
758.994971203
608.860632104
855.015668183
288.4534825
6.06406310358
373.354128726
676.43640583
636.954931066
419.55787081
758.794833105
478.001639614
283.680238165
297.421719521
422.361397884
942.369388403
44.7031853178
704.947484333
267.455138407
696.334018817
5.65633221312
977.735945127
933.474382124
596.176033573
56.3324662989
731.791744993
781.428357608
333.717821066
137.476424432
562.076993429
878.133390562
638.411808259
589.509003903
739.541719639
966.167866747
839.833689884
308.348692015
161.558827821
727.346383541
437.74894115
569.320907439
486.294278177
274.007428263
436.022147609
775.280444668
74.8709203748
388.788129939
720.191090058
334.289060595
177.002785841
428.204429331
712.709756334
422.538385197
855.418311929
342.428739532
929.417883473
401.66546259
861.151827
617.595596722
152.963921042
939.965997695
393.179494604
658.387957555
877.575951194
576.275779535
20.4417141593
370.032691729
976.890431214
570.098980737
390.701004257
296.30393571
321.814935863
523.469215237
720.079394722
631.993629242
26.5492228308
348.336422533
204.072421343
827.350149969
672.726288139
935.956286636
811.522058856
281.404411616
390.726505811
255.121913973
578.615366314
457.12021245
427.751219024
967.929781338
974.950516528
941.214952732
657.451131559
292.189962594
403.022184343
96.2943648191
596.092774401
739.505465443
297.890402393
38.7657989597
464.121570681
438.815728796
172.658631885
305.352273621
295.164825664
205.041179963
860.738981978
187.102381137
98.8599573589
563.084316006
526.898286875
821.714742788
807.256041056
822.609115652
542.389393223
139.976608985
107.027097203
586.935526641
187.874311505
512.827083537
107.945683379
878.300416038
477.985785517
800.803012195
360.311471417
706.740517644
495.042182099
159.031105418
712.220584547
514.894261596
268.964799953
66.9061344784
24.1830052551
683.769280973
85.434529811
824.978451483
44.0224011971
356.09260328
140.568522277
46.6125090869
676.482621526
88.5518929186
427.394937872
434.766223378
687.929070046
200.375826859
633.118341105
506.836874074
322.117841662
796.653505113
171.892423521
930.720820215
658.791636276
658.575901075
900.921807187
241.255734999
103.290251504
314.872020503
840.801892508
46.0542303479
499.802744816
347.432910153
298.327747541
297.490851718
21.6395966299
552.823079951
80.4699250779
416.113935721
720.555814031
749.544226264
250.104240896
471.333344533
341.577384508
982.671517562
188.001749204
638.570632945
887.93005346
749.770300795
822.994768587
917.19713245
25.8674987267
644.012122372
476.553503606
372.087662037
975.651254554
869.225033111
272.473685269
748.890170191
928.413338121
625.698027885
28.7120743625
997.301867436
956.108120145
386.723139695
857.299552572
245.265330339
23.5576025792
962.884731573
723.013664655
821.243933223
744.11041017
404.658778825
946.879122298
645.667960945
263.27491674
683.929346793
629.336932011
729.609069886
118.134917175
948.714470768
225.120131671
294.484366078
824.152716222
232.061873376
493.599689185
780.121297807
552.021186288
710.702499117
821.137877671
198.232996761
388.11139894
295.528997954
574.783245688
530.825514719
590.425335676
772.180902858
195.996067795
905.797752815
77.332972348
294.897112113
394.659112872
805.326558159
588.681628385
23.5883316539
604.103779559
9.00472386015
902.306588404
333.265186864
912.078154015
196.07588377
943.211080721
80.8687187756
358.36782227
760.995410779
705.609106964
468.512015685
627.128848765
913.772566568
377.197025086
337.601526968
740.601267939
946.294294201
896.63554981
16.864678182
248.801848175
530.889565569
739.602776074
385.639298773
545.554093558
967.03165287
674.801073273
560.270487638
164.753332933
800.381912439
225.051830594
86.4587959269
590.742400655
486.089456352
177.241930052
423.541352253
691.952785109
576.228119474
79.7764907896
728.210374478
835.709671763
825.578212517
426.075451216
465.491077832
413.311470126
873.808969833
377.126546952
783.601777204
316.537597891
517.674991389
788.16963079
342.026730795
657.708185436
856.789643058
56.2708290141
589.867504904
616.907441054
410.589396808
57.7715033407
242.602385555
744.322813226
292.901106401
540.252865696
