139.81845215
19.2193508496
444.400366012
201.989389463
537.887633082
296.42707337
161.257781898
507.367854688
325.429129697
377.349369554
438.10062879
657.374383568
848.816217839
350.89235314
627.911770635
18.3029853526
87.9703907826
967.01243059
249.636978592
474.070453023
342.433389412
278.950791348
871.598408474
160.426606535
604.344450213
387.485535113
36.3669564817
171.661196471
604.713469579
849.845888507
19.3249953957
377.2708823
780.39373468
959.365530337
279.835295552
501.605511287
289.727805575
157.302531077
625.650124063
782.929299154
754.13408158
594.541137946
613.437061595
740.544957589
776.527996434
310.473295559
398.252747689
956.718233921
761.712094257
286.29903548
313.843040164
688.325191003
34.0706755317
295.51746797
986.192146651
262.903618192
580.954728889
94.2303596681
140.886908636
728.782116272
931.399597089
940.817828221
470.870212802
350.419495747
433.888549048
482.235107312
263.141727839
984.717294658
106.159440829
835.940809884
491.763255754
63.698469619
605.730810126
544.223356325
364.907226238
78.7388629012
284.603944573
697.975579356
844.869965501
259.696501286
168.587169637
22.1330698173
251.314075933
118.603192169
873.199299396
697.111084927
242.998192945
815.740101891
426.753435747
415.296445853
999.854468852
955.656104472
648.324671152
200.034420967
409.400216192
592.44751701
724.681357467
382.748859257
235.894319705
18.1059101087
114.331514989
717.787357832
593.289741686
216.967867913
798.921695388
929.135619108
852.402312618
319.64444829
738.443078139
56.4078400362
750.113744406
513.049852682
998.934982036
940.47234389
171.234610107
506.335756063
352.149743108
873.443405842
152.026079
716.891511537
923.173425947
977.511225949
755.523049053
555.687754296
872.813781749
989.099154683
999.394696169
17.2593002569
158.863221842
131.710968331
16.9995554314
74.5513103217
424.59428998
114.083048211
972.961596904
683.313576034
434.389855774
520.659472164
213.0175629
650.700343919
968.811617569
522.45883461
912.479265176
7.37940715315
131.148107116
173.654099241
582.176880957
895.854551196
844.579834674
942.667620862
736.47779153
594.536067577
704.444831947
184.063878753
74.1192235308
942.14572626
739.963637739
963.514946474
221.408956773
657.960798689
219.675444629
403.938910808
223.295050235
812.346180695
274.391389106
447.116940038
761.56639263
810.321643245
451.016875705
370.3801619
68.554514049
347.630061948
475.524360202
714.672162844
223.381060848
160.801448948
908.055154907
339.254361823
921.501737957
631.970402347
256.43316863
17.4635005207
445.484928238
861.638909381
263.632427501
466.616867638
340.611039054
352.544313903
890.029950578
342.628630627
859.56447265
494.467497752
659.277879797
244.422826992
535.809253792
7.85651361151
401.166489453
484.296346309
864.688215723
710.233678967
645.233446248
8.08634075544
454.794679401
464.896269797
129.200812466
623.575706694
920.733552759
915.079061814
937.815619264
185.114101169
847.232507074
214.873071523
603.561323622
370.865305566
639.493105605
486.211214173
793.642916962
653.444311769
636.687577787
178.582266171
46.2957819835
349.274151944
541.787080972
218.564998775
806.225986837
690.651538669
532.245625491
348.837712323
307.606760744
649.900429889
484.589711498
587.954116032
419.289323326
622.123872158
435.529129797
750.8715261
598.681808406
359.276808708
469.086202949
574.044078785
346.069887968
202.087341807
445.422011036
546.694404096
576.685071737
390.803505815
312.647351824
662.721520435
134.171014786
145.251414849
950.896443611
257.011044232
696.091312329
618.488347204
691.264930265
261.831826684
203.573640192
723.358388764
232.774285037
314.48999739
505.987809176
261.759701356
797.555237795
108.076179649
41.3030458071
460.32947774
628.555127393
731.125926266
997.922220662
843.244379643
675.483176461
848.000596562
672.134821874
159.339022015
528.222081209
192.369797164
974.14793793
425.236547969
821.896788835
772.791668148
635.917741607
154.687112509
116.698777526
878.270188067
34.5098965551
910.993121594
703.400223619
344.577702563
982.067210256
898.414958654
816.037105988
635.523403283
98.8063584559
379.011596999
582.39209024
689.519149682
307.313039002
715.918209122
507.484727169
723.578473648
211.982619079
152.500308591
689.713354654
847.954661196
297.450114572
130.795348624
128.639327858
502.60889761
633.393159015
270.326921437
911.269474128
557.59152688
504.917249705
644.542004829
889.723762791
386.048870094
851.893646243
245.252036139
156.184240914
573.221913325
608.034604066
77.5629116228
742.600853456
319.647365119
145.130097658
484.216044477
408.625825445
880.6338255
44.612257682
460.912809616
408.896407656
990.837574354
341.4023958
201.238632778
550.54968622
441.074773177
658.364160921
565.777478243
860.567209281
240.572869949
789.53794268
944.943720506
683.061484946
139.43380866
928.13457317
559.638967631
483.008912632
701.880059935
610.279165873
856.491001358
436.740117478
586.684544858
88.9088733363
329.855301928
236.430093455
122.793930719
391.154986246
225.578268652
993.467163359
389.548459881
703.01323995
148.873873749
974.170372004
823.693877962
359.303734264
168.146825075
454.632853054
245.003095737
711.467186005
419.795184547
496.15479844
450.54558673
770.861846286
36.7107211471
953.058225084
711.247980843
458.95329674
897.766957951
76.3917325977
402.698971782
978.839637789
582.470021702
772.409936337
695.304370261
819.187130722
140.737147444
648.201378829
491.415965351
899.806024229
250.42394325
959.526346546
277.958547357
934.330967088
289.638654367
265.66611574
970.336841734
566.495275643
625.565750652
707.265700468
916.814598157
135.645671838
577.132504713
291.0740154
906.375669285
543.501696733
14.944959324
428.136312216
341.863403348
231.242729716
272.016721712
641.182694559
420.126573094
57.0206668425
547.809246245
375.974190347
525.552579758
678.605201926
101.972881687
331.688590526
728.855712431
216.062288349
566.837763095
955.974780484
450.250951517
726.479921499
238.342813583
873.488403602
479.038547735
297.480838322
3.21033049824
332.005574466
154.937051995
834.308784558
696.514289804
91.1857048263
508.716178905
892.862656906
48.5647728551
73.0658589894
62.8264520838
404.490527476
434.002821088
820.666327603
648.345754487
301.042202337
38.3071306818
925.737632902
223.27145813
76.8095750817
462.079351545
18.0459342864
36.287343507
379.108418288
736.738243777
91.6566122651
173.789735866
370.882323341
701.480023936
378.028098148
265.602384582
544.245689368
382.865403435
91.4465277443
183.885104585
10.4847567813
114.93455961
338.89688877
534.942818576
320.978350967
70.2845656642
618.477302188
914.737641562
658.29024595
257.166058336
391.839116009
365.664908329
322.874939164
310.415219922
853.399378768
642.316333964
304.089508467
1.25444654146
472.015650921
878.917983068
536.493356922
292.560934198
177.190013107
60.6955730245
932.172770497
186.843282556
56.9502705895
663.501351686
205.703403702
998.734016087
576.648435839
415.579383971
357.441638461
853.709924354
307.82008531
785.909400875
51.3265310393
556.866554164
631.590964174
878.968174019
286.174503025
612.644272551
956.582657632
840.872596164
533.986247927
637.42779429
309.717963461
252.210042189
412.919348196
495.188355701
297.712916991
197.105726983
340.733752043
400.923461706
976.05210531
295.815345293
553.508297935
25.3716688149
983.889410276
413.886746546
973.448623075
794.011951827
340.420838028
947.364573965
23.2040137109
23.8403118281
925.333668542
254.473787568
729.837732985
441.196117844
952.621935283
689.474043683
694.615953817
385.269352176
866.345975891
345.65356602
474.803675524
958.666910843
744.452300204
510.713812665
388.59438449
258.773255878
513.691962411
94.0822347055
278.936623275
859.635314817
565.082816535
272.632649936
656.133392791
152.728741239
613.235187693
345.607297224
503.236843764
993.959612559
145.107991503
295.979515947
422.472416182
83.2644954563
117.764518628
102.394846736
88.3944771475
524.421138172
877.529525844
601.590243701
433.355114968
168.643700285
101.074423639
295.604031605
735.472902629
531.913093853
828.548415644
633.483579917
305.862317626
196.893318733
829.649076449
6.00003375939
168.539363737
783.42099216
948.735729677
941.351541457
747.257312631
211.231193204
909.665609002
974.034066506
436.51444007
245.856187158
332.943944875
456.860420247
848.765079952
350.879740072
429.118026891
863.086279523
756.615737453
281.212101846
631.222138727
399.287787149
791.482649014
489.820145232
314.200046876
961.073580838
14.2176613059
713.550397007
210.080989435
100.737949833
796.529964143
596.999444958
705.291523998
82.937028642
178.973556021
658.502778197
164.154707641
989.340091742
694.954032389
495.565290912
166.735662843
219.453403022
180.345051962
791.729443335
65.1871419752
183.997131219
404.757607755
935.510133513
20.9129937579
766.146621523
133.877259012
421.91720832
432.942750628
917.214720004
607.389477846
609.641410651
936.142066666
670.732640937
634.277383863
350.360612127
922.224208196
895.174324852
611.0913328
302.137704144
113.591813729
310.423101142
220.274420222
366.577716406
869.502509395
360.579587783
924.696523865
238.728364056
267.235782122
510.717875638
42.27936883
826.775105929
579.200669557
363.970399232
827.643743749
312.846527244
902.683697404
991.259303523
808.589370407
632.039842025
508.190675648
593.656459444
895.335234464
939.954905559
141.000510982
499.759516598
371.844280961
515.415631128
27.2842058683
757.130590243
649.976877568
668.198940356
536.406267647
412.905314687
519.215718854
104.860478351
338.187792151
352.627363622
5.80197351833
802.838916491
592.332626675
111.634328809
24.2149107804
347.036453232
473.922130927
853.001969728
277.06230054
429.601831786
699.444514312
17.1893536766
575.666325402
746.494849272
933.151149809
693.522682524
520.448710418
922.845880397
283.80650413
750.671056136
89.7837706671
373.637306815
581.443788464
417.321355174
439.877929925
550.044012314
589.052339403
849.701080101
221.819913661
934.129627111
541.038548741
179.945436433
161.507655327
760.953115038
174.769794091
10.4417268945
332.39981947
299.785783115
169.148738886
587.537609266
625.457670216
475.882388062
1000.06912864
831.310826865
640.05070034
542.036682547
714.827443064
93.6805153376
532.128741487
238.408695484
290.775809048
535.157585442
102.867203193
112.006377065
99.1903845111
895.294142755
469.235792737
894.757110375
53.081350499
821.80861099
360.91164549
731.062871683
548.94039275
604.761702711
301.15378105
420.19730404
438.391391962
155.901143903
114.783158193
396.228202653
524.651305004
934.61285226
435.69238136
97.7446542741
84.6404953575
250.645289497
211.420563034
206.377594599
202.371909803
425.207531631
453.509228443
864.766266763
258.104086355
516.051628403
183.646498358
613.105886101
608.211270303
618.268509035
774.044845039
940.696183636
804.39514527
610.305896197
499.644171186
926.662161917
997.586883867
353.279964709
378.129014155
417.275882906
818.309983998
926.372438104
192.866019558
138.247234118
215.097155399
612.301645021
324.965260224
3.92261253425
968.30900538
866.117568122
236.151706359
226.744758597
710.48574964
908.081213623
313.620160825
360.699890512
360.654000069
123.896502246
136.51596919
598.435986343
833.292519986
542.079166991
758.496172422
741.089168334
481.681457839
461.132332492
574.233351968
817.671132187
55.0393808661
863.155229101
222.404949423
659.175232834
484.082658459
866.786305705
660.600387209
73.634667437
351.59627454
205.394873894
227.06962347
409.378453028
686.45884601
579.497157997
874.140667115
354.318436642
185.336499303
320.942244149
750.714847494
834.090608775
443.97096234
827.240605396
307.504134104
627.14274202
545.035499045
214.827515685
571.882644462
444.167720736
334.417019951
345.899989202
33.9319163749
464.920845208
820.233674851
380.998707856
609.817685925
558.390782496
989.692183533
1000.72153395
229.995365499
710.002045821
550.471592901
330.966641325
914.188755227
644.296237988
149.557402161
587.200247418
798.459408327
835.412054622
699.764075473
285.904332199
730.720581915
572.671741129
887.618904439
599.227738122
917.039022937
204.008458542
817.6176774
554.50839202
871.133244371
716.846398669
771.833690601
864.20317938
305.420257944
674.675207975
532.733203179
273.996431008
703.386000499
907.133153757
797.127579485
280.438480491
924.441965065
506.604797602
198.323258857
488.843022432
718.212888218
260.35115475
321.227072865
477.95049687
501.969995747
464.813332441
925.427683959
188.466288446
989.875104921
208.313024061
172.967098293
959.630601982
127.176675612
256.492342304
967.166586293
224.931129464
725.12811076
246.843572022
60.7781965084
655.033937729
531.029668689
393.218287305
27.5618575884
440.149129063
882.518258573
217.261945923
753.704505089
369.517635295
180.377271824
629.747177572
462.740866502
341.341379685
980.37123856
634.049549785
966.350615161
266.796779661
761.291359938
978.336439535
468.720656554
911.792256613
673.005485176
241.97575191
555.216997116
951.248130115
957.535944116
985.980420039
908.608799265
363.228147728
378.37228293
490.645430233
757.782745364
45.8255312047
963.158373996
210.142682903
637.348397505
913.790453415
359.692183536
100.268048649
333.488418546
679.128738853
670.965079185
715.862518544
649.196951045
760.762494792
263.911190662
647.790355409
381.352473384
656.240352141
55.8219875091
446.973644877
877.489180229
463.349541244
339.638678666
832.473873603
581.678502205
880.975880311
758.94595398
33.0237289394
533.374202185
186.54605163
126.471464829
703.398021601
240.369289572
80.1545974056
658.843667914
789.984032349
822.890755752
26.9143612512
35.0438537065
307.839507719
591.615391767
311.044501006
556.69055301
766.577339477
166.275180704
177.866910644
85.8053271231
574.68188269
276.89548497
769.821869134
241.597412211
1.87217611992
555.645995506
871.393114012
669.299968178
365.3545977
277.219556793
16.8748031551
121.042499449
893.880537742
431.835972062
927.228071255
841.33724709
919.132810337
401.760205638
214.896910457
507.803725094
329.203268376
588.24376153
328.007224406
