79.1701316677
812.803188088
740.773484698
408.838255125
624.507947477
108.072610045
311.753449441
458.446105364
693.141083515
613.810513165
529.800186797
485.919348672
704.625926993
416.387839374
84.1266873579
144.308084313
343.167909889
561.274511369
998.259885711
225.111054733
212.811994187
382.972870243
949.274921893
328.267003692
696.309765148
163.754867707
963.80612211
897.133276922
630.345677981
439.503158947
886.223464501
457.309320866
861.524040734
705.026065298
828.028957151
905.627133594
577.691267117
9.25805499409
369.529192253
683.776290039
410.045812814
155.587826894
602.768429987
57.2101400465
13.145808819
396.788364775
973.988276307
285.437879697
803.024039788
723.73889384
387.85463763
353.981634282
579.767816409
235.892337366
627.729621478
647.997343473
521.617490894
209.646988766
236.86044423
406.82816853
878.296147718
910.534881981
288.483029199
511.72850818
129.921300586
622.507350802
143.148041214
635.635309114
535.802472372
530.956486788
967.391810189
560.343675828
739.726516014
591.272683404
75.1325960196
824.404963353
922.582855813
368.443783579
585.24895354
692.126126345
194.636203878
470.97638311
149.828177357
648.647535484
195.935498399
659.192689246
82.4107424409
388.043135847
235.486064686
924.611081266
65.6514550481
663.918177758
544.927225409
618.828591189
506.715219031
304.562077047
543.28207524
75.1603701688
411.05991662
698.643765122
641.023258926
475.953670834
118.884371152
245.812096328
842.81612176
623.797101108
829.399290971
803.346291143
193.913086181
979.281417101
602.164692516
804.341024725
180.032490031
623.253355202
76.9289274973
459.60463116
597.950351834
1.57305877129
668.513728136
959.459203017
386.977187994
16.4510632441
978.444188203
607.150186603
933.499260279
200.184330665
670.38614956
109.589918177
745.902590483
584.836682505
862.558507275
686.877193888
509.832306899
20.5222575245
256.850673935
95.4600969516
61.2406078109
288.653279299
408.620044094
905.099505903
205.978861324
681.605582633
170.44253025
633.86783091
454.50295744
762.475750895
85.2971087972
644.79957202
745.361752643
548.36058004
268.731687054
681.391893577
445.759926324
828.528725794
60.1166341179
309.872376726
242.566256091
40.9033058125
47.7409864113
862.617149216
441.756267136
244.374612777
983.173039396
96.8885957736
671.21395546
338.893843994
762.649485955
198.101358018
425.773284217
406.368452094
75.0816839799
586.93316073
43.1957366566
705.208391784
397.480133999
553.016740125
369.078461615
71.7622339614
660.617350178
805.620485741
460.611266595
917.631971311
960.37933384
758.953634779
629.930277932
680.476539854
35.7163296094
658.278502615
730.549435196
566.823646164
496.347683343
446.511520337
676.253242314
513.746246298
577.897133803
228.542442066
613.125255455
614.254650851
34.0178578733
995.232726608
737.968243062
289.756824573
866.937807437
386.445388027
235.182676413
174.010868685
655.244214918
523.631398423
318.89097698
927.081043084
130.363056173
693.430540982
927.395500883
227.004980181
715.57350016
441.750859583
588.091543548
974.852772525
96.3014375939
644.208725583
600.992109982
145.742949061
291.846826223
462.863350862
991.573487953
554.890290574
139.087421007
549.520482293
62.9957947446
585.259300519
887.889385346
939.417636306
474.425756993
721.757729468
902.621290361
520.55456288
743.432744548
572.369863965
860.869717376
841.891460611
205.715451232
259.060184909
506.775410754
698.173218953
195.00940346
701.634985831
87.9756050445
863.452001549
436.883433315
580.63563995
439.83005087
327.287618982
503.361172478
947.001936189
8.08708171434
567.376274126
287.645250156
225.603797747
920.370411839
32.4719547157
91.2519936094
394.371659429
139.419318752
839.28844538
131.907468061
681.783643942
67.0241507806
501.840813322
968.896027946
39.9292571324
368.134004484
917.973307811
401.216165807
490.763581437
804.049219935
523.418017723
213.952229575
380.398352118
572.330080756
432.882339075
907.527866755
173.164836384
966.681853251
312.220794325
51.7419716533
764.899579441
853.781692897
828.057088057
319.435702288
707.546498868
599.217121007
918.981363652
187.602153848
806.746798229
65.7402721734
662.239375589
591.052635344
372.406546023
232.855007472
844.324159618
119.748159453
927.467067247
252.259086153
630.784118204
409.039630114
639.169140828
959.385993421
939.159389265
557.640752714
328.646552158
48.9640503074
64.5808378778
951.379397281
335.530128386
753.483140729
835.012997281
783.17664724
97.9883656807
491.820043182
308.312674265
624.572285225
86.5571498049
298.503220811
270.079341844
836.570718544
604.852166941
240.526827766
140.132772869
850.267144569
608.834723059
690.72641973
817.612524698
848.975377369
340.190000841
9.63274273003
577.872434355
681.337688256
830.559685798
562.872926774
478.750228475
110.811194175
726.687886272
641.412489641
642.519538032
612.020630435
579.429497168
609.403343711
721.286702622
878.140825732
526.904622369
254.614683059
635.930331759
856.699731936
49.9513890856
486.971033087
777.287925851
907.083121605
682.505171477
67.9084070264
89.439250794
586.395999923
731.15664493
797.334665171
451.185347363
819.487380852
745.514130275
336.198231585
467.305316151
666.729008734
63.9337396711
84.3458425987
45.2889920796
278.713842655
385.904306072
526.480113111
860.823857695
190.812382886
960.042476734
669.957642836
631.553077329
901.169532095
823.799134835
350.492266104
427.891467793
945.092649787
294.259502758
170.83124582
918.664794042
665.441956276
719.547184107
300.382846048
62.9473802378
407.003129896
512.893781496
652.420924056
10.3406160837
713.371866213
541.799684623
981.376624132
569.573504403
958.45769852
377.566859817
885.448392381
380.63877563
201.894568991
858.852265465
705.154743745
776.694533583
349.422360977
223.008173207
62.290281137
808.070815967
326.53472946
160.396894643
586.77576394
582.065480464
74.1796401144
360.192412905
99.7795711836
330.223009579
450.401439434
379.1746697
916.602949229
29.4109635764
115.839218218
246.011560582
213.036008288
761.019118483
122.274902367
680.536586381
35.2743568395
109.345747353
735.077068589
234.769960382
351.241955605
287.949962179
741.110300089
701.632440078
838.313794595
246.458936429
551.857485525
542.85013057
702.676011336
982.714297169
423.590323641
816.070058785
105.110233763
535.394288254
118.373625098
50.140702743
263.995382119
198.656272762
96.3574907475
370.889184436
356.102623003
797.740103445
703.503591573
968.027980907
884.763004432
540.81960712
815.291452601
974.232887208
18.440097115
656.627231562
672.370109546
250.630567611
477.782678028
622.198357806
643.632144955
41.332210221
190.297224721
436.017209444
993.267406786
342.023822113
896.149777704
578.749905758
685.984502372
443.175560553
315.964340592
589.614402934
282.032815074
385.588509596
118.905023732
427.512744635
798.50192013
40.7627202887
832.339727828
180.965369397
158.931900833
159.747293772
881.006017496
511.614926527
864.076054263
201.504180407
859.757346186
357.528508766
537.343297968
589.819400128
400.814977251
656.903868766
329.140775056
377.535942777
167.179312262
217.829025893
255.334848557
11.9521814018
983.546872788
955.27574895
528.429573009
449.873826204
608.226776738
449.692002454
489.592648717
513.655762356
358.157931105
1000.2310061
741.294864492
399.305669938
662.395168259
447.945312246
157.603427014
940.469260182
82.6599463439
469.343120357
278.307300926
44.6961011655
538.217126138
874.032219255
795.58952087
584.05811276
67.8250941136
895.75100882
432.244558665
628.917829384
285.806382193
733.004927129
148.557083582
267.369364579
998.464014139
380.194293287
26.0309687626
123.355411799
768.287018108
976.44016226
120.208633482
395.651200626
825.148612172
411.261254602
925.976969634
746.972627003
260.01969981
94.7515484411
238.561757715
878.836462745
183.096058198
38.4452861441
756.940018419
118.937526711
919.505514652
671.486457435
48.0651425499
982.918321704
238.626285681
989.463188109
47.3629178476
812.469120054
494.883568581
478.519671435
866.379477256
680.80752923
796.919731579
491.795381012
595.529771535
195.831197219
724.7094131
792.688955922
869.285268984
769.820931515
668.153427868
353.267463678
71.2868129587
299.32447232
6.76271789489
402.062172452
820.186437968
622.223881566
574.825181606
612.351412874
866.301418708
774.024245046
536.329864596
712.410989185
926.348945465
460.591397919
962.834656665
525.467643082
219.702179674
647.249234531
238.578229267
193.636973197
858.691486549
54.642511686
931.443217006
816.918160036
438.546606755
893.864579683
739.170917741
243.902997706
914.19110267
501.240159387
124.692646622
743.2123632
28.7252704992
20.1280539507
200.628348168
828.298209584
559.018111008
259.556550906
244.733676783
834.644221017
706.637482894
398.111774484
418.340866608
540.584741366
304.708198478
64.413299
999.067202572
684.911503186
433.859259244
91.7710944321
986.593135539
214.065345738
294.810831796
639.78200585
866.632032036
520.535325368
278.834578414
527.178270322
317.365682477
349.912194682
675.038283331
698.053267233
544.893617623
741.3227478
776.59938682
380.804317833
561.655728636
213.617199468
161.780680299
587.153771015
823.48529163
271.509242096
203.357805028
669.897195295
399.154891018
976.256412731
608.961708719
119.011060693
964.192288722
905.741125441
458.375015922
256.705381549
505.946342867
746.343946406
409.386786167
779.654694295
396.275953526
260.77219132
754.975142137
315.38731028
812.185269496
783.437106508
434.880701062
52.1626357352
698.776743485
380.183332748
779.093299414
430.221849142
749.779288857
862.87805536
434.145308261
142.979568398
972.899159826
454.055764259
848.367522655
147.625210018
682.549656977
624.689632392
779.868265044
627.82135489
345.273688621
331.93234527
161.811387599
74.1483532152
91.493796532
690.749539732
402.810480481
23.6475371573
479.721007407
836.36169073
148.921434685
856.615731474
638.198292451
369.448814494
34.560867683
399.685282223
178.953117717
185.59588194
839.77080013
68.2331984412
610.638318722
408.214177689
177.885071619
92.6648813126
713.158304365
293.497504493
456.731227364
1000.84744835
116.440141254
586.736203234
449.216948999
306.365165529
487.637633879
432.458294658
435.388096355
183.148128839
615.167987036
861.65955757
698.643593429
441.333837655
536.775261359
538.279037638
87.8916807466
240.49644682
177.203995638
34.3516799778
582.720098533
61.6868738758
198.816999807
599.514920293
332.78091896
767.624823195
40.0618448063
497.773499855
20.8683047013
224.822482407
304.888031185
358.207649006
857.960218277
614.480221222
658.467855184
449.917389916
156.535781343
1.88832615853
944.391863892
596.587078099
201.285977357
804.69395552
298.383894672
877.114228551
548.598940056
464.809456171
329.824153189
7.41118766639
276.518104327
504.280395596
414.94992702
183.305951267
518.836064822
943.756050218
39.6953655727
158.85923882
269.806618885
792.129562593
125.0742291
73.6638175565
946.539944691
886.562892812
605.476885966
413.277501057
568.50770928
149.194356479
405.747952538
221.884991054
896.968692793
132.996111321
119.599507469
164.084980736
650.011816001
427.885283078
211.655828699
806.506671985
782.937272768
460.621492368
127.391245633
281.808223594
378.091935421
50.8309247724
402.544163389
370.111233153
327.306670987
983.456404172
647.628362165
223.436379325
443.574536001
208.350465319
430.115176612
198.109548455
698.494323627
143.508454616
686.189391926
489.784210447
573.089974191
727.936188728
941.858779925
214.313508101
43.233164352
322.059658745
517.742361468
772.743742699
156.731484638
836.086534873
664.297142765
466.597089354
37.090421139
438.890729215
484.892496717
726.030802318
650.540147525
334.157681697
421.254022689
120.562790698
145.384665375
180.225264783
479.848231148
299.562128484
187.115585774
600.57815877
444.564304819
348.730115919
406.000954573
466.799381019
250.239014864
634.432686303
258.841291554
924.219831851
98.9773619037
285.379408059
358.763417878
539.805445548
165.890037368
709.583934824
671.665865296
795.144479169
364.521843715
837.624396027
602.466280963
778.523475354
292.464292243
97.6211630029
382.598183045
365.712241717
125.481618228
982.497135659
935.036507872
369.471566924
966.693693844
354.158264626
371.519213123
136.907930441
988.194898495
52.0974811163
428.548751962
406.914122293
583.737966105
908.885957097
842.896445671
288.94902548
684.535804891
480.723492833
37.214752401
51.6897383234
320.623028504
858.229744564
921.188793545
889.572401848
902.829872927
622.015316574
786.001004385
191.191128196
554.134602659
113.96156442
137.081393905
516.024196161
855.244304044
121.651645112
210.001135752
600.618536409
986.780157443
669.65814693
916.626892748
35.2871388467
749.606872006
857.286135529
755.271086755
238.329450706
874.997975064
755.632022948
355.040973904
276.191825315
813.583009284
785.393479986
7.13021022033
327.854817886
32.6926143327
552.308126206
720.382461403
82.3594874805
700.185191894
439.776075353
266.305401908
522.770262258
610.307919506
487.220778848
534.939035008
267.351803246
658.608918733
275.210362231
900.243341347
415.338100894
913.56222975
332.461259948
445.131409721
96.9531423494
102.073171909
556.814464901
458.722711138
225.866791595
218.430703053
157.311704812
951.079281221
907.842003112
424.373577273
110.746533904
476.020054685
551.524248573
906.841960218
974.925365762
487.22686115
867.311523575
85.0251572375
142.825415264
285.223539369
666.263078611
120.677052483
47.8660160259
712.560920667
443.240290001
151.417541393
573.86138606
26.8280448787
692.295448963
949.307939698
364.116226391
417.673373846
403.374126788
711.573926615
482.423374823
757.459064127
288.773805097
27.9774918693
459.009127507
402.417900328
83.1381776188
769.571715836
456.958070437
677.1074247
327.60237106
743.16586946
784.372920612
559.46442637
822.215413961
472.621061093
786.099123335
945.870983057
602.881990755
630.103778894
76.0447400622
954.214619903
163.471006245
864.804359254
425.661832801
588.248265918
370.406489686
157.890722125
405.605414378
458.023937192
122.762763768
905.500637727
357.955691197
