589.374048764
780.865352117
239.563853938
333.459528318
155.40639933
822.678762172
759.353607088
491.346784031
125.908592995
792.82127834
875.669357146
554.658122669
410.93044651
982.161164259
124.847441581
654.310681924
101.177223769
478.257078696
35.9044364469
177.867925301
513.94841492
689.854103895
471.794109532
188.159291585
940.962196768
760.330240283
500.965284947
535.057106756
687.959586809
119.688278533
897.746705527
572.384280311
392.184496459
299.378260569
846.570664988
392.14120024
314.983564735
682.788694075
468.493353989
948.923578696
272.990833994
308.274716145
314.777815682
80.8834721814
883.503510641
377.25752528
825.111715465
82.4615703537
743.908886026
426.227956076
151.48322463
22.3881531706
14.9476808818
166.689038855
626.862955892
384.373115298
367.275179648
735.571735186
981.869490607
448.417616496
162.990503394
437.878686283
28.7004554241
576.957695449
452.888869437
557.451406005
419.864860167
424.810877307
298.197309661
237.495344814
984.633588853
603.892669523
298.483367044
611.607705163
747.261782891
851.322719994
546.320310874
183.792431774
205.543623847
788.66496947
983.063480287
869.906073767
988.954934013
240.669047668
358.554750298
634.874101649
698.73019845
33.1706423564
383.209645709
435.53580497
350.788497195
499.204173694
37.2112473274
811.90578361
789.917047044
134.059083934
973.699281994
775.861866723
439.528718798
1.86390847668
17.8745208381
986.320165543
637.33001984
166.495555071
675.056200991
569.540751326
665.400352326
301.654983618
7.6772469089
381.504616993
371.528466068
825.015784159
260.189651864
701.112158545
877.270914303
365.155969426
719.768924095
492.07887153
960.178616185
93.9988015139
425.065487823
760.463761011
603.728539765
756.703509908
636.130109245
716.956763629
941.328470358
732.798787638
377.170945167
220.695262192
174.800483176
705.938950475
632.232857787
837.707806585
143.261778432
354.642452378
491.233286253
323.436527892
791.176651831
152.242147373
204.896107715
720.032327488
807.377598689
512.022955725
520.728309883
950.877587061
146.995661784
756.457855679
940.839168943
188.872433369
343.649821069
355.853322608
501.929953259
258.533623705
883.65069284
795.548295765
452.100926296
845.599894537
299.233959292
361.020914406
285.809837462
195.043265599
607.532574762
591.574658493
719.978228157
735.226591717
266.134327108
742.094602378
549.938141017
640.333638569
897.013022581
657.086750525
547.551190413
495.095922222
41.6288216832
546.280300197
575.432735642
268.701150601
228.61804301
734.418853969
725.933377293
102.70781309
9.69860530591
852.085223834
524.045898494
830.750916653
137.414414179
591.893213134
480.754551101
958.564674991
654.033842598
494.140282219
228.205195903
904.018157985
422.738105547
954.560730496
926.032621647
13.2027740595
417.589627535
721.009228829
869.707040871
319.869558994
168.22001671
17.2751233284
383.807299506
913.243716817
503.490913953
215.627572343
151.693352922
443.676951273
808.719793642
638.873814606
249.547304222
99.5688513614
988.368874918
914.465165524
975.227245026
138.607490152
60.0492505581
658.089413923
803.297002912
821.399504593
474.839340394
76.4431801102
148.370113059
587.851654789
590.363199775
614.624310639
421.246945016
174.570242069
32.2749099017
552.455426912
968.737101303
294.860165739
961.684075466
305.54279508
91.7222756784
640.247452827
375.035795015
425.434757203
905.524234822
503.139290922
860.152853667
459.306541452
587.30601292
241.545560722
10.4796226666
154.361618765
970.540506695
225.4501759
877.019199892
358.088328264
259.631390905
645.379284626
2.38513893822
888.387691722
427.822590479
931.307170344
360.566374467
244.137972766
431.046876785
840.35880014
951.323462902
141.341953735
27.3148333233
653.926967497
186.425348772
690.302372741
769.62422234
646.564622715
404.683382505
775.604507428
371.015589532
154.300657156
510.914089967
803.294158006
595.921063829
297.067743625
539.9968853
972.376279298
799.503026234
137.568000297
700.043891384
202.80486722
717.184529731
465.580393394
272.490421318
62.348339625
908.196117004
770.246711123
308.516948141
183.211375962
796.233686131
115.57619311
597.77627443
629.68732876
606.576023174
364.239298009
224.063206322
789.627700649
281.474146025
971.879805357
912.088805407
435.37825551
786.160075454
941.523171422
877.876943834
549.179062389
888.757414517
284.480103392
717.043390255
862.109487399
609.417148747
347.663941244
869.676088514
723.310506602
943.93463533
30.7715346422
176.886853445
502.275284812
833.440070431
371.433797976
516.915059066
665.57559254
347.470723045
254.428943979
216.244350153
404.881827069
618.687673885
767.105124348
142.757951311
393.289320616
463.512958628
723.39148074
376.824768537
144.109086711
257.001508893
370.746642831
802.079677449
989.541759603
984.277698394
421.100324681
649.378649722
945.613939595
800.787368053
338.713278689
332.310028232
22.2707191312
691.494864086
946.036840492
933.956141291
613.474463109
140.032697244
152.197128913
617.551992888
520.7725356
815.602040263
218.075441437
750.569350473
717.417416291
902.105930462
584.692437942
359.653864094
210.365236991
414.461145406
902.846914698
547.697926528
693.942536709
694.150382908
829.265198662
189.022860392
725.584753971
998.644676552
583.792814214
775.541407461
3.85702766911
744.737076965
431.866456553
593.778887633
782.978935823
902.264123364
627.978256484
476.70275316
426.912918997
766.583313272
708.170073595
943.323509025
929.82146855
477.849058022
43.3393125664
806.463750859
642.823848034
440.106172859
336.693626343
835.94297649
136.452565036
60.4487798626
125.890311852
989.15883576
121.989024559
725.336499913
952.885498318
382.047142242
83.9622827702
435.485756117
984.783300383
126.595636113
579.039047307
332.620399709
20.1904097363
624.596241464
861.581295986
352.85048299
563.240018796
133.222943969
393.888498967
703.934639742
390.864850608
659.578677706
892.173244736
737.80430838
103.475765327
318.963066283
185.853269685
191.189677185
257.1161774
670.335302909
60.5560983946
61.6413030032
717.306467941
263.774916425
332.627465468
706.524719041
326.383205209
831.539069488
10.1560441788
300.426038375
156.789775361
180.712852886
243.34514068
739.13851436
127.482060172
241.680400038
257.525705748
655.155115852
298.92197443
704.303547827
125.440905907
825.775615273
838.302534431
352.068966169
668.731714954
314.961684123
854.709483403
181.705362949
922.472712503
660.555095898
93.6090878454
132.024874829
367.875956801
352.397789942
287.354043643
708.298613475
747.037102373
121.765616217
475.509666244
221.818539326
845.044580391
899.669181306
247.07638208
465.688983014
138.375733874
131.924150977
74.4475207665
264.255271342
394.517703922
903.529037325
775.810887425
899.093112729
835.821391178
762.585336719
882.317847294
167.454905095
644.799236983
777.609298616
941.15472514
36.1068741155
540.194778974
416.454274322
492.59459901
151.36405626
870.486650581
854.294551825
942.264641694
266.505463825
569.47790569
276.126155217
351.197718259
408.48589818
247.915235757
996.371725357
22.6726436571
612.331627241
17.2842891398
299.38609458
579.261354123
510.751592714
152.696527425
412.657663301
57.4550844468
232.573508965
353.834788698
967.823090778
478.617886104
778.803838507
403.149801613
430.003411789
72.7748136734
770.625298771
154.100685301
435.974662564
872.8290901
931.94088708
433.147721159
650.89077763
635.622054919
996.786185107
313.494237637
815.165627791
910.167785055
816.88120325
587.16290856
233.391923841
293.254327477
68.7797567754
909.322255934
309.138299857
916.404857836
859.20362412
335.463952299
824.337525426
920.224160749
164.599964943
841.289032093
697.548636966
1.63307210677
432.977122796
405.046998391
746.163535987
760.907983935
457.622853882
227.128843303
17.715017921
857.954503858
446.342018846
132.569413166
47.7530880373
773.521747741
63.8349455477
310.443303907
831.191621876
807.78898168
667.63618938
399.666896288
690.473277151
616.422584801
787.903615992
909.632886937
845.303397569
970.990793118
556.426280886
1.97856369999
953.764929762
984.377886738
774.646826012
632.489814511
323.320854559
471.508810473
879.404307725
850.296563416
355.084263354
722.186289939
172.502253974
658.682512117
594.636891454
667.790290399
516.912124545
250.935256663
536.75495935
297.008293477
723.642968813
728.348155272
856.215082365
582.139686286
153.65756274
614.872761341
707.726097769
24.2140587283
290.718499724
786.189032993
118.181686343
99.9660167325
723.198577925
366.1860984
847.754701186
197.73134181
144.061968783
290.560114129
393.510891299
908.233219018
834.733612019
99.8062711661
59.7638001291
218.335225888
602.477512392
38.6165129934
934.000911556
453.944852352
909.951793938
868.879337261
842.423360852
493.834464058
540.169439347
449.682541781
493.72125319
394.924161634
733.03075671
433.789164049
434.22283445
498.770964
404.298335156
704.127770039
131.214148563
834.900125228
643.679917774
839.878914174
805.999646114
331.519070182
448.083808119
770.451769484
340.970545821
860.459286575
498.435676108
931.475931555
48.3114500067
343.63860577
807.664816723
382.080372651
867.443041925
34.8535897045
130.328725301
635.280996356
47.6703358305
400.989121197
877.406988497
574.921512098
385.480415062
492.301313674
564.541252173
934.246396258
982.226489044
859.946585787
221.829234901
79.8703318948
734.575883093
727.151650529
406.234759646
936.869288523
684.540369113
583.040402549
719.354930147
994.72313992
565.284669553
391.075442613
561.644702177
909.864761458
877.816495897
692.68318104
395.029243784
810.263618819
662.450885892
302.647165736
218.693762261
364.458933749
85.7138062439
359.098758077
170.426473128
867.808497445
198.032554831
378.722076087
90.1539087757
219.488695311
873.047336306
604.270373164
96.6956224482
439.767588362
781.592716608
315.452454278
382.824606248
722.907828362
8.75886792242
104.419893298
500.394616436
559.128946792
987.661859678
135.5417789
135.308722407
73.3540032131
191.937521264
860.38305867
784.959066499
24.5217742818
453.77124997
903.457054957
788.817460525
799.233995424
373.745639101
620.745369705
574.67950015
664.385921389
82.4359545316
534.426012176
652.607736672
306.962400727
568.291875344
224.071010274
943.930627488
391.783219936
808.283923362
694.50171125
877.941734758
987.799312475
60.1934063649
342.135032728
995.469224008
370.724328911
412.728819303
300.698619557
745.161052352
730.775901405
396.013755697
434.516928957
698.448103291
376.338772158
124.692030092
429.312100601
954.212900157
436.129416806
548.050980273
13.1702494663
660.816195292
929.053209285
448.643596385
934.31842681
974.623050945
90.9386383386
515.990680991
70.2886528619
605.970353332
487.525632501
575.816495369
480.989780038
154.504392496
933.354265123
172.067414784
618.702380853
121.558525706
619.39361897
263.270207742
187.288264206
220.754134099
462.312745968
563.829115029
924.670599881
810.534895644
844.186798219
92.8012466999
412.155797511
598.10041724
662.015325173
523.79010325
315.354718369
996.410808532
923.065183094
475.480176502
524.918016429
400.746494856
665.54492317
285.534923767
77.2552025755
365.373779854
367.594805776
17.1310289344
66.6400937963
399.423616773
119.367188432
265.33890012
555.361376611
556.496945215
867.058542665
807.278784876
199.612838644
496.615765026
913.148319636
151.537037265
401.941224362
880.920453607
61.2251852971
392.507902159
902.24632798
446.85503731
126.405169771
267.547865656
654.163199477
655.318136893
500.307525331
14.1267254881
557.822936492
38.9342370844
578.564328793
512.236974448
866.830812006
625.081730096
674.565244829
76.0693537426
826.911221993
387.667968304
22.4357816969
443.167478332
357.561374632
156.875092207
678.812138839
696.203625512
579.579885516
399.94498116
262.274258545
245.401338875
46.2542810571
623.179014546
124.463647697
129.217453463
472.399009947
566.187555373
370.96819532
196.966621088
342.884368417
728.03825608
424.725287038
122.856468407
534.744358164
644.268973842
962.020876222
971.647251111
686.533731561
711.75467467
472.421106385
556.774503027
666.23426943
875.554433895
611.359847209
817.051424339
583.399886494
391.819678346
457.019298806
410.422648836
1.83278412347
942.243046408
199.21266253
848.327024057
211.260521713
604.354030393
294.809852063
336.149659179
106.391162849
66.7408807288
962.091338175
725.090646168
463.646934286
61.8799643543
654.341985741
480.077511488
679.745089471
378.282831542
287.719884696
759.868277752
40.1787297814
872.44566951
284.4258309
853.327318923
389.333364391
462.788219205
23.587957439
862.735311813
107.766351579
979.434933879
925.046515053
102.926050164
429.18990267
51.4883038353
376.678337183
218.21120711
921.030576271
110.967064707
64.7857542638
243.919533663
962.752403879
524.760193129
267.447580666
68.1081889647
739.273414198
129.702098759
336.26136699
117.081327387
981.32156308
382.399757363
362.585960283
665.232971793
210.367310803
381.831240321
129.323372641
396.296169727
754.560223016
893.939202684
404.819283908
227.291070579
772.021624088
47.258196786
763.837340941
671.096613891
347.524063355
862.050552592
812.475396067
661.715469007
470.948366825
163.525937103
246.437711207
615.006675275
858.175203379
625.307809179
58.2109303742
633.531449259
882.152219067
335.626897575
729.020206556
866.59812287
36.7733039758
862.954709606
892.407130586
753.5338928
664.355608146
327.17109148
341.536989505
596.525603337
863.77743934
707.468303537
368.069918199
276.71073382
57.7745795951
578.643858319
174.638885159
983.40863442
602.966071367
311.239011993
496.07085681
804.837930597
935.662356451
912.882577625
381.291668455
588.468316986
172.55887912
590.410362515
945.920612404
754.251789296
885.931616431
309.922787063
334.410671511
981.409373204
55.5648333166
831.520409929
774.46123782
319.556673878
956.221609106
935.250614484
204.935850346
89.3311576541
986.13525593
739.48276039
121.921387375
796.987453787
146.236105408
213.396201083
865.541028069
9.88823015562
410.711850507
177.399783782
896.445258166
930.810664996
791.742622961
881.619626597
625.078579839
