590.532639381
448.367241077
250.076844363
791.900063474
735.942042028
917.155776794
105.747676016
477.418409183
150.542094544
204.111064712
120.125149562
365.286065022
21.2828535339
710.504868374
272.911139366
961.30035468
136.393580391
780.844888583
350.127002343
724.872414255
743.991507922
342.640291238
587.916285522
720.997450176
436.248484835
411.944785588
910.933596185
952.055187191
259.366711759
279.411138961
246.817391085
705.37672813
722.039643643
114.208748179
766.35623198
148.448980887
25.7833802017
520.693989232
609.717809808
543.712192213
692.237737898
265.007493201
872.082093568
240.488465588
1.70476474071
723.121694203
511.624518156
60.1099768342
114.343569045
54.3159140314
486.860403036
644.469375351
166.610929292
743.20439998
379.910705356
859.518438333
733.119962108
595.554757925
894.532056359
265.185365722
249.488312465
274.283682588
169.357311923
299.343682706
857.409528301
336.330973138
198.720388492
642.281173177
947.404097014
122.620392794
720.031733913
858.174300712
148.528150728
673.560070016
648.308741785
623.45596804
215.861100708
924.965215688
200.033198387
660.8851925
444.325289548
301.133307465
51.8134990131
584.239791678
606.449882557
537.484166072
473.66470584
908.808505682
38.0176445547
246.70848986
714.295115091
97.4955286569
384.387775211
8.89121467714
266.171159993
46.9479563132
598.465939998
75.7777080515
671.829081479
80.9179983554
479.35061908
430.255928422
585.896420177
687.549925636
753.5194329
364.060273311
321.381937509
114.805176655
12.1057921827
612.008146268
570.897453625
606.534407071
943.260854896
846.535606929
280.833014754
210.413989151
442.102766133
28.1774900319
104.904517577
641.098027965
563.836744326
124.571092601
642.554868836
575.785601795
31.6355055835
177.167857906
893.823793825
988.856007609
90.5446923041
511.819929641
295.379831426
29.9936318985
919.990990793
828.614158331
638.912546957
361.243310712
157.074311026
327.464237863
691.280256889
695.732935897
266.546921102
365.662851773
234.128907855
420.4301237
651.87336591
373.477157237
227.681862099
365.783173585
568.135547754
482.254542672
366.835539784
628.320347404
585.817980078
930.491359751
10.0904574925
342.35659275
710.468029227
874.896906756
12.7034071592
444.423164122
440.196279154
976.532207358
862.21615635
607.324527992
699.702820661
25.1932713455
181.284361874
592.04466033
268.074645805
993.94353476
40.3844819029
466.83122762
204.897977151
996.309819935
269.196137481
232.741908714
901.157177313
525.699154027
490.346629199
23.999076903
503.437108676
855.295619866
161.161597317
487.157109464
564.077813606
298.733480972
879.0773723
897.205851795
662.852819478
514.085592705
488.351990824
676.352149904
212.805827122
121.677132487
375.512989177
813.753643128
921.234998015
297.229799392
967.014507253
189.672597102
577.158765426
156.01917214
139.759283107
801.327595296
190.068415452
655.320716154
94.2613359707
476.753560297
56.4994294303
309.502125843
81.720163159
958.818364233
675.320782498
642.107895152
804.979043481
64.6146405831
274.527832164
672.99865122
366.880080192
853.979039951
70.8211428781
852.465846916
989.561040406
551.391794611
888.186899933
144.653633054
69.2152944861
402.497099038
410.100445454
173.829011278
995.600551642
989.023570701
532.044247679
952.248232839
215.72118253
719.700977962
774.145056416
537.959724017
745.571676601
240.241074011
944.103969473
132.48558006
890.623781846
534.734923643
750.95365694
243.353267382
505.128682555
142.655591775
364.210369786
29.7225347572
705.59658934
150.276359078
385.11983999
472.55923587
606.524926356
693.771864675
543.1469838
853.686796959
809.085916031
995.111526431
103.010614932
288.382070834
251.264665421
236.946044267
653.466356329
134.400332388
247.5783246
672.249710742
724.246901229
807.330006394
171.723970023
341.421484129
998.942909771
86.1802080936
856.058465327
328.645562651
927.981985364
825.597250257
664.057331011
669.746991149
930.544483671
877.101060737
492.170877973
818.548777096
933.642847643
636.064338195
134.206751443
878.267453998
200.946079472
975.912581925
189.452159076
946.117460273
522.216030119
675.220390472
43.6576879094
27.8543589049
812.857274333
231.101979934
462.623310735
618.399720723
673.163837197
45.0547484213
164.484088192
483.48091434
274.725632388
671.070360795
585.75196625
939.747245055
644.102185449
832.403218314
416.554561681
566.969763841
324.448175916
705.391488212
49.5066524083
388.460171155
632.6501074
343.398970485
360.540408116
717.6359314
708.456475864
970.817374152
538.764144139
727.309640938
697.12031645
284.920521596
618.365857756
394.958433293
87.4234746376
609.292613525
727.681364524
525.258110993
338.94198028
762.210412703
330.001117129
86.2368433049
820.386240403
775.241979395
183.836207752
242.728069056
887.660297225
352.682755296
903.26267852
9.21060636458
18.1125901942
795.238366586
248.909805192
86.2773806023
463.141313473
318.696759558
282.68743437
425.966141163
649.489037188
38.1434480885
138.462959435
428.80056066
267.072438506
316.929123333
734.776406305
183.979420072
170.020849013
133.509837121
286.948748691
750.20588022
595.817008262
881.333613442
893.269123341
620.730331264
400.055459203
829.795106841
655.079855778
305.267110778
412.197560684
828.919164253
797.756582897
624.136301255
685.298737763
801.143531363
874.26947447
546.227607279
978.550110696
246.588996032
274.063123844
504.563790631
417.401761809
883.323826806
154.73775498
888.985333635
889.562295046
533.906932104
537.911482118
46.5375654895
592.968676596
356.957780057
446.92891833
567.945315342
235.046605594
276.992537314
832.611261839
734.751876535
720.793142371
421.401855017
640.351583884
588.639844056
529.228238539
15.2965256992
565.251419886
361.48422021
460.033529593
858.621993033
209.873372916
56.4390230903
488.554551298
247.527133007
483.628847014
175.806741061
184.293068178
101.509602524
421.272085068
281.470124964
519.51199142
510.594101995
356.767336105
11.9574318187
119.067667998
694.758466472
108.089549841
641.930259058
21.1046935938
246.724611611
36.2243725738
940.266462982
168.728564527
49.8491891349
305.825947231
569.289602345
857.558860378
314.028018614
144.903344748
866.430925967
138.14278229
786.163091032
905.128681979
426.480363223
267.268252857
561.791077475
897.576425832
946.808038753
421.796582396
627.020292984
273.861558538
727.147338999
472.204847177
934.283163472
843.448779445
974.011527619
191.136028666
138.793127652
171.460601924
707.153491634
891.456452811
416.620445113
573.930443587
177.69940734
685.182188275
750.554074425
81.5877211692
490.137587135
614.368353226
982.621304728
175.98934846
885.555668802
757.982990896
503.784135388
258.364287688
610.779255484
180.657715825
909.588868179
641.747742541
209.008348741
456.356766933
996.070556879
413.009247305
366.51044782
965.124370146
394.373447938
782.449059415
899.759078445
640.799615266
925.66686429
438.539578329
498.509127066
679.550069267
934.671187065
319.263703561
748.206016611
988.001501837
886.511615475
431.076461925
670.016913401
250.936687716
652.521551343
696.930188832
887.266826722
991.450035296
940.784050059
421.511811957
435.142534909
695.623711774
193.290810455
292.521148423
651.360364145
116.53757665
926.597237134
976.262322786
928.953901325
213.415331877
590.897082613
210.172851064
913.523383511
102.907047655
55.6683816911
407.055027219
439.681204235
471.186858464
558.665782855
160.821907937
22.6833764162
552.421993357
265.695690642
906.253056854
767.110012386
333.312466157
347.50817578
582.115113021
40.6842603366
859.942669207
254.953436298
92.9912689881
568.68091959
343.0335189
284.493279944
929.98394908
630.254052944
311.694978711
309.228442656
5.32112865259
329.266657538
945.011294516
930.333450301
299.744584616
214.335834076
71.2572413753
488.883915939
291.176476788
50.8358650826
297.589411638
451.383870393
208.312767626
175.83032996
4.81189031761
65.0263383785
331.35511479
626.18959785
299.354541252
433.102058299
674.978999322
861.373205219
739.6304969
661.336533213
555.638602294
381.381334979
275.236594744
384.104019398
712.809222401
21.7441520134
682.691949452
996.754872553
125.445229427
729.266135379
457.094045743
6.53533905234
484.027789918
882.463908779
739.046618721
622.95114592
791.178891531
438.219525576
400.565870293
468.18366434
902.979527928
186.771713625
754.43187451
366.091119586
816.575510757
232.148928421
292.740366554
988.128880836
6.33096771686
701.397503039
808.356373884
606.860523671
992.66143193
117.593184079
290.445236813
670.16077269
975.511606686
790.556586098
923.1109243
898.37348033
95.0014533322
638.025296162
181.998341482
542.390011603
845.826233664
930.845296847
714.924859297
518.293025065
414.234283781
997.631646369
137.599381078
179.503804743
967.962935684
871.44943364
615.747617223
60.3412469939
449.105640224
285.626730109
956.185919085
741.744063758
325.998695459
778.82504127
864.228904187
453.262200657
391.035338533
565.576479796
479.640022239
967.020485274
80.3019048546
510.156402225
494.713457113
27.71439925
635.197169975
88.699451452
232.097586175
85.7667598036
885.704702862
632.127220636
37.4920647611
383.068932078
271.236178481
27.4794874711
290.714934886
91.0139964811
997.171142319
432.276766288
350.362576522
613.584279342
144.895300826
584.538404486
991.187187692
587.130953481
370.729336864
294.394916013
937.267277496
315.26455304
475.598427437
281.564999293
59.9264261678
422.367874998
562.437250617
544.055822305
689.139292156
745.432507572
622.836729444
60.1259542955
625.009671296
796.81313851
813.449767061
678.699712639
289.614867254
705.43266373
92.9176650248
219.598853647
632.294540303
163.266484719
739.660121722
579.442486677
550.465641914
718.878217466
968.14922568
969.714828356
574.796573276
587.620452415
341.719311235
959.330457882
315.349009842
84.7826853559
531.082134945
738.435192597
915.326943785
395.932591947
433.712172506
904.137879255
266.092308075
489.284789902
846.217479854
282.14673249
650.675167073
805.222078917
485.519530804
301.628994825
117.289568628
812.416446341
660.436601082
5.85778211682
728.257095252
547.265779858
324.084894193
485.471026133
258.476464785
348.241966335
125.321730245
917.288675696
416.71543115
238.381089121
734.689344091
916.890092797
134.538094302
418.460963241
39.9412798573
545.022104923
384.448347622
344.230190827
561.110926142
265.283617403
800.397970153
842.591332166
465.864481779
915.825450905
854.345444475
295.775787659
231.367302823
783.160665222
987.913489955
525.248068304
938.918135967
210.868336039
974.649653302
691.038620551
735.920891468
882.587762088
186.306650471
859.964374848
543.906415282
446.811555456
856.45391383
685.959620001
752.945191566
769.432304392
581.878309302
370.907900191
589.52022501
948.614607026
579.955814673
177.55352785
891.458312161
25.0725824715
36.7891654982
808.429794061
227.593997718
931.016631044
812.8425035
104.212303573
380.935696038
936.831528384
490.704875652
70.140219516
933.222766543
664.972925579
349.151288364
9.9405764802
862.007507243
37.3593420064
535.011014893
312.983843315
256.784632171
180.148430831
937.886848453
98.5599054622
565.58552819
655.84397821
205.397560407
901.468252456
853.738302827
74.5157881749
655.519669473
663.225596671
742.588646135
248.79764611
454.393020462
885.649555647
410.429718578
634.151093876
384.937088724
431.467452868
87.239476723
929.143450592
898.999640541
613.73904455
382.040358203
409.569398833
555.535201096
540.205684523
796.06182742
474.365340808
55.7382132013
840.114883638
812.389126699
691.164518874
351.532974869
688.363642367
241.12780089
470.518983383
2.4380942756
616.67937382
833.583012529
818.558812043
394.835737514
432.930912504
816.124596688
868.104312184
552.416568164
750.912111442
342.142722101
674.516315217
553.301665052
204.612000604
481.737919062
360.429527536
876.63045247
393.546682408
141.6331653
648.913260686
774.710630262
234.800155027
771.614760994
973.510969821
303.419165777
841.194576027
381.161001742
255.033220268
104.851019877
667.923268922
574.920890981
408.428351164
9.73742394453
425.566948139
326.797839199
817.634394819
951.23105246
495.718925588
338.138728184
61.0720708369
873.105042783
298.18137066
56.9308331775
380.170503998
61.5275750442
684.445001814
220.974304486
881.872335882
857.693460998
631.402355726
38.2951593397
21.7549969884
920.313209068
139.177412446
573.201315412
545.247872822
858.276357379
375.855372311
666.448820466
421.176613843
666.192892716
27.0049245648
188.21472271
264.370894707
79.0115142963
271.001071722
556.65113159
295.227593455
241.899612739
56.0803384211
716.365073292
722.524086854
323.052650045
754.239302758
289.501782701
365.389341799
242.008956098
16.203583047
867.931078168
144.921033498
92.5451657423
45.0883237887
110.890949156
896.164472518
228.827605843
571.131899147
569.454844961
812.193580903
646.320394223
185.231549983
994.089355999
290.55827733
286.292668803
559.311188445
852.968716027
641.783571982
787.604319099
547.455189313
211.09237265
389.99369459
608.828736503
713.177314078
164.745277898
96.6392415974
655.79172675
858.907852211
513.747319527
231.402566814
507.715744699
266.031532078
641.553822364
643.917736253
940.568372911
121.890239856
303.29590133
526.721967072
528.175482332
48.0390975914
210.753152199
176.552884346
899.79265726
324.673695105
463.538035378
622.455894452
31.1234314089
143.393316348
909.602109612
777.156620442
244.153728869
892.140067018
241.743817437
679.164467142
802.133874362
948.237003457
547.003719066
767.614918827
129.852564801
143.807382642
572.350534347
231.331376391
822.872878713
85.8359103997
310.230557379
644.802502305
638.112047432
18.5866799905
636.271040566
720.712104582
317.516194819
393.229774578
967.062917187
422.077425461
586.851069984
68.3416599986
899.374710461
896.780288352
17.417178555
2.32839195145
47.9670727549
6.48069678417
346.449258072
320.86832388
963.658002405
875.350306752
763.861039336
185.953222303
147.453662563
56.1450260466
214.929872144
933.82030288
655.505422523
633.454746003
818.531139772
442.467581974
245.341468753
955.297224212
