786.662905173
287.718329211
50.6050836031
484.236688021
475.828869875
894.261675937
742.084281577
949.479061991
579.188078208
771.101875756
664.718531151
840.388447831
46.8462632589
788.966893478
185.626860883
138.050490247
109.045258018
66.8662039285
710.904795806
939.52429943
450.287927051
590.294713874
250.207665123
784.2761173
75.4066657818
387.2396934
657.362544072
654.898272155
559.582000635
728.528250382
794.826875947
720.00753654
881.6203234
152.104862827
699.626115012
440.913787751
20.8876510011
329.223244944
481.354363297
497.073679129
33.2213673969
642.207670554
534.138117675
427.459290153
589.914052208
250.50204748
578.224385389
856.554135114
105.566532837
24.0390836567
993.73062736
90.5975705239
56.3330722218
10.006225541
865.091912237
340.554599982
387.709207913
633.334105788
74.9206714512
615.91038014
595.216918314
419.58213407
808.235483486
537.443265169
896.738396874
207.27965922
92.7163580661
901.299201977
268.884311608
903.791414714
130.278503288
917.656575661
915.945738296
251.694805404
176.714346571
447.825733399
326.57572319
760.973027623
387.823896426
121.967786932
460.225479703
580.699095229
232.078837579
138.800777026
802.780766977
376.429997071
420.746705602
550.114854127
375.948132788
934.830864129
444.372546348
230.046131874
418.460083422
192.851272087
698.989119055
934.514171732
368.362109531
999.123474666
979.466742692
711.298505432
748.142602663
895.67548894
109.606115166
636.57101428
526.811705274
966.938192095
421.35458732
881.032972468
923.424589366
258.741846547
593.729154662
906.919171925
154.505912785
992.787831877
714.28726507
948.358631708
40.3136287617
431.295199851
755.534142106
823.283181221
435.415407327
16.7938723096
774.395435177
73.7812283282
1000.40429074
989.148146513
704.045500216
803.405239967
963.278174061
539.228530364
631.921401314
221.236455174
123.22249009
639.067214329
233.133720092
174.220306072
122.149914118
37.2632595667
846.818697573
756.055636166
823.750750413
50.6065447788
917.790931493
447.562457691
784.654989726
168.745769255
198.39025856
190.056116027
415.903706157
35.4636248532
810.645046366
9.73957190146
523.263517364
211.745569249
784.377952794
160.751454575
208.439740061
658.186853462
616.900041438
814.049165345
725.912426921
58.3681797087
957.197138935
559.098647609
224.248352321
212.62921988
738.98057133
882.335957818
214.583972497
221.353495588
343.113345176
376.051086023
834.080837233
591.842654981
131.90378579
265.171514305
300.290871598
782.653110919
210.187741702
806.328257751
176.100375844
314.628047942
954.980951319
930.618517706
926.221316429
487.767788819
779.157362117
1.48697658347
779.566058942
889.67742188
699.540279244
464.671052915
615.119243731
929.275154234
233.886611236
371.524483369
597.951666982
429.702025138
942.023463902
448.780346911
872.860748554
665.363156154
810.268700043
264.007925221
410.746032812
842.773229282
438.859910028
739.466328502
350.048224689
692.288042118
726.708123647
677.039755562
269.510117402
1000.798647
113.612958273
161.493480141
850.32568086
923.70733243
120.506332159
703.357537885
499.054913426
837.17457322
463.605215654
926.791209451
67.4176124014
0.468795644304
597.975656781
46.8836752812
84.3265748557
695.705527682
572.760708626
979.82754038
176.865355202
552.74745447
920.500827624
677.432583218
348.59240342
188.98048106
526.268099872
624.005390639
389.436540128
703.031616353
275.444512282
474.449359495
177.325891095
894.545117146
377.925214496
842.142270046
580.181614518
194.083265349
105.458840691
793.976457961
458.059272899
587.896449883
933.239068768
700.64533139
121.118167296
633.61496841
949.150556722
998.932221704
328.64787231
901.863135171
650.250749085
95.5746256467
968.173182158
976.89272662
739.145327406
238.267903084
617.81928612
746.760232192
676.818623149
519.56945633
841.976129555
922.081334237
975.079225234
833.448194435
888.173582411
974.588305002
60.334456019
172.360665937
166.437987067
141.886501195
743.743161978
813.592204318
519.015054338
228.150782728
451.695563324
961.951951218
560.950459523
830.807544593
500.251910434
385.79881705
220.623655752
445.827299945
824.468045897
242.335602522
507.454217906
276.683266128
355.26579211
673.308941729
774.746167239
222.510624276
302.678025364
779.644587949
542.330701507
777.334999231
557.049674458
819.773734779
583.187509943
332.646962178
93.6268721804
744.700063288
379.512266855
290.972993811
295.555762578
35.6230174197
675.435265491
324.418539821
207.499277305
309.817622972
318.766419928
693.656323805
353.423947392
92.996513198
168.259729927
736.380724521
745.661237715
6.36315467301
691.07467718
825.737163349
837.1694203
192.156314074
858.989118714
35.2353157707
335.102625266
15.8777692448
224.161900938
47.5442389816
125.52960849
662.979723851
854.502380179
311.414721969
769.550262595
844.403051778
980.545825298
555.308408673
525.856124306
423.532247554
391.156047078
994.684744666
374.263713605
408.732582893
978.041732196
102.034944873
368.857231387
111.043922174
897.713889737
946.560502884
732.756676169
470.52091715
777.753613762
271.926902388
782.875428539
566.484386089
63.6128666528
139.534977834
355.296578601
274.956164835
754.911515984
273.870288648
689.491655979
30.6492140529
703.88078691
86.9086560325
225.768237004
390.989249733
188.907742549
425.708077557
597.548045851
557.315775386
971.352515233
17.3860434611
227.562294721
836.904856619
276.910231467
417.807686177
160.031846511
916.484726005
617.367439247
98.8327298
910.441974656
133.469550593
35.9011149845
44.2965805538
637.921429847
370.06215118
590.910728351
387.238698259
940.580315099
562.91015281
459.159079892
69.7185319987
472.788042661
447.195390546
967.328355934
779.991650922
195.398912386
615.659584251
727.475898632
867.099918928
772.529214406
72.9641482673
398.937137677
844.193432618
642.028627636
640.434194397
298.999541409
114.131420304
755.609878193
67.8634394905
932.247299613
305.24044635
323.246747462
362.704617377
3.34653857373
753.615602391
909.238244997
411.768903777
809.412052856
767.824988747
938.215924995
990.660797885
239.573976459
176.437138472
524.374106764
30.2812896166
574.5757284
498.352892452
458.681441138
65.4600483644
433.353646088
457.303463752
244.435011547
643.882387929
849.340670075
524.158165666
809.272985072
224.628546049
494.857877322
176.093292812
358.286569496
452.23606005
588.04635455
606.617423445
293.286799529
728.859629517
767.796146578
898.319496313
584.572889688
554.967637623
487.844853804
749.288967995
778.745107093
769.76644019
509.063622624
113.370092429
181.273193715
588.31343707
342.508718376
31.4656646335
783.637939467
714.141808819
220.525308886
768.003920515
847.882791764
875.944856822
184.838907953
430.389514162
999.388123603
700.693489425
26.2311280051
947.187446543
579.954444103
289.376076907
641.458180847
376.648580425
17.5762374093
317.087345399
676.817278881
522.831342953
391.709271126
325.038081969
872.108752493
599.968053307
448.044885
143.319848765
305.752803018
48.6685261099
142.615178371
223.018618365
551.503329971
225.463087004
34.704980638
339.420681577
436.376956365
363.377353571
391.481636776
830.383290562
221.240404302
214.788465131
606.088684635
804.03457218
671.446101231
425.136091746
271.426656403
921.473316798
881.152217839
646.079921566
48.7674207594
129.356147791
467.229426375
273.797545288
779.326960085
739.583330421
617.863184598
75.3614271101
417.566571488
546.385685526
66.2065634663
27.5207653681
311.857598984
233.352470585
218.736787026
971.503321325
166.473361711
275.625850572
877.880896863
648.45528868
788.33791531
698.83673758
24.2656487109
141.070622306
422.262280594
491.924994133
860.873861068
719.516198902
454.407567195
873.099165985
206.784017017
170.756627734
204.363298316
373.78245971
854.858267139
887.108777062
875.112646493
105.464593026
545.64551516
732.221276131
747.643677486
586.789091185
283.135422927
258.332226745
181.904434352
279.486667547
949.223966532
954.146177161
56.9556195258
693.969845047
918.896318996
621.591235791
88.8508322566
17.1473397709
385.798385377
748.649055522
329.976121902
940.141082705
494.090664808
481.796199449
463.483735574
165.959438562
865.301264658
250.601803801
726.989070372
639.978231435
726.523629324
415.200142228
238.322510327
859.630506121
504.362704179
647.191740679
109.875499894
641.207029813
799.638395675
523.951729025
77.2423795693
909.916555777
756.215504465
748.006856973
355.804093104
896.506020782
819.120727168
768.054943108
394.465421213
83.6669188803
881.088001035
401.915630284
125.185443241
590.97112239
443.764521758
886.968786573
291.076424033
366.655662219
551.237204199
481.971056778
622.978765459
987.271714382
442.580441739
630.435550204
467.563004376
871.860809946
655.76944282
847.91057644
792.769861603
450.917328584
725.65253626
137.369224479
321.570455204
522.451239249
956.133634965
8.36355810728
69.4273990032
165.4940945
87.9077813219
582.357006463
549.734788625
649.49445504
369.228623053
806.782156062
170.639374407
459.999827729
516.334266861
143.740736018
111.04945198
518.843654544
313.806391768
963.937109405
788.626517835
499.215344865
674.685337024
700.272930192
723.167526838
286.580006544
221.77345176
12.2009554933
240.251290381
601.47587174
997.894601333
275.920247291
833.167671116
744.904394057
588.560524839
991.193737898
973.511960352
836.194533377
357.97894022
602.426737079
602.635765894
765.599537979
88.3338195802
981.674727036
635.438904905
101.085973334
968.803869288
178.071851606
828.521595068
810.883191424
847.076398587
449.548272278
27.4244866859
977.581630419
737.408030746
433.213155795
271.561235131
53.9201713029
904.887867153
181.812431897
450.486186315
65.0609495797
329.06563408
287.78117403
330.478307676
911.085915504
811.0136157
403.625025746
586.235192057
3.98519589447
644.569862434
446.383092001
364.794696303
952.85748664
403.302399807
779.955530151
369.360433576
97.5290218575
316.847962823
719.643509881
904.408082453
388.888924617
236.949728179
126.734897634
322.347682121
78.5210286806
268.446395361
467.2979981
830.164976997
571.756113336
549.729726513
887.876677596
132.707050875
832.242202419
612.167263181
399.015160483
52.0422829938
483.581620523
828.795870254
726.041993119
307.860672831
423.917986915
718.551311463
457.990565695
950.092307486
536.73236495
371.998397087
384.025866787
167.152898403
886.611154055
882.124317361
299.988531231
460.017277633
855.819434032
886.609601085
157.256144607
616.078181178
583.82336665
898.734240862
745.372077524
497.201519294
758.79742258
443.217034555
920.016894876
344.048293741
894.544827797
857.213567283
237.314611673
441.6661629
62.4259549854
315.593643369
186.967758151
697.964064759
416.486069917
565.115937313
934.29149411
418.395833067
793.181418258
895.267886364
176.985659574
129.571561617
606.171771817
168.457621653
991.869356239
91.4730918333
901.040466973
749.290967099
565.291849181
211.072623744
342.262696601
126.114762977
491.55614236
83.8454495318
321.645534721
850.922748159
12.624852691
994.137971279
718.041460754
825.003142628
544.041409924
468.665772787
460.920803736
101.486068506
772.467352645
986.616421214
142.211890691
347.207109384
109.825786694
832.581186872
106.704385112
396.397224999
147.721252123
780.3158331
355.327625698
65.0327669494
813.580803569
630.087389261
90.814546196
627.613756835
233.14354854
910.246025814
15.8355302953
610.326144596
423.970626332
185.718810046
691.494745871
927.563251064
470.704833004
572.328541188
585.541748672
575.609019087
62.1559434084
727.787261739
285.473147952
996.475659212
350.541374821
503.697236939
147.777530812
311.291661765
792.580995267
211.170493435
49.8055294751
598.507739718
647.401844594
896.663665467
793.516730812
905.022484817
562.255256559
270.221106805
971.872356475
632.471066927
558.630751747
395.149630403
593.095504303
147.238873007
630.730448871
715.923794521
853.904069464
624.685346098
534.601586791
591.359170352
324.857355029
118.217038031
895.087846365
630.397505972
965.058825871
667.235677487
20.8468074308
843.647456107
309.615916622
734.47965927
69.2350910566
209.961496382
245.379802693
956.878910778
573.36072986
965.592640815
331.045179457
235.756844306
308.013478997
332.186102404
678.146450502
927.924722364
843.763789675
327.914264007
886.682008447
111.523105477
887.987825575
945.716149325
23.0092765975
78.9398689618
9.73163476343
186.513906333
415.768186527
876.596162348
741.633020171
665.312278197
932.041557754
122.627324933
244.736069277
549.010628172
535.935564501
235.204435098
29.2605468798
796.944882554
764.394895527
985.112321973
90.199181867
650.189137879
958.805964574
27.0003248726
851.988673306
783.372277823
628.032264999
276.353678316
591.944356749
429.99763793
763.189979211
470.076421853
446.557794194
60.6439592973
90.5756349837
35.1674550375
768.834987784
292.662529451
593.944573823
718.05203777
269.463545722
283.513476385
107.126297427
245.377638912
298.074865183
677.384580523
935.564991895
877.247624891
650.09368008
606.153130035
117.383119378
109.201820728
934.246858135
156.16569885
663.713696422
817.022544208
710.847204696
822.132151815
814.389027902
274.591902447
730.609398312
431.490537544
434.1043884
585.72637169
192.399702106
923.369590041
852.474163386
302.311735499
189.008616068
443.584990839
598.031644498
982.894028766
278.011879761
240.662929794
241.743138749
199.302508392
639.409815424
815.1532321
408.07356073
311.013640387
653.180131254
392.184530331
436.444844437
629.110230083
962.869720267
516.591472228
552.232378949
194.321843978
431.198752779
423.112505476
63.4630382291
484.664591988
78.9201126096
609.459041071
329.477939241
564.156122973
83.4205352205
957.851275453
332.855768529
695.982106705
515.533285612
778.856758499
505.9739787
886.417211229
25.2346173772
842.676888541
338.040691404
583.018188047
553.107725603
969.649969593
100.823394792
282.997408094
78.2782483993
281.578950068
618.241328277
490.388412051
220.631363813
307.883493506
993.771509049
211.901892152
486.036247217
647.998656492
607.767868507
108.192796352
169.714519628
664.731364224
462.894535162
