6.74704447064
446.395964671
467.815023153
158.216050109
151.065037377
980.02583405
438.062889095
68.7424710006
960.896513747
802.095488103
833.206948369
84.1682158083
808.126004075
949.281483345
608.299587045
366.361557884
792.980473741
741.249336044
802.767315673
390.344120436
902.002724146
286.573094025
152.62536806
711.974909314
877.129579091
80.2520016165
185.722763297
817.231368286
201.225970033
102.999154247
505.630984713
382.768111737
499.77368746
980.260329334
394.028267172
22.6834562804
113.328259471
782.005704926
906.589530386
222.135349754
871.36141723
974.368153503
582.059827425
757.881198175
364.169629699
92.9358763923
130.131487445
946.948110183
58.6961699036
119.986493805
450.235961534
165.586384615
738.567720599
750.454056387
839.641475532
426.587877545
899.148915347
545.686083238
684.17567547
726.293613337
293.577803221
671.042064356
707.881950934
328.133786771
116.266417203
130.758708509
494.259909002
931.762269001
314.298425026
162.295099242
121.0601373
900.559688668
866.476570575
517.339804897
943.346032162
681.413174611
211.713143211
763.833168359
204.53487197
467.719967931
672.623622928
246.354385524
405.433940804
72.3362065871
980.823236902
6.27578154045
76.5022273607
491.806832257
75.5903498768
744.538699709
396.882773786
228.740738392
824.986187959
447.519816667
704.59633347
195.027620237
581.646276088
724.761455256
530.684438167
828.262869219
997.502695373
284.319376365
420.351456706
491.727122091
502.509505386
680.680374571
774.72530875
189.368317413
541.327687284
706.116670738
645.497987801
278.981150183
53.2022850311
558.722524266
79.1129081313
230.033915933
390.128109286
501.976722986
663.952102414
103.799688708
815.254048448
842.604823136
231.113741847
834.448725518
376.402608722
572.57522977
281.833941373
892.656112241
154.158605768
402.275638235
563.817500414
767.478500658
614.886701913
417.669499606
633.030633199
864.349955149
988.358452201
268.340989125
630.445589746
861.225438697
389.225394208
674.519563841
407.590012155
585.333671237
132.916082441
33.3320447694
469.00378172
350.135223522
507.65754808
512.339391762
78.9276368006
67.9014077914
351.198068949
819.034198153
404.9618824
460.037252124
17.7388312939
388.72557941
446.205050868
637.909456141
765.83709153
362.091776353
496.777111327
486.223770637
921.305997701
361.737794372
47.2603790697
928.881542922
258.631158434
649.088525853
963.751661975
547.963663034
949.881080537
483.341595038
525.11323651
209.346356063
802.436622635
483.700826485
248.948392752
299.372096287
525.839847141
267.968817902
50.7086169325
84.9562562515
104.176670738
943.092865879
736.886727596
480.33145926
273.350101731
204.192357601
358.919405203
514.226174808
106.693846333
625.68373495
291.62468022
769.275001553
439.651577128
312.950401004
236.045810315
767.790125053
727.986394784
197.780700094
266.178431862
597.723740342
36.5138283259
224.827735664
538.01277775
681.179520504
639.009943121
197.145002138
9.71957433732
373.107836198
335.693977225
94.1522722949
368.206505127
657.724743245
150.356381539
656.972851006
716.709273144
683.960053815
210.779439849
44.6535912274
257.667705571
336.212548027
628.381672483
537.847681788
914.031342521
532.237986577
931.894419771
498.23589602
830.985020823
624.014057258
970.716318463
453.361825929
985.78742888
454.702971638
301.656741489
93.1717393936
437.911361136
150.187678782
62.7476535187
88.5044993106
767.473192449
671.909110938
374.157898763
443.338479256
560.681089164
565.53388504
66.580293696
16.8284019696
459.54065165
550.964232046
501.685531355
860.747520186
557.496912228
584.063905044
87.1073292615
388.313380367
102.482052625
554.106401854
236.019672055
913.788926111
238.376431314
535.960949171
384.407003988
919.394608592
729.85718463
55.7579501153
491.181909273
739.62699041
627.527668145
306.424932569
668.480832818
125.710805787
972.355665458
822.578134988
129.958249171
229.136625634
646.91328826
775.689007076
882.600209026
79.6619113534
348.767735628
517.53165954
303.739760146
941.164354383
867.684668943
407.674112354
243.107983341
379.600299437
188.089286303
91.9393797953
46.4194281688
569.347070035
149.730951078
221.654993276
275.628908372
521.154191477
646.763152019
53.4057825339
406.445513152
194.190279449
82.8028300659
266.231551216
300.4824609
747.387584601
129.940401368
62.4025690378
504.272273088
189.242252082
200.765202086
712.98049568
229.423688848
338.495411393
89.4932954675
188.107267203
763.583147949
925.105404377
882.28432105
630.168851038
860.68313094
487.479528133
615.51802053
259.581701059
15.2612503322
257.62590163
65.4350786546
294.704254046
288.382343734
486.160398367
515.102097847
176.796519015
860.659709242
421.940277168
854.925207773
253.948782917
817.869945949
313.915680526
63.09989123
393.009026524
686.382151578
667.65748248
724.409474374
496.615256698
315.922012271
376.338789199
894.435237941
213.652214989
753.347021529
982.716535462
67.8268316414
93.805247984
944.578157441
99.8699917146
509.458986155
639.229750117
599.31579205
379.511348137
734.461955197
516.081998816
884.887545097
0.460467995166
245.409502468
499.894643639
989.79894924
720.472013236
491.58466946
506.741412139
34.1579635473
974.26143697
573.499747479
583.938932304
45.6207393619
3.81954589073
435.781284407
316.66567576
109.434815472
56.8822882652
706.924580837
990.282883441
483.170038187
137.92704891
36.1758025159
662.430560108
161.828072255
258.851549127
692.532590768
541.749179745
65.3137681258
921.225767899
272.362354815
885.894398205
995.628951953
664.387967683
514.71174268
89.3323023094
450.785518941
286.552378256
715.114025809
261.821598955
826.472812849
758.155318351
687.745570359
533.870654421
482.883431043
190.364712387
571.350473399
168.548912595
602.522633042
561.89863979
50.6327705189
512.121824922
566.392366489
598.209922483
226.72144558
847.412750486
923.387010633
575.702546382
903.145142584
586.984276482
129.185320229
560.969377256
510.641209783
129.147325052
521.711860435
501.048235162
399.346713549
717.632311678
342.359571611
952.077080256
607.099989672
37.2695975646
113.732806354
973.317929803
250.989228354
59.6866388031
750.630791744
660.04222103
554.146557229
546.59471933
357.979250089
114.319000283
809.276713439
173.885510949
423.065499916
43.0941769038
357.594125958
693.589459851
136.991875985
846.252344106
700.889278933
495.780203158
688.294014031
481.7553767
64.0459068759
841.948155484
291.684545667
280.725510436
162.832529524
966.029489122
608.450432286
73.4405331919
653.394760789
563.602420929
566.490021864
191.685295838
234.537896613
252.708350968
937.346010394
569.337958604
426.209105274
259.5100732
362.702016884
318.376703038
476.265525827
225.864005804
852.867579806
389.817115754
978.911522929
964.110075576
561.921516071
629.107814241
470.457986892
651.145384176
611.789689771
975.130986413
996.36702797
230.656582171
212.033653823
889.974945633
835.84567797
57.3894191121
155.428743992
91.0776304733
739.864210883
865.917541226
220.721691373
820.92023042
995.287584508
951.228698725
114.705950777
644.825289892
519.261926026
60.2199956398
568.641991883
8.36269460539
580.931479554
45.944160227
213.042966334
241.523536987
546.488065444
855.494076742
191.740476047
202.77168493
824.127829115
366.366294972
758.015931853
307.162584647
339.550571369
352.744942161
73.3757261293
278.728523562
526.41283314
607.003643284
143.537434846
175.955467808
901.672734153
551.546966218
521.302623834
331.37469863
202.86271287
22.2772473988
670.570091549
65.8726490047
149.523050664
373.668976376
120.806653901
74.5746654551
971.482928917
994.165852766
310.098215663
318.702362529
766.417021233
860.838189396
913.315686976
30.7547911189
45.9879159247
862.599571753
234.929630593
825.598064068
378.629472576
948.038905322
816.503339167
496.201685507
443.769653201
920.74175721
777.886193068
833.532971663
943.080031674
192.140167251
977.703231437
445.82637206
630.103911011
755.68045723
356.07471283
610.684148637
302.329616501
570.557631478
806.365628779
163.40993177
350.470231454
710.098328875
739.535549469
533.088040211
346.862570696
872.488802826
109.716554045
142.598527389
742.749281233
299.810277489
231.525253425
344.973204097
340.432102156
851.839788898
996.900897796
988.297519515
375.573545568
194.464863278
711.575691829
803.76234924
242.669721372
390.204475828
494.044645643
252.512050066
511.637314192
987.161776823
839.065075951
215.002514131
818.547296993
393.942877215
149.203429261
846.209974384
549.359891226
345.038084208
244.900497234
412.022420338
894.80448764
441.301228456
771.498378181
60.5618972784
510.29966386
900.613053795
267.971700191
748.744786631
490.079874203
279.879775437
400.379582378
230.303533561
832.86374161
834.44786527
116.751733371
521.090716545
80.7585204803
699.929055705
808.90576975
316.0287935
288.294426435
496.962447522
851.453846314
417.869797618
870.169733651
85.8891675352
631.495776665
20.3005635824
725.761032759
780.712779652
713.105800831
858.22887427
563.448988761
374.089224605
323.043175653
603.966878649
851.991928308
898.47014972
68.331601424
123.460406617
264.605127259
598.745081349
960.626389507
22.1404168103
895.064581682
970.826422262
789.170870972
10.9363636798
333.202851489
350.602412139
670.037550282
859.676063075
934.236966977
171.95601153
50.0922569109
552.62965641
128.068222377
961.115423478
335.859301358
955.108165255
556.382202531
820.513485539
687.126381485
170.726562775
121.297018507
314.847565399
431.59965432
661.910213296
298.879960259
942.757209425
252.438634379
266.816097601
841.739916101
276.618751368
932.502331725
754.514555449
156.117066217
145.284394602
881.61895335
74.3645727292
688.392381578
395.104944718
742.649911028
845.46995164
329.199062314
728.212664861
739.106534026
367.915976145
616.973742103
79.857017922
666.359501449
452.13004916
553.137963467
204.025864412
818.41499097
440.466931121
97.1316196489
626.415376355
96.5534926125
150.347152392
100.210459513
847.049086269
564.547729705
697.0560229
950.574880724
276.760242282
622.998998723
610.476312612
68.7348201574
46.5502449484
604.865704401
88.894174084
37.1296895777
952.6506697
387.469245794
626.241418449
400.867747718
859.894483312
494.792200389
811.792059756
741.632208796
739.494935715
459.249771156
713.35768303
396.138979043
237.804246586
91.6737454615
295.497439231
258.115993293
747.846021827
332.273322917
924.876082266
802.008396771
995.21131638
610.527983959
274.577609689
38.5420010681
307.151542801
60.7813172353
583.799139055
682.114433079
658.088002731
584.72888288
213.141932641
252.06568579
452.807510417
264.878263733
381.569903625
680.868182007
859.353575512
412.301331865
542.626695662
568.415709153
272.992410914
815.2157669
449.811903406
282.28730052
511.445048865
198.084748714
106.782829826
814.554882819
866.423266232
970.687725674
230.327046764
589.85296715
22.137507963
967.220740578
684.78777005
569.431735341
552.269218216
388.187877505
790.133707773
885.801459926
405.553271983
127.787399574
230.543824043
127.409219712
761.399234678
63.7763701746
129.025395451
159.507886802
19.2493430827
103.056382998
756.744398354
899.634094026
785.882645401
399.857391305
208.057637754
584.593995708
248.525225016
828.580166221
277.409633768
366.851670621
27.2390460582
282.663949566
808.608578101
594.951832276
507.244029064
983.098677274
887.717367528
703.290312867
189.229058134
202.170188852
199.525047355
271.744173345
389.240247642
119.080383833
382.223318796
836.100281218
846.153807615
316.966855324
404.599165638
686.688843993
728.353539975
731.229141336
861.016361855
486.242325681
509.334841478
139.802795572
855.46194733
237.68631191
501.224865855
489.067641814
367.05273505
112.154980699
193.114666127
727.520450601
861.758402947
593.671282733
365.528878046
347.909119445
812.266117176
751.780409812
503.85220414
182.537820986
10.571333657
325.729468734
25.662564836
79.1704793972
910.492133547
371.331304074
928.794842337
536.974494432
209.483784603
909.043660731
2.20618093209
265.439582009
714.324193819
898.414018492
177.710655294
722.133531332
699.997494792
72.430944387
551.148198465
695.438220665
11.1388046419
76.6904702643
530.572906659
315.979895011
422.847026119
806.908052726
971.775184466
947.088959988
292.356042141
614.347831871
669.851736127
65.5635135581
288.050549224
129.321293011
658.361819555
769.972660428
10.3559453355
221.554639186
255.170769248
187.314284946
312.549476232
311.458117281
542.113232803
773.983775772
635.119691918
489.192783017
726.165242719
372.028067697
393.290444273
244.861520971
544.082595364
681.491265251
121.564638561
817.043486481
409.724058042
864.406777773
112.699906557
218.105967947
205.302335831
588.523037649
145.259632159
443.238457808
462.686915025
298.790683901
405.686365915
885.933570839
62.0295705579
569.467771608
782.967647352
2.34318562971
521.559153597
107.648672315
117.962141443
806.451201903
603.809331099
933.948655258
457.144262606
726.477256232
806.703554839
232.606613749
788.854856563
679.351795541
92.5798621177
403.582357968
339.695675879
450.232551308
955.196115426
947.657164897
698.886706435
979.532748817
987.798108618
304.990936709
911.519573251
500.500416516
854.535874548
95.6238397558
159.973511062
344.280425457
247.152852991
358.570655387
615.80862064
409.88917285
442.432088144
945.822000841
962.629430534
815.007246378
319.59058078
538.527603358
302.908437816
202.224899913
165.921105919
785.135004794
1000.7415597
545.218310434
553.402398094
512.677901229
93.5418790498
264.160366387
565.816488366
454.556949375
312.666884313
286.727122015
147.332320069
62.7527677627
359.945611924
585.132860559
826.932329873
506.984751961
588.870184376
881.302547092
106.066010528
946.15201848
988.609153885
274.665207055
619.020361686
990.682914762
596.031753632
921.561119799
124.331353943
761.625594278
187.695813454
653.954870123
695.472534102
292.859074591
170.360083751
731.161935376
504.412535288
296.871088877
888.079729036
966.533999183
89.1882083208
258.19185104
759.803850777
518.268529499
467.441533021
706.048356028
344.890528404
531.490553931
140.062119975
