112.048978545
799.984531387
236.687935954
530.826449073
347.21218967
295.71464538
636.820431773
445.246421955
305.546639423
98.8565445034
482.955758522
127.574973554
257.65152411
57.4199213987
343.900995775
430.528536282
303.975036048
960.591856522
450.144740408
358.363924903
64.3179412031
429.056747216
701.390095392
604.790469192
873.903786565
848.920596308
49.0274271094
415.755204825
1.62593162197
503.547447554
601.121605468
700.967914358
391.178917956
347.637448855
285.353235939
783.855177148
58.9035273047
173.415781385
656.791808251
871.103752502
927.946096765
694.844333673
95.0917329041
159.157717927
221.841797781
564.87860634
49.0983750836
108.368134999
509.961456165
262.038922151
610.389383343
630.697553388
495.497166051
528.993127228
983.871774822
689.715492146
467.143095117
927.96362119
517.598683015
636.583166224
65.993069085
97.9565866475
581.938409396
403.466404804
330.19649844
966.173547244
868.461963254
314.890664535
296.020035669
284.538900444
745.361203744
414.354985082
761.53495671
89.6697288547
210.148603422
504.05524452
637.382648155
249.170623359
536.670506324
400.290003075
533.298062757
929.015729175
443.705602751
213.743818821
930.412038951
331.999218402
194.129106669
842.762838418
52.1287128387
878.086568492
413.441113261
428.493393229
913.014956569
250.742049657
308.208519553
889.632633186
967.792363709
222.956785311
431.960181715
934.445965926
515.41887149
858.270461144
788.068307069
980.977341183
309.076957816
942.744107959
117.210184873
160.498877861
635.657985794
353.508493044
449.573730532
543.769595175
34.9874309878
895.935424407
958.417625828
701.172568312
6.76215832203
376.208787912
267.763475224
127.051742811
208.401310012
398.2004804
829.133688263
621.323865473
208.014350367
20.0498783151
944.594490688
104.758661522
187.908361046
988.273292235
337.36501107
537.181480834
907.675680402
940.781147928
879.291101549
249.144322827
213.843532278
368.402608
586.84153053
711.243896347
263.058674058
583.637653892
109.325269819
318.399477508
780.838844782
997.752588641
93.842473028
787.624735951
732.446918044
535.515335035
598.854089809
342.837467638
560.673364135
370.135298412
296.199034534
725.861571746
302.951012797
842.229156024
680.634100643
25.9384000291
794.645470255
658.142975593
387.387202421
185.982533096
25.7428434178
248.371444583
111.772958883
579.56189965
977.169388831
297.294749964
259.413379369
988.803044522
822.687671219
807.608593568
448.078483117
129.602712834
851.095517236
951.927556156
798.548126128
683.943076987
92.8811240624
557.507803502
624.988878825
841.504097181
849.31507721
559.528084463
348.281783195
924.884699547
709.509216373
394.317900504
200.35592363
388.457605115
308.078744621
164.384788051
387.793875226
467.342214358
848.210876603
350.141930977
263.655182791
190.96555536
195.787119527
963.114846751
825.887588715
398.692942713
979.075018416
274.21544045
789.706878151
8.55736293005
518.787277246
440.573356366
574.67770134
646.437800432
171.695920883
917.480852502
424.690555262
424.830590833
785.786872524
536.762862573
643.769906176
703.996944436
305.41116814
522.073532629
674.007739056
497.79738851
75.1983548288
585.533267579
876.807595849
64.5521797751
620.743098138
399.687962473
521.242705594
350.046820813
600.842775946
544.721053898
373.444377486
13.6764044347
170.266207774
242.362295129
35.6591143944
768.285975694
988.814062853
4.17910521922
809.888786592
695.991842137
578.728143666
637.608160387
690.845153371
821.067818593
102.765851704
463.056435742
74.3764181716
909.452728936
65.2818150351
387.484965961
424.417700496
82.0785603872
505.316833797
645.710976329
330.330674578
62.3551171249
755.181997585
614.028547148
953.205607963
270.454312939
311.157798227
595.421682374
345.280894612
24.220149654
895.043075977
230.405398027
221.208344072
763.408966291
453.20754945
431.361832713
594.876619802
855.65042384
736.271347609
627.507827206
610.224789678
254.361028494
992.418119073
883.796353469
776.966721565
174.988093204
399.547307842
259.800172733
966.919420231
654.718978246
456.429865185
258.532897608
787.95876138
797.994698464
519.389824352
341.243275956
114.536248051
809.699003682
309.447667401
732.650897087
599.516744097
872.477670208
989.941189003
937.274732735
743.002182314
95.931408701
476.660122805
153.07294967
721.507795171
756.139593187
585.658625114
675.172906858
936.026252662
162.176133707
758.617423204
470.654715576
468.496173561
514.828087348
900.673843923
527.070602264
939.258836391
943.238661151
721.333660161
970.600489645
510.795395749
840.745532359
281.975239734
492.780918256
994.958264032
110.447947116
808.713050513
957.432984184
350.814547499
636.114706884
495.402898008
240.463741071
646.194434171
659.944873328
312.880645697
551.57022886
376.78098827
933.936307744
785.669444684
504.245727871
765.942192337
199.206936194
774.733116044
314.330128175
586.288419448
867.354473588
896.248335387
988.765244385
906.050667292
758.678801855
386.455756543
975.598857963
835.665214307
428.880559193
276.030274128
247.41457364
306.507776711
130.066310442
393.805756787
450.1815679
321.14925693
106.708169687
960.530943522
331.23259065
39.9580085275
645.021816498
315.822103479
640.42674437
797.871161963
719.242383547
183.46807985
196.101904348
392.036187969
237.373642727
801.27282527
64.607370388
567.175146821
827.458732775
79.4601601105
972.2522925
54.761959725
577.686209047
80.1103798236
649.846344939
626.691743981
606.022431924
978.141500129
40.6682853461
979.06479387
223.877744675
74.3588252188
958.639479798
838.379863335
939.203222064
994.491928187
212.328786777
459.794483129
390.983210878
186.405417184
352.247534649
964.091222748
99.1929801599
309.173793847
546.067210544
222.186236136
522.883832525
877.582213804
221.559839892
614.550008797
518.231506713
540.810413646
423.55457736
209.151476972
76.8948776441
289.488895175
156.401005846
966.283861777
546.844966742
877.478686234
64.3969617765
742.815731653
696.259926792
536.949218725
139.407076443
369.710743796
793.788105857
286.457796808
575.773485094
254.320073887
81.0454851439
463.017063083
816.623536649
648.8958406
542.285191104
462.751793525
376.351403132
914.811955785
257.437138299
970.425821236
531.011107993
498.045795667
588.756537061
883.447524134
33.2996762989
462.357237674
162.695519629
339.943926043
642.39262585
372.58806103
197.646265518
122.076766199
280.121841516
602.479221452
929.180316792
106.364882709
184.036788725
409.198720673
802.654199861
912.590076407
538.936284426
40.3405132122
863.167576783
807.426821283
782.420104284
566.735575144
851.751640286
208.934257297
143.449319371
934.653851885
672.035883704
525.065192635
428.361903934
346.060893689
631.000985759
297.820094787
304.669342388
912.106220483
541.556697963
104.310741071
966.472294264
460.293357333
192.955060704
18.868761757
900.036750481
569.17912809
904.539907982
380.217082755
705.053890522
812.908710179
335.317729473
532.319303157
769.129166512
776.426372256
254.730565612
770.180995358
589.25519435
452.359433031
812.591346394
184.638495435
300.810758058
223.736995688
374.157977875
473.892209065
264.404185137
925.623733135
18.2981981728
48.6824810243
489.020908003
163.314297596
294.008659069
399.381221828
560.004364005
368.74220963
320.19773763
798.010346581
533.898287716
564.249211893
295.51979329
38.6952919638
885.216361293
28.5872008932
578.746532419
513.856405907
94.0264815436
679.161470727
607.469528053
525.101702751
295.045167486
108.000140896
434.783517026
16.1953332824
249.659974034
548.610620907
34.3095922977
681.783340065
139.12262185
110.18300815
772.992854449
29.5013299286
516.340144972
612.842981431
945.808324345
318.310771455
331.490824902
919.638360761
88.266400699
288.229810314
271.932405005
5.01482605458
111.269332756
814.61478027
456.779228648
495.588452966
935.325880544
851.091659919
184.715530701
947.198569054
165.826246682
131.153426632
156.184071963
944.340419438
196.18550934
473.926651714
128.74701043
685.337633753
926.989835933
983.303325453
872.913138316
817.006256861
354.70707513
492.244628407
866.639034184
947.841137564
933.448175277
445.514517488
151.13612467
274.654979708
441.428686807
290.342044801
678.150948219
105.459846207
5.04031865597
541.195116502
263.223187534
133.104524984
992.582725174
708.908089295
516.498351077
167.860471608
17.9615189588
349.721802612
746.463208699
952.986158046
74.9420741548
790.852112539
765.985802435
871.957300296
64.2869892384
358.81763659
966.719071962
649.999353168
593.978239166
576.211205246
182.705001736
416.788037869
742.679481243
488.25163996
246.092368733
359.516814388
917.47982198
901.02270209
429.493298173
213.322330933
685.548749507
157.811241696
375.547074607
912.338378008
363.047690108
39.8190439785
166.106584097
388.743555342
959.161704723
33.6951122435
655.646904868
159.398645508
481.128738995
770.840345061
935.023040512
777.632124205
679.835528675
300.278747437
662.357020108
438.974160772
961.060449825
783.235841195
646.572857342
790.871423739
250.57881405
378.185762024
831.964415757
291.086407612
202.821663306
114.296864529
901.975036824
766.020756882
926.990838967
860.756868742
290.615526766
34.5466588273
296.591061605
724.712343909
265.254040521
166.145685766
597.651409462
530.891384917
548.759953573
555.485362067
411.337203854
129.758658456
888.742689402
556.400533199
346.859254856
824.122626494
280.087115683
394.17034512
365.881978911
440.473149039
838.85713054
81.9894558453
629.646035437
225.893274782
803.58427435
659.414308359
474.065088272
533.588608973
983.210577516
558.323655766
244.937717994
327.82647117
259.774761941
589.669239467
708.320329279
616.740803858
745.49810145
393.976179697
357.502594883
588.833703505
463.429823746
793.450428172
393.115251911
687.680676535
145.749346344
887.928587363
262.516152959
908.068165006
45.8850431024
734.046793782
294.46075771
26.4516426517
34.2599570857
778.827427212
865.626153612
845.926407783
168.053560914
236.014740264
265.617756126
79.3072351904
971.925060182
363.308552281
255.900473066
581.495949613
573.054116882
544.827127954
827.55231208
664.380292029
878.119266998
120.375828043
0.178303688493
255.836051037
583.31579466
177.931043914
413.684832981
520.486410858
787.47281849
795.92763883
714.325931097
938.94039987
519.122311032
770.736785579
439.75231096
768.319932209
381.634301029
472.927492061
69.560925781
966.72652653
636.002558972
473.777132893
822.637161132
412.590868229
903.177172166
776.146420274
315.650046855
556.641610651
22.0321956118
135.06939997
674.86774936
828.085067877
584.979546624
142.240157448
658.382599329
351.730797156
987.08311482
244.806171109
394.417989117
410.765032585
596.918773442
993.689073317
423.33573751
123.626779928
283.197190254
369.917167524
503.6436208
909.754550968
664.343705405
926.737366041
893.499361136
1000.6655119
401.294586019
356.693035848
828.264537503
875.890408904
236.367405931
379.559861941
614.178630948
918.768652295
818.23439902
248.996068323
59.3656068628
44.0938593607
799.651741271
549.751640609
546.468298038
767.664910367
111.900915217
912.80491301
924.138188882
50.3277819731
860.968528154
310.816533139
41.7684253832
946.896638252
339.969594845
418.595959175
271.803964324
841.820538202
912.932238898
882.656048772
765.299312467
411.829523737
572.454623137
884.609471527
404.508782221
765.937405124
471.808193197
956.054027327
528.155742791
30.7302727524
229.673655752
847.127694257
438.594698977
909.59461799
803.201894026
408.36550065
899.538482507
732.584081801
391.033564713
187.601754528
60.4134742162
211.603012502
869.061249752
823.464360738
781.196673629
471.700498313
729.977904656
972.551913196
0.158125872948
116.998056592
709.997546104
428.43692304
740.688687552
912.698332814
650.113111819
354.155884487
244.014643075
264.99660152
903.117944212
732.146523638
492.140068283
403.284271903
140.245863682
617.543996089
367.858853304
142.25276545
518.086604825
138.768033657
452.881359227
593.010586463
333.650065654
723.746548263
628.698678942
695.969513425
743.148360446
72.22146152
5.88771731953
601.346168587
165.310211564
598.634334534
689.211007979
134.103141943
582.763821566
573.398421804
896.560240038
559.3105594
974.667519545
279.239353652
43.1937901402
909.792219365
429.162484788
620.387025735
378.060577596
963.352024121
473.559367486
381.55665077
136.344308633
748.857669303
485.843808271
820.241896838
248.709901658
746.759466454
844.932031318
976.513238642
92.0509464102
683.065513065
784.774451881
593.991027586
661.668446812
56.2078066998
62.1397993983
997.533889426
956.514972725
9.58111505263
894.90413582
50.278413805
245.987364309
784.505364931
427.856931703
491.969473073
477.321920812
18.2171710365
354.544413011
232.545129747
777.992830777
933.584117186
209.069174769
468.933521772
667.585033349
495.396101059
177.177912106
108.629727813
675.172737925
583.470572355
123.609095283
968.116401486
678.521478024
732.658900488
515.448487028
91.9369316561
200.05995965
357.898767606
275.485473253
448.807101628
389.984609898
622.728292243
827.861502524
968.627620234
548.047896643
967.895268726
948.99054575
942.720520889
372.41962422
132.716049785
32.2592243263
167.736254998
57.1604300398
263.253342197
489.619997741
799.837238457
827.996723883
427.98215349
906.570991308
831.756494703
607.431332752
927.132220985
18.3489814495
423.559092612
731.971677943
917.505831028
762.084867484
246.495803282
689.057290908
262.650386722
176.123398649
924.827666626
17.5541510488
951.931136145
544.904069484
604.380484943
568.792163833
849.187593913
729.353312198
544.218401084
4.36052423262
365.925108114
826.477440758
255.585587961
101.38981881
521.85268155
931.247573614
427.331039146
420.018353755
360.410859922
596.448957096
797.652236876
704.193425649
853.377482986
565.573334978
667.61236786
402.908749121
293.27523872
231.64676452
225.169013193
748.563547318
264.131734414
69.7429181188
962.63413315
844.77112117
630.470975591
214.164295719
992.235270035
752.518929755
662.702279154
165.805251551
698.428208072
463.013959705
634.192461865
483.554933496
170.567898862
463.480973884
