110.347178001
641.673259205
41.3772400284
8.43158522731
831.391211957
467.039327763
848.066856741
192.095603325
755.010239091
770.625422791
405.319811796
675.112265365
236.525470579
735.435287971
390.411751526
120.870343834
508.076792221
548.564922742
627.856496556
234.985389731
339.205377222
1.48648195154
266.154608865
353.170595855
608.032065306
85.0115990426
615.609644392
776.022530302
920.464093758
881.590438238
640.428069023
761.865567347
705.826860498
940.657273596
221.590239298
414.365349891
324.136870404
379.248684481
517.277507871
376.485602384
114.510512145
878.742857999
898.488187304
97.6325180475
640.367703298
147.724965799
565.114872094
916.682640985
305.173969704
713.664235025
997.72462312
653.238489479
239.17875412
677.612959908
703.249584873
875.383224861
946.051292486
759.909841517
466.169009438
182.672434675
279.40183424
158.124590566
640.001101791
463.715737546
44.3458352261
184.874785825
803.885919631
887.350820498
627.450969537
508.053886024
435.215887229
843.094407939
496.252751259
227.756091205
308.740650121
673.449995626
454.869593985
198.68756839
648.505800346
284.120039945
329.93813063
547.958700769
130.272440963
866.602499225
422.703203315
66.1588249145
428.174066279
189.47027441
802.529320762
713.074627127
229.746335996
3.47269388198
322.060088471
45.1398203416
995.559886498
145.216729661
59.8933830156
585.704544553
638.020594326
279.773257426
717.100113458
580.56877691
301.266473747
256.800446394
482.805480223
803.084540794
931.840038362
466.739730855
232.968540532
970.272582806
37.5062765696
594.681362938
307.559604017
767.838039435
740.393774041
351.116871119
86.191108617
869.451054255
192.25901048
51.4701055991
667.742283127
614.655422181
178.444734815
938.057586763
100.243465963
269.702465787
683.861237396
446.158437759
362.285693055
866.442721466
806.956527054
373.195266693
117.752953075
94.7237373303
17.6599856732
198.114232481
551.612283458
815.36431693
121.185702116
82.0976989527
531.844887281
139.076123568
166.811386391
728.390282011
699.393994306
787.549761816
254.654715162
288.254932095
76.2572696788
268.607908621
368.721174681
600.11863013
62.3135326969
610.584260071
72.995766478
403.864857698
455.790628261
97.9700326703
943.976427501
829.166563073
294.440164138
318.250726548
147.906847107
78.8357376046
336.705585664
60.8119551213
434.282108167
724.654970393
972.311725437
718.255149241
107.459183219
976.909235122
997.983049199
250.323862044
171.803083014
671.86321991
604.00970542
192.821298722
590.923111871
992.264721659
751.338752096
695.188923595
362.439725313
691.176181866
654.390991155
180.161097294
637.072512776
688.75466719
238.694109959
11.2910536822
638.075239065
409.437287948
838.129686062
9.63360062187
933.402340345
872.781181831
132.11702911
855.982434644
193.120448968
44.4696966778
653.594191094
2.95084672071
165.871972346
450.38899243
230.522279996
278.825632837
79.9173533654
492.02513606
624.535208124
347.35013034
716.79741756
53.4615078906
75.5626300232
81.9773069272
45.6051787053
936.828116262
118.635037259
825.938777354
824.337447723
51.5169926212
596.805828927
167.42542501
339.009567605
130.405245932
250.182962238
46.1042570383
238.309952658
555.589435232
778.060677928
911.759575606
780.323444504
850.757337716
825.571022814
200.899658476
286.042793823
979.690003844
341.059460843
866.612991183
906.463216329
660.499074925
447.091058354
829.715032373
124.751324682
625.589728933
357.293041126
172.651312909
101.829949084
317.414181314
229.428862647
630.901512151
269.607869302
567.505142774
824.093348163
843.789464494
865.038219358
171.068640049
484.406731658
74.7796648165
422.092502639
999.766421533
151.858957755
21.8793035144
115.818239481
886.024534824
63.1923846846
925.6975071
47.7731703101
553.521685662
34.8851629538
132.095050963
731.039377108
975.402686012
462.495049224
52.8664786082
27.1891727847
173.192208824
664.623264594
691.012338876
783.511599501
588.720993547
319.029240001
880.859167216
526.12136575
95.4974451389
81.0914185555
426.66077266
969.285698856
944.859158944
172.714219337
911.449572611
70.7424980086
142.354391898
457.529814501
172.470388498
351.32691144
258.391115401
946.06128818
566.525903957
412.148474281
611.993382369
187.930501604
294.884273721
852.141460385
679.061540702
480.940854683
545.848818449
231.861521564
881.554488668
554.768053308
822.24765617
77.5674145199
956.800486199
113.894224835
589.675876272
961.233635766
413.387928491
152.695280701
611.289494707
74.2298769999
795.198690173
110.629296783
982.637671031
459.313909538
818.22470368
257.484250328
325.91124587
559.976632476
365.084483725
351.091538619
236.842019764
811.927764907
657.175757186
601.10070802
376.288681554
1000.78178671
18.6759097146
418.820445855
896.036490861
914.081109325
960.831101204
983.899689411
280.476060937
487.596272668
610.270210134
247.391467546
286.702044071
978.385935571
436.633105016
760.700527999
320.969901421
924.305811592
158.55895021
601.588477167
360.472964424
757.584175406
702.096272934
513.653568894
645.13336096
123.804802101
995.987412067
303.342593218
569.410876289
716.468328062
944.899726685
484.643038181
859.939256179
753.201671039
434.648101655
348.548020543
531.064844292
999.014432607
901.19660916
170.017004052
122.492084319
911.575102703
34.5765720025
63.4582041581
54.5184221688
671.129302748
935.516358756
87.1370543935
866.019796045
102.093068062
918.339765535
75.9746530701
807.965629211
621.58516846
104.062039383
801.563898717
646.014499359
864.540182488
610.437035005
329.145753312
931.137279181
864.226221661
511.45012051
419.048772959
396.956342605
286.79402596
466.572704593
544.184068813
11.0433125618
124.770990263
440.345244127
489.498476761
590.561249273
915.444456054
144.162028518
36.0713850473
916.111049923
233.160404725
905.425025459
500.04491293
740.983140015
430.031580281
923.845973229
591.10033421
956.31715148
784.471391133
904.923355471
46.36678893
171.124111072
131.888852777
756.200893363
628.326757037
320.770858341
980.938922317
912.670206849
531.766483193
791.543416447
224.5270739
653.954048388
702.12041165
241.372607345
286.741162641
360.127779373
996.983451331
692.121166488
965.389434789
278.725778573
891.07580739
387.691587171
700.96595802
558.997490857
823.699053712
100.829328732
63.2909464174
997.24880298
487.232213943
787.454936992
199.990150017
308.972149239
241.244755604
576.961886036
599.428486235
950.229940516
664.106262033
312.493161373
165.10916898
733.190833777
200.302027572
371.213028731
297.548652975
842.282511244
85.0227705158
29.2083867416
314.569010391
154.65184058
983.897154886
106.156821578
132.406310088
786.977853881
116.788927865
5.59020357687
572.50691644
567.710705954
779.280705257
784.962578626
800.343397549
105.664910531
969.12067246
748.718278508
419.928115024
934.0078267
288.47750112
591.799651237
992.242960332
762.248995831
430.107797154
4.73778712261
50.1322337886
219.522865049
287.813426372
871.367336114
616.203579845
857.427174775
886.520821113
124.636708529
212.065401188
651.209147314
642.822155511
346.24778988
895.466311803
308.863952694
9.03479043304
116.014604799
53.8431691028
461.961258178
341.214289379
571.931272278
752.205091709
564.697172268
869.415614987
876.022022533
480.499296337
892.607319243
102.008657197
218.936906708
450.02006084
755.205993177
5.71380389281
177.977507951
156.48789618
271.790584245
484.109539147
8.88934669919
382.372120779
37.696481931
672.119215472
693.099398361
895.241515707
831.696307894
683.799150601
235.980291524
898.947312417
489.005996311
68.7128370625
10.4763835639
523.782512418
245.163223013
290.073734747
714.301679174
72.7387911328
938.068189868
322.820331005
224.96159508
602.626446889
419.345998296
959.46244485
508.974718126
625.548078622
102.661536066
736.655190832
829.265416125
172.396447092
695.488341119
519.730146207
919.3198079
180.842568213
777.462238187
728.590050544
354.839679752
185.921365573
265.622734222
30.4043136644
989.132378819
973.481535986
412.085559229
185.857959658
249.886559036
153.838989793
125.971342206
896.283161534
257.237778539
21.6180577259
32.3363158461
55.8316106925
95.3319664538
925.536635144
538.522748929
129.467976614
285.335806367
570.799796553
318.272380071
865.593394374
107.926945171
130.604075813
660.825941748
20.5573940678
519.707201211
695.494460276
315.55206998
923.857548397
253.971114359
325.760150353
697.080267118
530.10150101
942.378548183
428.801952121
847.504150499
577.938979172
311.079652673
501.901583495
16.928958348
897.856995453
640.375502222
193.166686465
560.227562297
152.377715177
828.209242636
471.222376279
634.892475707
542.924778163
827.892445919
772.038049789
877.24919833
473.244190536
977.488174291
0.00903196874221
1.65157005315
809.028616966
39.8786534061
418.969526228
674.622355862
422.011844952
57.471414945
186.4362451
851.648464945
314.833928569
150.793411011
180.730489318
777.550369839
732.938244828
845.790835239
316.336535605
330.874786466
571.07785106
274.385499472
983.235081938
108.590029378
962.843543468
859.934471114
979.468893448
46.2603121613
971.204242454
80.3791316974
338.250275275
166.161863981
172.19818203
153.26750689
238.787088281
14.2558592887
335.212428656
530.617684015
985.545596005
98.1208378613
355.094330788
469.684959581
178.24674376
55.8243808435
524.732639227
96.0665946982
278.976346215
892.593478653
641.134415023
922.935230885
330.499991412
626.990870457
289.579123483
190.790763848
31.2983879403
357.203772655
208.906763656
174.515402087
962.45686423
570.241243274
341.307387855
277.463686124
952.489760051
798.887506645
106.335017268
288.146252004
75.1180635618
623.437777264
396.146930437
128.504412907
702.507054333
578.178053145
964.454176681
177.691721554
488.796951214
905.860828824
472.295211754
863.976059641
719.009143996
566.63250971
884.215207481
303.05909633
219.43305347
534.77392607
233.780296879
614.097266581
241.06923983
609.463946576
706.351887395
754.796206887
329.400891217
813.979487698
901.404376385
753.311605074
258.344290208
116.466331365
185.51155974
740.795885366
512.663736431
636.974281716
901.189358096
742.020463989
429.044875678
721.800047601
624.505761782
455.336894749
12.0077441452
389.185480418
945.260328845
108.20269752
336.774617163
683.525178415
747.445379433
333.757360497
387.079398849
920.929958904
655.496744402
452.380376943
999.865392825
469.993025819
774.909880683
840.80050965
350.379927565
449.722722639
8.54349641275
141.798174038
278.285102476
953.50852413
130.26642884
525.634469995
19.5397039287
491.442041175
237.068045885
668.419081625
624.704263375
990.331875822
1000.77151269
262.628101364
756.422718764
24.7170425929
590.058284177
539.753250473
487.723266414
436.131725045
198.193561088
470.592291551
460.37174263
604.681493433
20.9405975963
107.015940996
280.949534623
601.023252552
481.832723977
839.474205647
911.586595504
717.665690171
676.637255196
433.296404959
632.127875203
660.689244612
704.948273713
902.512454661
242.709267843
397.934750144
321.088866891
22.2746832797
170.759948993
388.280459029
134.143640467
139.680499784
747.454629403
999.948383307
695.6403671
635.099321306
847.109193281
218.742570246
122.861451987
442.572710657
755.257810239
344.524836947
361.735949435
155.18352145
605.521853297
199.780617029
942.333913147
57.9476113777
532.249785686
969.078755764
526.581275124
308.818029213
329.839908561
831.505914981
383.613346764
559.939842148
379.584951278
139.1770883
630.62183211
844.694854426
79.2752250853
485.280596432
544.805084497
103.867625401
475.169884188
665.072022707
419.985059038
937.63423622
77.859523006
447.306360665
69.1523282131
940.516752068
520.047816635
570.87066775
551.400813061
55.4174048278
483.725570641
666.865559722
167.992188319
355.338740619
596.977142882
254.99193086
341.816283157
936.997507263
872.237756787
546.231711277
28.3264054509
363.372121791
11.5236354505
52.3212939825
381.565579531
963.956428404
275.078418438
801.016598898
596.682251584
125.304268149
518.440633712
539.333914484
698.887129517
815.11744796
882.114542747
491.056450995
450.390362279
891.519291453
365.063373052
174.459203044
587.000579654
647.412469708
549.345189673
289.537880167
323.226970405
265.626198341
487.807443427
117.542980915
398.883244289
493.913299164
875.280727324
250.86607429
523.805558537
376.962651415
216.663316216
18.5400773794
333.276996749
104.026550258
596.941806408
67.0929584514
911.635356697
539.575755278
866.332270144
619.385667407
455.106257984
905.440195199
501.163051867
784.144277751
414.193357242
985.373681001
624.121491612
399.178801907
217.584647064
692.911559539
146.696785836
320.350303563
547.72365422
905.48190621
610.635299294
72.1721839196
371.738636726
534.082357456
179.007760083
232.422908678
729.092709367
637.276880503
545.483312416
174.473379846
367.115236892
360.047355778
705.288479912
905.62110485
12.8806259444
677.434453983
974.569283412
210.068236035
269.688436844
418.134659679
806.239769852
270.044527879
542.935161351
40.2425510075
354.837278767
217.411203349
535.754407691
992.146685494
767.972966299
335.390646049
72.1030929792
481.27209442
542.547379492
143.724763295
795.175763918
660.476493693
459.906279134
207.43219087
393.548240602
825.051978373
976.860147231
645.559935244
853.37754497
339.618957273
662.043099717
280.8095768
279.173553867
126.051672898
902.990841383
830.171500644
398.21494382
856.94516672
312.742842153
507.169753153
967.862866435
473.062037748
510.323697136
578.105954995
655.4983778
116.7569582
20.964055671
614.500053924
661.14887215
985.059775703
314.52925848
188.484272074
43.7735672586
367.296574085
517.324465698
563.884128342
381.972721404
319.593879069
786.28894185
764.874215976
857.141957415
51.6332548912
197.112542002
33.3609564379
121.138261223
119.309416912
702.369395744
872.355113871
42.7390261382
660.977604313
418.205260874
726.623639066
818.946464441
906.981945925
256.138747886
544.218634771
216.555624202
919.055676419
428.624291641
645.034101469
60.9381441595
112.795005395
878.74123
702.165281862
11.9902134505
80.7574388259
556.560055986
244.886579045
