395.81151006
84.5934274932
67.6046148708
222.642454019
239.067200416
283.223389085
837.87187303
638.032895501
178.695660033
93.7869972081
797.019280235
12.5112048618
201.327866885
72.1204657867
294.013638356
681.36590026
251.292411949
535.045126754
729.626191436
540.16270239
802.127338525
672.189532284
516.945481188
635.280829853
140.771054748
915.328631758
440.904198943
444.977343681
183.7509073
11.7992462801
952.235486081
287.350764954
363.308512908
852.971535826
391.351511042
216.32799393
3.94233422576
285.030639533
305.439776436
891.066002019
815.828143029
571.216113315
528.056356824
623.092186248
663.477596685
772.126933919
973.670639745
240.848958028
760.406760237
811.133538615
894.608468951
325.034022453
27.234491394
742.08129679
831.680064819
761.544385653
39.1276171537
774.151026236
432.975851515
799.492954913
218.935898799
350.393581452
398.47739687
372.128553552
462.466810583
978.575305283
41.3642819969
41.0155944931
573.391239598
824.89092176
574.393292687
178.732861576
585.379131425
252.833482084
944.772728119
846.596046272
713.776981652
274.095992113
160.265839251
180.6379452
264.895641084
647.049862896
502.622858246
912.543789121
387.355348917
762.758503578
556.411425613
901.995454313
564.629843093
155.624580238
901.679217303
45.2989340669
419.929377193
300.845718914
646.154762007
542.583367313
750.344038999
226.65585257
96.7943863625
24.4896289795
662.391530612
951.722346454
497.070478554
15.3226848611
297.549112358
57.1922827099
782.300596092
14.1879865191
171.047735217
155.319320536
658.089279138
10.991221679
975.333517571
245.36132145
148.449455324
597.377584061
542.728193258
148.517092396
283.50528275
79.5513180483
413.318067281
803.15273089
279.343436272
622.314422651
418.268328538
999.513373789
943.002060404
287.377499435
183.981001512
605.106903926
986.51237402
615.65925446
152.858573565
809.412406635
279.162692723
395.325962077
136.336468269
170.326705583
154.128984694
993.370587719
820.883368475
315.935362251
776.26844435
815.162807331
430.379905288
593.890207527
184.679015258
635.228111618
906.84784188
134.7591119
690.901045569
149.647176548
485.993421395
144.238278241
101.125591148
503.207643669
835.542979383
379.230148417
835.014443212
264.790190321
155.435920101
74.6225595019
623.950781305
451.156053059
249.477053597
859.429228481
962.724134627
841.843887835
109.944683277
235.315462307
147.874387882
327.558950491
694.851795757
676.831748151
873.377901886
923.211348097
55.8768369488
665.892695889
324.471500417
836.266283302
510.827308541
485.981991716
73.81416556
185.433105348
628.942570255
744.48807378
224.83172603
698.613756778
296.811753693
556.860063968
421.028774039
357.92238582
883.69216864
378.703402082
680.150288645
620.884406037
697.269098324
458.191888954
818.736008977
31.974274976
232.035877946
609.882014861
104.261247148
90.3471432901
606.904265956
115.757397921
943.928411948
750.178844082
737.373848043
184.548353736
769.153036746
71.4259483901
14.2578297876
159.690186854
489.815552954
383.443168857
351.708650223
64.2963612409
356.960824157
766.725367005
141.462259261
854.254182395
771.696057415
75.7470204504
50.5093080477
560.026177112
634.024840703
96.2161163214
824.859620269
208.706228088
137.607131168
168.3212464
278.086605828
595.838230338
198.32942269
824.207498523
175.525040241
842.215759139
481.875024842
102.828824226
864.653430143
29.3221137219
1000.21789959
567.953928081
535.383745243
926.963496476
143.692914959
663.025612315
265.798472487
337.035755617
367.293358727
600.949909849
667.097640747
113.582407749
60.7999752353
608.115101218
412.237919967
323.628082658
293.840344396
763.909279493
544.515859829
432.350978448
125.795284241
186.226933642
818.712086823
678.817437517
644.208405545
982.793938732
367.445390308
816.231480356
788.691092212
102.478638356
757.782217718
270.898256961
198.349775089
108.800478265
958.558320208
117.688918191
265.6440754
463.318595867
890.222263412
760.176848536
276.889752168
989.973382311
191.710927964
255.116432542
770.012286161
459.894664264
613.38569051
276.27674675
381.322831351
672.506953244
208.610630747
614.076327629
258.339726008
840.465598494
364.309751595
387.721617308
637.098137523
289.627477198
118.564631483
844.112569146
12.9731353766
280.59255991
891.818545537
37.7486989941
37.9704063314
945.694277053
192.643532238
325.495097501
759.691785842
84.5311975942
320.67478653
846.415229978
875.400663194
211.658099861
209.666212268
758.776805158
742.342194455
737.502763869
922.206959153
691.344987681
389.921348307
428.34536466
834.488608377
407.636214005
472.736146989
916.559929916
179.549643543
845.687748348
767.54176929
596.158992709
262.185128774
131.609968906
146.582657769
748.201525423
116.546956145
809.833746486
350.551364131
584.525722737
707.492465132
296.945187994
84.9758991534
198.35907394
971.907643247
885.162605635
552.435576564
816.195060169
63.3191866782
256.313110258
856.336924449
882.39076103
593.983336268
743.671149929
459.011548585
746.067697096
645.374896607
748.058541339
936.851091552
199.975274275
418.416758167
186.214009339
824.501919128
334.846626988
408.359794914
580.339752187
174.923798184
54.2256164938
153.362893673
357.044535795
444.531982679
679.081288757
486.73460378
600.385805459
920.870727561
158.59534559
488.040863336
469.968748618
323.504739741
771.795619009
48.9796551565
875.222969134
947.164723112
716.637189332
871.034808542
754.763112678
892.857784971
801.617248554
417.747445875
676.277104645
747.369344755
81.4629140735
906.321833634
458.926735672
280.95355374
479.839669007
625.571816922
875.467224718
975.400450659
581.778319458
69.6755933762
197.075634248
837.057944364
811.125391617
277.938838208
770.2324129
702.060555312
500.606852295
836.296671105
396.165652437
380.86867698
86.4266812484
894.275542975
7.20846465568
189.199811987
273.120293946
150.063099601
207.775986951
855.278804747
563.14122698
424.605656835
707.183995558
890.369622662
90.0564953387
516.246990135
181.128931875
938.956064029
814.847455
783.089839182
982.97421137
96.8684862005
581.579424157
187.149189088
432.384053029
592.406304531
706.299414959
774.395598543
920.910703294
122.002206644
991.333399094
389.250190043
339.978247557
216.382510422
10.3194312978
879.646679803
112.903674832
185.856496099
109.599971591
62.0398538472
184.747227334
757.338214943
596.819632018
444.579836044
664.320004487
387.16259764
850.645023339
609.352558369
403.928703294
636.366210175
508.81857492
580.751630554
711.654183971
534.550852911
476.693744374
771.113508963
180.059805533
219.332987437
929.679912535
316.524382827
700.925544654
135.824186198
564.423802654
639.748742679
128.444885726
435.13066539
573.103348786
499.119807478
130.702820042
551.639422454
939.78643655
899.796120079
923.703980907
986.930284114
332.161292204
687.35862507
544.161142474
551.915269236
231.186315792
927.562685724
30.3010650715
453.319971079
658.495427393
421.360538643
617.849174064
777.099557362
115.952482638
112.565851973
523.398449339
256.682919955
71.3054946722
475.040910201
71.8338479219
132.749563008
999.197924381
114.282030594
858.590848669
536.698674551
323.939258748
338.062893528
940.825150004
528.295570259
774.026099902
846.369527909
468.352123385
627.429558961
334.333587709
761.218294363
279.502510311
51.8946189325
282.568168922
793.599234212
702.105497934
290.146271011
569.71285749
799.339251364
877.845575906
141.256997951
914.925915789
780.716274876
256.997414198
323.089127545
562.470387595
213.17593713
61.4329138645
417.977849501
24.0597137409
157.693547741
911.819434594
969.667264884
930.756597233
655.780688633
857.426969296
814.609613251
238.714380557
166.246088713
643.215730425
301.263654784
490.693768799
442.802522396
369.673404223
692.14903115
403.484996827
114.637167105
5.830029781
930.482721564
901.799231451
888.005432128
393.428415855
722.575828495
695.169209442
138.507484199
135.747941769
921.939620194
791.715345322
240.391571395
885.761924401
292.072407428
227.173719882
864.390541415
385.328784753
585.573554288
814.299522508
192.402225806
722.657296373
668.273607772
894.785913904
653.401740749
160.977169653
777.198957876
951.062822496
852.445989298
597.685094878
973.967699102
952.032260949
978.399429229
747.334279472
756.730294184
364.273274148
423.429607485
621.7991377
987.425534104
5.82326120968
513.45303287
822.609985037
410.748727831
361.843562385
207.932682123
166.728365537
508.103991462
818.734151111
404.324631176
464.505848402
43.9276725611
165.489320081
815.235866735
695.6063876
387.668355239
216.000870684
486.335860157
456.195680066
404.365586603
196.780178225
180.871522423
410.545549321
384.02324886
499.350668564
446.030394139
946.520005977
459.291385829
432.669303297
560.371235568
579.539726499
182.177719793
45.644058593
642.583406923
443.502979771
152.760839318
67.6454815094
586.717163914
222.099590257
718.362617357
492.515830533
813.787899866
464.036077577
609.948376226
907.264226882
307.49021346
315.808649593
771.898396488
323.0463154
86.8118958024
955.958844638
408.675239459
49.7899109719
285.53414096
641.508997691
131.777166334
756.505394438
551.67461173
341.789142359
669.195798508
132.2128745
630.521280598
278.412590382
444.479626489
338.155472998
861.831879006
602.603462414
86.614280744
254.287150102
920.767207016
401.777426096
446.071176201
649.260566714
708.165062515
31.5832612962
769.320545051
81.5238354201
884.539346793
162.601030932
395.806997308
296.879631117
607.012710642
46.2629654323
368.142851364
408.027802801
507.821524209
331.875169448
372.022772177
600.287404183
54.9408535068
872.186589321
60.7114537993
793.99209344
404.906266415
708.246914011
446.306520314
925.790302565
253.171071457
815.466938627
529.132820563
224.571806522
82.4740290236
214.308885624
541.350659958
103.309900633
35.6420284658
967.517819887
389.466167717
37.9298679739
962.874334362
210.228686016
759.122590592
115.472871123
364.234050123
282.407863663
935.912277956
55.4948694799
545.254889683
87.4522412892
591.6470566
860.425748401
358.182004983
856.769855053
772.775117124
769.131942154
250.558473793
114.895233523
22.4748646115
901.784347867
143.450048914
594.452338665
988.377384655
276.322610232
786.38582165
600.251319816
196.465515318
728.692534513
933.277398292
497.606149946
110.958936262
984.390022437
144.530040265
815.46215073
186.75735225
434.798737529
264.097091088
122.641394298
567.852707328
235.843899263
308.159451516
379.049510762
80.7106533985
18.5651197555
123.747810608
169.208723648
992.367914963
141.0274254
611.459114242
529.647655226
771.633905424
210.187394473
550.800226428
305.670202528
720.691734207
956.874282667
158.417190611
769.890125754
190.010976042
277.131832725
675.233403225
125.031262397
263.377926322
3.51179611041
823.787949751
446.538768738
534.759559613
74.8039242737
354.37807445
229.973705824
932.393510451
296.948283482
250.096922422
240.754106102
929.150987636
596.129249535
585.67981899
431.458159168
482.93361709
625.781379035
133.146066091
54.5999785209
239.773062606
406.355125353
122.689719711
517.044668578
382.537114269
112.982012598
78.6145227194
597.175688103
690.276078543
506.42951513
761.302355894
73.574745304
316.801122421
669.709739215
54.8684870718
55.1708199911
291.019388284
52.3082573257
131.829652803
785.195601813
202.290554057
981.670782911
161.134823666
337.402539461
101.158844334
935.861138908
676.465701875
217.842143546
378.438450645
726.725430737
9.65840043433
325.31173458
173.206446197
961.415679282
328.599284184
625.822718937
261.788693228
769.558993613
462.322979224
943.65502771
810.001832395
239.017264011
378.121826515
97.9485382978
148.261512138
555.004630755
329.042786214
247.388649377
862.226887369
395.460589794
854.585135615
68.4544164425
986.006576866
735.642028222
646.622242409
149.827166628
628.278425115
900.169094946
468.253117979
432.08976114
912.946121645
595.604396101
577.517706816
568.857110709
622.358787623
249.411396289
930.736133103
332.124739567
524.930556512
979.675732507
421.400624346
502.202109991
897.845274901
239.33477134
366.65847127
256.155103511
702.972611035
978.928553075
439.948038957
50.9912195382
700.793693473
595.855580505
69.0618078733
679.908030479
699.207601236
534.46756126
968.924996821
377.014196693
443.680279889
933.768988364
410.924773714
203.754862557
607.218153614
613.973603942
784.359208696
897.349657004
920.365041579
279.537198851
844.782935867
623.957712589
338.107059146
700.722356034
254.606437105
665.362507455
612.109953158
980.322242601
670.21462
851.333576594
898.163451252
151.333995063
757.607260125
384.588723662
583.022318849
266.141905098
316.787371324
643.313339042
400.653709257
716.530608542
444.013015197
782.272049972
228.854385232
550.222463561
875.21780456
31.9046360738
248.563827
776.409616914
624.366985441
620.801818684
126.164737172
240.926535145
863.00209338
233.845203898
472.946867602
92.0356020919
852.765169747
612.129611871
978.650714535
427.859531179
169.803827691
406.421462806
152.776150897
910.948007346
786.360317161
726.039866588
403.794436827
906.875091363
785.267656484
554.085767108
199.964686943
713.735752688
213.633053065
516.212192004
402.295618345
980.312080535
349.077537987
338.316249699
575.947460726
58.2992899308
882.901249095
892.745658747
260.722807123
602.561629821
318.723046588
951.287048485
656.248076038
367.440692088
136.04170199
937.217358056
809.634665485
911.586713807
205.123434447
487.893925295
472.06935741
342.487742803
390.040538884
983.717818604
360.211139453
915.654172367
793.077623652
667.29038846
6.0807705147
428.826483882
72.921378737
878.254696049
16.8812649627
825.248270204
917.343471811
162.598837623
906.139474543
658.996517778
141.21776619
496.719821541
158.305173697
677.450839727
910.954317402
491.121918677
102.657894564
272.524633072
154.559303892
613.617499624
598.117809283
382.295465692
91.7835880758
131.738526186
528.251417972
917.368279318
335.835788081
27.0219368378
782.925806754
947.046737288
984.610003486
237.900473634
944.110876071
324.125286632
376.46155315
810.053594937
56.2779777233
123.864695171
