202.677284873
196.090137122
606.09507828
398.956418133
899.176401331
385.649700744
133.648924549
385.994032261
455.660881822
797.572676799
976.135506749
46.2927787657
897.543796491
68.2252437646
345.838726442
43.9799213952
243.906411824
586.191036065
560.678281289
68.7564527236
178.888642699
313.790445798
701.534611915
336.270249387
739.362915304
868.058673191
848.538144793
671.941898378
687.639240357
834.921001219
417.140949126
866.48472903
113.920774967
615.967215197
947.805449672
678.370469827
86.153513705
376.442815648
814.184204569
295.884956337
406.400742809
798.504754571
168.637765155
856.380186878
213.718262998
558.45554926
728.910888734
317.440195549
629.35792984
609.332581172
995.40143487
821.299888271
99.9575570273
532.954091889
108.936191578
563.127136662
117.435911014
71.6120578356
204.970900017
618.902381752
330.451012162
569.583346187
429.10225741
302.134498288
101.567132474
186.453946002
684.439881007
678.457853518
120.609671836
216.911192725
979.04544232
497.490000803
494.365709122
720.873085654
908.312558392
407.939623247
645.534764123
453.789449687
742.598970716
771.401608785
814.275532453
629.70441329
507.119259453
55.809901845
992.058912048
17.6381602441
694.951839586
782.091800902
641.224997294
894.025739019
793.099890588
218.009226286
29.1805889405
815.01119224
939.271857051
56.650297901
975.311807528
268.114096958
808.063840413
634.706133968
51.2020925066
6.46933852673
525.648821761
450.635931012
227.04372692
521.068934617
562.271439681
296.818216852
730.493936665
905.850267024
116.882381938
321.989785603
301.375448509
356.341210133
490.860200528
727.202356902
581.217806417
999.109758299
971.500893392
533.891963208
330.21714591
999.708847524
549.652624911
741.762315332
353.684589773
675.90130749
728.482756339
187.09701065
337.491468763
346.076439677
84.7998405519
222.892088622
519.601273105
371.4356692
825.729056452
965.096979656
256.387611794
553.108010804
37.1198483158
834.254355186
989.341310025
288.326649548
302.727365884
461.876097593
907.36956477
404.613143181
261.010531247
198.927387847
80.2080670294
233.09607981
689.051571473
516.328940645
466.293802788
975.541643337
138.921943482
815.967290984
261.564138113
854.022829212
540.645271186
294.84154807
76.7848073617
909.259800987
618.533984699
958.261182243
749.429676534
274.170628503
398.46086797
980.667577782
445.696042815
877.17496022
330.16240224
159.873867055
737.714344646
871.03969982
24.9685586533
943.66805598
583.919787676
541.919125309
210.838539638
499.676377949
568.870040933
68.8989760418
127.312852636
938.081245441
666.810155532
995.772279802
232.812614664
797.103397244
895.555515674
415.656582181
407.669991056
820.842540463
365.132407217
35.5389145375
821.752840683
240.159376523
789.626002577
531.04913845
881.153155478
435.337458631
767.507183005
641.554218561
655.474347056
22.6175523164
385.51913042
963.093341107
282.614566794
174.569991453
705.614618871
557.161310397
914.432000452
652.330708487
822.721418333
104.394778634
229.909100238
734.304724535
44.1006140671
342.456316299
71.2474985898
949.146132229
102.76642826
181.866124962
733.087323967
797.947831731
807.839061822
12.1357216328
427.598359929
158.615888214
543.887449958
958.201345625
350.321978345
5.76467891089
794.134384168
592.34394792
195.089393449
613.115310234
576.989816298
500.809888558
612.33974353
868.109766852
906.637069761
13.2431682662
777.572809105
679.777997454
897.143101066
755.711206714
52.3080867036
222.844083849
413.109365764
262.071651976
535.82396334
182.495114516
135.362924361
187.037224603
892.770535514
503.000922102
60.5554825658
478.920197595
229.520414625
343.991041309
700.399393609
485.77858861
351.372296318
414.129803585
673.481457689
755.973881045
9.9541247256
208.991143094
538.894869515
758.256807219
751.936035606
106.640906807
170.355585421
640.332670702
737.641505416
580.792293739
941.381122248
710.296901582
212.082746301
394.266670237
966.752283038
497.058367902
560.433835897
907.581920354
710.268831859
788.654522405
322.704509657
11.3881679588
677.549648079
737.870881534
331.433405859
209.150961043
220.384139558
273.268392318
974.476172813
2.55912970176
34.8097480493
409.655243031
839.022522255
685.327880775
766.914500773
898.022090798
614.462623645
514.370405478
974.255268334
173.100997525
139.598416302
891.054318033
739.158891104
966.171569775
904.43144011
424.525995892
518.314926867
442.729212382
339.311963096
869.067701522
822.914286396
318.932353499
341.338741355
777.023981924
217.713030877
839.323342475
756.550860936
563.234598479
280.315328082
823.337339066
590.891938898
974.697674732
292.449428576
935.429546493
790.450177445
556.39332476
222.867910757
462.741287004
618.371149423
811.158169754
906.946534426
202.398682151
293.495125091
226.401498435
62.6689589566
899.293020052
772.633974626
77.494003083
814.457825998
277.962229328
644.22696218
245.528350554
217.206957744
461.818225482
418.143636341
179.945163786
393.987575843
540.542859382
794.883433172
603.517374897
969.103740549
675.501155346
464.903622408
482.537625981
41.8818052674
333.561731705
831.19742817
264.349205637
97.8499838772
643.55662326
390.717611056
592.776372457
477.303854328
607.529361385
942.344451552
104.993832509
515.564335837
885.97596168
513.566804541
115.386842396
868.275661028
549.043759993
885.768628556
681.53662231
485.961685786
858.219761717
220.572340654
131.39530211
429.185453236
117.81310687
585.644799382
219.167893379
862.466579806
677.533718056
893.325848913
982.672746341
28.2729362835
293.344184875
224.423506843
859.857106659
444.694103908
84.3177659161
278.003592736
811.266678452
665.805065806
204.094310193
847.992630049
380.786468033
492.015367618
393.593297659
650.716730376
708.855911201
641.256307765
329.194550481
671.155935102
801.259387719
514.212686808
149.415338503
380.671930623
885.003054623
679.797312495
755.732418024
529.82789109
569.102391946
668.373868833
827.461445089
658.943494259
475.078184596
948.716549417
936.674131543
575.409527668
40.0993754409
38.7073305363
924.500419504
440.442167777
240.479793297
746.0920764
377.489840871
478.942558281
677.548141721
655.16726095
219.748207522
64.8174945901
194.687299956
181.876902091
601.417474047
503.382370214
910.499097792
395.948930908
369.490281632
685.685301869
277.613626442
515.111777101
148.459888264
119.174962676
845.091797227
300.214693547
7.49548600646
547.909255326
71.7538668355
128.511143282
887.819997118
163.750251282
95.2602103435
97.58661265
764.317403442
260.968960178
413.211530566
675.104649593
672.158580821
120.151164193
290.494767741
385.753009855
275.356807949
192.37420094
185.193410271
49.584151676
145.12173324
206.845723143
82.3753928132
134.525054086
359.574842011
947.535646082
315.257555509
882.662753809
910.339904928
558.962063126
178.287930485
62.6356074381
529.077846951
287.382817388
248.890303567
68.8592907293
729.24802955
130.031961811
131.451108531
948.054948343
562.447348166
788.627379685
950.434599525
41.6424909112
624.411286116
171.880356985
139.724920676
921.787192522
72.6116361114
839.690750149
8.72698537393
708.410222435
575.984196794
36.7200278698
634.552218192
744.019980281
551.740659742
716.047942012
449.302975419
353.598500159
462.762386214
813.318172499
518.006256761
492.64672027
38.7016252474
594.264760528
489.338957047
798.409649748
219.75432274
530.65540585
638.885422755
442.382738362
382.480263479
100.64905689
113.18679367
935.750793473
464.165890235
54.0957930076
226.968068097
467.604647499
858.628029014
832.00056984
848.543829591
990.082189002
289.81814565
3.11591612598
179.119280743
990.475957942
756.32752611
367.696330309
997.256188416
504.194743365
776.425934765
990.479852522
55.0804394796
387.458100826
39.0585189543
141.627521977
941.626770038
937.845678663
756.729844278
101.828968667
465.526191329
235.541832517
508.484124456
216.783717925
365.151231844
19.4305422377
32.6478799727
135.00359725
931.678603325
22.5755675452
802.122670139
672.403657784
843.789847418
792.924540168
376.710725435
791.195282423
92.6820981804
445.954305643
458.835165061
725.472230135
571.365111889
292.123912599
153.700981389
884.9914587
605.42007636
419.782929811
173.50509063
827.749859783
360.706340789
399.471156273
414.351389577
927.919389961
393.085910486
255.937363349
17.2205330968
251.655017258
422.218884387
468.274950787
698.211023681
241.863787284
152.425852885
492.336745818
213.008348982
817.017408596
719.492710391
746.175783262
938.806362383
314.56446624
850.620835158
860.558324493
662.901554095
208.72833411
798.014040164
651.099304224
211.142813065
22.071894663
866.989231167
905.404000551
123.510029631
160.464214862
658.363971936
534.668187402
837.325426079
533.687267323
772.920802499
419.05850135
966.086362202
733.955431876
451.257989196
292.185274003
812.896016957
166.373090485
163.524545882
661.740375365
63.3325934556
767.68870391
598.760461856
985.256709549
935.650959212
437.727343109
487.211414772
431.246718549
628.335291654
528.136806361
21.3691786437
886.118190339
802.645388112
43.5015643004
505.24785825
64.2441191001
484.966932641
657.247677237
362.940823418
559.832693416
345.190825692
502.354470931
802.795811765
809.419849981
440.297192871
163.345913335
868.562646097
306.063185142
735.163459721
678.670554837
321.577085843
62.0945875892
422.729525196
373.971804558
987.977475694
511.91525726
107.496096716
3.05684577816
751.409813445
660.058132588
138.445826315
800.97352195
317.134487816
428.425504731
65.7972041126
81.6003994081
282.71222379
936.187436684
687.528470976
449.449993341
179.386521602
819.739360071
558.768546432
406.781881243
193.833089453
900.885953018
185.715457875
622.197914931
768.88093612
795.504577301
766.48268061
2.03240174441
615.943254072
68.006342992
788.095202622
687.191107504
53.3432097673
977.100821918
201.875945929
491.334845976
809.25461862
754.365654216
260.851586152
239.155905447
101.059720215
857.992547114
221.531314713
472.494096793
637.569914165
478.443572483
459.32184954
362.987278696
373.547762297
967.658519388
467.922804022
320.197392925
118.303189962
961.700113668
705.5626286
469.178023151
498.900105198
532.178385246
573.751863979
828.954029204
857.977268253
687.617046793
715.273603513
993.591459011
398.816551568
672.668079908
893.377969126
509.692803421
537.174334495
91.2829495322
248.983481316
56.5745124752
98.3928970136
302.366387521
316.143644379
832.213674499
624.197816511
967.444883113
548.578241784
266.721022171
832.594717002
867.869529022
928.388489633
256.170872366
881.265068196
438.900912468
732.097711873
727.352254745
302.532543155
728.502195057
454.795644105
689.133347977
199.582189502
196.89374461
585.582596895
683.166618454
57.341382451
10.7778762794
999.843526661
487.362926619
214.999664111
739.506056815
590.468798767
588.519122878
763.031851899
8.76781102615
559.754758482
804.405099302
889.353969182
101.535919636
365.029599634
878.964963234
327.215875448
389.869636422
629.609573712
263.253054771
868.508904205
689.768983769
803.206858066
411.902846965
101.912350741
851.670226933
343.545409533
125.156973702
771.922999789
689.665408256
441.268734449
627.214324922
373.125697913
762.975811294
678.884582219
697.806975381
188.187500566
429.852883153
46.2496731161
466.354211945
895.45694789
38.6447222433
790.759619075
453.753046537
415.435142542
751.917972745
441.935124793
124.271813309
122.359545646
996.80296107
936.481888667
212.298993669
420.403199341
332.72379539
448.212380149
61.9733264557
357.935914394
310.30768683
432.10008548
933.187359191
656.562770983
877.226611171
0.30695464699
109.314435234
421.843735111
835.537653811
721.738220656
252.47039874
595.833003857
326.166058675
572.332241385
357.679413781
252.463480242
639.710156189
852.039289999
978.739998666
205.290220159
280.910491477
445.23922702
767.668961968
767.56712659
801.506029103
754.956340051
53.3068083735
296.68137376
939.836753293
839.498343498
940.542735986
961.836745062
788.627476404
165.724180613
586.902075465
115.71488357
488.539073592
401.698782933
704.361007963
570.583362827
737.202055768
957.5003158
7.64404755611
577.93903948
434.270276778
756.334341684
36.1097210608
78.7640853658
150.955258511
560.716217933
86.2036433418
558.974887288
396.335554841
334.74169502
393.071314462
545.129196237
558.687942661
649.75764187
961.211752355
471.538798991
478.288974227
942.36518149
234.210434173
755.123580543
622.028215904
272.381788503
503.399745132
439.586784983
435.839624016
664.112662848
291.231560507
713.304956368
891.751037662
672.087273488
951.257778429
74.4322158174
39.4494951082
160.301938876
662.275790811
179.209603771
478.16381661
169.319253162
917.534326719
990.440110889
422.144132021
465.429082282
639.518310526
432.945184014
51.0660161745
952.958021264
374.679441026
988.928629975
78.5243761217
94.9516693975
902.203885451
343.897760403
453.556124452
330.642849494
721.146403994
677.551407477
420.756366456
59.7188450683
599.775305368
500.31923786
292.260373499
538.086924317
548.222286825
405.967025882
961.840891441
731.336980274
552.134266641
605.113961403
946.436211886
441.359986523
481.054181123
904.88360307
909.578688202
301.132974386
728.781091049
269.379545208
958.195197347
589.118318199
193.847147869
831.34990085
865.599072403
35.0465441968
364.282709933
888.134745651
394.751202868
842.013362799
997.921811783
498.894350386
797.192072083
685.054008081
534.563026115
627.692172776
611.547637163
580.264414724
819.044456639
501.140922478
412.96435367
279.441212967
133.20264336
110.83725358
778.772163498
326.988899481
876.509802192
383.232827162
82.2321843097
986.336970716
684.776735956
767.036455107
632.849327683
394.948594562
747.817648917
445.639190201
90.6655437577
295.757672373
507.245989628
256.839141168
192.244759483
298.353159832
612.415709591
546.811700477
27.7564572775
195.649305742
150.811332705
710.484413198
794.567369878
708.955847219
811.897035045
373.30780402
2.37147439585
874.37190952
885.471829567
949.962601614
999.805555978
882.527993119
798.643060762
395.41186104
272.414089479
798.928839862
882.003595707
563.163912856
