516.071686579
626.406215265
557.264473988
455.449199879
101.419250977
560.181869753
236.098484844
237.77012481
46.8848935768
517.633253888
49.6951611708
409.464669012
656.917050977
89.0303400393
495.23161072
416.681684221
180.242577517
80.8346551696
631.93317315
133.478557417
803.475699865
590.963332017
882.914821445
492.698430044
410.042634837
766.88829861
999.582464196
36.4351247047
666.624272652
549.584245096
401.581646083
548.499996057
994.843141858
429.134345224
221.185402609
471.99827273
622.331078509
248.339789003
784.462222453
843.036023184
491.143353647
456.208277689
618.767625761
127.805921602
315.197606387
932.432592306
130.458753584
793.081109799
1000.33953538
189.627524336
917.56606283
405.193132815
722.77819716
299.270710299
171.536115116
605.577982605
766.906121155
998.1260392
466.521215223
196.157691512
885.359917655
232.051792646
84.4619496221
491.370651673
423.680778683
322.50594872
542.137518241
19.8364545301
453.093328335
680.184768632
625.441731046
796.593697842
120.557368807
417.507609789
257.135198619
879.026917743
438.191253352
760.240271142
928.30058119
789.417187529
79.337544829
74.7780341777
276.31668656
446.137664916
867.01471548
527.51623683
961.283868574
123.678107189
757.323924567
873.188709741
723.279026808
657.174499801
886.7254417
281.310778419
57.8177967157
722.834649876
942.132446914
960.122245771
279.405254245
207.17821162
166.502716493
116.833965025
505.751323078
751.60072878
697.957585647
119.666284713
468.665559457
797.91680518
760.691281165
181.264043351
81.5805669665
733.127839943
945.452675928
856.603572333
880.761215745
272.82836786
492.692489965
532.878698014
528.345659527
362.324879299
328.11733294
59.723295167
525.372537519
934.870334822
413.281363305
159.198748971
106.633369685
982.258035362
900.536356968
558.155347614
653.903776187
538.903202464
998.034168903
826.978072144
898.08196762
922.882867954
802.67449785
395.937315829
763.770833485
734.788510736
555.532294821
471.291763197
367.589547674
325.652847901
909.508578701
666.586911672
170.183069002
61.7786188704
814.745220634
351.764301812
771.497282841
526.018627948
779.073379198
961.528823426
265.785511347
744.975072147
574.19234936
78.3011217056
300.109923606
84.8667030163
570.153151328
179.214324833
438.511248871
339.985686295
451.502031512
804.339828018
679.641020701
51.9975815418
85.4523425317
820.736195837
591.593710792
1000.23591654
100.601234747
614.501485433
327.056813722
477.095051083
753.359399486
357.640302791
639.689796434
813.312845697
791.147489578
751.793573188
554.275177606
261.928704047
119.320487697
679.210620188
863.910855553
691.599522732
688.532746505
961.494329306
7.7451308424
659.602889095
688.330331531
147.690411005
320.923776653
426.7246
419.437772754
7.64070299783
61.7834791096
418.869609295
198.06902882
382.867795235
985.696866995
113.025027204
10.4469654877
962.588534638
950.992259336
776.724475456
318.107709838
759.731591558
30.1835595484
175.325760181
72.5332403937
320.105841217
90.1367495174
183.5948348
793.130467699
123.981498782
344.359086443
563.639668762
13.2141883679
243.206822243
343.351172138
99.6232507692
721.490834389
850.698060933
623.507351654
143.031524477
313.839748832
645.628555825
483.205170829
193.666673632
318.771968824
34.8723618095
448.548647822
643.697263114
287.274845131
476.353915431
934.877210462
431.051811928
268.458418693
879.567296509
74.4164817942
773.729009426
242.352855555
427.307530382
607.847398729
749.237373457
484.753963576
191.914260366
564.709765738
742.14021185
519.792750624
411.336084101
323.990840742
730.552729593
66.7295790785
845.069884129
732.703574352
5.97397704257
604.549686333
570.798300951
277.401386255
910.611965571
85.1778369945
125.147644285
392.925456458
232.013071202
843.629207492
606.842493723
282.404559735
993.483198891
883.340058116
263.869267159
78.4976849184
749.415500062
213.50848996
751.433070265
577.235567611
175.535185702
738.36188623
997.294956203
459.881599934
367.587807082
61.7138098332
320.271775334
524.558349953
620.480240293
899.007386499
197.305459033
641.54046515
461.895826464
692.200164804
588.569023615
188.82127748
318.502740658
545.259481018
423.620643967
557.484277833
902.575185843
580.627681808
269.226253932
243.319428939
887.866358855
324.960625602
588.685485388
447.2747393
801.465447136
269.008328678
924.074400579
370.21415024
271.986502497
200.785429028
363.002686775
550.528099042
629.610895747
715.557199445
615.017457553
51.6716026576
590.003826716
673.75627436
596.540764633
279.84648315
686.103017809
941.971376536
462.925784228
166.833153895
645.541314318
585.776145398
426.683992869
583.743409139
343.76045433
37.3010982846
122.321120262
119.107727989
10.2111042909
790.521267161
513.123079975
748.164052268
502.149490831
212.296389013
719.519541613
637.096461361
729.91816038
533.067458165
356.489900461
459.035756923
10.6885102957
352.081063467
214.032586222
666.681356348
984.438933306
376.905480024
49.7780072229
691.796235035
404.321262703
324.37228935
106.116751527
436.325133037
935.814923271
186.6375268
223.290460561
116.237026622
739.734074972
693.656752505
431.709397313
859.721909174
681.608620208
2.33299021882
1.28574885903
850.877446151
953.801764501
53.7709107765
84.4107329413
279.389817434
465.922879311
714.329181211
454.486412829
205.662380411
394.377871945
621.295373789
514.086523208
40.2163486965
627.482728016
844.624174328
798.778884206
577.911992223
624.647707416
213.308038582
157.872090175
530.126464113
187.988192434
320.714207067
119.368741618
768.051067743
782.675822136
380.061560995
51.3562439514
103.448736529
652.126578771
432.732716809
641.529583541
340.925376464
912.317017826
844.8430056
704.398270441
178.859674388
215.72473516
17.1289570654
666.85025176
336.569337593
405.343449018
486.466371308
148.128536376
870.560841749
73.5756423991
835.091161491
841.288569502
680.516581284
432.953226247
901.900201792
218.538648581
422.321428309
474.159604815
304.083768105
797.837100249
17.1682928924
795.118394305
377.548644133
692.355137194
953.979732408
65.2622985559
141.188450271
93.4858709732
920.610448173
618.840878676
12.1914657135
784.60082774
952.274075516
949.619199457
322.691677868
259.105199813
99.3504323156
604.25936192
771.807908822
485.254653401
767.011590718
186.218000961
76.0139151046
194.977806967
246.172759599
705.671710521
452.979868968
1.33282063414
551.796294897
187.543262478
307.268221868
465.392251467
178.713527204
462.88061518
136.591905824
221.466973012
9.307939922
847.257467791
823.699040937
74.4220687318
211.363903801
744.621917295
473.066762931
115.255972163
176.360963799
357.181385964
414.244945004
511.27535323
490.663973131
520.159816895
817.82742034
640.843132541
372.343147097
76.2101631817
64.3167240894
853.152230224
867.464393352
573.726250946
3.14779217146
19.683389512
67.4153346573
267.459031592
299.77117223
845.787352535
786.189610076
530.545191263
736.925865515
468.550839229
426.391437212
122.201007083
342.359783239
735.840451005
359.853936983
116.198254712
698.791366263
8.3861246959
390.749394489
234.065417841
44.2414111176
214.368666241
595.02872772
165.721235263
108.5147203
797.615827679
327.179189246
641.929203445
756.681483094
594.516361026
529.259710867
506.963911837
474.620966105
69.9591999496
705.466565469
925.807884099
333.285557644
287.93950759
334.523645784
923.540096731
805.198486423
992.6176038
112.670676758
771.34254133
361.671502538
589.589678793
349.792748165
56.3005314154
439.331193302
585.479687753
743.570974849
509.025926117
92.3946505913
623.558697736
914.9468881
824.463815705
313.209855614
321.559015471
359.401674478
410.70275063
711.814627239
596.494877725
469.424956775
927.781811693
435.706091434
455.810462024
489.277338604
108.387771079
180.259312061
227.372506017
166.816019703
447.073217767
438.941719902
400.086243911
378.43869765
995.284285134
11.067367819
3.9783428173
607.150536061
979.17194303
773.379265776
628.18526412
661.457109314
463.884541302
991.115380977
594.537929205
575.459307178
424.720746046
855.185511648
838.910639543
176.303572108
812.050372431
515.467931858
65.9051773718
680.556128167
611.909040565
700.203410843
960.280457118
934.493220009
376.02342718
4.6595699333
913.720456325
683.976872842
211.312997939
770.83625145
438.772129708
608.151911828
63.4000243532
836.892417463
226.537689057
954.591049762
406.843591028
908.379716329
981.799366716
430.414362626
836.695222143
265.976830491
556.88742816
148.107464567
104.123450126
545.861202066
856.89435049
233.962141819
771.194205921
305.127592135
923.815958561
287.60658794
559.872186624
886.633763863
245.615301711
83.518704013
300.57924054
573.047637225
161.727614373
606.195083745
916.907482635
74.6653607457
736.483297205
304.331592709
20.9306022917
773.790306922
931.907200432
437.155307347
344.057175772
31.0589288824
766.523435978
740.058315502
599.154986781
51.6913388962
767.4072876
793.987669909
688.927721087
693.525097599
440.03528898
567.930025017
978.442440937
470.098035708
211.27201644
54.5990895566
123.243120722
411.807516063
826.05039319
573.785613588
720.580598709
448.40302816
313.805336098
984.463267317
498.377053521
508.178742304
702.205668924
9.48905452738
226.933678578
301.942182878
194.112242833
179.645088011
877.116896524
528.669308903
707.331395762
220.166441652
877.941270698
361.136681568
875.815840871
208.763279038
254.722998739
817.612655442
980.313909506
77.1953989408
451.434609407
599.377374403
737.159979892
433.287099965
434.765613855
156.578164112
9.27087414297
598.778126844
354.963432295
318.394790813
985.098357188
244.437273908
145.9916626
322.344491131
702.883874342
669.667710835
642.207947432
199.87594112
727.736697522
246.976189185
701.373706479
756.489324794
789.727508396
96.8356493879
951.670805396
193.401549995
999.858250347
362.66824132
202.791815099
404.912441766
466.67735026
138.44621884
402.920440413
894.554000116
922.771342603
421.737831857
827.949546046
667.482768031
738.644370287
447.511925948
133.138074352
73.3824398908
850.910661437
120.349733264
623.029920983
337.678437184
274.916440721
718.374445412
902.602102354
603.48555333
63.810153502
913.436803314
837.140115095
715.40293023
539.647632614
321.146763107
488.672994443
944.831394264
31.2926060812
309.798399818
953.278083747
47.2509654647
115.402346668
806.270801216
403.410959677
839.715018859
162.369387809
982.245498256
106.296906701
770.062629076
355.393139959
29.9397115587
858.013413009
227.095537348
214.255570018
4.14408347703
309.178846937
640.311722361
439.021716259
659.019019272
715.270618994
488.619941262
233.648769276
163.578792047
349.18622911
733.526312637
275.165411175
480.791921246
817.153280898
676.708489566
723.962513781
534.391037455
518.798266431
337.036801855
488.08084782
425.903085559
615.845595164
545.843777269
131.022008675
901.255007581
965.407863545
701.262184411
302.740084395
446.003331489
697.452223628
142.931484517
231.729609958
66.2706431198
637.439146278
307.179663792
979.125704994
116.523109114
514.915315702
106.029959344
427.240799574
496.158027439
368.830982098
487.236326246
559.135426087
312.042423954
630.541625833
252.43658675
837.549346332
519.94064436
751.900277414
466.140217744
881.271135929
941.766742986
138.894017408
211.670723147
568.319431054
638.120222068
891.436337933
129.830771512
544.130230341
586.167167296
62.8817229708
551.119421755
449.295301606
864.732634836
727.568295698
22.6795692658
913.668547745
537.815392941
333.179964245
656.479075295
923.950484328
347.918841885
400.214533534
378.082655395
76.2987757898
738.364125991
405.08478288
638.304316097
945.541267868
259.413932141
540.925042124
561.56823946
70.8224390894
177.937729775
272.837418143
700.300137654
917.791761104
411.534804272
276.921660936
127.924266009
867.301786647
202.511708098
665.559738389
281.91759005
834.197963131
507.546989309
206.903600001
775.443441657
57.3741749563
298.918275759
601.977457034
397.540921177
286.694222367
576.763148217
804.463184762
449.013463888
179.634087999
448.771562698
842.009736751
591.519999929
159.220638746
28.6238331002
999.50584929
299.718570855
639.499806705
902.331960028
195.344845241
917.53171628
275.980267472
63.2857005986
160.425309092
472.259936122
99.0584574961
965.530299656
418.101694985
201.356634407
900.198367749
874.279592265
59.9185460914
156.900275602
911.202197691
19.4120256289
965.626344441
737.787454964
312.522825468
849.012194519
682.780232956
412.421609718
462.051432758
70.5653363446
328.850928894
495.642831112
735.434150142
996.243564336
229.177688487
897.514082177
940.536963545
759.442168009
362.152065512
946.969221111
448.194067442
809.726103855
303.355290879
79.135908064
807.168909708
815.651448556
609.863102111
226.109113715
362.936031675
357.510451933
181.298913863
129.833289371
454.492796923
5.16237255406
213.699338831
264.293287081
5.39528888632
667.083018969
443.455277074
561.55659502
178.220267979
825.344426782
431.76244018
920.881082828
731.270298274
990.788819344
706.155940675
217.529618202
588.201912161
92.4454764572
778.314075903
637.168599855
608.271327599
906.909151154
150.732508115
900.174677647
913.884890834
727.438646808
874.566896324
817.120255633
146.967193649
185.781109156
23.3744675328
772.927092993
94.4192981446
28.9902627706
132.543901628
409.440162681
69.8535157747
352.797109666
419.079956299
149.270248516
322.079518407
69.8955563281
171.71693043
656.00544217
180.605405442
585.654289237
91.1360991176
95.0078934361
26.0725116519
453.582256965
820.194049243
21.2870307343
611.466236046
646.379814581
808.540927423
953.617567062
314.249149997
252.373560817
96.9765181991
146.037202047
235.180473104
439.717658896
748.12292411
274.986857391
50.0782134853
615.105922638
579.929199407
745.199822467
347.800862648
325.88013722
628.166664061
686.271278675
994.843344396
810.162673725
281.415517482
263.028457573
864.408521199
370.894780219
725.910423372
552.122427318
758.398753083
85.3986701896
338.026222917
183.237934509
204.107310644
0.300948015874
700.115454772
850.827903153
765.731443887
333.195092391
600.143567826
