255.981164402
452.821752062
701.162629261
929.158389163
89.226181304
684.167869023
132.002299263
377.757401896
82.1463593248
894.78838579
7.40576209438
377.656513596
986.574284885
904.808388178
680.844681642
755.902483725
604.538014752
429.429609546
591.648614483
152.877406817
447.664084919
197.186835271
794.011931384
336.307371216
821.547057628
712.302948062
675.193792487
459.501632943
404.574217433
457.347844359
647.681731067
641.795951313
526.389087812
345.753414634
801.809078407
882.467832592
236.562122247
450.98516249
766.349611171
11.3794014818
547.871820295
884.344627675
603.318660298
392.308949332
106.915329723
824.893010305
342.756888727
795.960541027
187.855634096
736.201397795
382.064441798
108.449321828
426.922028372
286.946954897
349.729221817
113.277273413
25.631473878
92.9073798186
606.625255971
560.337175307
12.4921843569
23.3111164474
387.915263362
893.935295004
638.750609625
492.977745945
927.654180015
187.451777518
428.684543252
263.194582034
124.450941539
47.58072533
52.9734623173
552.676123355
85.8630216443
383.17113709
738.069490659
761.452455848
946.106731766
271.645611228
444.820075542
964.864066082
179.452498443
123.740609914
956.028696711
770.880429347
499.682814787
589.492935025
655.267397068
727.043592327
764.424058012
350.586418652
193.002680378
942.3173938
404.191983464
179.866798187
111.438593882
781.566786962
370.283961364
208.345000592
760.942306397
882.519340213
588.105152451
459.875556506
758.819111602
115.850983597
886.899623115
92.5957953759
107.803277173
163.909464851
305.519389357
715.888825147
140.071496285
899.968973162
507.961406127
455.383560251
920.089906021
14.0805481492
782.081660831
948.310872805
260.055587073
597.459166664
377.86322313
583.34065157
678.448866156
571.409425069
169.20925932
308.496927631
849.716760206
645.548898301
912.460278256
272.088099941
974.969800853
57.881489328
764.708419227
771.639456775
123.609307169
721.718362094
295.031239137
713.606835188
967.871347404
850.904924432
662.820405583
726.162088232
450.527726665
722.023279337
930.047295864
714.779964873
757.070350753
550.300986875
139.749822006
193.067264884
168.849019317
283.081384237
290.139275013
194.665749608
826.930156015
912.186341468
830.495373981
797.265026194
258.762875169
288.05297768
973.715345728
830.013975182
368.044120382
105.212073806
826.765538789
249.033797253
712.910919106
117.752745683
594.274981678
274.186996738
25.1061268983
324.223990401
9.72861234419
150.78971488
468.919843407
279.524538426
385.210210695
637.086337461
685.721855185
395.943629541
384.418915393
50.7979939129
739.431917209
283.534311941
305.555336195
6.99323354974
179.837931643
884.5113613
170.686013507
804.502315649
544.170627871
139.830117502
81.3296276059
542.080202051
741.76693199
273.716247648
634.659620257
56.7646009182
760.958641444
652.6490765
664.918946499
99.1254757821
96.6160478053
603.392678642
320.470764562
626.931654986
19.3437835382
502.235447898
232.552122141
163.069006256
569.924645837
882.688885745
960.580930783
708.211241818
984.101879741
746.394185743
431.286000902
188.866941489
179.692173715
600.912813183
987.569837882
914.522142792
844.01274868
543.380317336
118.984970722
225.118738652
54.6290834467
857.62158698
176.746197125
20.1481385993
551.229735045
629.921828605
89.2137759332
507.93193738
777.887360094
670.876794287
165.441489385
412.586076345
819.212592814
684.886897013
799.950998181
797.876194721
880.836667951
443.164771894
903.700303825
897.586702207
700.205893493
306.669431364
48.5596692149
240.181677095
483.32285011
409.18369418
247.069887898
522.109374939
402.336234542
109.682284395
580.691905834
648.103210367
893.274474789
130.357722219
256.245939466
942.718668254
792.729396329
823.733990642
533.269584107
886.828194676
972.085656106
435.9458635
246.876029623
272.895015453
499.079524949
839.683019472
491.262224404
286.756303216
227.487941023
930.901574539
668.14299448
300.009121935
19.8251619927
49.9310764193
927.405138513
439.662624116
12.0749028256
924.54360828
173.747235236
496.163740455
454.775463144
356.748851409
454.435349074
504.474635181
512.936118556
42.473775765
395.396504664
52.8141749324
542.25177148
319.033362443
981.787441862
74.5835573671
586.102392286
497.713990692
794.186461616
406.69653994
599.774191926
4.50447556757
130.505365132
895.974281474
354.784884011
59.1083334193
824.685239188
212.92719072
34.0951074619
130.715310031
549.242414468
937.892880112
117.579990094
603.060528406
988.259591067
594.306238379
651.400450828
592.402562862
48.1008164795
937.529304288
4.56984663262
166.558579197
193.264865587
721.340679742
780.155358481
356.179994055
100.512903728
241.453954951
102.523215825
976.382832336
353.845510762
318.685755007
521.876985529
752.946572473
403.442891179
360.077646037
738.277392788
203.81223588
818.568323791
773.642004835
327.285992488
719.373756608
819.574369192
432.543054154
246.333958602
643.736434489
596.079501171
88.3205896692
244.771053612
426.168701597
221.486596666
686.807053354
285.447917526
728.361860201
139.969339956
461.921916746
196.68424046
609.097168846
791.156612285
406.469795116
351.225170061
383.913337891
603.030040027
298.894666673
390.313732323
699.939953459
246.564578824
555.06656182
674.43512572
177.903468248
259.371686666
535.953702383
978.515982921
122.82199881
652.096612695
64.9667201111
599.696968433
592.186782778
38.0451000173
18.3545787556
805.459509269
319.181308172
67.7772915489
315.146592831
208.201886957
721.803334466
143.403955024
124.305223213
274.676596092
601.383939698
1.81710687363
614.78617176
72.3655091735
719.278211993
238.918946711
807.608894232
408.389078186
113.97157056
82.7780866291
322.592809628
968.291250957
445.129088651
457.765088452
491.966913778
991.353145904
875.999895112
452.15356129
223.843452632
988.833921446
656.719534601
974.459947314
449.862460171
352.104374971
450.507219123
64.1846472133
708.122418872
597.738412307
415.92526686
674.758613882
677.905024408
491.308993777
768.914781088
420.810307806
458.289411266
680.408080543
346.156451185
820.568367121
446.888238644
613.885202363
456.771969447
548.924452929
736.122288345
180.539087703
386.915500655
324.171735431
45.3031397747
488.04992331
811.242337283
406.704223291
825.52434633
185.012631588
69.3611692033
955.739284157
581.626700866
913.387224155
951.495434847
817.843476781
519.446591145
220.218948961
12.6616198844
467.686906093
505.210318148
382.173573395
71.0709680729
254.330106342
286.608592983
423.339298942
52.4537299831
193.80170225
1000.82730311
515.141050196
324.976554285
647.715172566
760.234787095
761.833090688
461.607220586
475.874949091
631.334248138
983.838877374
27.1163058629
605.569967158
753.859161465
280.01898289
770.025572293
939.678930837
640.132298015
196.132272086
276.888584729
570.477624712
365.701536908
446.445600293
446.643213515
582.603818277
38.7962339665
421.436796711
60.875225544
711.383360635
289.061413276
655.74029418
964.137434155
85.7926711071
490.585823562
117.837073949
404.80515072
580.863182381
135.704767525
881.537679448
398.621477732
548.571139893
274.328314762
331.909610051
476.56853329
708.143785139
592.420675138
635.769294631
861.619241963
71.870423474
78.2729304732
623.422299578
353.579510335
219.808498956
149.628124552
849.26928142
260.966434936
881.487960696
940.175424948
770.937693286
311.311178258
281.801901301
200.44390435
543.715154883
657.453680143
493.420843496
819.869462303
762.284503578
313.190430501
243.949600392
984.12030832
341.031926437
518.788584394
416.448030102
357.36561861
120.797902085
91.6667182716
3.33811376494
652.710343751
164.539145624
986.660745297
309.154984875
42.0583666345
830.805989501
176.054591021
940.925101652
126.713268705
808.336295532
885.928473979
301.696899157
986.067878105
215.326200868
770.449461948
251.296975763
753.545953317
902.945444261
869.420102085
794.293346874
742.186061387
467.347782184
849.444500743
808.640594905
425.489262487
662.646831274
568.090667759
126.806121039
761.437619679
555.004467039
79.1645802597
188.24791286
989.805466411
337.359055632
316.350514742
128.392946518
218.985431075
116.872789088
616.069115249
722.074621632
584.878645076
466.721298096
958.606662333
64.9188740169
517.240486992
640.926358496
939.920466557
383.264880631
911.258723183
752.725686318
117.579300112
158.170164727
700.267301584
225.716954471
171.802063362
826.291984167
127.723809284
710.287908245
371.082769567
154.18751273
905.150634198
473.358637234
791.047134091
574.581842482
207.477596167
635.382781512
639.394264141
653.559344826
163.918291185
167.852234234
58.032438636
599.920218764
502.970017354
182.315565293
58.9048176349
178.328842126
291.813484912
531.664037313
48.4741232598
684.33939135
701.442891156
578.145750333
170.15467327
69.0272924773
646.286243485
913.770200588
992.424960594
217.70001507
820.867563815
581.641148331
173.708014948
35.8848744332
262.686322848
165.656535197
620.265587701
765.30114367
563.74701788
234.144680268
299.363405144
993.604816694
783.591434501
108.350897302
400.885083533
346.099841187
214.71198595
232.135016221
444.974858067
585.429853907
544.876212939
661.053178781
146.615294495
537.77903286
865.066145056
649.348731132
545.127004582
314.3174484
601.832761403
751.587144198
828.310815988
986.887427246
559.203788383
525.009999489
405.453373447
436.478034693
59.3660028948
435.446279527
991.654938122
582.862758214
306.283392039
648.752943532
212.609385085
525.904073627
779.526282116
207.29263664
444.281337504
409.712539666
692.365282882
130.385313655
826.234883613
119.810414206
479.938848622
72.3053243697
520.879664702
725.415054542
71.2178573703
445.442325418
495.362826392
369.856932088
197.080029534
876.072673331
835.011221577
342.520410792
724.299703098
716.533842701
704.468361309
976.033088317
85.3245108198
346.458930139
849.824208038
312.804286832
732.254413515
242.26770669
270.756857674
379.946087522
111.367151772
550.888531346
982.307466511
497.134144613
895.230490685
484.901047414
659.029098422
599.312390319
892.352255842
49.6864888874
71.781989963
669.762367428
433.412703735
618.38830309
536.226977839
424.992088294
909.295584851
359.894979642
480.189631001
985.967928519
93.1651149729
929.169692232
191.333378236
999.44008867
13.1754697567
847.150382067
182.096432871
216.757636214
388.177732831
478.763506267
171.684837695
94.4784917239
324.641575309
252.591094436
909.57950223
939.326075023
216.747388265
665.7507645
867.482571681
739.115371791
642.344547313
317.95125107
269.147310455
501.958239265
955.378560884
260.605508944
26.2445665654
690.639685558
175.609004469
959.078285266
464.241078301
860.148737401
262.582601923
238.718769997
829.438228319
452.927564658
58.3304475628
559.191065414
912.575615871
260.685248086
883.840578645
91.8728555343
24.500722141
946.243449786
17.5866842458
35.7429911114
689.945621426
518.656212296
648.060834916
274.934969713
63.9288979153
833.146658566
976.63847102
318.060651393
628.435530326
311.826610658
818.961227317
270.236832656
706.014192542
786.140123143
27.4915319801
889.740415801
53.0331311087
686.386284146
549.678217517
710.892889513
8.16988316707
82.4695058475
881.059159057
58.4206849516
89.9653205556
519.96135768
282.401103462
72.7830935373
983.694264817
625.006736984
560.861193048
582.844555629
110.790782542
935.428426515
390.718163191
454.621233683
514.426987041
289.573251882
237.050254041
964.856590044
779.041558858
316.739538469
129.466277152
461.703630453
457.467930391
678.100725303
427.111890968
162.830126567
203.0204549
138.22577729
861.865512701
548.045680349
940.941649898
649.732964428
916.236413549
814.340394022
938.842231423
505.747573988
210.959422813
832.141587532
276.059905124
345.572423616
625.275492338
44.8968563048
304.631269417
99.1908113829
104.307179113
510.589798741
924.079698297
750.346190513
518.138015096
764.819169956
55.4675916378
946.354634843
481.90093386
378.23478934
723.787362346
76.4955118412
834.317696328
723.438392707
367.331074308
228.010099993
332.875810586
111.483164402
909.336465513
23.4764722483
535.160872663
205.036240663
110.089225842
971.920330143
743.216812576
951.870900471
957.106511048
575.5454424
733.198965179
955.192396649
397.388615413
192.50047932
29.0960092346
257.091499907
280.27360466
670.19287328
930.858119128
828.032391728
797.27074209
339.665780276
737.369973572
749.222850565
953.296811545
120.708116359
336.869566053
510.128998834
10.8652105624
35.6614186965
658.212491328
325.161192705
993.849865679
832.921821127
953.175481592
987.891604813
441.643576309
820.178802013
197.830995201
944.743139388
834.540474041
417.884728313
548.998135303
819.503510716
543.319903662
874.160103536
626.359541447
980.873730923
718.714234612
214.949555619
834.153211394
146.251834883
450.794012438
981.649079689
266.633897886
141.784561214
862.671872145
302.428401426
297.668860261
740.599567511
396.196741279
625.751021958
265.116580093
173.443345769
819.245494342
445.892562525
835.683803834
49.7441711339
500.0845311
748.012980333
507.539692351
926.887632542
295.664127478
859.530772663
192.714142431
107.680179392
683.909496621
192.968231299
186.819288767
17.3463338491
62.2426642282
178.218521524
568.856381861
322.718862491
313.219380538
619.043115539
945.874522182
125.476248526
455.701153441
451.281476539
76.9155170517
388.35168098
815.918551913
975.95326312
455.97789364
986.685876176
215.113971667
27.0908156716
372.681030888
728.703065074
352.361157684
857.2735438
217.433745799
679.456079202
125.239035532
826.217339311
334.971379244
221.078559928
375.167543591
30.0460160647
87.1500679542
754.951264523
453.991237747
96.7748384843
56.8130076078
519.511566144
78.0100621562
328.245086753
262.195780328
621.664497441
893.787729441
559.213319302
401.569608466
806.226676986
496.304673891
835.424604217
802.868901381
570.130345336
167.861266844
144.040850613
21.0915415281
195.939846702
676.025652575
788.842588869
668.796920418
489.035734781
382.222595849
409.086304018
855.225869102
155.915084035
773.362956195
991.885170114
180.67227787
817.74593036
582.226406374
625.932574045
380.840658553
