742.382850207
676.472465789
315.107785958
640.154983289
318.010382091
461.627407462
379.091149429
916.457081092
634.693302239
592.801255453
199.892981081
35.4069185469
401.322401393
742.998419159
817.613681426
379.96096498
817.533668644
440.565990693
789.273281327
194.528566796
656.392239519
412.634945735
837.032671025
155.612656192
920.005340667
286.243364029
245.282766065
164.549599554
128.597319094
947.653826513
607.861727491
738.16519014
734.940335507
329.525878184
314.893343985
351.030380129
299.427273947
879.250689148
850.0203208
977.780825877
703.605284561
284.659046398
953.846634194
414.775479792
271.901886029
515.408898115
21.7391831559
177.258954442
574.773058945
523.671806804
59.8121487088
426.326508881
368.676306038
426.355412352
398.740870591
270.687974269
684.150258338
726.038528918
287.217526849
546.855079174
384.930494951
826.389489894
138.170931312
715.819746461
147.480215465
458.093811212
987.038417883
694.622155533
741.178618125
992.609629114
79.5997433351
551.207394856
150.502021377
279.96995671
957.150519535
435.770929258
760.310699768
413.176382974
756.501768332
621.485978332
389.86261791
452.504630068
251.326537868
26.5789092771
85.3281913131
172.555978699
920.246410981
843.973251764
259.545496423
839.890108439
997.038839367
117.68509934
766.423328503
703.96430218
802.98946276
701.802689011
792.162119213
385.921741975
448.363183955
553.854567742
586.236919126
537.070000426
700.286322748
945.620048308
753.101742073
908.004878565
486.785135635
677.193690594
928.643285787
426.559205006
440.021538272
826.996835604
112.57376532
375.670836412
644.192899733
635.53866786
436.39755765
323.953650803
938.939660852
834.688138955
928.903098027
981.543741858
932.693070168
656.746761948
185.929757454
488.969820167
86.6988919504
210.966635543
846.458008458
976.783216881
840.884629458
282.149871306
902.457534991
568.185178067
72.4583019626
716.1595942
794.31450256
915.351950328
513.526761752
440.95431533
195.686444355
85.7170212306
385.930546184
831.88023966
121.011192484
614.186821972
249.98868581
147.473455885
10.0474498231
52.9921595165
823.002433257
489.649992051
485.044080474
850.057717612
635.153487262
802.904321622
747.456903776
86.2162423402
756.140106962
217.031468997
713.917379396
504.05964708
257.154904663
452.511619356
209.581091757
960.163667574
222.99359073
855.353482181
902.638425242
277.996049615
821.468861821
736.914128736
100.169374897
167.96102606
545.872898892
68.2577890361
44.520135625
899.340046892
631.503342342
198.555052135
7.67137709668
637.408499832
276.199630311
550.311580004
10.588535014
158.943630373
323.931121269
792.032924434
395.841327266
479.958835581
765.649911007
586.43008795
838.527393998
274.996084839
258.390288051
310.053895285
500.765473803
101.282776507
93.4677118417
648.974460941
657.065669482
596.290076422
799.947666223
871.515032486
845.591889629
916.441475781
599.859851613
136.078302109
698.429486589
734.324519153
944.73670009
512.840733435
724.8388697
219.700183994
49.7300172141
843.332060607
804.014307891
827.210828897
753.281305429
939.762812702
760.336266937
794.883360628
897.946810919
685.671365149
461.413364097
350.147325441
206.228981998
527.223926027
512.320997804
891.871145482
861.407513746
320.412401082
217.229963343
258.43150889
282.104711085
648.739307456
322.132105551
97.2745391906
993.794797616
268.241577784
360.675305458
424.002598825
958.990840247
660.988881531
441.188043149
963.17949098
20.3442802737
706.746419089
129.807207837
264.613864234
200.049578462
259.494296011
733.234849781
334.866716443
343.878351996
505.318376123
879.983839966
647.683154871
138.263174957
221.602113045
766.449327233
190.308213288
31.8815549382
451.412837974
361.78169774
100.8679138
537.297404377
305.162944703
689.815401435
112.31588943
59.3502196018
742.721219772
55.3927795694
239.322329225
416.392182323
335.305563194
589.079114512
248.98273969
127.513649302
834.366921893
917.603753944
793.043411734
375.697100054
782.896746461
111.645318856
646.567743274
262.887357077
479.870068678
976.221192666
286.410278079
876.467760575
951.913892077
201.181114058
932.356664061
813.649421219
555.790806648
564.583683762
210.028084289
585.474701594
409.052356966
1.13669850378
158.380217896
805.622225181
399.035465785
392.713721873
869.415866502
580.822704259
779.454507331
373.963611366
416.993345155
132.330656865
805.739310051
610.366639957
285.209350777
620.398614351
696.632332795
761.24629677
432.599068463
548.279261748
471.061208625
487.86703477
772.020926578
724.838653993
655.145304939
813.160719961
670.455493301
578.261061879
650.97103786
812.661907849
78.5728812665
285.903988353
93.2378111869
511.091635681
561.995357758
575.45718232
73.1297772994
640.587644305
106.981460906
475.286304649
119.710061664
998.707583266
349.394624669
241.526561981
414.401154423
723.824659889
790.127098899
226.703637173
186.962190101
800.41914927
390.542064477
382.131208766
847.832264649
716.503945446
219.174409377
846.260040341
338.914955909
529.867484378
675.430404268
103.862257978
510.322889074
314.330069662
808.125414718
866.400337505
798.638532623
920.619618733
394.73676087
489.182651002
307.004003362
629.183538753
700.191327042
28.0747532389
579.605156354
345.968905319
715.075987311
152.908862236
439.939122022
400.351507977
397.395141294
118.625219004
704.292182716
602.688552409
203.195070642
151.711465394
310.992221568
675.332770033
299.093567719
207.807595621
336.260374245
178.982273666
731.376238191
64.5242557988
222.042788759
934.286102174
585.566225996
804.000687873
508.28544897
753.274051012
801.065046479
665.925260551
577.274223865
141.357950201
493.240844485
813.169614058
301.565666835
10.9203760938
598.461452494
684.563406167
104.249314588
598.969401259
910.759805529
712.71016673
544.048373311
535.346732075
516.107365547
868.687563669
660.937457814
537.824805521
559.95770283
179.436888638
133.088112651
302.018203956
380.669491267
721.489530333
44.0431513264
545.544133906
962.90613416
45.6107603359
120.380507353
614.992900507
973.678527374
88.453113143
740.248380497
53.6475306771
808.794810621
688.487373734
75.4269986331
933.547792284
953.945633986
402.027712617
11.7273689021
847.32445613
976.877186039
935.963040692
548.631452752
416.812293976
66.1248027045
26.4833021605
658.786597122
821.096240581
719.666458879
879.227648531
521.559332131
508.378369611
270.939164734
56.4581624715
262.568319815
638.746869427
389.555943879
102.069278092
270.673464344
489.507963676
779.263541004
258.937781317
967.84104493
592.165445687
449.270615963
766.490768226
510.220131023
966.048350836
733.016478037
176.553494369
735.861615878
445.099874647
563.377454356
610.825579482
134.232194731
154.840926659
229.487135868
175.723103568
358.68499864
8.42581782475
525.487345757
662.592766226
533.720498364
328.485703885
12.587557098
802.24721668
972.576168013
436.586473566
999.586911312
488.411212801
340.807616281
929.034128644
275.361246176
103.967475168
568.460833089
531.392204213
926.175609402
946.03188473
44.4411610056
325.713116344
199.494218589
781.139533818
741.109992036
142.022040255
910.161246259
683.188864039
699.123502272
427.175866755
709.912644661
440.432368694
385.93720968
632.434681688
514.564516693
889.092025053
935.308695465
80.9150591927
96.5705281542
143.586429697
416.522031231
164.490118823
306.952637876
72.1801688566
135.830877351
886.614705975
846.937696883
50.4629131841
955.866518589
220.393823221
454.164602826
807.697783574
939.88791015
737.237425526
131.978929458
201.751121992
727.887544021
385.736766556
232.789284654
766.457935995
89.5434319585
18.2826010271
813.560912637
630.996490101
411.694095071
64.8787221979
95.587323906
102.427984567
918.271207892
493.033067858
106.643618751
279.723525334
623.535159803
157.626407435
563.930397059
660.887566235
538.058385935
521.728914235
645.163958828
667.738131116
757.204828079
100.627565294
18.0538180746
6.5290980607
404.621092968
784.423448574
310.188306759
930.320806158
862.472101332
566.312225743
366.370209015
701.352589558
9.9989991809
391.058863478
665.697398546
476.495671489
43.2579086703
530.10506675
767.249188832
239.328134106
996.224919372
24.4403701654
675.142895749
620.026880748
596.914107347
109.929210094
938.390810399
266.994280933
336.211887907
358.8435279
227.579506086
141.166250359
198.143606542
565.55188787
687.289855878
308.847438665
100.93049565
196.174714359
976.942656837
626.80498471
853.023273842
658.150582415
1000.47426771
346.881784716
206.097165852
218.111245233
366.872144733
835.206605891
132.068430594
788.455783511
610.193266457
124.476716613
371.767369911
904.353799913
568.072521213
26.1056462568
283.044751734
883.348544106
302.544674635
182.529293192
805.400584676
792.49045026
254.34605181
612.905910671
326.821555504
103.355786847
698.33164685
558.277587611
427.983899945
826.695398996
913.609148904
99.7909446465
934.168358763
264.411645615
148.838603632
12.9646452125
491.099671315
112.292138217
660.315155311
752.348974959
843.453982556
94.1894221838
291.807761467
53.6832312063
833.453744047
987.033849914
603.730883486
7.18815393992
242.560762035
704.774253151
641.943446293
170.962678566
611.864380691
562.581298616
757.07533012
688.701005975
726.201753661
304.694572296
203.687332067
777.245047584
290.610169073
675.573964366
578.194642392
295.310336969
879.121550832
780.414499773
238.019360976
248.649770984
327.678864665
87.0028108142
390.577395845
670.95648522
824.629914089
726.783072514
785.719105227
824.472906072
750.381383776
941.498021646
319.360307411
381.380880046
972.691715642
605.699087041
756.793952233
639.321353853
198.58671283
584.580611165
322.952431314
610.718797656
16.4839759965
660.910454566
789.794621429
47.4433175272
574.322069142
82.1065132316
725.582609532
958.462531589
464.630361114
290.797193076
440.929082025
117.535169828
41.2590821701
459.517316862
47.8885592227
237.272408025
998.061251346
332.161692952
494.438928943
696.013583214
739.967300138
436.590969775
498.275932185
857.128959967
884.87499188
118.397553936
561.878181247
463.095661824
793.509333821
537.127215719
497.080187353
439.718594048
222.771072162
542.618824353
244.581768376
631.550658815
657.748217007
638.854797027
331.447261439
145.632147118
996.059555176
295.290273811
558.687379272
324.149114199
11.7453558429
552.293932182
326.769363959
576.286742569
732.631675729
165.783454126
40.2457730984
710.898616137
34.068025129
824.414058569
666.230348408
816.370780406
561.581715579
556.326279233
555.699546649
344.858268733
662.935709526
197.666437006
473.632331575
663.734510254
640.608767939
214.897769852
916.163978334
701.741372518
62.8301279764
720.318301744
219.334769873
582.74556245
692.897598061
274.652152369
983.129395892
869.304295768
830.284636992
487.799107165
857.312721672
718.173155348
263.96697462
174.028620628
644.776426995
366.013911627
238.084774346
448.438202024
921.768068866
643.653681143
176.620377806
528.188638129
635.205189679
236.352552307
4.9749724712
213.871697234
217.4365401
802.661990445
968.71309022
32.8545661686
422.870968208
45.692291024
620.332552143
596.235320142
767.187408911
523.302738601
510.230367867
334.823511191
586.910105492
799.173000144
373.442244571
830.264263419
392.736069394
608.315492762
560.085823965
653.417238107
910.588128815
53.4119718732
880.20645236
946.39869045
410.06393531
911.235541858
564.21497478
569.950378233
361.031531947
204.180992051
84.8537292819
612.622455287
244.781807045
645.911003237
529.786816168
479.331316275
650.378723048
759.738734345
971.123822842
355.355724078
391.712629417
289.29988175
380.708391313
734.443398377
454.572661609
418.985596889
281.272391461
748.938593455
73.3552011179
675.28718572
69.3973582114
366.297453415
186.958222826
656.093803381
129.570463508
964.896792506
551.168880583
523.657560829
425.098793205
90.021439679
171.459641987
399.049455182
992.659760715
562.943925818
568.082202008
333.614239151
483.817502355
543.27179477
108.702042582
313.608132743
212.912314891
815.303969872
192.505149939
460.560702942
779.846683012
895.851215178
80.0430596181
295.527026568
896.68357999
290.874825243
400.033039723
319.215432575
661.225328283
841.504814351
249.837326494
68.5428544638
262.935472569
483.384395035
481.702457399
511.084200279
523.637368246
728.80276647
756.674536942
393.742574317
597.180237126
822.699252717
318.784424072
396.047008363
588.232985404
380.758013503
866.261646749
241.509243331
771.114286805
611.210609573
419.266111132
385.470221054
141.122506421
512.522427738
415.967264356
802.76224949
35.5683898741
802.330329683
739.793544298
45.972939884
30.3295870558
358.832896081
618.03253247
741.220410531
583.244023594
415.95435665
743.198922181
793.415286922
5.69693601828
837.933611594
90.1848737587
639.608562387
262.840890833
85.504833388
752.830915043
272.161148158
452.590485857
319.068042107
363.694366714
766.941387977
445.964337776
796.827861497
657.888181923
804.77522481
207.053708436
488.476530455
895.311302356
86.6215795632
893.031597118
260.500631552
436.226017538
419.820273006
992.220940208
293.712542972
516.022488255
579.753479497
618.320654887
838.586997027
794.468381148
159.643752394
573.265167379
311.90140617
46.7529489944
511.620101327
756.08332271
35.3181580687
139.941446412
583.614628484
337.511797522
507.233280809
272.96982411
183.527027846
882.61205435
883.758118299
777.287746819
100.227262793
313.974047771
157.655109043
355.566153359
639.915634795
886.41786839
634.749236779
534.600922709
573.998513945
315.515402661
337.194707954
81.5213760792
612.360095967
961.614715759
275.169413156
837.579466691
466.723378375
188.270258062
284.579332063
618.322418239
240.02913229
429.845481974
983.450988412
885.057182138
337.130985973
135.670502049
898.873907298
807.844788565
252.982762978
691.886389459
97.0431312885
65.8183198135
590.822851639
290.23971177
388.284683372
704.347474529
838.02664343
643.846552127
353.269926692
87.000804598
453.38219274
578.850200572
797.058397385
407.98242566
710.199437132
981.051276309
226.051041353
319.579953566
794.718728687
901.570879784
