345.667579955
350.627470827
489.30428592
909.443814993
690.743325338
939.131581263
653.812025796
996.617688885
762.522793338
558.38497665
83.6979925232
359.84225493
957.495447239
598.062375022
465.464662525
570.236721776
699.148665258
185.709416168
582.602908664
73.0018495921
23.2605377901
976.447104973
294.674673822
6.95191334126
481.514667511
524.566863813
495.257373523
836.637138829
742.750407945
537.126077997
580.83575354
592.08260353
272.377184449
914.202510547
947.093166808
943.731735521
47.4312023369
199.461187555
256.793224077
916.72557486
219.307783052
864.724661794
913.900981271
31.0113091402
907.903035508
303.286997981
711.587125952
396.478139799
658.353199389
614.186226784
170.162023535
343.538210416
69.9275387527
698.949517506
236.387816783
985.40539178
484.736688466
437.894514212
264.652549443
891.438488416
97.9199029126
482.723568946
388.099149284
153.997857787
866.791270097
389.808777016
523.398792571
461.837206801
700.143680712
485.306169329
622.139247239
585.686930612
239.218346351
975.933481397
930.680407107
289.120743474
993.505161071
176.647362663
425.456335226
261.122835049
875.374799022
613.007502685
440.331131435
608.43417605
707.596937439
18.6770113529
817.080742228
703.738645543
431.762344332
933.308221224
227.032365448
339.265592684
373.887087827
651.362813573
376.123046654
891.075629919
485.545641353
369.366474611
675.085707645
787.506073227
251.703041988
93.7493755918
640.978783955
713.608205465
474.410612662
77.5817419784
606.683262775
293.625422683
501.83503379
537.974774001
825.969307417
159.488852375
408.329883529
916.367311195
537.215195138
345.385735655
630.099494888
900.620236457
549.815678727
647.149219755
457.17797732
82.2730062733
809.169389883
312.536167754
472.971347581
780.244729002
784.142802849
294.99503965
991.256332457
757.494764609
620.221864655
780.444252247
286.314629728
450.170685093
742.022733479
957.166876033
219.821879952
167.824818405
298.897557924
538.270530562
69.7325806961
416.090080488
946.850169178
92.7609480016
316.754962238
468.713703277
672.45767786
487.66928283
175.386219095
847.545838101
950.628335468
721.941470731
348.682935514
113.361521942
630.651188989
123.166876515
204.112272539
684.159281218
67.2615393196
193.58467716
424.684349692
702.053253444
111.285725521
764.159261445
457.7989298
62.158117428
973.383727063
318.715286331
799.073692566
944.502564482
26.1973028454
295.072019798
15.889889468
167.091043243
5.14440359828
977.396466777
887.808746554
479.005050864
287.230972175
183.664587387
856.419957518
932.975793772
242.008217209
588.337555196
965.272173497
553.061856505
467.830558972
903.211556193
478.654288778
967.671423227
803.599117462
584.955433928
200.213430182
157.932394598
610.343763814
979.911342197
560.82103293
560.028179012
657.860953265
64.9987413103
506.669599777
457.941485065
691.08793324
125.023127255
168.092014268
421.515790029
954.215731974
617.149661624
45.2579478734
670.166302677
312.071993906
736.337567732
725.118492748
174.71880488
494.278200714
559.804467351
616.669739644
912.492727764
915.835453292
573.332165724
938.870532815
204.527285255
127.469322337
752.200155806
392.974192433
787.967349025
74.7518705947
267.402672132
173.740059971
680.191291494
682.512688558
712.681325049
707.43190601
11.3511912669
320.306211167
119.901607773
64.3045667242
116.76451017
959.323246263
431.692788741
331.342134037
96.987894451
456.616111173
803.793768206
178.067764602
823.660088361
266.379316121
832.486783232
444.607250537
818.054871366
80.9996921411
837.856344298
41.1232556436
67.730718036
267.674346351
700.50771371
441.919213757
354.435193753
76.5457147771
669.656580513
473.777864171
576.659010605
821.72311151
855.402625528
117.297737202
573.985477272
802.151584023
984.672080508
651.551428111
739.977256892
428.999615848
46.6558049143
657.154101752
504.881481201
465.825337042
390.747634957
159.212450611
381.32619855
720.727705004
622.514832357
792.351636486
333.441176639
806.614791697
73.5897093937
753.01515922
91.874262353
491.334091963
598.34818927
862.044996619
301.342228815
108.280050563
264.038435946
143.293182623
89.9165402861
555.551744919
376.191229924
510.489207576
913.35455818
884.344271668
449.682172146
249.51585178
785.704374191
468.303668176
823.339672002
220.378409781
325.797853378
512.006473104
674.740583162
901.391123102
38.2260905924
183.379345299
511.780657615
150.347823557
917.178499519
199.354762259
384.862812003
967.703678815
508.074794065
946.87760434
515.058660255
776.091319477
751.11500274
198.313386981
121.087587261
626.916162573
54.8068005363
858.70160888
13.0342398687
69.9192746096
519.361208156
709.534162934
387.464614638
748.825319973
638.277962736
586.042692663
775.762749667
455.954170062
28.0973299751
548.497685817
443.534777096
253.360110626
859.61822271
549.813649657
317.9764866
315.9322566
332.250323709
117.216370014
462.371013602
590.107211643
490.472838899
523.736302749
14.7651385559
628.057148478
697.211283185
411.886864958
920.367217332
342.143758845
71.3533870164
231.065171797
597.462331029
663.489083968
595.663710782
636.569651333
132.855015424
528.14109289
667.483391335
26.3969002561
924.980939662
359.532487415
107.528856648
353.64554762
700.383275176
963.825858949
959.186353627
187.602750829
969.464590489
745.532771665
414.204708897
284.267637739
819.485639452
671.018414811
33.3098190657
781.449206223
770.3910012
249.066620119
358.126629456
953.892337644
385.156748664
401.491862769
210.339641836
527.133197036
449.101990558
139.292977591
313.96562755
819.479993838
523.772335306
905.934438721
458.835204939
346.377236495
29.9255901479
324.814838264
109.486990635
699.619486175
74.514885872
639.119900937
396.897182985
45.2086999634
379.510418899
455.38023981
758.627304499
913.24456843
407.251747037
495.96591218
307.162091024
934.952823843
315.313157042
76.2063913782
930.114730862
721.973031764
325.578665321
667.063717347
368.959385931
674.681518984
435.703402554
820.037937831
985.890379716
190.395927767
241.996402689
406.44370289
485.05694977
514.326468648
648.62163352
126.205233295
364.321676189
108.001407135
850.933920794
613.183306618
982.199210874
397.358439238
589.291118191
713.82122534
546.2429779
282.875917825
854.047718858
553.273258966
769.617586806
186.686361539
591.933875451
1.4978104828
68.9992369043
570.767623196
716.60806935
808.336437233
487.20399868
518.11020047
879.565025054
467.702146337
942.853936708
386.097137364
78.4216093439
739.075514229
226.959309301
917.233502274
707.452421589
739.429553265
46.1341428013
597.264196416
222.879143644
773.745279603
185.189644019
630.8867926
2.85165170194
226.977963581
519.099974522
73.7462338186
464.510776798
846.857553146
352.777179981
117.077804866
197.190392237
469.969306203
539.149918645
460.783020362
872.039200933
248.868953725
485.92353847
693.33161426
241.499130349
942.225845803
456.280739958
654.311773211
990.369836728
171.094250784
543.978513829
642.843497633
552.268095099
375.485535061
603.72713768
737.746511176
971.80536928
994.903532239
185.606300536
451.9737498
920.366209775
638.94218493
347.859433257
715.561402258
349.31935383
389.026791531
557.782587333
19.0353554431
592.878742161
474.749710666
252.644244649
245.127993828
13.0890849705
122.36158817
554.115238025
387.62877428
324.269189431
69.5499394083
818.793842632
518.66365929
937.825969091
543.428040789
121.480676489
652.34111873
259.687062184
683.943114427
743.157210422
216.584640158
523.193083732
523.290912036
936.159182207
542.156040205
925.995055985
883.677286763
1000.59175533
450.08448594
576.447839417
676.483934312
752.376485894
558.418842592
459.846878993
826.852991548
617.620459835
667.357026337
706.089205999
979.838862618
556.716283197
50.0603123129
403.823180945
585.793247476
768.288406053
920.868426262
2.51200389783
482.051172886
242.946178728
333.715441321
442.126668058
435.286104002
554.495691713
259.612736334
971.748482153
13.9064388456
129.192530265
527.746382258
101.929979137
717.380766448
726.087876455
287.467073848
868.867796883
927.510514001
641.622246004
561.901841044
474.672876508
662.783948565
884.466510816
13.5123982636
735.625442832
957.235303244
348.348960218
556.776514922
795.633159181
498.398558813
500.024182912
737.10313666
213.35486688
264.123807184
336.982359317
303.941764838
545.772677738
790.994473156
922.670578826
302.252373507
461.867673912
600.174235168
387.802658042
202.609495077
580.003807601
340.303556746
542.440968964
661.034357602
900.779238763
401.431524648
795.649718948
628.91315214
384.461730463
92.0851939539
667.262326197
425.861437978
713.020937318
27.6002770929
115.521518613
410.650372333
241.65667394
203.183027385
988.086501355
829.522858239
674.077231328
875.311445913
585.530298934
413.358298896
727.02228413
344.77913284
141.58795204
787.562834335
139.972312903
690.800039653
811.367913335
968.544698013
609.178179942
352.653304916
976.623443864
263.037529678
916.698258516
900.06759044
432.479220596
718.284297285
89.354972874
342.75790744
253.414949639
468.392058776
350.668603557
556.910522599
734.79042817
868.371584986
282.711027749
186.576893365
269.865771642
93.7823713248
506.405119211
363.183989887
486.943571182
762.342978742
980.154995261
467.377541392
300.607806096
381.562369298
379.895289927
70.4819854299
454.23308382
579.935033268
691.054390335
610.437872218
296.63251059
187.341071296
242.953643897
109.265099849
770.706707558
297.160384014
129.380295608
100.356474834
135.364185894
155.164740838
425.005672461
263.861008355
443.83034333
951.437867386
940.714670021
362.382454564
157.836379618
683.112145859
493.329775159
877.272023871
700.549095152
843.022810123
766.247968951
602.415663405
892.130829662
143.970034614
652.269363277
617.171354316
126.230669787
593.778166315
938.062820995
796.873389447
856.715952453
822.373276301
309.728954372
493.27406709
674.833240358
123.543598755
712.717594646
555.198140646
474.638788767
11.9648060211
367.769277192
271.227745843
503.289896351
502.624071646
137.442930568
123.439259652
254.352521563
106.145651532
118.328711242
492.037338714
182.787276185
648.192653927
819.855602281
272.864287213
534.352025759
859.639940786
847.817266319
963.658159572
621.140617923
689.349541348
654.805460539
422.750837393
941.857476012
749.018747854
290.30809518
714.095291406
994.593946286
594.486381524
589.49054428
81.2191377755
62.9849926141
104.460447934
423.686172935
19.1777737332
18.2725032338
450.846676347
436.791570658
410.540783428
768.009946045
9.8049107094
568.732390806
977.525446227
40.9625732027
313.302005022
175.058081962
348.948965998
887.072165422
50.2212472104
901.76615374
724.200766225
180.482855121
385.514495173
188.793002534
898.479315575
348.183154641
6.94119146048
348.540945046
500.724326219
161.679367405
622.63961188
823.997183718
996.690120348
758.752282428
32.2143190081
689.766845158
325.746218063
895.561446334
485.268279074
859.517876217
603.385147428
274.408398229
416.904525268
154.50521514
236.01990665
259.844725511
176.936543568
91.4481918663
499.388504963
451.924465644
371.666076832
827.480745487
392.393570298
765.413062874
282.594131289
64.2327873626
348.133742911
141.093459328
82.2507694318
351.644909095
508.594944961
131.416166694
168.360485739
922.951399969
645.389490086
421.211768516
523.579918718
267.129812127
224.269452664
597.242825677
185.958465076
921.969911496
423.709897858
829.67039533
543.644986231
322.989217374
134.502426123
480.997800585
424.815482552
355.889555319
923.969127422
814.834999713
60.3614838332
234.284595854
487.58289513
4.49669105634
112.032989382
439.016643206
272.505947341
79.3570137074
219.642055022
991.306845416
389.361795843
856.081473856
855.403768367
350.44708991
821.534763142
67.4327269079
528.452970897
513.953302789
99.0795257753
932.424480882
480.950723247
414.766764152
59.9433814868
304.835045847
772.589682557
670.503251618
886.538205635
177.923153875
428.80743634
27.237313922
980.526976084
950.877609816
218.468921901
449.754002011
885.321800204
947.437684528
178.606593167
289.375215632
414.699453173
83.4868255696
968.227787982
321.781354392
105.288899269
826.376605551
346.115282085
746.743168423
704.40309231
703.53087025
556.263482528
69.303593301
805.360265684
89.1903937262
15.0635279555
668.443145888
425.744737699
979.771324619
722.893435657
944.981551604
70.990001513
556.359342853
438.320192376
245.801016137
904.690404192
287.407951552
308.747597765
878.621591229
574.243494785
330.883904477
707.447072716
914.391767878
500.480220568
292.945579409
316.881021385
416.509095329
873.93425186
704.539434995
943.666520372
925.837516203
55.79254094
339.011987579
679.85892924
516.728040766
538.598610685
67.2592690258
65.2133043859
600.217987945
658.767311916
371.481224727
634.6963175
557.769379097
728.725110931
809.446024679
738.557300096
55.8064524494
724.639224762
884.117330741
519.983801611
222.573563395
966.39635437
344.125634853
526.529714462
550.627545164
152.798296612
816.752432556
820.190100649
893.07471281
154.657956605
989.707404065
154.963081938
592.611793644
124.51119255
705.428283993
334.23742558
931.758709521
272.144105112
533.473990111
73.6198019694
622.032615289
683.599804176
241.185184314
130.382069222
545.657866026
753.706025019
529.363970363
900.63781063
882.825346372
541.543706114
83.4280943513
917.810960449
428.370676482
607.553660449
135.485911931
904.949713362
89.9166621672
494.587978963
209.010952966
943.06599887
45.6243051783
365.412860441
220.938747346
85.2438842207
497.165593703
574.971406185
926.948350267
433.277369505
744.818901169
290.517457549
998.916530707
984.344295768
743.783314394
617.182711886
781.24943356
831.839575428
372.853476577
574.666299479
405.199519134
56.9406881647
480.584793914
352.057380886
317.159179069
252.82550036
205.944587856
591.336941111
996.193793049
417.007177751
264.349651437
843.455423826
504.502835544
320.116466337
506.473944453
84.2055051829
378.466474035
444.499385028
168.42668744
690.191853561
85.6257241639
405.682369269
795.034119259
990.818006719
276.067751534
826.317601315
904.608205365
