187.637226374
801.028390322
839.571120199
586.967625741
15.0418173809
877.641560657
133.67942646
272.409202084
894.157274315
797.685548313
772.586082328
64.2564199809
279.765559768
465.253620075
580.572196708
633.459681005
116.996193187
895.438592707
505.044105094
375.518322741
31.6778918048
690.539427715
385.518909921
780.318280451
6.83693449472
193.049598932
741.897079788
565.860685726
257.015241306
595.977598044
344.451559346
348.815895508
66.9792268764
794.92485601
887.648047775
592.778901085
265.535611347
134.839689538
251.676260825
604.508859064
785.474314925
85.0276052628
740.00265704
660.156312599
62.1335360421
788.684412633
537.600895573
605.769103071
986.451713167
33.866988972
703.437496465
946.825443277
89.8390064252
709.401247398
23.5946355
460.195464001
169.442988683
335.375010498
800.157645206
628.396871528
275.020141417
935.892876169
129.125785268
673.374903524
752.559279995
140.827045271
477.223183663
91.1121340715
156.182205029
903.265666253
601.96206237
596.932399329
212.963964317
672.529047519
835.873861308
60.4187231749
544.471150716
225.391439414
290.374547578
770.097901082
59.1105775774
389.431576335
421.133808305
373.052480396
974.770895152
900.873400933
403.677842996
517.419687174
156.686636428
507.777973233
705.745188715
269.242948991
417.120800114
989.328099698
201.488518954
573.007033787
898.996465261
503.861336045
735.539556285
113.730802843
629.255558046
764.351803813
969.819226289
851.36345559
465.566731293
218.767515913
691.71189613
85.609462704
396.826747163
430.373353972
274.498861426
443.590534405
484.016619473
469.49057305
627.19936569
163.434655869
194.679658231
821.182408918
371.35024892
91.6706751062
991.575782176
551.609766289
195.064023748
539.017077991
398.630309551
321.21724516
992.902894489
80.4078729554
371.344004108
466.793386735
161.578545587
918.661626177
852.296531459
716.304741303
801.746688442
597.928687583
801.721254192
766.683585379
303.459467934
40.32845451
624.456843484
373.535866251
851.223704496
15.517806975
181.490441682
515.121543255
476.136084548
854.115263293
4.18590199832
365.727686862
453.565835119
859.29178188
812.883539143
964.739858279
32.1973494756
818.88160535
914.382841064
500.119687946
418.490640075
230.129630603
548.829240677
845.22245439
497.220475228
537.203451812
187.857420222
506.025891952
228.00025475
114.647872583
420.485821391
0.236372971982
515.222674865
752.222716629
107.189447597
72.7851455693
919.802262515
286.391559685
125.22847604
985.870017022
304.235758669
208.074981758
902.483904612
690.795670656
640.22955057
192.046472201
238.805131611
925.352423199
138.741538166
7.45519109758
225.109466231
249.292967773
934.038639942
110.203800287
647.763571967
183.802069405
233.631794783
987.339874701
484.84873413
145.647489804
78.2444400414
407.50063588
569.934191898
754.445174283
566.407613718
962.205746759
615.926346197
813.393813374
280.615853964
361.676076083
7.12634462926
879.461087475
998.277972929
751.980036689
326.791389893
857.664974232
978.1820289
877.900031777
545.540107715
163.68897373
899.97354343
986.996508277
964.98219644
36.5552353543
367.370519202
486.975425926
560.567720029
368.073060316
987.562652679
962.583190019
540.326645245
533.259899428
233.999092293
528.12490481
786.188957776
181.786283077
55.047348177
749.926456131
851.530950774
706.974965411
489.241133809
767.686737658
936.2381211
493.394428226
121.829392414
336.872021243
619.999353402
215.020588135
92.4709154797
793.901917793
248.812568531
646.689578181
839.28000143
492.863929871
670.217152508
338.584834558
715.430778794
996.365861611
748.774078661
227.5912976
789.93817058
335.730283519
664.115523726
155.4103751
420.532007346
642.603529858
781.795121209
959.707998545
295.397368161
665.129054524
356.632374532
650.050962767
681.460348169
51.6950522913
384.163589344
694.850783103
896.365523388
154.758682481
170.765405745
18.7945430124
997.657817345
63.6542108124
317.814189861
838.226024033
111.88868115
314.65693872
910.624555041
987.254850674
805.2147389
429.988985358
605.843800953
527.55296226
6.2338289282
840.370844758
142.756948744
751.869641281
845.409748038
779.39806292
953.342229689
859.787942082
681.357443315
459.403362601
155.484903944
70.4441769808
507.604741331
320.628673924
852.274712879
418.627495613
199.038634131
614.700034858
851.395948327
462.589322221
664.569062714
259.998334503
538.999307534
46.4530129109
683.714291578
400.040729997
334.371185333
855.069883314
840.381662916
31.8090706345
661.069872422
742.105357411
112.441728476
135.488788389
175.220426251
446.248862213
514.756527623
77.6951253694
854.080976926
480.217370663
246.706212018
803.562653072
878.078209505
233.705740951
346.782796789
37.5618636916
339.200823992
351.428762352
270.466762586
2.4489219152
121.517660207
566.24059925
645.178477042
710.796702353
645.403676096
797.469941651
522.481680705
961.394226568
778.421829635
122.024510579
874.174469297
633.378630527
941.952551
309.598551811
842.448908295
234.266325232
758.787305529
546.907024333
308.180622351
652.886082849
254.371483994
298.205887232
197.458760454
817.230854401
185.947617401
314.539042174
106.485045582
521.819014033
855.806650908
556.913524332
527.906146404
235.593403398
443.601160563
803.602048689
164.999757756
696.173319453
855.589121739
507.294972533
404.475226898
552.239960806
249.822110221
874.166405163
686.232613075
731.509466495
827.919339989
369.822232251
586.380455792
25.4725379265
719.77452333
102.693553318
291.855966693
246.104568847
282.561424055
485.594989421
876.643637637
518.651396113
823.486573409
618.129421623
855.783835844
633.309204551
410.745366553
9.23352251309
614.748099089
150.951099636
208.836871666
607.946348275
310.20401037
901.195535963
619.460519066
223.897206892
445.14488368
647.492275098
740.877911168
478.300485372
571.644738777
291.496945588
380.765373405
486.125296572
925.852315218
837.413101495
754.916048007
470.413951383
87.0900199389
94.4966117305
832.828503115
804.47239048
489.707993142
341.578137443
675.696940139
190.818117378
360.969548044
728.602107373
367.287540928
438.092470822
395.43450383
482.821577074
353.915077465
252.803293213
573.428903261
661.995227159
899.62727657
933.461847353
560.701097028
624.201197253
434.34541236
865.04387483
427.833969179
225.690729863
879.18219156
600.275417049
623.266967135
245.794927167
25.7785190028
22.2529112337
931.281714524
898.808418327
841.970883427
742.694558798
38.6051720632
469.501922089
340.815760825
220.274800246
373.298502783
113.269700159
167.578889037
705.373616708
641.928924503
4.95653927531
264.007519338
761.665812964
591.779756848
125.126375909
266.111294187
350.968346085
183.02542007
449.160185634
831.881283175
441.898921942
988.722182189
893.014742133
179.067105395
575.128061299
881.814460395
987.478686811
941.0993268
755.014095256
562.349216071
146.377576263
314.697856026
938.557170405
133.65736467
808.604273516
734.985667144
535.499114492
243.407969622
215.799323202
718.022345435
724.25815017
483.55878602
242.84444436
35.0077870097
204.156143597
121.766786139
576.851449143
620.233974201
670.081576234
641.193234758
224.979676585
835.497826593
30.5149149427
433.656013668
397.119268699
508.146899112
41.8757819747
689.145766121
361.900363937
732.88277756
223.739647354
641.669708804
16.7017782679
161.169421119
17.5080462602
521.901999058
448.206180833
959.138200274
884.304222875
68.7080553412
602.157197464
674.849790657
129.873300553
167.037424808
339.9853818
625.962167061
991.145193449
338.370991144
995.693172414
784.743410725
256.24062217
370.408129996
81.1432594143
879.536789106
525.588771654
866.826486047
987.421003572
690.3077037
581.542739448
232.364290045
981.820334049
935.225288073
615.813438788
837.846207346
501.978615699
881.264245266
400.473010047
432.605778359
160.241631952
591.876929819
89.7561115253
458.6618761
143.95499479
119.885353619
107.920686353
739.213238105
607.965014687
532.603495677
487.826317712
658.331184399
28.7714271783
865.646773125
312.963839699
526.618660838
683.231407112
704.395676175
412.864356878
723.805908964
36.658482351
692.992323961
236.163933015
504.784008162
144.126088394
910.672243097
58.3724197261
401.182907002
329.588501771
992.46352283
399.280954653
58.8250345408
298.563253704
448.030071416
54.963776707
489.319976662
704.180140397
886.610053519
276.630050407
950.325951814
666.037507128
696.195134868
726.14175399
828.354880109
646.27383533
961.076493378
548.33749497
593.853943537
913.53191141
178.202317634
703.524547279
102.642618832
852.376580838
908.025146165
204.926789368
87.54725747
893.730499504
198.585592317
244.372638798
969.08498611
606.023815947
145.559010708
624.053054435
68.4627453187
222.22830006
448.53239398
763.704332547
895.640003894
505.462928045
870.95946424
477.877672129
911.713583457
839.066947996
641.972745675
357.787676188
525.240607587
179.462865022
134.474520906
984.273549239
838.584070438
514.634884315
542.913705355
833.810253376
851.403625301
836.996511155
918.551337456
31.9796021456
446.781044488
217.224488118
738.549005743
652.114908953
988.196991877
652.320073981
320.300844187
711.081545284
513.594080518
583.39755785
844.300364454
655.933830859
577.667069991
423.866647045
807.795535385
256.950006266
4.45540462785
166.693109195
786.57946873
202.864126904
85.7243397985
377.788357472
601.610046189
739.195070967
104.034841969
821.073944399
606.926385484
270.698811417
592.695530879
633.695136387
169.076953408
777.203260639
435.697218232
728.963504506
899.354633543
122.261894045
140.094162214
776.172309354
645.031554036
746.532562866
844.92042318
839.087118414
653.412630811
844.652428535
878.714555917
76.8584226025
182.353635203
540.185071479
630.652916231
173.188116853
209.110434887
218.705242204
506.531551653
512.706116873
4.73742301809
260.836701431
808.246490288
568.954072352
88.5169915343
433.694834792
118.880574142
300.803832259
604.668487833
696.779393174
811.774996898
440.537433148
491.675052253
69.190059276
954.844860208
969.138735614
377.322781285
23.4170001812
522.698364392
267.882382789
284.663366343
908.77915483
618.53018102
103.151963296
208.912539991
865.45382981
737.645839249
557.892136949
881.255222744
55.1603649311
290.145504598
718.879406298
381.780228474
251.828846508
322.730413363
217.860852173
931.701616744
994.273726526
102.093292448
997.118246841
343.447627196
378.844675232
862.428622452
760.606641067
275.241261534
669.250346224
605.731175834
917.668917202
356.607854339
388.173487632
935.90835864
287.437750266
923.903056501
43.8286889906
28.563262376
195.728204448
179.564211905
229.098119894
606.147149605
478.93657181
230.651744402
246.197190615
536.31513359
451.126021965
757.326636788
380.853019276
797.382434386
644.731019417
375.318248299
709.886935408
791.771748885
608.078092954
380.845612434
36.6319801793
635.300859669
687.046313934
445.257629341
309.734815478
495.539582229
844.563572491
824.965008675
601.003625393
482.241135275
782.084777399
251.035015172
813.258974101
435.722033671
812.073997928
959.796189993
666.303051219
969.18884757
318.245603452
986.303226165
159.171628958
819.411449352
714.852601625
626.443045667
754.38097588
168.356888552
841.117846298
334.4317548
69.1929474562
63.7762214824
286.161584776
186.877347216
984.727660311
323.124962537
612.425375152
45.4540192045
632.616505316
806.954389942
158.223154624
457.23935609
155.523437244
462.033247807
945.116547044
206.753079436
357.764182752
989.624553876
411.836015527
929.060924471
35.0302739875
129.732016984
172.438719042
73.8459154068
839.762030366
34.7253914179
947.298574212
434.770116635
563.449509333
187.298703343
36.0858855225
940.998544747
629.473474658
27.2049078128
441.414564262
137.245370038
14.4186182463
941.028594503
455.724225693
823.319037226
354.989208145
139.93075204
915.94032751
634.712792222
955.09317753
159.002858339
403.439304145
789.829052706
786.91319443
443.113309263
575.151732391
613.441523654
504.347035383
969.891543106
899.559417879
87.5176200683
499.81217311
621.26592711
854.317140885
733.945055491
599.86453792
450.290724519
247.238205658
394.384121129
61.9402961456
536.74246061
784.052212759
283.915928711
866.922137287
914.759976339
551.49484219
970.458611716
924.996980585
918.354663687
717.652146733
567.301235667
931.488245546
525.941244912
659.964502873
306.485943275
484.734582298
754.845799214
716.027540071
169.787516531
629.994819292
198.360947067
238.654350608
979.463146164
862.916031955
167.974219865
65.8322816184
543.562616461
794.593039014
903.256733759
517.836103329
84.2022211148
548.147295499
720.532139694
394.393598533
617.658442427
270.886153533
766.964511141
375.669151781
480.273550063
739.433855829
65.7409962269
71.9768593637
636.143342265
911.699234032
167.467203465
260.165061321
171.01284313
417.224752232
350.423765813
27.2887677593
983.500317156
581.512199648
783.279453767
676.933018275
183.886064982
305.378620522
663.343402563
718.065286801
348.473697108
748.925741736
220.699835126
646.690444242
67.2496830649
597.64477649
275.188567701
69.9090166167
557.015942255
613.719945097
392.913381343
761.382692203
798.423137947
819.535002407
807.711089719
787.333300584
898.771958104
318.3188582
650.097207537
398.13357145
800.720406325
840.772837007
393.482410761
170.545107749
577.891063813
177.040834159
488.244410693
720.10648842
913.516111574
738.746076801
569.272181125
325.135766474
747.844910151
931.249870932
684.851842041
94.9445664138
472.749656619
430.900321434
751.148156685
880.59576646
41.1956716661
60.9852464127
484.438426168
431.324793468
753.859743744
933.877442472
570.173832118
77.1351382679
862.372959024
459.793730728
222.039051409
623.010385775
125.754189082
720.695300236
83.736776122
305.268528656
737.414392086
230.493008207
366.09677666
276.466320615
740.48349797
601.73612886
621.920546086
24.4386518446
36.4718229895
982.67721997
239.200962259
933.139246886
110.277212793
454.846192936
188.194084323
292.093511579
348.344875457
765.446869412
853.822482897
6.3473779799
143.309440994
366.943196593
274.94522058
451.523429176
