357.175472673
285.911028592
76.9055115121
612.829581026
666.943850654
863.095139715
523.02284136
737.600583389
300.428026603
691.839219361
524.338750809
277.401454796
247.953477189
460.164486803
396.987038956
321.039310602
761.158953373
36.2187639489
249.22606453
498.18462473
99.6380281902
115.933160888
237.36194778
458.68866669
753.501571592
823.809765552
44.2441745334
445.94282959
165.403959363
568.612152056
961.805694918
662.247627954
860.225270477
293.19980009
640.362302844
830.37848122
764.860495717
289.116463281
418.070122722
53.5328169531
683.059963444
484.976752059
710.737594837
734.920969471
876.727725708
583.646930423
31.9206066482
377.843662234
288.547028312
605.543734804
520.609871983
700.290600852
0.961253736224
99.6532768663
716.439067771
778.648319728
869.977840464
104.150639951
557.091059085
256.887796616
25.0826176685
722.486924318
974.38959158
511.608148549
295.679926059
235.109522932
732.619597141
265.759080539
997.491622294
83.3682588484
441.98824886
836.804691281
707.13465239
928.416310058
482.825243367
4.11185891137
176.477506604
140.34095347
712.980958638
345.767184306
2.47058611021
642.923753498
266.850840705
814.305857835
555.740597004
593.934281057
700.898113383
269.518846026
968.386940912
437.720116946
101.838910407
553.790900997
652.421038306
541.953096475
576.346487148
975.647338919
99.3019815579
320.343563058
46.7512853612
738.241058971
301.450289625
98.7586809006
890.228394429
370.39065075
389.592336807
549.440416399
727.138830688
131.028397655
168.411684699
947.926027008
579.863395748
835.734449752
258.69884901
237.364100638
519.554323979
291.559362186
182.485172167
231.475604018
663.609294133
884.88810461
765.760103434
966.788745878
580.049323771
296.030165031
566.007754417
52.5208182294
59.7870791841
519.482279416
812.955541606
906.123176226
156.019003668
642.479419298
281.867427987
633.432770352
498.984749218
255.553704865
743.76809669
238.14893441
729.954144386
520.686505694
314.491799637
544.373695534
966.729481833
894.171774747
885.24472953
508.231115286
85.3389723763
655.403809604
693.317028957
354.52635255
579.225770974
161.131736474
429.881077519
106.590067667
790.973736613
474.759774245
697.52166761
658.190284695
659.130100893
59.0374835662
343.703994978
197.38820969
515.969668081
841.315693299
152.716747559
903.997650231
257.779654876
780.884318148
850.591917098
325.905961414
626.117445079
225.599131853
989.628947429
240.717559043
624.736957285
605.668724434
124.909816357
212.832994283
415.309385108
353.997515662
342.444528419
770.072224446
461.645403656
63.7922220646
538.438603653
656.246853233
608.908110915
218.123146246
346.656791504
201.493708595
171.874958316
10.3849821101
217.45613666
351.200072973
328.807129843
407.484763274
793.683682632
303.939830294
222.908043028
109.989301759
711.387689145
922.301878711
585.498227152
870.144304374
608.482998102
642.781054416
978.634660391
392.711479349
66.9765087518
30.6526951329
89.5065743925
429.029843569
42.1137191517
928.872517399
481.114619157
282.211217013
718.302460208
183.986433662
547.768724026
639.511134234
990.394462969
13.876430501
768.352339429
442.031323047
882.097660119
988.46212709
122.571296554
38.9728732086
443.466258391
51.3916413653
470.399974478
560.874505817
103.466479723
55.407693157
677.364172136
670.528328376
34.7158685822
208.895605221
433.821137075
653.31275871
799.616578474
868.691496006
533.58492927
618.41920321
328.875610024
302.847305642
902.550773173
311.608111946
205.91918581
631.328532063
916.257816651
5.45434629987
688.819828936
580.959829657
396.620980154
483.226396371
824.3362065
596.915994126
353.086731215
286.51889307
323.911604547
427.380138129
410.983101535
528.330545419
649.958061652
762.550614666
38.2826239145
706.898641914
855.56437291
635.987327937
545.748122087
441.083451535
948.013430791
877.656248597
73.1317642744
433.504410736
314.354754734
901.420715217
716.66332806
829.48470611
313.132154314
629.668367418
309.209494246
785.853943196
425.789765793
365.977087609
28.8866395313
304.168049928
751.693079117
621.368532634
457.072169818
360.297150311
340.908487339
78.4431084881
139.597966501
952.065080786
277.935703223
221.57794575
476.91851322
746.037051441
223.403330737
194.589669709
200.485295435
780.927540787
993.174165821
875.562578128
24.2220875618
713.716555214
85.4472547628
500.962759205
326.84639331
495.962876519
361.332350366
433.366554985
397.968152658
542.035772055
209.258766177
220.174421278
274.580045641
4.93960346596
599.695057603
721.306033431
964.980852187
662.768586576
417.500963804
921.221623005
601.947036002
228.595903052
837.051939878
867.028604242
862.039950956
231.800424143
318.70055509
415.389099047
961.495727037
491.420327398
317.34659299
553.397223783
750.259880136
571.918336028
173.208904695
816.536831934
13.6894976069
841.572910649
345.208807256
170.673115714
789.704368959
357.898925353
264.58224651
877.418444294
573.96163136
373.455055484
265.726704013
565.491439393
948.407159637
469.409286617
60.0439574352
402.350316772
359.461025263
918.817364532
600.226777572
719.703517449
962.998503664
730.569483679
169.481911037
970.839906124
532.16739085
958.257017322
821.387416168
180.275022401
809.21017262
874.027403701
560.82787772
475.866446265
83.4376877019
349.585119228
605.804583764
35.2211219189
864.339129101
5.21317184443
423.888441461
727.729305035
69.3973142675
808.750631805
19.4330554302
739.481050536
144.034512172
337.760803894
264.974898559
443.759342743
584.232419177
67.2164501765
488.545132887
261.407349208
238.504479513
96.2373172091
845.811004743
84.6369668559
255.306462173
375.163589656
293.754773561
522.033424896
132.851195023
419.034681007
403.70628341
296.009808315
459.911666865
362.937947532
118.550454825
524.304346443
227.426883306
743.833500477
247.705434956
700.343943509
29.1910666773
530.512960934
228.591710853
943.305925438
512.298654334
907.772545284
521.660528694
398.515118562
678.345507771
437.086624309
320.33666616
38.9215823378
3.77284326618
56.9807960036
314.73247105
455.732708749
541.371025441
328.353212229
219.618028174
535.84745267
601.679653298
718.033556776
196.690320905
140.844435959
602.171406366
2.4031513896
492.409436755
0.828926044989
835.740557185
384.340023666
81.858240547
220.146812892
150.639512421
551.241511675
61.2241789783
652.676501868
416.562170843
508.130396552
834.548781503
449.157713636
377.051792008
383.120683832
186.157842278
615.399978723
711.797148339
208.441222142
854.632080854
340.51322262
22.0103657873
662.245068177
685.55801915
709.567574411
15.6557227739
852.020345595
52.0598482523
143.383947341
967.663195845
640.294729537
806.443230238
39.6664739501
45.987327464
939.718986983
687.954471848
451.181855936
935.128385987
402.909470065
432.273447308
931.332526029
916.291627831
148.563963625
475.204892506
629.353449244
390.32230525
383.188490462
318.156473467
14.0699695162
50.6918435507
144.037204188
582.420189381
923.261010496
912.086189062
514.02000328
916.863103844
57.6115422504
982.663337106
506.707448634
226.984060093
537.379272397
337.827492815
24.1108440529
747.185492347
860.53200964
999.655585207
332.982888501
322.191819318
803.130783716
307.475224176
285.33256549
538.057525336
399.34222141
215.849686911
583.171300865
357.242957059
773.682753714
738.626613422
709.241304181
155.14847931
109.100337433
837.578695913
0.791745813133
679.728781392
649.501672129
602.552929688
244.522581919
643.746069709
68.6550014463
170.620148149
835.835058229
537.845899188
353.390658986
887.127894487
262.575492228
84.8195616052
282.903488508
832.948897233
88.2309723333
552.958227051
209.069500622
400.32606497
520.232253122
562.534289811
164.124281785
483.123243722
152.585208629
92.6457897543
292.792463047
851.634333776
473.391698674
650.445126539
393.435629986
669.752594552
706.908196321
639.190859302
364.001293008
265.942108426
254.704467478
434.435741266
630.712254612
91.3107513718
390.80631817
846.241335453
443.25846259
470.197823451
581.054597418
37.3508829595
605.958482298
965.573999454
85.2318837493
696.108459261
166.62925342
852.687338217
287.826137454
161.778278713
113.058669484
40.3271670085
218.151671517
973.96384351
651.434638384
303.285582303
748.679920679
202.718568055
496.011816568
551.353226132
94.3286037124
916.030101588
228.027970073
909.82697151
837.216958636
221.7766211
426.214324931
600.141597227
251.609633224
374.510034221
386.766559217
255.382593956
712.5091282
197.87292685
398.84240694
128.324810969
203.060457863
669.727862206
660.24813292
55.6095439845
148.14843888
769.521671447
565.773684513
538.102304348
245.412120933
865.078719921
89.848250883
447.252023283
765.734251331
81.1680970494
292.377738877
493.218601492
873.306983806
523.443094325
659.177416097
956.546080654
59.3594430966
142.8676671
824.561707629
213.301327944
462.522171239
38.401831007
298.277440366
237.468802579
589.333312373
871.069142339
647.003656671
573.845486317
628.833579854
628.270253891
206.293940178
229.521357081
378.318414553
180.566136168
673.354874711
259.385295185
500.47861673
881.239668656
62.1310864169
337.355742533
648.290130121
354.157569865
818.326731076
841.202738714
363.779436245
32.1548225113
981.694593762
95.8431937623
102.263203645
767.61038835
996.11428074
883.578550063
112.485613066
838.538394308
579.395361946
25.1268031883
698.387733299
579.110236646
241.304871348
538.113632419
340.854173303
326.370600651
257.359980246
862.768602355
975.976341931
267.130117301
67.5664974816
877.667200608
908.158621039
316.435175464
849.435944006
433.638504888
214.185788339
741.468482538
554.023097586
339.598644888
376.51763336
265.04414885
705.284201122
620.025660116
715.27584238
920.259023658
486.511812862
981.840241798
926.395426563
174.17201077
484.877569177
324.462842426
639.162070907
158.942572491
46.233082434
686.590920356
20.344497718
534.635560732
325.570926082
364.736452116
181.267922002
20.3167836448
752.089856652
314.458237605
347.742107529
984.439882357
480.107538636
872.634590072
363.940323586
523.058159653
4.74056879276
938.071150996
112.195782281
117.004310144
271.771050829
199.439999261
602.317638816
247.680180258
728.857647862
356.282487192
415.40419141
333.401786991
998.932122644
926.814530345
756.853827636
174.687704756
764.830399273
475.11072098
577.227787938
620.477272416
376.268337167
926.9797734
865.426160761
353.632456518
194.451551159
912.434034964
13.6408568205
608.162440135
6.92582268444
331.369083775
535.174923537
564.767607562
66.4518859511
515.395295334
288.360005857
739.998323348
946.577876116
274.982273646
242.890628117
358.726635114
625.966673279
36.5366652857
437.438958538
355.861091998
659.114780125
385.756848497
658.830111898
120.634844227
675.116524361
712.373950167
147.522190054
808.740315613
267.711469899
752.858455958
349.856368614
858.884349153
536.084329615
288.580208435
710.022612923
326.147611649
908.246472289
377.586504179
727.625479062
259.829708404
692.398744047
145.440922359
114.819840784
794.091767973
62.5064130644
345.4881344
560.826983673
786.017226897
168.574203432
90.463763719
18.9430099924
905.632689423
918.519168682
7.75385270713
445.679185373
739.24341376
218.721996588
924.182091215
198.983935993
221.542225529
154.405061187
996.541428133
38.4500207832
941.212070504
147.504550839
234.057659292
174.248503768
46.9528104956
884.657860114
228.029419779
758.700773982
348.971673691
580.883733366
343.542643677
885.037254392
227.279399913
163.680448952
230.084502013
232.587859855
610.930687194
496.13800227
580.711983913
338.877155855
779.916065272
401.10532161
22.4086755754
410.897528699
388.406062902
345.246121548
568.270409704
626.565653436
223.026974215
110.841727488
385.439287533
412.127409883
434.829983683
884.782350947
955.492598908
851.749278297
912.352582435
669.193507931
808.002321618
57.8619053882
539.921355381
472.632142136
708.250764276
991.802148438
259.42575541
496.652820397
760.779091596
11.2563183606
741.604550794
390.180734145
922.968809675
577.107240763
604.998449906
849.620419603
551.581722838
135.605642927
779.394944981
484.410890553
547.404213343
86.8073585551
721.802855711
91.3668685545
448.698205433
575.792921339
370.81269299
75.2742712054
759.104944257
88.3024285805
273.782718496
472.919976387
643.762426019
576.917612761
169.993313362
502.272572956
278.75986438
196.25502594
326.571425758
28.6647626078
561.064411829
609.322684226
793.198244058
356.551201441
128.882997992
572.454176172
204.407159641
114.149188725
796.703780858
831.448167714
518.202607602
763.510486332
508.954957887
382.146292242
27.7306283785
618.775396642
766.68366034
944.308794185
310.816150025
922.388457782
482.968367726
609.174719618
530.677679815
893.162092565
646.501595823
795.170161676
461.876064366
997.104484205
368.864720482
253.198502071
981.217164832
715.999414351
917.404266162
758.151680765
943.642928895
852.037583806
254.174713695
500.441247161
904.49713455
124.224565642
550.17633632
993.419252482
264.623997169
540.57858485
860.074060053
882.931555981
804.078952979
229.399361078
608.627944928
776.572961559
211.850553967
636.674712405
152.809002919
737.599840617
986.999500257
560.595570417
297.421992112
161.347449887
898.880081498
574.916842841
117.587569025
447.206756974
317.93158201
261.886543092
666.59745192
815.548358307
509.194858173
953.891013799
870.784836056
941.827295864
792.765968666
521.574475101
54.007462305
613.715151903
999.304507206
977.550608404
976.234672273
962.736411252
208.360970906
278.696416153
58.1467901153
63.9713008595
624.744713917
482.614208347
944.944340806
428.823903688
670.804999089
166.013450642
900.697477981
161.864784763
654.716263482
66.7342964929
405.907718206
293.258425251
677.721118066
763.20740087
483.726021576
429.252314713
517.056635186
326.026185293
814.096241889
814.804866486
688.905593699
511.966083528
497.663923532
72.1501238914
292.302001185
532.923923567
207.973957475
909.308468058
313.822113743
954.287888544
267.882428501
922.220770664
920.775361618
983.84385807
554.201930442
318.105072106
856.502753502
621.762894361
361.374332001
175.916292532
