325.453411639
47.6618098828
305.29052823
59.0287485862
387.559344325
208.015930617
24.6542965133
375.989787051
533.530110733
93.4869862735
141.704737215
838.574408602
396.276500174
774.26325938
818.849396818
479.197660741
293.386425266
942.534706587
316.309157323
431.924368021
74.4254090751
320.256215832
225.332156306
285.094856743
739.301707155
614.085530325
706.185342389
969.823160068
50.3993686979
162.904724813
974.689584811
500.11225765
216.4084362
727.921837847
709.50024059
384.052076275
542.88425282
437.487276015
459.360533298
490.139040351
827.671766846
506.428986935
726.953567741
754.734325813
425.146759317
428.778269505
1000.19917414
290.991380382
782.253207588
158.507213066
776.024506809
835.993677663
849.821661108
597.463591507
917.890335794
726.584457644
519.2924769
949.099404224
256.135139671
987.681206717
16.6049473704
580.358576474
62.8025676071
948.715025468
181.358939173
104.542546705
306.079183912
972.24145136
432.930841526
574.438075826
497.891701435
482.91867178
716.849033639
827.784680621
999.291739981
980.725908075
91.8697044461
749.227552206
126.3049591
81.1645622339
703.949571775
46.6609144303
287.958412531
728.932016087
27.7062203008
754.025265545
553.839270446
911.067631577
440.629598972
814.732961372
555.087899433
378.330772463
379.126982382
778.293528751
859.421227273
176.852635474
905.298561496
838.240468128
336.808585658
44.8321542724
398.83224083
277.595771154
190.443309533
737.136310547
422.673336402
927.316933306
365.709928454
90.2042684056
499.494077989
12.8321271905
538.247302831
121.561931198
602.089403027
538.047123185
82.2986027216
736.531518039
455.682051085
778.340190549
634.254544838
483.143432442
412.439287347
814.264597646
626.131728234
745.490895775
884.462808463
884.92498213
683.194612174
4.71601019086
164.178317719
553.400697814
850.432127539
367.050356537
433.51537499
305.214835075
875.751144568
973.476129809
249.406614476
258.270355198
955.175255138
539.790458954
223.459324643
569.392241889
485.395052841
69.5126136186
30.2256872593
849.725284484
208.995886546
745.15647555
53.5366038624
672.383908606
525.07368105
935.184996468
744.511049608
37.1215721793
676.675189303
764.235323411
205.450202447
632.127658071
669.624569478
928.50122749
636.666818845
90.1612009386
577.373135961
225.099230462
999.354987578
997.55352002
875.402266943
653.120922816
704.349172239
922.416581337
551.11074254
797.092566063
101.188310028
241.270212748
557.514797946
766.745050518
102.912118365
437.545364918
41.3621819596
231.100362218
587.98665091
968.128587123
329.280934215
495.847344939
647.210456199
83.168254253
544.467014342
527.48075853
960.539176616
802.086821301
621.243985773
925.028685032
624.870682947
669.544869023
480.65455172
324.535150926
429.362294025
395.746394813
541.251549835
918.04998112
447.490572197
2.33821380042
97.2462179729
921.765966497
33.7739522181
874.939385014
311.445384385
381.494465969
776.002748523
308.354920619
408.488304314
225.56205853
395.383783192
98.2792854633
606.205260775
371.114847017
148.681599723
241.56371758
553.88906765
196.246062627
197.42865286
850.490207821
555.239476452
126.053502722
381.866324259
981.966206791
936.730066571
229.420476785
510.548683273
483.908434271
139.196250651
447.917972367
33.6161081641
972.263370467
529.117130979
222.364352776
300.096074568
643.483814039
613.195063891
413.095611068
49.3927103114
40.6891020818
897.240349472
922.785342075
553.511915107
158.447820003
898.411290793
140.002461454
68.5357446003
123.010468298
733.633659151
49.6530817712
933.745626148
103.678772402
997.4135054
992.66829844
696.134875081
102.464395111
339.108974848
497.238781772
940.775457058
468.306647837
757.596044128
826.712134294
841.996877564
739.329843199
53.4885729326
104.24519126
38.0148788415
955.831825374
370.591908895
736.01930122
432.137243933
505.18944411
455.019499046
424.224720412
435.647689104
407.510199112
617.007411455
233.315349218
831.466983007
525.308968176
976.272595272
794.873192296
26.7181522936
154.837074344
115.046886391
998.275816214
631.766082614
789.424868606
529.537835024
291.870139792
567.787662294
76.0570566225
336.059396842
809.493196466
973.261337636
305.675165763
593.648521912
127.393925579
632.173658595
551.294804644
188.436322483
914.228164964
559.452067654
501.665075857
850.069791243
432.763056528
565.606168757
137.994126122
246.839175033
741.767202845
8.77828282171
89.2085114077
517.073261848
136.113746152
358.07315446
978.944884473
798.854411198
898.337303416
632.990070584
273.374717738
989.428515672
891.231016566
797.576338484
655.599543243
333.034228197
331.981151024
684.682305284
31.446498002
121.246127613
511.247829627
977.959993097
583.403579526
301.139410043
26.1824849303
970.855931471
441.526028835
279.354050189
319.916730796
683.48470169
784.396714759
915.021087052
933.716610852
734.638287523
559.556387633
181.531757625
164.585498769
583.214641996
376.437176145
204.338698455
196.865305704
60.6127436062
789.781756047
477.684440273
917.917065443
964.950627449
868.916528814
24.7765946591
36.533420869
666.922820969
209.707629247
144.650108641
211.079808062
320.49417676
598.725133935
540.698892988
196.477528981
467.896755698
815.369645008
134.953557648
441.827560837
192.283234546
670.387005031
494.298281351
996.146276286
501.725572703
324.374937195
293.843287038
394.874164378
293.336302404
192.153196807
736.485947983
719.13476292
744.228137746
4.01998740541
745.037880097
177.457057506
54.5248327689
952.460752643
193.230716552
33.8781384087
250.088220919
953.740425839
122.301495587
569.055617246
180.990338783
295.781226983
445.435644079
437.71663534
975.941023763
963.78025875
198.358405676
670.814185644
835.492804422
869.937070544
634.635193333
49.9665621745
502.02352444
977.669381909
885.001117671
258.539994806
3.87890889519
769.269311656
562.666842118
36.4657927436
550.322682611
704.076137053
810.000141736
456.104785747
397.588388802
408.883462543
250.450568486
431.067344771
557.275059846
284.703810024
869.200839962
581.291523895
963.457411124
651.275763933
997.632127768
569.605534466
599.047456516
4.76626432171
815.703082673
617.728484473
968.205016796
756.807694278
690.634253958
79.1025812546
570.721311189
434.423996219
25.1824289483
96.648271358
882.482076335
400.906973644
4.15689983331
168.997962049
22.8350812835
864.677715981
307.156235955
145.641068128
340.136094113
710.568688385
701.908862421
956.429386889
610.218288178
224.833528856
348.816745915
385.804420619
298.658016544
796.150310374
244.409483028
225.940243183
260.372580337
840.808082386
17.2822119078
701.93099397
391.632510451
943.246082065
424.595584131
755.131090113
289.8952793
360.659161148
140.274673844
162.789522109
571.983511575
135.225777243
787.651051428
971.071522078
857.72779616
202.515594351
262.94900312
375.124873636
558.644816078
132.059396283
515.119828234
934.924317823
457.41908559
114.691202773
444.926263002
360.878509512
506.957286036
852.583395061
799.488542138
844.913926921
342.960274641
151.930927581
532.67719777
826.28244223
504.790200863
759.716980056
374.397985559
723.525697391
796.132556333
179.464467511
390.501886862
635.244192413
675.95742904
968.612703159
561.369224852
552.823085031
466.326733187
753.303373956
255.55787257
470.689687054
115.740562917
728.856518697
160.879026723
400.676057151
640.190017559
882.346879799
332.878172582
868.393375906
899.062242045
518.488891802
756.021984836
991.402295629
829.916784545
986.848252206
995.026750993
664.092948645
677.143276096
733.629980121
776.026546071
613.615205086
78.4053442308
606.176314138
357.14229615
132.713640253
302.659856593
980.595069023
393.027941772
66.5051958451
733.460620537
71.3635139799
479.652998837
419.245778851
650.066081946
480.744871654
857.906712859
614.111721886
720.238124676
599.418335177
309.278610781
602.086310069
811.199984321
557.266078746
156.574649396
396.646921749
689.339673664
71.7415807691
42.9214309655
738.155913533
844.091737151
410.785338719
892.363227638
830.596375989
437.565217024
698.006906737
174.995564736
950.38831842
111.180144913
783.110504232
30.8689362328
435.609895409
256.506983914
868.90201258
661.310639153
705.671200567
772.021483204
368.579235315
288.06819102
590.43867162
159.248984016
795.255370984
237.87069641
718.216782925
599.695563571
67.4342113923
921.661583764
121.336351133
7.22576609109
440.287714342
518.029439277
803.526539407
116.475420679
471.860639823
176.178328665
461.315815783
29.3082310407
570.868791296
854.207527761
791.18149596
272.406579323
5.40256537581
947.142428172
979.275026586
282.639154393
580.170526684
977.61458033
669.968109474
698.659677213
881.136779384
916.771101282
208.525786167
486.193494192
804.723602587
801.649365144
705.060489977
92.3035040875
856.30161234
824.422558713
930.663854793
656.880570544
301.434904515
685.18662707
812.856099203
227.578087188
324.843239356
968.494421819
0.703619697875
569.4748725
367.776813358
332.315551877
942.701525924
853.067835569
24.307697548
66.9846197662
273.033493073
161.180906676
705.105813868
169.618049801
534.091518741
222.624271895
975.512033149
849.863327761
839.158473276
629.712700426
706.265621293
973.227158415
539.692475758
637.505006648
763.054265699
58.8767395365
293.991037617
97.8667518144
515.870279164
367.693240615
536.524021709
706.32273094
518.273474201
416.580974707
722.969580156
742.301320125
60.6812125351
751.214705477
468.434126392
245.055512527
207.246602749
688.282066749
654.297624729
846.279201238
297.322410145
290.593693745
655.821759631
359.372640846
856.689804326
177.840308164
602.821628607
466.895785229
813.298188659
770.452694288
445.657538902
245.782164409
317.247303108
676.099636761
390.274246651
243.330981906
187.211663187
542.043484297
570.906100668
43.4609676843
165.40531104
304.256636621
750.369585684
921.859454134
931.202702619
456.199350387
593.226115203
36.7165131476
55.0491478691
370.076495462
150.484248137
897.756784987
627.542703765
307.180847618
275.764097254
66.1490882409
855.556859588
429.479569717
32.8536468012
429.102074328
772.130125585
354.899426823
459.947470862
181.129427287
217.118873871
900.372858799
693.817619753
894.759000553
181.765050033
537.519729984
668.530661769
407.842270977
771.112975532
837.927931073
375.237009792
406.492174653
370.22139012
370.560501947
503.408331303
822.53578718
413.706838001
480.538583598
365.441278617
667.854243334
732.140723526
267.924039618
202.744568704
701.474055086
654.673256284
194.705799988
133.23367233
84.8391127256
575.285067179
497.388518636
947.442961889
422.425562281
885.944513556
73.4792945732
579.950182751
895.740809041
727.4071574
626.855917376
775.331471905
854.591104522
622.674831961
923.471216804
325.23607282
688.763270856
588.591810172
583.040808648
618.499995506
8.59294022368
169.753584119
537.312789418
285.974215014
403.090585016
696.975326191
219.015749037
346.387131313
469.88678553
370.198042543
103.252231999
412.096273622
662.556432965
748.284004791
20.9215247328
50.5806032122
173.462473649
524.234368362
729.858834168
489.818992642
204.780634848
33.8929012895
645.829823332
286.599219394
30.8106294167
444.883831919
158.263192535
97.1095326606
861.649566915
533.427925029
993.016217198
773.546386246
424.263771566
172.775610184
830.541416117
316.041283169
188.719111097
793.722694763
508.056424414
739.255729151
637.756769672
188.450816893
754.362236644
467.890054946
981.945596497
728.864384274
944.449215335
310.487444782
993.183830983
119.612365134
193.903037173
622.995424341
618.153048324
852.525105191
315.073022312
893.681073447
202.549131342
40.5909511917
394.752540732
3.95580854609
446.24191219
217.000242755
781.599764155
109.61052693
117.95128788
826.211372743
108.133085193
618.73514466
759.582689839
554.644121083
601.416394114
328.062655033
931.973956
608.713455884
125.198139551
50.5372899196
253.889610118
365.412631723
367.487097831
847.554011939
20.8303495749
742.445437761
290.663339939
160.248735454
293.449701555
306.344413045
980.282005283
478.639116561
710.657108344
793.426948037
123.917283537
567.64680266
502.156753077
932.953164749
821.529555254
174.868548155
288.664827519
191.985554532
865.046574689
34.8144602546
783.14434652
62.9738142972
129.107572586
277.235381105
515.67479687
978.842866336
730.433165286
215.849324694
428.514316395
453.015689918
490.952528584
581.408840402
955.875310186
332.907068596
280.690165392
857.959150322
424.24697599
801.187550487
843.246757874
386.738285638
451.871208856
377.697649016
126.269565059
804.860827955
164.38844704
291.824243657
358.01932218
184.573237343
543.505664914
538.26657764
784.042993792
889.749485639
638.495753411
211.988724634
126.619058736
335.314364694
337.326186485
123.535071385
178.340653184
190.123213444
39.8700149156
538.661852234
942.155420439
65.7187135328
543.704323809
520.753279866
877.058380365
443.726239144
853.233669095
587.753864344
190.822835279
870.959653863
117.80906857
462.392460915
500.25948603
32.4539458782
644.938866017
844.458541235
292.632745293
668.137354927
51.0089932622
326.75135675
764.600100495
762.802393733
822.625267161
975.683505689
211.672728344
569.885410422
738.793020717
906.843346457
129.284103605
206.892866537
970.229037803
579.832954009
582.228278069
706.015508195
404.38354021
324.542388629
897.843106683
990.821681405
827.200110017
751.605171236
234.543331296
903.581036093
612.152622281
696.528021545
49.1677677067
740.4128226
318.023411067
825.551019272
139.925911153
693.099055538
378.609077311
933.248384069
331.814878483
725.098306288
799.994187182
799.755477724
578.295644176
88.9590051218
790.1991304
366.315355726
381.888003793
38.7206478439
741.265960292
50.5816528576
4.99293397891
60.1435167107
642.594998321
843.450712796
824.892676095
34.8852714037
939.774418987
160.459671917
813.951057583
34.1318368716
641.622936588
8.22445397717
179.653745678
384.811711948
340.977864845
175.912100063
258.315320822
813.825715612
758.166901002
754.486060797
418.683830967
770.044007179
662.905620085
698.121561711
433.299787656
702.938547171
37.4519653974
888.779515047
912.534601523
95.3242789156
