240.747530847
34.1739579921
246.336705868
150.070910223
791.989126407
553.764019075
760.608808406
857.637349786
5.40715820018
171.795457483
5.34824482812
674.761601838
383.845826089
73.404280243
292.802319178
786.972425676
142.563762471
615.370301854
821.976489702
804.504159528
311.3714632
594.344558313
922.786861337
242.83785546
369.53044778
571.570600931
64.1320486774
897.195964733
740.894803459
358.003717753
662.58247629
221.080228083
782.752019771
7.58080768339
503.77224715
851.032328726
809.25882143
966.514083893
527.147345064
93.9875175557
765.865214126
321.020702726
494.873409401
403.809125427
629.977009676
214.461807072
56.6496994112
428.157417561
250.910008162
23.4118687765
652.831333171
670.514316666
137.777824604
818.407672469
868.861196339
293.903623901
686.650916679
309.814092725
979.470965455
929.593340649
143.519430942
871.720347201
559.021560424
180.612096971
991.301270834
470.399049585
323.194122384
37.6136824592
994.473041583
31.9605910311
397.444110654
846.114063922
563.049070481
755.084665243
853.066742163
407.084989728
944.086466507
455.387837814
845.914205177
688.94010003
683.033430638
767.623757163
439.779970484
573.154576644
534.036729122
51.0674238075
293.472697183
162.573624188
22.1783776365
976.534480316
345.177074023
154.427065237
484.498442149
956.519131486
745.568980353
626.474367104
771.641092681
58.6047699991
193.65935924
985.387341607
603.616840831
228.748335224
587.550352658
503.549024783
984.499719376
681.147055756
483.100320598
823.875492558
5.12346815483
956.816631588
111.396044086
501.644643909
668.887505845
630.335175303
28.1020036728
598.630962759
829.645315284
879.77252507
687.297009105
708.063787513
395.058428663
45.0205873926
86.8571072208
555.718967189
353.082903122
534.93260482
891.398285276
928.017241338
731.293249353
406.165619573
465.99329488
464.275297746
223.06836406
607.933589322
464.530575735
324.053656607
944.724567251
154.044781297
928.569999357
768.496996235
157.261988021
305.384529697
435.593071611
863.147126806
381.754198506
115.572360522
157.534946478
132.230309542
215.587998966
568.11652568
730.203921614
678.363703825
699.633412533
368.240765082
5.63284190976
928.438575904
878.826933212
306.92740109
360.302020731
749.13361367
949.458903175
48.0979712382
856.690781762
724.810382395
27.950578915
588.244542448
848.340402211
821.312288528
651.560615447
425.207114536
165.618476922
990.712405211
975.115569327
423.359082947
38.5722743883
784.5014261
564.383442809
498.565525116
464.8922912
292.442322046
536.003503974
176.933095405
235.826829164
701.682408912
249.156368454
592.601954038
146.504526451
574.925127268
119.310478907
181.420570783
100.958842891
13.9090732025
337.111344211
187.161888374
99.5716944055
438.061020012
611.170903489
919.952233412
389.969079842
711.648881789
622.550636765
155.572206943
135.396563641
916.544444532
926.342607894
371.660917107
881.84952732
747.116934572
278.347938345
824.845402824
961.641467145
685.29930017
916.305549705
969.406388077
763.794016619
934.955206245
731.454992571
906.512171369
158.008563049
339.043946646
658.494648485
942.235541521
750.816389354
923.170162331
815.380516585
79.7724550517
842.508270326
492.579068147
605.22275838
58.3995629651
84.4820307325
245.651604324
825.465996243
316.054254468
648.003250647
544.180737855
511.996258748
930.878508319
424.867572504
203.182014944
313.687562129
187.671921185
852.580453626
478.337205139
117.824526833
667.34863134
905.264858258
238.64622244
996.278019892
22.7030637145
958.403561902
226.834652341
786.359278703
103.54235855
809.018303274
196.960829348
521.865159599
764.193762943
743.898266736
752.678874764
885.171503598
43.2111828074
165.522160017
501.776593831
499.860164719
458.399551361
139.955845395
42.7132360828
188.962889689
129.257577298
184.430563911
148.552595219
757.608965021
695.170783752
884.122377753
135.031670816
964.530547591
815.152012693
858.111782669
136.966275983
489.761700029
327.209522713
486.178971046
141.741956797
512.658721063
215.380873951
400.136870097
234.102339105
514.221915429
699.375144549
395.610643935
379.758400847
757.150704043
166.455996674
762.953439307
777.449292869
732.743673467
837.726673787
844.204802881
507.032537109
905.113716296
276.494095729
863.884924394
5.92439732674
349.701719482
305.033933238
628.819268745
460.880928665
794.388719089
339.674391146
505.448463415
132.646398756
395.793951622
49.7716155963
293.770166075
837.343186897
662.253976442
283.36518402
166.341591245
373.769075435
660.731146853
368.246281549
290.298665051
980.587536743
690.585437347
28.1392907716
507.93801787
384.941723142
684.075816361
678.369828214
513.248206327
469.73347199
895.420020804
565.510285205
111.068837146
973.295734629
493.244335486
440.304127677
758.079538015
499.340439113
124.688224729
190.569899791
105.415039846
80.3800626337
171.817012442
624.218076242
522.774261837
259.399590912
980.780164361
454.309659817
344.380149146
363.3570711
575.88766647
423.076049809
85.4749975192
37.2588554155
586.122127815
19.8008359616
835.926803562
819.457284205
42.6506538198
477.012825932
754.640230996
132.24605501
163.336091576
958.817410162
979.237264054
780.060776394
694.200183761
159.776915764
324.294729716
483.048759083
78.1555137623
704.826299836
952.908971508
503.586368759
878.414764992
933.384039666
134.185228394
523.823298573
798.583864741
206.074436772
400.253023332
576.536331398
148.689721262
590.317495556
318.827698644
182.602101271
116.865366787
863.250166389
210.048118131
545.216893971
462.062980136
568.382425216
278.863797789
539.349538024
722.645078785
507.045041871
496.557690091
55.560622313
706.887568816
975.345927649
233.607171731
999.242879823
178.402740311
475.72721194
828.067958884
631.22063422
521.513481462
123.288553604
390.67316349
601.520422943
392.731843378
202.235258543
899.151792949
999.601326911
657.187820848
235.056327188
478.540413126
203.128408765
920.660771003
12.8929561066
127.777812067
682.640162645
34.6679383629
937.96636871
329.950285718
963.805073569
9.11701969051
435.94317817
505.493754708
624.482076216
976.100916888
666.523254628
1.16724670826
33.2238513504
398.148230949
555.885919978
340.299848624
260.560621985
276.792085221
979.085302507
621.838871577
216.988535317
406.399181075
710.47356081
349.036998188
539.751401026
233.793716671
195.570317101
548.763952605
912.405143435
387.580037266
241.356699005
29.0839675365
262.420085321
431.258863689
652.455353829
600.866278151
730.9619867
825.527681221
119.704893679
504.332178136
627.211398108
512.610684549
510.931093098
179.196461258
901.468946326
983.52430703
487.535299198
677.082735487
542.578979383
179.754585946
304.663721431
544.576647122
652.521909003
683.594783797
340.97562932
235.029567422
740.403197202
214.586824455
2.63956458897
414.506977491
977.301710949
427.118248936
703.443344477
797.598870274
822.513026023
468.992777081
967.930372657
980.280780637
223.451501182
318.284267631
220.001957241
499.168303513
286.695130253
627.543294323
43.6349708849
175.335662716
268.628306101
538.413566909
929.852881741
971.904758573
596.315892509
759.893554698
570.481563159
596.522178322
473.314787276
816.007714981
988.261150654
600.779733993
840.791412423
964.967361137
149.648139598
545.170489516
248.989663737
121.297107956
746.239792312
435.87901886
430.38006284
438.273997556
435.584219891
290.625396087
737.843500917
582.000262292
516.736155597
535.994031423
734.158912373
614.610616845
224.770948298
503.99064492
561.307784518
226.799569107
425.527041685
300.614624806
565.978001213
164.109165309
506.327945472
181.527380767
841.030001517
738.188066146
630.268619672
331.018436538
348.155932303
313.500141736
795.364457133
135.48640194
908.039028713
732.87170259
970.41037327
655.1886214
853.961684866
679.444625321
979.378054161
610.67421901
612.262701392
21.5195740944
845.908578487
967.801262235
645.450716279
269.616839051
744.346693791
12.3603917273
190.802228995
355.19217025
87.5725400561
824.727012579
84.6005223272
261.43831205
460.056827714
974.730364698
942.165820964
712.21598071
713.305877145
163.485499224
71.5067123264
958.151387718
626.684083001
473.095520103
9.67935093863
475.504385968
724.935112519
258.303102727
241.636357838
877.401844833
963.691988642
44.9888150778
688.882380087
510.062560134
516.963468131
559.926302249
679.440980333
197.027383575
762.787221361
185.847235896
957.267759455
512.795841007
256.0544108
718.847292317
804.303201736
223.03974902
865.23570702
417.722592875
23.5161153089
638.80189182
656.276489025
880.292986866
787.356150892
81.0239307229
90.1635971522
735.117136614
884.586697722
115.772112642
130.087284852
133.033447836
134.393727529
193.083818493
422.136804623
790.86551627
738.95201596
992.249893166
105.505580312
337.384242746
627.095474238
733.010841059
677.987571237
144.181046772
633.517390572
217.529668906
200.112056885
696.440193955
644.632004225
824.161666017
408.533537089
757.56118412
91.110766333
687.347777984
812.809181255
284.331350785
271.941866968
684.860919581
629.84009926
417.578152067
727.621619116
988.650297495
787.292305733
241.327448454
735.918631953
926.065440709
886.177059813
659.428650319
928.793887272
877.289188389
997.605512233
655.498887845
444.757010085
925.026886635
16.2287670377
456.199710787
811.882977567
708.477715629
187.676965635
34.5151535518
689.637162808
398.268432402
287.959719678
303.579114601
893.913262152
525.011734875
50.3598494538
328.020904478
173.339876939
216.958117989
272.484577672
95.2846825009
910.088156187
194.723604904
367.898391216
643.945996195
347.802965778
812.675010818
29.9359465469
949.707268482
291.62215377
899.331843222
975.169651343
313.078925556
502.581015874
663.433838767
557.699091516
353.328050478
293.608317013
771.361898873
770.653105348
887.124658476
202.606240504
929.336363669
326.256719774
310.365287994
394.828312833
92.4645455954
888.990282112
190.426062967
952.965325414
166.753603809
53.4161726649
955.780102072
125.631796429
402.980102231
480.159078687
568.803534767
460.541942585
664.478655694
434.980241735
181.2484126
294.111699034
10.2394765777
834.122586291
126.321744521
687.958244223
243.427015605
262.532473756
118.484361001
44.5718305366
636.559543206
254.66118457
400.123670886
688.493145496
187.477644655
105.391698089
416.119619271
698.388942185
653.334605915
353.562377563
699.752056265
6.47308255542
145.142705781
937.685010774
103.947816665
511.919892617
620.7595414
138.841328371
485.282588511
702.914032304
211.700297195
214.182040744
740.474899558
954.041417702
418.03912784
818.530114667
333.742077819
85.1213854048
513.965631448
632.302766048
600.959283386
471.14789044
710.191379944
276.547408401
544.618366166
352.384979078
150.982387545
890.770101788
531.926850827
450.589220345
602.89211205
944.529944525
865.85284607
255.187549647
845.692268996
448.488139586
559.615311961
733.876148606
942.280780649
776.488434401
145.51767413
704.400405213
171.677774827
183.656350282
543.807605276
440.418750548
853.281190822
730.419652869
331.860669657
850.557643656
317.307233255
639.364990007
296.164460457
462.785176671
545.382753909
289.263541712
403.957230205
304.508948077
702.147907212
435.164189772
869.112125904
983.8226614
31.9665413203
446.500945596
339.015782147
770.501332432
329.211663383
323.248599687
970.654081348
725.104172839
777.913189298
432.669904942
58.5121876373
25.2030216903
298.16720324
551.896888227
560.746054055
965.436569099
967.994125163
887.078391702
597.135437369
979.15680955
543.766540952
915.941234654
670.524243016
692.306239367
271.317433798
614.645832674
437.879465278
958.51470407
991.700693723
492.628785141
111.048845678
694.670183853
973.839363149
647.927412858
53.375668261
879.202341651
591.656809125
267.816229037
863.850392761
965.935397315
949.60677565
97.8694047788
92.510092235
983.968975423
276.889449341
605.27405357
44.6321256731
149.332929481
69.6763053395
300.341990631
296.812387716
184.813458934
273.301703858
957.642352201
677.963145052
385.344868521
234.258972053
303.694837239
801.616950575
850.708337712
659.72231409
746.802513607
831.165275096
94.2335368303
458.949249334
1000.47206486
886.394758186
599.342611951
876.745033052
671.452732801
616.994907943
973.34986833
35.4424832092
794.19161186
314.70204098
595.410683838
977.308443725
408.833657266
834.262035012
373.19884943
763.108097043
493.865884336
199.918526883
37.2535995201
956.000511897
542.195882864
776.899871701
634.329339677
374.184943293
377.166947053
295.380093669
448.343663058
271.524964271
13.0680189701
426.399209122
908.89841453
929.600568726
542.801439492
400.423782432
125.815780028
325.750656864
575.266292345
32.0036235271
463.850816323
938.607024235
298.077648717
362.239940146
175.128522571
45.4468559004
70.2233872735
313.743030706
890.256905375
283.570087964
236.674375961
22.4340878786
733.859401674
777.706617987
880.937810023
949.545747208
646.417336144
682.221895563
254.811635162
650.686585026
212.577275778
11.210095117
673.470380524
52.5100195697
845.966633318
354.589695662
97.2312044627
26.6821682194
422.75710131
1.72025178332
712.807917369
130.701202022
636.302721673
73.5984020524
497.333865801
41.7163910046
790.40327053
235.67702423
303.681230673
447.941986243
821.363454828
293.25696452
668.247473254
483.348855687
637.863367355
580.150000923
757.129260676
696.29076544
890.280281741
212.349402731
104.792631043
99.5897896473
854.061719535
353.003999042
941.679812394
282.770026703
138.581402599
911.818546771
505.220064526
660.743850299
424.186660357
28.5019232306
592.875436864
999.085118907
577.668280653
609.833309605
626.764503611
453.100215314
274.293565744
177.334753678
31.7188248217
806.770179769
104.206267467
513.010833143
389.066264423
453.570070481
29.2882612807
826.113146557
850.992951611
38.9328393442
779.579274061
611.941783448
318.736887008
568.51910858
97.2183904505
30.9286776522
310.425334386
413.061270991
917.705640004
746.869697051
5.00801875611
594.921796433
633.541168299
321.9878106
134.17263317
92.8402491728
273.690125077
143.209868545
215.795517948
459.205750057
18.1989001011
