142.276603543
854.297245204
382.492384898
863.37200593
867.224744358
211.918027428
635.141269039
5.19762921827
71.7697740351
191.657137339
111.342027709
696.394693499
569.628778335
416.242395725
277.505027415
846.332619427
702.010265669
905.163458044
656.588246429
695.088845669
447.978087484
298.974212259
300.919032884
207.037977739
637.708206769
265.756202774
332.729965447
205.155405342
436.832321962
959.620045474
612.294676846
512.86944634
370.541052867
668.641172583
425.104929946
76.0607700247
629.379604487
710.802450213
167.982887807
992.680630996
809.583572257
700.389588015
990.285005899
795.723987366
677.080496271
127.612390037
383.324797416
723.636025031
440.520588814
850.784893565
119.406951243
381.44515507
185.546004747
106.246354189
500.835670906
683.792881593
497.364078157
760.441303033
83.9438310683
373.992374034
24.2385105691
177.564298169
922.84191857
82.6978034449
219.333828249
170.084043963
825.157162752
897.304992063
305.903370428
238.20455411
72.8124308242
286.727644566
278.645110143
977.710210771
770.082638654
215.00490071
431.930527565
487.301024378
926.741461332
196.490450031
405.025447652
61.3979534851
405.970517621
126.839491498
888.617092619
142.930087308
21.1137479208
805.510861964
695.275139748
502.738834387
805.93745275
638.818446485
454.787856058
826.086557382
847.183693443
915.763193023
113.23745507
768.987995713
731.049690915
665.537145834
102.873298041
925.084455862
306.458320228
217.550835016
858.081851673
754.474136558
738.131360443
153.979512869
528.013676033
865.941805068
575.702314089
712.890896267
828.136483467
574.434809566
207.777961098
468.455848274
483.758360681
633.194387697
154.175959426
918.546803169
995.99476838
700.588863167
24.054082797
876.828480037
237.740425863
509.863107126
374.985265844
43.5344920202
761.602145788
842.113842587
119.833222647
906.683187917
175.041497586
351.499662407
539.722302886
16.7278509939
416.250191697
366.616671105
132.622542169
458.042993101
393.151167047
985.243209397
186.276701762
374.419350037
354.972016786
269.489430297
700.530694734
662.937848418
242.950719317
399.265775436
381.1819473
740.579543835
936.198678412
58.4962155232
367.878248337
840.081910789
92.2705816636
300.205358824
818.696603537
412.170801836
312.687250225
754.165341568
939.473760382
327.291913419
733.85452411
996.635127331
851.365617617
906.653686015
492.141943928
279.858523926
190.21750708
591.24405255
764.252754205
649.614644205
887.199294142
740.203068114
551.761663013
802.035038375
704.806636869
713.513730305
872.280202476
672.635989446
875.123557143
140.55019049
738.777109295
407.767924205
513.468402322
941.943080256
927.688066983
552.249191773
427.818261755
723.342737016
313.443634258
706.457652152
361.567241884
558.731613082
92.6573288733
150.49322869
368.243353972
496.290302532
962.070114838
309.181862181
722.578194754
300.25953358
940.205668164
22.7245782962
899.038184262
828.443954158
623.489775363
713.979068716
709.151892096
220.119772619
532.726316045
333.265408265
733.471710764
178.590394667
439.902348312
28.8053991475
771.880278485
770.317510976
932.961437309
658.881044017
627.368293365
261.622969663
629.173774247
490.522077848
279.379048804
605.802850568
346.561998759
960.729255828
874.226012918
571.18386443
45.9120895546
439.460534712
188.744696008
659.908246121
594.242983713
836.190877098
16.736362999
542.670163181
461.47971393
785.874090538
739.560780535
46.1092772299
124.397924667
481.494234812
792.903814449
791.088271948
616.817911941
746.569317792
762.22682672
940.598221589
160.602012667
476.558087686
551.119282407
283.226363299
65.455309378
448.97921892
288.775463129
687.229385404
847.88747975
958.299861809
812.335039832
298.834700721
856.968542495
375.829976916
946.221620163
146.013108437
74.4450546167
491.4117546
627.419573831
147.144932053
968.09616516
773.673204248
34.6704056305
787.198558057
989.648674878
148.580486745
23.5714330444
357.91580932
619.314776725
651.838253221
423.121174414
269.037591013
165.56480397
12.6447589019
127.010399881
548.860666929
22.4638989259
420.8432428
77.7161315361
510.299279772
922.542391435
581.607638998
33.5488911396
543.385348207
258.110179775
121.06373967
290.21958794
213.055339527
906.101245664
522.117554902
424.418183675
176.369413442
879.673564551
72.3119771179
419.109433752
897.895271205
319.577186901
719.814736495
272.758374091
616.224940092
952.2982727
656.131947251
963.883571532
486.007782624
734.665479775
445.415779397
584.261063235
75.128624409
725.75572655
628.017821764
259.986933767
740.442063877
922.515522214
851.751045329
547.061748735
97.3523944127
818.2466757
800.553478825
785.011284779
159.939258281
581.598840277
249.350944907
127.718592057
837.852841363
721.139026567
542.949441882
42.4022645065
370.207092723
395.703878776
107.660178813
421.335119093
686.543399008
305.450608986
15.159794611
505.337856009
123.8886148
778.516138974
394.266059978
674.686492901
219.058603158
538.564130163
621.95965093
327.534008089
891.510713383
324.830731036
146.861939841
129.802705844
453.736850358
769.163091975
979.645090939
487.295799813
72.6012868504
821.738724977
658.630774129
775.936633977
34.2284750624
326.398248615
179.107935159
494.120555491
426.637653601
625.401970448
743.817269715
830.807940237
238.367082851
375.919148703
322.435383302
455.329640476
878.809037375
644.726442726
891.25533224
12.8212371927
723.793265455
502.212752795
500.563679321
634.518814756
374.242211719
519.056173745
380.849044816
0.0965160172543
88.3278561982
241.410980299
10.6111199321
304.510908839
865.73219318
674.386047285
418.56237021
93.0174079646
406.691691832
614.876662503
839.281742741
85.1536525383
610.797098286
946.255331722
673.864436023
449.903739919
314.338855763
650.097435593
851.82077909
202.842604606
631.660334577
70.1460953173
737.298595051
147.734888766
336.061201188
187.635472609
636.761327743
945.772436754
365.056414823
589.469359282
308.894610273
599.530899301
386.492942296
151.139914046
517.481517262
437.391970193
315.218210993
156.965006004
338.350288183
328.060602423
917.650630133
280.825933218
106.343915196
666.966133677
407.445317479
39.7127888447
15.0958563835
269.210348983
965.814816504
36.6314788724
979.6443527
204.002830988
786.86965109
493.116854955
245.988986982
789.394271094
307.791164621
123.948029159
81.5417042662
931.749888456
124.345437087
683.047207892
938.678493531
917.393039953
911.05049006
0.962834043977
72.6311203467
157.88990205
20.9355252732
152.162651691
790.220347144
937.796654295
240.523838604
42.6231298913
703.823819947
791.382253723
622.001414913
82.2698447804
747.2138876
296.431456512
320.134164026
93.8689887903
556.764398049
747.687822716
578.38816191
438.953555211
165.146489287
593.47722838
549.599519754
311.808572417
343.720022453
864.08819589
21.484291923
788.976182216
403.585811765
447.825604578
459.341360655
518.119767494
778.617007712
516.142150247
858.965731708
885.454965935
910.607624824
660.721303142
697.360414489
878.313420492
95.996523502
745.446098058
410.280301385
135.148310395
600.368494617
817.95994179
163.690779238
61.6538401469
90.7724392325
531.019635729
345.874124204
444.040870406
570.987577133
868.782068456
216.885757009
282.180617069
700.672037855
983.500502629
923.204823466
539.420612191
422.047441301
420.861907303
689.529960722
734.089270986
59.2636089806
230.01205587
498.798600468
238.055187932
777.155113134
515.708361919
132.216101108
630.221059599
585.887178144
362.872378298
827.983667135
755.066537647
393.547112992
433.474379865
39.6575971285
888.743819821
509.94994695
366.545716497
453.6598326
531.993346462
719.979923211
167.811925539
395.234611943
948.313689145
879.291426057
282.214634715
437.200376305
1000.90158297
396.207287979
264.965518067
127.028540236
650.417306337
215.914133304
728.728921862
74.0244948359
805.47871869
693.084953322
294.276559596
926.664963298
97.6644813108
664.592853309
48.7086955628
382.143270317
187.488002683
851.561052639
847.408742737
504.51116314
470.157900321
823.642157555
95.6373953527
83.5753993547
838.997015952
360.986785816
576.611527782
27.6268536656
269.802307629
868.943982932
91.0017171238
945.776416396
650.444636401
474.335436777
674.308920259
663.945184607
35.8918457555
732.799160948
468.200675732
433.141015395
940.613724374
860.218666881
458.48449316
249.468071332
674.227532469
847.472677147
342.780535672
454.770347383
557.675964513
904.801370411
998.544179943
743.658615203
719.218126611
199.064773159
580.342652585
540.35679025
4.39730056481
781.999587439
458.603404766
678.592807199
845.174906163
54.7372423366
197.675932246
785.742404923
123.376642439
773.448640377
695.968989467
465.415838549
729.642617847
388.812314369
189.658519306
722.642559076
701.033383712
983.637823177
916.777558174
869.075834042
800.604880841
698.810138401
696.900406107
705.556762373
826.466707698
784.653371645
606.954671482
760.822457878
975.801128546
422.202161237
37.8630343784
985.307646129
816.551637015
162.576476056
463.857260105
786.900055089
504.114435833
38.3622165991
679.723444962
876.794669965
26.6541830094
783.469305681
98.847151255
665.353366577
109.852989611
722.714651519
895.948390457
308.44573097
6.92412687059
786.803794134
293.291144874
275.474177059
365.815426559
266.290451253
837.570054962
467.411924962
851.091896372
267.688555971
870.113880806
4.71811469751
9.01458029778
375.872278744
932.555794708
269.192729607
203.362916795
646.516698363
766.688133381
806.628834469
875.609919878
249.445744996
320.034554756
791.419892517
831.25051407
1000.63080077
936.239791302
447.410350242
169.437005278
202.394498936
894.965881093
190.870801543
800.510135163
250.40826383
149.895566552
837.715986703
900.625284377
167.524446109
880.278505376
954.915461306
389.225597243
90.3318112137
479.82565542
94.6779339693
257.575455521
970.765648356
979.314027505
518.716860115
535.58920361
603.29619102
335.128496656
35.7737176499
917.706366048
398.143001449
838.889904813
149.022989571
352.963957533
994.074926852
491.237960691
732.992293174
970.3136665
158.338253115
809.262937666
761.33676751
389.209915708
247.26040934
608.989088947
445.599881963
423.912246729
301.681278001
939.464982134
429.332146068
902.371565888
897.647691734
781.545573435
123.750232858
777.884690446
520.627124814
600.783619486
305.707147146
20.5096689421
550.145524182
612.984540868
680.242028627
905.291792926
409.977638815
501.130378788
637.550861777
173.293163534
112.178118866
368.159922015
739.029884205
631.558771962
411.111420416
23.5581171039
805.637414503
463.735890987
294.499402576
663.632659795
190.498949872
591.031440988
548.820052767
468.73132312
798.336290592
544.174990869
396.739747716
807.318576924
817.323793723
670.919624656
421.462719505
696.505669795
889.556199924
981.672794152
307.086555186
290.325977426
637.798080618
843.610175423
824.601384364
414.958864746
451.087522903
385.704085042
444.363151943
332.106545162
45.0455575512
517.045081444
396.948155048
106.685672989
118.282915269
555.314901947
785.443115412
984.998391023
606.43569196
974.851742146
665.076648989
204.924156974
18.8836831562
247.516057753
313.388036417
211.799200109
748.435713829
764.280968329
795.879915759
610.409990954
416.919448973
970.91596825
40.6888526426
204.438428952
689.9455734
757.779788485
725.219766548
322.778049349
248.095231395
574.075278145
728.552477213
85.8166037066
169.874926047
895.589612595
332.968959389
425.635363162
385.766715339
795.929382584
219.22520317
593.484524855
619.689478904
75.7068346383
456.668872093
403.198291672
841.096162318
861.231434629
649.691977616
410.678748432
270.68199557
384.837115784
108.715761249
453.376846993
272.00489572
432.910331074
286.442720779
136.892429512
14.5212494272
333.992181144
494.809680041
179.31670684
943.6136437
436.955597911
176.607763514
98.4298594252
256.331255891
749.137304933
463.621218329
910.573680396
151.823747756
99.2809004559
177.595191697
466.596629823
91.1927538652
746.251073108
539.027530131
805.638059592
590.210833792
818.737771965
417.081447628
468.690113802
736.717107031
895.155843361
292.467744653
177.239809469
941.208374229
1.12152339555
933.594384344
785.421760405
59.020904236
73.4929833731
328.745315886
580.359000514
891.144238778
991.469331763
68.1580548201
903.220039263
451.619528762
129.891505847
444.719512762
583.159488593
788.61267801
385.938155991
468.871786403
201.681403561
481.889405984
677.09273498
472.871159498
564.584035825
21.7705055464
808.204889231
580.161350373
456.107789136
843.908990354
213.670550028
30.4573800006
260.610923386
292.751834075
991.938936843
915.097920343
405.680488837
503.249458597
372.19086405
682.346382971
202.790297001
797.534444391
506.472589889
671.709324394
68.2058084547
693.071564777
264.648338844
667.413837087
265.083229527
308.536138933
688.36625436
14.6077082001
516.546943943
586.082844096
299.695452654
934.642548138
994.677651918
983.749882335
856.280004266
529.536313143
212.424842692
707.910864023
137.206928452
875.915703287
977.608971311
626.749135598
472.799863346
191.48280226
329.762467614
721.144375569
374.128946759
450.211213004
849.367656785
422.590689032
544.484908466
92.97059573
484.462240994
453.2456785
679.531279548
730.616178199
141.710140747
965.072053297
411.23985078
130.617523966
266.143776407
489.393908068
11.1880721621
890.126110238
125.781738447
908.074456255
699.27089168
847.29396818
639.228274064
563.587573407
589.808691996
754.281766373
998.336338166
448.19469582
882.983546851
550.64715916
55.3528821185
689.220486359
375.518788648
976.686622758
380.447831145
201.689487672
506.985920956
360.879591635
259.363739178
81.2398197357
966.393871078
369.132894222
165.900156843
317.787315238
511.850566648
503.270823506
912.856089264
987.840663504
612.729427118
288.697246441
950.712075592
699.181701654
688.638870291
345.62952913
758.138475112
331.690214492
688.837531553
251.610830499
974.030740583
677.275944738
724.286850492
181.310781647
873.450725421
845.688710492
252.305283912
377.219635908
877.073314291
184.967741407
511.139615376
774.365681892
141.478424418
939.817891832
