913.238838611
532.938638591
838.611981165
200.110790166
565.733435605
707.896475952
796.424553187
229.24817562
32.4656324848
660.057096085
62.8268709259
560.342659551
258.952362474
327.414677493
683.685089505
989.773481404
249.213495932
908.514599408
992.449898551
560.187012149
683.422420556
266.774148923
203.74973062
416.346419942
361.042586546
558.480345606
747.730425641
937.647551453
511.33276872
901.507998207
129.38533229
172.525393677
929.29690741
353.855908418
187.211161072
602.684677151
617.670284415
383.379391543
847.970728206
671.383708503
857.167827272
890.930244053
973.396030508
921.916136927
581.959180076
200.67795229
426.300610762
195.742786913
243.491778754
257.215809324
294.798206729
791.352302626
372.77086319
978.42270285
594.594654542
240.39431705
688.855652678
967.705178686
531.370580349
66.7715666444
455.209885053
792.830254622
511.168939535
239.362480694
175.443960297
204.724173307
53.8996690253
242.945709231
689.626213615
528.904164618
539.819306917
112.716597819
11.6202328936
307.226514214
159.47022915
885.502058811
690.810260274
278.952596608
967.330171304
175.043825197
525.041181655
374.416326186
462.718698894
635.469834219
270.828417519
334.469365891
831.355883547
182.36312085
703.757233134
954.281716973
74.1090593871
63.3740614689
958.877689731
229.746423637
868.501157279
45.3654487501
660.069824238
528.627242308
973.138148502
567.612541359
385.065367744
387.563566498
765.094060821
72.4713041659
878.199339842
671.757305137
727.073105788
885.420464049
729.425074814
699.489198752
997.204026054
144.781806522
613.962390591
182.72001301
280.673560227
442.601915785
329.337129963
359.048999806
745.583642895
49.4447053378
476.266938135
25.7806022165
370.132901113
889.248197355
714.672293723
800.412477688
898.71021781
818.867932674
349.255095938
810.326141759
139.7259511
270.054547464
557.363693557
612.80531056
812.44339205
227.700382604
136.727763871
445.627402932
872.110973182
155.935008767
540.054388591
121.253318314
208.988696721
356.26751673
767.484479166
214.636891673
177.583509644
891.036139244
667.373739654
431.124876959
819.819356601
169.545542708
448.639669356
778.256123803
260.394560021
808.813359274
387.738452423
486.177702962
738.637470836
255.040564096
88.8668491892
906.339370685
104.180713647
230.533163258
155.489527659
613.026310955
244.178308114
315.563306457
402.488735523
240.091836874
517.598390929
195.488710137
327.553992829
581.336327122
286.51750418
730.444443649
979.629718334
536.431492547
232.676424839
432.269372568
727.33893629
61.1010193062
232.634294865
588.078398203
387.313337215
919.034019297
621.597026859
183.833179639
136.981947203
381.683138587
519.674701634
161.363074202
599.180168153
331.878877367
394.531650882
452.926020145
339.843366324
623.267037066
73.6008665836
99.6866871728
177.244155455
807.623805587
898.973905019
497.837490575
963.944821455
170.577446965
187.276516967
765.454819074
303.671449294
628.021016563
423.69654847
88.5554243079
583.356409538
49.3777162132
804.577824157
521.416930333
986.791970551
623.328952196
653.58380224
116.222956156
892.915027143
882.111096195
827.752649625
488.293648545
678.149298716
450.396806278
515.3558162
398.538472657
675.394415574
339.340591037
587.154491603
956.724704101
580.487228858
464.701857334
348.728360129
428.989533058
795.335349759
729.289001791
813.740507373
336.842161166
107.823487009
611.612144221
903.745310278
186.444284751
188.393303711
344.861471321
278.146817373
44.2436509774
767.494281297
374.739637139
516.771409195
967.10085428
994.158706334
170.476733101
571.191303139
577.008641541
927.087835028
788.04436453
529.551695334
250.825304266
597.162313833
39.2094217645
445.056954296
613.025117538
17.5229474298
562.63802827
543.947587051
285.646200308
24.1077798328
857.402802592
18.4956261374
72.4418812179
411.534955542
263.41370093
706.682421641
649.591983996
893.603707502
740.206310052
635.894990877
466.984578183
263.666612539
316.818699847
65.8632429031
151.256660089
981.625944766
127.596459462
540.827358395
230.734559337
461.962815935
954.970937287
822.7816208
447.410344007
708.623443195
133.369489712
505.385525948
301.859416575
50.0636700435
115.956191485
106.751596601
850.51823356
931.576686945
1.63889456947
437.119202033
491.73565293
156.320740883
677.010293008
24.8122155268
487.843311597
466.373021549
946.843594777
708.567061557
583.674187786
520.032373939
165.210460261
24.4956713859
827.70554029
429.081130628
928.043300721
424.162818391
444.26542015
647.032563778
612.084593586
25.0717033336
675.336640315
633.232782882
913.316094742
261.727235031
245.008154979
726.136225152
479.766806096
343.493878082
911.936864749
47.7864903667
175.188952171
408.890743377
987.444103565
38.4352915853
984.59851769
102.028455987
845.611070173
995.982049918
870.251066948
989.986088005
847.9509532
822.173268793
574.527295387
888.331035055
834.591728599
154.671661586
511.789057418
534.049760914
789.237087466
555.684871962
779.872373336
266.206916001
340.930323525
657.926110579
128.996280723
768.053380191
264.947800497
996.230465625
339.296480984
631.798161604
168.896186193
306.865135982
828.401655561
782.663663538
140.974859039
931.396328366
723.580864655
137.896280293
844.457793884
199.534233249
779.801464981
937.181392687
408.79745717
563.237261123
617.676165396
324.838513215
269.140771068
800.112211332
806.239449459
449.088939691
740.45695216
173.545651256
429.46018263
694.959908294
207.68639344
964.497883634
833.187065756
48.1431508281
500.438170511
84.3541883001
43.1386807694
612.80486722
976.781151767
581.42196615
982.775359396
110.590192328
888.81506627
916.630496085
363.189736153
264.71231428
511.701266292
553.314614623
853.118725487
759.692852084
683.33518608
945.24469559
161.894160718
798.39258122
952.041674729
111.801834482
361.842853573
517.654806201
460.951608342
38.5268786795
897.183084003
338.858504936
503.47718276
892.896453437
579.608389501
192.598844468
174.939955779
774.812244577
485.83509465
792.706195206
142.111556255
901.899914289
28.7576560419
136.334240082
143.329975362
876.731967068
959.56983375
180.44517523
673.36787028
750.83113432
701.286155345
461.273607427
462.598869003
331.577433387
189.037673788
18.0409730065
99.3006321659
188.882623182
756.834242352
758.31584579
184.883932644
940.214170457
956.810376961
274.357927728
46.7896069263
951.88484625
465.320337333
991.106774988
605.807004635
141.251174587
6.27753458922
375.241868081
865.348304251
762.557816388
523.07654881
701.184456109
695.149710509
194.131539699
781.189569184
812.863331856
116.789257982
434.884756638
39.6249511228
320.526992506
948.068106531
143.220823613
165.998551314
711.48573602
845.225677772
210.729134535
358.396833941
654.494489735
126.795884205
117.073497497
469.748866374
144.909612665
776.22513134
871.774791794
666.87035368
65.6680234229
572.516499099
53.7925391731
627.783599042
848.029010757
256.321260741
678.88443607
27.0857368192
973.346792965
50.8053064209
941.398681161
785.475244304
477.01670549
723.359146764
700.212991753
1000.55120194
849.927864071
204.996485573
974.882766544
434.620830423
371.617637201
434.18237068
774.462810114
776.377556461
676.185502077
396.449169669
587.478415143
812.292397964
377.564261138
479.003596037
700.326852947
750.00527472
956.79561246
872.138161297
189.441865259
109.874093268
530.923874071
650.84351611
711.736441518
651.583331222
134.172560209
520.92714794
369.287691241
6.85314379947
414.016741378
895.774030042
377.644056595
433.407681452
158.263778624
194.42706828
668.945173833
342.501415545
555.908092858
250.099906517
879.199854581
884.568244471
844.483650957
190.402990116
8.87576155933
26.896448722
557.749498481
569.738947536
991.620885898
202.087294442
86.5265404047
88.3698241048
815.00344989
695.213073644
746.258661777
393.261557797
950.704115822
962.71992921
821.259013112
92.3717077223
131.406001442
847.600468734
485.387546837
425.47649999
176.882921695
21.0939757973
186.787624252
335.983424683
975.736268893
268.019316315
186.460039544
170.82213453
861.188578294
60.7934516395
559.328578606
371.303107794
266.049603485
182.417073799
988.357788745
896.993252432
585.756390351
188.382183573
202.262714358
683.021768505
757.962863361
739.093495722
633.756991305
73.1094612927
810.305314672
53.0273014952
481.513819379
728.420220212
553.18349025
509.539118666
857.172723684
564.434752073
465.625038734
754.385444292
374.592020108
922.501802456
912.040496792
45.1657011921
74.9147891088
818.275312966
446.949290949
586.025867231
434.845068597
574.395711186
540.344178879
202.875494119
425.297659345
672.400590657
307.605400845
489.550360523
174.088162573
951.63696683
508.864571162
778.487342623
309.218189914
481.278430788
693.385888451
5.88763665872
283.371530676
216.073063814
368.964512644
218.288093257
740.138264927
307.615976323
307.878399481
74.2639235122
154.940053166
271.15741016
181.594335716
211.211227237
576.01832066
851.950057576
212.080805103
635.610394082
783.380297177
606.739068503
688.788782014
314.123051844
694.608738237
700.674493546
551.827665134
526.311273376
980.702972077
739.261855377
891.868065146
342.555017895
323.472420958
286.66654475
142.697310733
981.671085078
889.269730727
562.255344148
467.589183736
525.439626444
86.2050435161
222.606550459
431.723262629
519.030821713
107.044725805
164.03068662
380.446210298
926.134733737
138.685420002
424.627065569
487.776632015
666.590037926
865.582707803
43.0810169977
340.796569654
367.402416027
411.173463858
204.588621273
688.226276174
714.190480008
191.886115401
775.403053465
126.011634249
564.098993861
931.716301023
772.956121788
389.330377147
585.577594419
495.568652785
816.506281076
823.058225363
525.775140551
142.064945037
389.54494983
441.07998177
84.005361139
511.76543907
427.03618046
176.935978297
583.755683126
579.411008185
373.622886047
130.742973113
788.662929436
868.960852964
604.971914195
327.730570794
463.756531249
887.588820027
554.126660838
459.860254564
475.52035503
926.28410434
28.6228134819
275.669449549
940.577359283
685.036993624
711.311151537
134.771417798
396.247273796
869.002844878
76.7338785288
8.00254056142
20.5566096075
416.361307831
726.958753702
282.790290618
30.4689450758
432.05906921
331.086901927
876.483628943
903.036550711
521.90967793
922.819360634
481.345352941
380.476780029
908.480192398
106.205354661
982.585561614
248.386255669
137.140640706
730.769932983
614.186775172
945.169921123
102.385934301
655.651371098
590.228764743
18.0108603998
250.147729386
742.770128989
937.856958704
736.776065025
325.945779478
200.034576779
255.308046234
300.48605084
903.624135081
681.317454952
945.871175638
85.9418108583
569.461902615
325.527400514
50.5526828662
399.370397605
855.617996584
542.309109142
944.084411727
60.9521107595
628.203930078
911.0988449
182.209129963
202.487576677
920.278165859
424.902724675
533.349488176
679.889183918
933.015256749
879.079537444
727.625164912
962.483833809
491.745594527
445.681744048
823.075932901
464.608107527
900.168758699
686.672137129
532.177829376
736.895077051
387.805248195
179.260333326
679.062403894
111.394725401
347.835031774
263.928185554
70.298615589
850.205453599
567.241029603
472.786161141
95.184060866
576.554791854
113.214154314
210.07511859
560.211578118
204.458116769
272.714783853
377.30277604
843.002819774
714.694089772
864.063519975
450.065741678
772.163218828
860.81209379
938.368533581
239.303649214
699.535595587
366.250497335
304.425912983
34.1733018809
755.989435785
582.182895826
310.68044835
585.607098753
208.861709748
134.572993937
322.898233548
59.4193883914
137.941132084
581.179359369
138.542035896
327.854518683
909.95298167
996.602850157
67.4535864754
446.443901028
855.327598514
706.108065963
482.762512381
885.378459442
932.065190135
647.039936021
22.6791918958
35.618523815
671.031533741
221.679305726
420.774916541
724.560553063
918.842834734
60.507913919
521.918166048
226.179656693
281.447277707
336.878640887
658.531470163
323.074527058
105.19682025
179.425961681
79.3755248706
625.08545336
395.560730455
183.086902942
268.976286401
311.812592597
468.072467647
636.755473444
334.660870079
364.783381682
659.190429819
341.915073064
348.756718146
482.52906811
312.419706557
912.798844915
103.821919919
389.00344104
390.794438679
209.565214094
954.623430609
740.424754181
255.206690699
525.771734406
190.825299248
344.857838051
874.632316601
562.927262933
55.4587791321
789.547978342
311.29565685
728.379063016
172.176088258
401.604163707
995.159658356
657.992091112
394.15007124
593.945182316
32.2024441605
103.770885618
448.315228753
831.321650437
706.790316721
199.374895702
656.043009745
541.651424394
72.1194262772
22.09723683
699.578221054
214.653413449
622.656704091
90.237907422
3.75016979971
651.06815837
329.764577275
512.512397582
902.03972842
862.154349878
845.088211108
537.572477828
738.836749519
6.04927407925
0.157329272868
542.19986454
861.85582438
552.185598675
961.407946879
955.641132887
443.022710612
732.994285425
797.520737551
524.717125321
932.354337988
262.43238512
243.927260538
77.7174031501
425.796690245
435.956532967
482.348898614
936.356229101
105.075124108
379.66667831
352.987249686
993.293014527
49.3986195382
818.54558918
560.81503897
694.854221251
216.819347098
715.624031585
108.719268095
352.757322013
836.934105226
468.148762689
946.081848748
197.133856647
68.4323127797
346.710864615
703.198465387
60.383866995
281.712190979
310.316661952
527.4242771
510.438203164
989.028679312
315.403983074
593.85103682
381.853295526
763.706368712
974.36418183
308.544187218
632.042272006
264.705345913
896.997963693
396.820515865
427.096722064
59.0140187795
539.869471337
37.7440912779
670.515433582
563.123129925
358.611508709
456.882829498
935.999273922
932.415778449
95.0430720085
772.508837237
965.249645486
914.894713562
621.731462307
593.65966801
121.341085826
35.3993069492
801.589626225
372.221470243
835.414892622
812.91132299
387.28593495
326.922745551
89.2225183562
580.167447541
78.1341746175
944.303892922
112.502585928
146.769021868
719.624174822
