612.049861463
225.36935692
136.942397059
526.617712109
189.633147263
618.046764935
620.205796955
291.321645932
576.747041889
173.814067069
40.0101569091
650.784685803
725.052559152
215.603613523
894.190183268
257.694021724
839.464022186
932.592140342
740.434651773
763.928048519
264.869585693
571.278645565
767.05106782
32.4819067531
104.732079763
809.225310078
672.511035496
966.744384821
676.338531826
50.2595633002
302.350934719
299.20307205
555.10043672
443.198523086
739.89356642
813.034248941
434.291143176
908.184536427
87.8793814303
118.315717755
568.288222137
402.748571146
555.314510623
676.378963778
113.798883362
286.711266809
540.401723305
608.843457727
570.871133313
663.315677509
151.399382023
743.67630033
739.874357596
538.172928114
695.418031077
881.0206655
70.6856027542
259.551581336
900.202868593
544.966865199
781.636439178
338.994416327
909.513300942
927.642651128
467.262024034
326.799304181
780.261035724
649.330082016
219.313442713
600.530456278
858.327816166
111.194603919
523.535210536
258.907140476
76.6679017364
678.578144192
54.9287234525
235.981268709
173.051520975
671.324523517
507.414919085
59.5103211799
243.237086552
996.618270601
726.215383388
994.336829976
619.377658416
241.788569152
714.531180766
472.016986274
39.1915761577
893.230415995
35.6586784108
967.071737845
319.870714399
615.937549804
714.531933373
217.681871708
962.723927882
53.9833831672
982.460123852
701.443033926
810.627801795
900.811331759
689.209901072
128.328530643
336.976116578
797.715968516
676.061046367
705.510797314
838.129625596
952.040108004
366.477497378
252.077879713
945.101724347
975.047905305
543.471489968
562.137709253
898.309348038
618.251450909
647.64999335
811.469436952
986.909925524
689.260286141
430.095668983
577.605915573
531.69679804
89.9823492928
485.214524147
341.657123376
436.18516212
40.6578818092
558.596279129
619.020990268
504.440836679
511.302083003
683.117446307
998.111570684
164.588091915
432.813485175
960.668023423
985.77781943
159.957940344
707.50730789
156.317478711
491.039482711
437.333268078
540.129646139
532.929081195
979.456400211
737.309405276
53.3216670137
128.731389308
312.608502296
737.708919464
36.758968802
629.642691187
564.192276328
745.123126048
471.769477919
407.835429796
381.01091101
196.064002433
978.592527517
741.274643584
922.237278639
158.101501473
249.114009946
916.452466586
372.417780703
353.337681839
19.2520617432
988.721165082
220.58821738
909.748190875
382.368354353
468.627017382
41.3641341905
824.25941895
794.22951057
755.139694197
171.210002882
389.114632177
727.265348039
873.330548759
490.110772989
157.930474392
986.445834489
706.683649353
798.345422642
44.6260907658
251.890296277
158.343770048
309.655745784
359.373264522
448.070628791
420.862110295
331.507863806
745.13430848
48.0219875771
346.359847557
180.476826368
779.860136533
429.861221963
235.049042075
764.2803275
784.481660971
9.09899046287
528.651758784
661.356428843
57.3174079841
642.846944034
769.059096831
970.890787201
718.338551845
513.645148136
632.221059324
115.681570221
157.99696893
403.066926957
616.373985049
221.787542676
964.486998551
857.691071621
596.781766934
938.401328823
666.410780291
197.43361097
276.70938945
472.475508042
435.187275345
650.917682273
484.095966551
434.351569842
906.787858295
400.547682848
154.482945218
827.212126017
811.682759525
216.698793465
6.97361019234
319.608888758
35.1759414592
389.014389167
138.053485182
0.148205822986
614.123341556
19.6812999283
462.952144808
355.35700463
748.142082221
913.646428752
661.188447286
994.263989547
211.235258052
108.122865352
867.914143266
714.553769235
436.526008517
426.374477559
230.627252056
692.806771462
406.982947838
915.581937701
217.706040078
517.324034032
123.870556853
818.807270253
623.012074432
294.917455113
459.887323487
461.773528328
983.01241296
399.806989321
355.382922457
970.53566623
746.628245222
170.035067015
398.186175369
670.083400892
997.943848716
310.75090937
202.387692182
687.8790731
829.104849505
391.339789195
175.171403788
502.289554689
120.215588993
561.365902218
991.476938389
981.971655396
212.433754006
950.675183018
641.29079751
430.202822726
751.221299253
713.894796914
332.993807187
704.865442038
986.841725084
478.25019833
496.24863727
20.5234072882
857.885812221
337.898643977
964.256993274
400.283722481
128.742127048
149.641878398
912.446335221
807.046136235
437.833907841
474.761857162
619.451317676
723.320641626
277.473216998
340.8130706
556.563758125
134.370027685
992.699674087
331.683889921
607.917979397
623.797393553
738.702513909
668.401414264
310.881699941
169.102987061
891.195155458
920.299639185
126.116665855
710.915965837
588.143925006
479.133007678
824.791710704
910.596058277
729.135083117
176.246345749
1.97065071347
347.707117255
162.757388919
697.946194408
122.475552286
318.478917679
426.212050462
27.9060384237
677.995538734
606.889756848
434.640379286
262.080911625
957.190164729
379.868824076
980.537049503
802.178592088
287.883492509
740.32889734
157.024214861
474.33321047
792.219427665
115.232218033
887.34335642
114.309851386
205.11635641
259.122388703
851.642116257
705.281929222
591.013758168
791.785121394
114.04957915
500.219969593
438.247489463
568.342726621
833.925024116
724.6426943
212.461512605
441.406235346
248.600415518
178.1622158
736.395236194
726.949426487
712.992569632
586.669318779
437.576049
753.149479008
598.236722149
286.879445728
364.614216092
993.844909135
37.8152307958
322.404316829
751.930099848
343.717541658
50.1477949359
519.710288899
570.426949073
348.405740929
234.597493871
434.854041344
627.769496556
199.714182902
136.464322956
659.289103838
904.096553469
710.109926071
220.947331678
380.469483076
290.264965778
766.355555441
89.8817983606
960.944486742
61.1412275356
707.722112369
693.681528764
428.965914174
971.724140525
578.092838767
410.293640924
769.765554516
59.5213132253
435.611222637
213.829888655
473.710916243
705.827031027
113.471318765
219.645423177
111.033387049
155.08686033
949.268523038
844.348971772
883.886599928
373.83630867
196.886677691
918.168967593
930.901338716
721.387316115
108.735446863
163.599006566
474.986555119
382.02281636
746.787148668
51.551271212
141.652099464
920.514863612
735.632635802
698.875364761
707.677120454
960.102586301
583.835289301
947.695301221
502.459113669
938.890168577
669.854567156
902.636213052
404.461119734
45.8518269877
42.0845015524
467.650466503
438.33825319
64.7763027133
504.56048604
861.962029816
712.18213363
497.858920135
911.802065593
154.347894732
882.623811965
47.744732797
228.753180249
401.705325492
256.65196959
183.394185093
112.810078415
154.809990017
465.292799765
954.768314518
425.688123163
361.150947831
553.103353862
517.93825717
4.48922956662
127.699216277
169.467968681
940.603170649
189.004846938
456.055850754
507.814945926
460.338712862
973.324187725
33.8940566259
898.19773025
883.711234373
907.798407476
394.161689883
169.454533677
420.025793219
180.792995608
201.657588905
435.256204523
718.196787985
814.586624771
465.124344402
121.165117346
904.864642924
169.170066973
84.5808059206
517.426183028
799.592071621
135.850134171
690.061863558
862.116770935
179.457317071
862.771488837
681.860188686
807.844408153
142.885492603
873.42346251
583.061320191
997.904926758
408.95366622
968.730426335
927.714369917
69.3389017474
160.437363695
530.215338838
718.788570922
351.605472944
453.389145815
550.039549611
136.22991128
50.9379091413
985.415085689
581.665938528
284.216177016
176.59771336
720.681860867
964.598172296
349.686162169
797.189142925
673.725075566
817.410390902
572.22916801
941.207576608
742.497777273
722.265606481
52.16721236
676.518868345
735.885348051
512.2215583
233.347063366
146.205368946
550.231452282
381.878661547
920.785127535
603.462575858
411.03317499
357.504037912
986.427163995
328.696074938
833.437373874
710.002163097
325.437801643
120.763965555
707.324208472
852.146009567
428.212847969
573.066756133
411.693852908
273.878066821
980.708778263
790.936438282
922.026374749
400.566524165
835.214365187
505.85002408
664.940530804
654.763934052
36.8082609137
591.775816401
598.416921778
495.751939477
117.888006753
208.09942217
584.656286723
322.878830498
435.279957627
640.408816747
285.438080787
506.509208027
387.661220506
372.264061069
884.681342105
275.080122763
548.180998701
358.193123202
175.41490057
913.274494791
765.748434179
864.45903261
268.010541718
824.658207302
372.492408202
288.375811241
119.819590138
674.657328854
659.891993163
912.158463879
116.204210182
215.102517491
861.108485825
427.247930781
97.7116410625
22.889626854
709.677955776
157.698700928
68.1249069326
153.823848074
858.653834418
628.904066984
484.451506872
165.655250594
691.680939871
665.042635656
652.02410515
851.727039529
626.032551804
12.6501441839
976.568076533
886.450083764
657.649450554
663.973786135
127.439833973
877.818654145
34.8537753193
219.808984026
598.71137402
555.690743875
223.482914474
5.9177280767
452.453341209
870.394302827
46.0550104268
226.748569971
78.6778768259
187.21370694
371.548603586
996.941151554
924.288946182
606.868806735
146.87530235
74.7642940316
484.662415994
127.187817859
711.438010213
121.211610241
841.793064193
814.390444385
602.707665499
661.002820565
444.75594561
267.603731862
708.678850196
766.526924903
279.520958076
907.401972697
249.815935565
710.470431557
700.349261476
954.045757438
407.371670819
37.8489186167
759.999519376
953.423530731
718.072995624
7.70299980801
88.1507361977
922.765235473
151.070280425
668.45337464
543.760455813
64.9110542291
67.2704134995
988.405814088
739.243909835
459.334057321
601.859024794
90.5811781304
384.439937704
724.004068597
470.607317665
902.478262659
42.6628096115
182.654836411
835.112823607
36.5860891869
684.010212576
526.198560723
952.313499933
94.9950497983
931.115943608
985.544545789
328.680275527
216.962861685
263.872685901
255.204367361
185.145091981
877.984655718
618.470143092
124.780745219
806.53052916
665.642277724
725.284735911
366.7349786
680.728506637
637.26430604
92.403308688
751.141020946
659.340489963
15.3381396681
764.362607386
768.321331893
685.859189069
562.4050362
484.737703056
98.7037485919
122.919122707
30.9235182346
551.741393539
768.405359496
333.670855332
382.372225129
215.816324919
760.40987425
546.759607612
767.876268335
55.4908427099
765.855850743
927.460298005
782.94152133
214.153825875
386.082722611
827.13733154
712.019524584
22.6285069637
880.906297055
688.016075321
264.883283213
174.90213997
650.607074065
308.935970464
402.023378628
164.801062626
356.565125838
174.732048533
516.351241989
929.208998437
550.564544286
465.717859252
514.562
903.397673303
62.0702141489
978.015424163
886.849813712
986.20582074
719.901303776
217.071821955
322.257956527
692.459914081
775.802318362
321.142406534
676.383015822
295.462528094
600.453531936
686.548811362
712.019842557
1000.72932214
738.353778421
464.037617838
368.098349126
672.494367009
725.559476873
124.915754253
815.56306332
188.242741423
575.360192801
912.183784416
679.547250893
842.827661348
739.867430737
997.977217166
703.24567097
466.292176094
931.568936863
761.047103861
296.260984484
256.273729947
257.191045414
972.491525011
416.389801885
60.4849913494
316.311150806
518.039833663
939.368848157
706.704180326
920.054182139
67.0806946421
77.7510811347
26.0793183419
616.358084874
528.045783653
955.340583253
157.358396894
532.45021064
32.1102582528
94.1719680111
24.0799265373
165.843689177
137.880689899
136.984947092
988.728170807
977.235675655
647.281524613
173.171304733
300.878512342
414.600103945
364.813069068
94.7898605563
261.884341011
985.634990286
932.699667477
136.300505037
58.2849088264
967.223526076
799.882620163
20.0412476382
436.526474495
934.937500921
288.778860078
560.367903561
380.552571378
204.5115278
883.288378897
721.912793308
668.493331068
432.850848135
424.624553792
518.163108016
832.44954486
180.141328823
520.9338299
448.52618021
890.393751617
993.3229
432.83835113
443.33656135
749.237010173
210.543189289
281.802788373
63.6883347874
216.730525947
378.971759411
69.5011458802
702.574719009
587.852324629
741.132091727
1.52361483822
717.479928102
565.285299683
32.9949086631
309.642981376
618.408183929
576.63287246
65.1674927957
213.65544279
164.96080926
504.30977367
817.310082829
651.641231957
81.9856716485
431.062793268
386.111126753
203.776697861
639.601884663
956.436897232
243.326508312
561.072695187
665.178003585
974.597829169
683.109435395
277.621940411
460.89214387
538.917467231
268.188250231
790.510300877
971.432578811
77.3846534975
39.881302249
916.736809516
9.09079745559
952.656455775
654.783390094
476.802791049
634.711573938
515.534553818
85.024143593
403.288862376
313.258373465
155.43913402
553.354992974
9.87657863982
24.1426292026
739.672263888
754.571667386
559.139952732
504.154148654
684.153918955
25.2288661967
847.243543654
381.791800311
788.545831556
237.107737082
561.179616365
450.971999183
0.698326170903
149.407697688
678.256922253
682.16270024
112.995248699
785.8219944
634.351528578
310.706825572
487.355472834
30.6230919723
736.768097472
314.782306456
868.194542029
82.8317768511
904.575603319
266.933977998
528.89008829
123.995666684
563.991959476
588.209390349
991.172233818
651.509987112
725.679759428
676.137235029
920.459148188
494.107098101
235.321680341
974.577002913
343.894850192
391.092660824
859.979808506
829.758451872
448.15728311
380.126829429
288.103001013
295.338220394
925.708899335
72.2866443181
614.050447728
191.108990493
497.695743936
599.875139734
783.033916875
414.394609503
667.297260948
96.4822984401
662.832639445
737.24820091
770.318413972
523.752410804
898.332246787
390.809945019
968.081797814
276.286537031
803.06478561
18.9880192188
724.406713185
327.541371942
791.946557203
21.973734141
83.4905558983
25.5796919444
548.014313836
161.860667426
266.996326328
197.108165959
808.963366285
303.799430304
554.038868966
530.911837542
710.570388092
160.099910312
587.238811538
979.249841808
126.079178047
473.167060225
132.314542702
84.3402443617
