310.961835399
422.493238567
240.441538194
476.136698506
179.352691862
776.993492369
947.699403642
792.712705304
553.782269166
187.503684161
836.372534765
786.176434078
27.6463218236
650.114538046
563.031246959
624.064860968
72.3945256945
85.0946298697
334.263240052
808.402092289
277.799489561
762.789890145
841.664666105
64.6426131332
208.510695652
42.4367849116
756.557110829
914.72448438
305.140211566
107.527752754
279.130793112
90.4626725825
705.755505582
560.095497106
465.781580591
618.029454357
484.203840769
827.33053496
945.201827291
464.056329309
921.264548089
794.115971383
939.887805979
115.610437083
137.693474889
716.621538906
967.057034899
108.968807928
443.921613558
962.135993309
791.291079834
661.643313786
943.284590803
673.070702243
488.874297089
463.556468333
863.914175522
758.73506689
166.601607656
907.040899629
62.9898736759
858.722750872
971.719495467
276.024773411
441.122189805
699.973494419
437.258113823
256.603002813
404.397365684
255.336258728
806.047479569
73.6323036502
98.1987551237
706.473193192
295.3956999
504.440904495
945.931722282
72.5124122427
996.952774571
682.924357527
864.903334817
431.747533324
401.686880732
840.29983587
947.077698505
921.331840042
907.664162297
480.9324675
211.16535616
677.09569771
340.17622687
576.134299313
214.085553357
254.222333752
974.419694881
843.743018684
921.967975999
755.666534619
303.317431229
200.405343969
705.318485632
201.338783105
880.951944043
676.597948558
167.211092671
195.486057792
489.994859099
652.989306017
690.142329742
793.24700583
704.742836393
858.63789834
452.303795829
37.7488313537
220.065951026
401.960646427
329.202138503
471.904572091
14.4242625304
473.334120821
739.19610073
242.143959268
564.11853753
421.824496175
819.16173892
860.411093758
145.461500625
227.04506451
491.759417827
629.811705977
686.817512821
896.549234645
246.233853984
194.499015676
56.6573935029
148.132364873
622.903521653
928.301717716
155.589915641
686.143326076
792.693780175
157.727718898
328.248266551
252.693046844
269.010489613
878.602860201
91.6557693661
857.997767401
617.221013276
3.65019777618
91.3781642301
310.510370953
885.152231273
272.954466593
772.859253506
517.106020151
710.518165308
157.38498608
783.172948057
660.864376545
427.727747151
659.391068307
458.134992986
580.217873665
94.9579546461
303.597813792
53.3989758828
108.965264931
129.047573286
11.2540257816
538.313431549
635.937613988
177.905696327
740.925973163
632.54995581
379.369981801
159.131720391
431.388356163
682.144350954
643.831443052
32.212662942
979.826224523
134.401920615
487.517962696
331.753713857
253.659816891
485.986890408
945.702635544
829.258778449
397.933530543
436.909869294
977.386612372
705.082415509
582.19955899
197.261896937
261.52572996
941.673110842
936.526057468
556.796366258
396.927933925
487.016527716
985.838750105
278.201848537
389.148841699
555.010125125
720.220075691
330.044433052
434.417340709
134.470951767
119.745603044
934.01795425
428.827945517
918.009620206
818.326091904
87.9179363215
759.045419629
786.073691078
243.118739163
49.1802846406
614.946658551
301.650721152
564.236224511
21.3839375378
475.260164877
129.575999819
971.302287955
260.191297293
156.557193622
357.9063245
450.971489703
892.974507762
917.970693981
648.776645201
669.495030255
858.032654499
279.83727474
946.760065586
205.672500943
691.122044176
76.1262345145
29.638811532
697.015725077
411.580824929
173.612918108
28.7290724275
565.320444897
97.6215665334
496.905644407
127.177057861
141.829452061
20.1309203278
833.907410481
688.357117188
302.333459319
91.8864501644
37.7279544257
88.1777631391
495.547273854
563.42493092
571.390891178
412.697596015
651.769308165
240.45555385
165.554602498
643.521028541
438.173567221
549.610749349
531.521850081
684.731889661
718.997325851
410.370068408
232.926233829
62.1382736001
691.775441502
51.8966403929
843.387284527
57.4462977536
894.338752289
194.668722749
415.03807567
884.376817437
176.723470507
858.936496544
116.027930325
888.824066835
9.95043667995
123.698861958
505.45094864
613.712276593
859.390489855
491.050343244
815.262095335
904.679855732
445.057631929
264.113139247
247.434361688
160.417161706
658.585746934
315.499389379
182.783023315
583.633340715
311.083426425
893.508494896
427.713065712
752.288099788
220.819204821
574.790499996
470.274136229
727.728063006
607.443438249
504.354626511
207.864854761
475.335769538
799.368579005
670.189338962
527.478742569
457.252511116
714.689248849
346.491828327
541.358603342
912.0133593
72.4911363951
230.108458662
459.116689688
238.089033286
558.584083419
928.473396307
294.627823901
526.565762165
81.5601002642
187.001315989
811.247154094
481.804231725
7.07042303321
130.441710201
91.1101973256
703.166479674
305.905827162
628.385794312
979.945084913
789.981011896
732.487947163
250.840389166
758.052875887
438.031192606
810.605203567
250.100384675
235.897267212
294.839515418
996.532842601
170.99323372
303.987927555
352.698796572
267.99725041
413.915993429
669.118133957
66.2328583499
429.61277758
214.980739143
259.186402803
383.802077844
644.850089986
953.165508654
596.347437933
416.025724486
30.04700405
538.2878165
760.885769988
72.9984368706
725.412876044
560.707726562
19.1804648185
560.559815195
203.437712107
50.3468327138
27.6629567315
407.081363316
444.516620105
654.666430834
966.456637637
944.370612009
452.399273247
850.202384008
31.0028142028
865.951581852
755.955392281
680.580396978
99.5752877597
760.424989023
566.006812968
243.234916294
609.889933559
99.3522417194
799.968031611
134.270327129
871.513539693
278.477280667
722.957451719
430.27356933
295.341731976
120.102518748
48.6230891427
399.641058626
748.761869894
710.402774554
22.7275019771
344.870095657
34.0109167069
863.062906026
203.637596019
736.851684313
853.152994244
991.870477539
619.612763405
642.950157899
3.48598565261
545.625593157
134.66780875
35.2099881262
379.348944332
461.25559279
701.525185993
713.531321628
891.112220563
172.480635363
804.508174244
71.2489783401
595.732419332
549.034897247
418.469067752
583.357885914
740.026905881
968.209291817
473.327094176
664.706483666
860.758274733
670.907769844
606.782651385
27.6981100038
582.1759525
752.524371947
628.278416286
607.848392253
641.958782705
764.422161378
401.407716241
164.911006607
698.483386841
214.154135812
204.040666887
172.571617503
52.4033825827
749.687605632
959.534947265
119.300592119
494.466945394
523.277875213
474.248285564
978.977935295
100.435193181
249.210835902
430.358709152
290.101167103
600.88219013
664.390731735
945.049801492
823.467252153
150.767768436
725.811928027
443.531062982
222.237323284
552.686378178
743.019243563
403.433330718
924.292543217
692.387485463
737.465605221
214.159838725
961.422498832
806.203594114
714.984931259
680.596194294
116.07946519
51.821069158
967.186982223
933.901139577
20.3564759866
744.464004233
175.565367412
848.445183483
293.666023334
63.9026530758
563.820195968
62.3833238164
466.723956261
52.9383718995
93.2564262361
155.258602314
995.069405442
68.5727329855
721.593157689
465.223992144
608.257865752
832.02438827
551.286532099
851.872920716
434.430218474
474.292789095
233.64528375
622.243201834
214.04555803
556.487418736
618.701575914
406.915173815
343.788811178
317.572620646
477.688879266
285.366288729
496.587353727
425.122893494
398.138727413
203.642164007
757.489172851
686.570780342
909.007345773
259.18528429
644.254112245
622.866181714
968.777783555
215.93361862
939.302101928
301.054087877
885.633700522
51.2131262858
260.688779618
378.670560988
461.182559749
979.07663706
670.280960847
102.9589917
484.176063006
106.90753617
826.123676899
982.973236532
653.386730522
210.556255373
327.4880958
659.663666201
25.2621090747
310.547103888
930.429261345
972.94272176
754.127544639
670.48471483
350.325712951
344.775885065
387.461210941
114.613712035
881.215792761
884.03616303
583.845330285
568.777493509
205.560669854
786.493978247
488.430773339
204.462736317
264.636823234
466.31356187
604.035315936
334.272571922
166.107159569
681.067022642
569.810189712
76.7387659335
838.301715285
953.890261242
41.6720295149
791.27330957
77.423931446
211.609935563
514.632254879
346.671998942
84.8407216877
758.188387805
534.828941841
970.44047373
459.225395612
432.139709359
978.431064618
416.623906527
841.7511204
519.693596209
244.510092094
159.312673286
914.48182245
417.207630416
700.279159543
282.225414789
458.50712315
969.576930929
297.302284248
811.1936042
657.963367063
946.665767916
505.143749362
95.126516908
41.3508103529
864.838980342
209.135884088
802.373805378
405.099363945
950.229548032
269.116451905
54.8609105108
616.381822159
348.267400401
320.182808955
893.669061063
508.778666848
700.216152875
394.120412224
931.502141533
318.318716809
675.166712787
535.653367292
413.980570409
602.442078567
216.28675751
353.050618323
374.687270263
75.8339779685
887.25680559
550.555383384
261.555103771
57.082600333
666.516033691
688.193629717
176.415327423
714.724190385
243.897559498
242.67832878
543.431802742
351.701665978
331.178161151
739.033149734
654.887326688
672.933901359
762.534064156
879.864865854
56.8766740289
919.48294631
523.142873691
614.691090915
78.0582914735
947.901155347
470.115210441
625.155092698
925.646402737
990.843625168
824.714449809
206.73809
155.801821317
640.778353293
765.276634818
285.960767713
527.419322153
50.3073979627
989.225423015
739.585163499
882.106983888
867.041469445
246.276290127
918.011100634
422.527031795
810.460895933
601.281744256
214.955322956
939.12547351
875.65110574
485.144062589
461.907427058
633.515859492
674.160560856
233.339223909
561.346977252
583.476562071
208.0795645
756.113972096
577.394256115
158.516161539
354.943935454
984.809624881
162.836795518
960.242945485
553.711381411
147.840128868
59.3114542508
990.673847998
719.941598503
13.3317852445
81.7118261454
528.431701723
100.461948601
817.328050646
258.854266727
594.434889912
67.8261549635
176.414387953
29.8426477518
164.529715713
506.915344406
608.989819319
269.141550871
918.630494513
473.25334429
433.898715381
908.079041681
733.744394785
211.032628439
498.462473926
158.169372656
485.431624617
886.828502364
524.997607929
234.418328496
414.179029605
969.585171188
348.38404189
623.958462937
417.380233064
164.784516088
763.269016077
592.996948329
802.773002156
954.459992995
839.846998379
684.99220717
884.682545529
493.200628651
245.618146713
432.218843795
849.964727452
893.556288252
23.0315987879
731.924267922
563.61196728
961.3781387
805.146000717
248.873725464
435.325702668
31.4327733616
199.309900603
899.585523101
14.1720456026
336.872915045
777.01660942
11.8139647889
847.695041011
670.60080705
325.343673425
714.868137745
508.778393344
955.565694576
439.401376466
421.59375059
512.043567828
127.693511463
886.692000575
984.513081208
932.915138322
662.454268991
792.810113905
40.2703387501
424.602946441
392.610690553
946.011325024
905.006735229
346.975953708
958.156312753
182.209118099
342.097718046
862.133605203
842.669919622
822.684517012
493.434426343
94.7735112649
764.280601597
265.859718803
65.9297868984
476.793624053
969.683896863
231.180057944
98.1612115905
877.400524894
224.040478762
822.422337503
475.021904008
580.61524427
266.419132941
966.936253924
191.401741021
544.162611052
318.236705949
825.487387473
610.583233575
788.542259944
972.908851203
590.753635143
177.508130111
893.490435019
523.438091098
348.704860965
574.451748745
180.799954533
651.236665404
679.010154317
960.864991765
846.271159078
647.25858439
36.9150564574
478.049434682
741.366086944
481.969472296
619.529936735
177.877546979
606.473105117
255.639877966
277.951660148
937.029488876
957.792980295
331.12557069
614.360136867
912.451403166
977.177586406
811.17908205
267.07843494
416.376953394
636.766431019
635.49972061
799.855779761
567.701877036
289.871758744
962.906716802
833.404329791
28.4696439864
545.204588733
733.505080916
617.818981957
7.16999721841
0.196341529572
188.19614855
697.491131398
543.567840006
311.974624141
660.665332145
193.564488715
401.748683141
443.024151496
365.429234611
182.603967749
618.837273001
999.595218145
946.455569152
279.631485126
733.192765867
484.48515575
141.959172726
779.596356761
452.185353605
844.87916453
341.311046895
790.632586808
110.45813463
140.500156616
45.2751993804
18.0554674529
479.148711156
730.859308016
180.692228782
382.719441817
326.704236084
548.299583543
714.188655058
473.57399413
210.999528494
809.379265781
887.889259564
76.2734199667
822.187732334
550.660549576
402.737139602
202.395207775
906.028793376
366.800932812
730.717214857
113.585070164
991.548660799
778.691621295
666.55803089
472.702998863
67.6660581389
230.087582015
63.5801628034
446.285095527
566.396171903
740.936649901
39.0925788293
859.839065436
986.731661986
400.065384762
343.476365601
703.224231063
112.941365744
988.752946539
313.093248927
251.488756568
597.624786402
432.578683322
111.989856079
270.895853279
336.988979925
213.337926067
362.855042413
807.656142171
458.014490239
808.110721396
575.648563988
842.653055817
524.871982591
555.196418074
439.212889619
545.833836548
395.692078022
984.62202924
425.926536842
443.62099016
97.0670017057
843.943860731
896.585569619
617.732999586
715.102495738
307.445777605
597.057735033
705.707556339
109.684778647
856.649494091
469.867301438
929.263797871
65.7521558015
473.827074375
484.664322186
279.787312857
213.58283598
206.432302006
934.01039416
521.869344597
979.854923267
466.805511914
86.7885368642
817.534101685
494.27488578
773.72415556
487.863332262
714.444924995
448.045337176
834.253845051
828.659046488
288.855669017
669.001310415
574.218189356
49.5405274849
250.537486859
96.3170296676
856.200682728
470.832870708
437.604588651
542.343615492
124.070455737
936.39338287
568.86061155
484.197132913
388.957736417
592.163335477
755.053161842
899.862102876
115.623175188
426.716897946
118.25026982
859.392860197
274.354772254
209.951570605
347.811199476
134.46884213
430.907926729
171.064234113
535.21064898
854.108348533
118.375334867
38.7200570602
213.628634051
