555.01686184
345.078442016
894.938376589
683.606082401
635.998967805
194.089509788
597.914938837
287.442914431
1.01045989677
248.654521421
664.56162891
599.01189206
91.5827030123
229.084959607
380.1999981
183.253778249
551.832794618
406.610349798
942.032842089
904.039657979
485.205573948
622.639289559
896.223372796
186.748045098
955.664053278
562.015919331
482.502233161
860.677659714
145.767893412
51.892547247
999.481226966
236.58770713
681.528300421
183.245842103
872.455116165
605.418827824
226.829252023
179.624049167
618.057885696
811.945628061
709.894754247
717.061653011
690.705983757
777.137746871
528.175829195
38.431898558
712.954601482
118.274938673
164.493367111
893.131769239
2.62955601903
80.948771323
897.717831799
219.491703254
485.726080746
121.142805342
808.440102586
983.530763737
267.911200306
406.641158759
825.206245924
506.16985356
955.004826895
613.700547484
16.0178951796
143.42251614
170.328634249
578.092243695
806.677036292
894.383708503
133.191681741
315.101255722
47.0976658073
25.4201397414
248.851092683
701.279748027
3.14996618797
16.3179390507
73.44438676
45.0995544632
632.784005908
708.404796747
739.962182175
923.679129446
818.877476998
963.229240741
839.711588716
828.149389025
856.363415944
755.73458516
782.071942834
591.801927528
286.489875077
81.87536965
516.983015525
788.537322072
219.787172212
623.540149532
610.198471981
981.443284184
347.755116759
118.22036184
338.08952583
404.185414055
804.742800296
104.440272014
599.754760296
676.248335332
6.16923009767
712.532211066
938.718425265
603.332673994
957.991023943
661.757256028
257.028460424
744.474296466
159.409633673
352.75161483
735.576858825
988.012753936
308.920438591
393.217153944
948.714632294
776.611308625
131.21764225
626.358295097
766.049888072
533.907791563
347.527691164
308.63209523
231.448329066
943.753647437
697.827522163
729.865259885
714.13112029
839.192732006
230.756937225
521.890405284
171.77078061
724.339950344
519.691029749
544.469399801
723.655070915
229.430528423
280.363152863
753.690009963
996.131661575
530.822984765
310.04892566
951.156908629
106.681852911
595.628870245
300.010773201
811.107481448
55.4007754501
725.326581461
654.111310609
339.985003791
315.056113094
542.218305337
564.950562317
419.693655788
138.780696998
585.122986377
173.646687652
709.222460026
657.974397674
853.98112001
947.713245519
649.971010981
785.877652189
550.215719363
361.430061715
483.596207776
510.638428977
413.974727013
701.704786405
165.088637864
88.0119999727
73.2589633025
585.715075045
621.609663468
768.166773242
516.462492163
866.344468348
177.663554777
860.815888052
69.2847975137
880.242494455
780.094067829
146.561059685
816.330011497
552.292217933
53.3628325232
740.660946523
403.797778709
786.102480054
180.738560197
284.599594136
634.510573053
910.17521305
691.02681292
471.664236968
874.112982949
359.01812915
952.164822861
793.329368693
798.795341536
311.50859763
790.573884036
39.3452918343
421.960279321
330.000849868
243.252168834
315.998834144
631.181583595
283.009720713
686.395265138
118.519053512
237.301288686
574.395962129
397.154090779
706.275469221
867.388569492
425.935507009
936.859810681
724.633753617
783.480249739
20.1319131402
565.434256616
521.942076334
178.263069938
866.206223931
617.82069702
844.760985713
5.19376282421
393.738165846
219.482587449
151.232535051
134.797211296
996.490831164
842.236320399
217.379789193
967.297371469
5.22835377217
953.378289428
578.020654443
626.360826296
319.954246245
917.438514408
704.411732374
80.6980029424
663.878728686
390.068783832
675.450680166
104.235122168
942.351307651
895.092394923
748.380319912
497.032441811
657.390470929
979.099811116
293.757622108
743.583045922
312.044142088
351.812678836
819.030528762
113.908062311
39.8385143128
10.609795039
819.740759845
143.503568093
929.060875696
169.029102942
611.20188086
898.127127674
93.5171663148
268.426226961
555.970240449
143.496291893
906.10973636
678.300067824
791.147041123
474.783034701
405.693511593
807.351348616
17.6453018484
76.3982841194
391.363214822
226.631232452
114.672093547
692.378677728
227.899676937
412.709356702
953.141419296
128.129451056
594.388268542
592.024843456
659.850549877
754.378926564
526.618986344
291.041465352
934.347547286
779.41359757
16.8169946163
80.9185935408
706.617722424
340.873411594
954.772673466
955.799359678
909.539761158
582.576439616
158.379225304
548.053825893
686.358286491
897.748562432
671.525028377
651.970178029
955.84820949
898.50411101
306.637261751
629.652701944
402.061750027
552.800532064
212.369388005
697.628081516
330.543955086
739.053331263
81.7549616849
291.261219305
562.125135365
903.694929397
399.492471535
276.255610703
538.205329134
111.549011823
122.986537585
411.971469805
740.462797111
39.9627048587
499.588157081
905.945709708
498.8220071
566.981263564
257.03814019
409.145859171
703.200994536
772.030583367
38.6188449147
8.15274047653
421.913595448
814.11666202
641.634290313
704.430205616
46.1841086839
160.412599409
364.705981438
60.8146752409
551.986761047
22.4848989467
609.924294461
562.691912725
660.870535818
992.898330704
888.357998279
813.388094879
211.226489165
607.246030818
993.601542248
994.41050234
931.41745924
362.331329308
316.859625191
499.067234143
205.78586553
234.363134897
449.14754718
832.316221291
770.029618451
811.37404929
714.228648909
352.126781005
990.39489838
973.387392769
846.308790379
398.208262978
590.353707061
794.989132767
468.980616263
360.454052071
862.898579166
153.414650898
19.1280354137
340.806234747
39.9136152047
423.176365739
568.093119144
543.227742348
422.137772085
323.382609961
507.280060288
593.705064499
532.27717058
569.529960711
914.199975571
235.932655393
44.3871755978
552.777945542
643.547655063
901.539644426
499.561425033
316.696384455
968.054520333
50.321712498
310.727635836
552.800533475
349.327507987
298.323196701
745.997734386
903.843187289
359.597474809
108.768779323
861.838377409
788.652128269
316.402426221
231.463870759
72.9095430685
505.703667061
717.245059418
463.570915444
786.5541171
276.160620805
616.736422106
521.520424797
434.316032096
825.590116428
538.103503943
795.848011427
782.509419466
777.113737861
392.064742506
733.036532642
31.089800607
753.236013066
326.850107659
407.741148175
163.816273767
333.789701988
950.152673526
267.855438008
729.352600205
26.1480854532
51.5003811022
696.195021784
995.712332075
925.475092263
431.821965165
899.273021116
468.382777563
273.036266223
988.33642587
404.509476136
610.905516632
590.720309246
583.929247223
519.336938869
13.7022286221
693.368738181
444.831261878
684.301331278
35.1381500891
229.850248886
322.241540801
263.345909004
496.08357184
611.505222745
184.040359993
556.431259533
661.243948166
663.980987869
111.748054004
602.72296558
96.2943288986
326.796426099
642.128716762
498.323165089
156.142643843
89.93366688
93.97005931
392.52325579
369.101551615
676.063952537
459.409734502
764.97510852
609.181779977
182.618610215
61.6496212867
649.6972364
146.820263316
355.708284693
927.625279606
994.009072846
255.778912129
736.425161561
95.3004147631
947.999368464
585.999298719
87.9952283424
971.25017941
488.90652142
535.159580334
988.860755344
773.87705527
679.311348983
164.368022756
66.5113670481
517.641979243
171.441131618
858.425579739
69.7728454044
59.2915877612
510.507121333
776.628084846
848.933590624
280.045718797
813.073870943
402.028532197
330.157311753
805.455478748
869.655138854
894.604510015
195.506466316
578.178877986
129.84653627
165.139681612
810.519448257
422.766368476
449.816978936
560.098315473
1.13725646864
537.308604942
752.954627193
10.6234462697
564.729615993
13.7353031181
592.822744377
16.4050501129
2.6356818686
615.284426751
188.719989958
114.766430445
286.464698352
951.855141068
967.050352827
934.859278847
699.668557269
921.829132104
255.657310164
600.747764739
824.9138626
199.460847787
829.372911606
502.335199036
762.98315968
816.157541928
773.388739277
795.341887384
47.8178189312
542.753115066
737.242169818
880.049323427
509.663381903
145.275943126
446.326005068
5.84044373458
493.632606688
705.436778795
571.187613855
626.059724791
844.257990704
193.967000372
257.619810836
731.899619737
701.20165679
266.102259235
637.094692406
198.070915935
202.328630788
490.568478371
79.0659171505
182.44514395
139.424900025
802.066169491
948.607813896
382.372759984
136.556093343
984.432676227
510.795385838
44.5586523507
91.0231068151
402.182753628
242.850763788
55.0928037167
809.790273032
144.260873033
903.610282881
886.448741494
413.109193834
103.959666488
335.015842584
661.363854351
136.695895978
377.648381375
387.407414085
877.854835888
486.478506085
747.179193787
833.064888522
273.090331578
433.472089679
924.458589924
540.514568523
568.286337063
951.791515663
697.239968561
71.6290895797
916.345634174
692.677054057
865.460163108
455.941692213
92.0846062261
737.797048686
488.961564087
349.688575498
235.987629709
656.212664932
211.826506553
647.215161351
483.36948535
144.038368795
943.810389767
717.340927487
250.936475824
118.847424312
253.622701597
217.627595455
162.361375621
222.884933493
608.962155256
888.762132136
69.4129393437
70.3214091451
201.450855144
132.836440222
349.308711301
852.955694532
112.140247757
51.8540493033
221.760006896
73.5715285382
842.4469691
604.592095261
558.00279535
543.755908198
171.508386527
538.260221454
379.534215527
837.292079612
9.32797983217
916.316116874
83.7179241605
85.280200401
304.418181293
204.766572215
133.30560301
318.223457281
764.299306186
472.446259673
307.832610376
253.970412922
196.770460772
554.991552704
404.292369673
832.859890294
752.536716529
807.448886987
271.657404984
687.894025055
52.7236790049
279.986233047
671.089082905
312.555537811
84.2262022944
695.483345195
331.327699501
179.221359077
800.75475581
213.031832212
65.5520112573
153.135399156
426.286686525
522.12699857
116.904274286
953.415906994
338.863336394
705.65508819
149.802554665
139.535417164
277.295647458
118.885401097
362.790187537
365.643145309
107.328971434
227.225447256
677.69573842
980.5643409
578.823246366
984.125747485
38.7396010459
508.466892792
187.783667008
590.879486584
119.936042849
41.7800902355
892.695511396
664.549883696
465.61256282
995.015695171
369.278082954
401.893675282
513.507873791
182.256793319
707.286428362
940.407257582
128.210220939
446.737887017
934.831154435
500.707128816
599.096984031
28.6116548539
987.695836494
678.355054944
23.8723334571
251.84588689
362.416734002
751.378380034
22.458501742
411.328988993
281.704209458
226.419174013
324.712659183
638.729734252
294.147632776
658.210509649
552.412581446
912.670541968
242.315753686
364.656241814
55.9475894526
165.672299553
32.2867981694
326.302884343
559.551123059
498.930212477
982.791420438
311.545791339
651.940449793
403.123991522
78.6336896422
278.201979554
356.259732215
790.785632081
794.691324802
34.3495493586
226.622706665
175.237332927
56.0778263196
595.103335708
767.863437329
679.412479547
578.197190402
16.7020744781
62.7018630999
987.853696397
1.25182710395
454.779759759
195.319033025
199.386461837
887.340113992
496.440004188
77.8195244382
842.26605088
492.32444451
134.70455191
151.228818729
258.031805968
47.1747560698
899.632846906
712.223881302
469.329430835
253.582412089
762.801858194
383.892393948
578.428242764
864.837906078
267.816984091
52.5464201278
11.6051590373
903.625943976
725.911065395
298.851114851
978.044967304
366.002024794
870.616577677
531.63349302
88.1073280546
551.841940019
170.061595539
34.284012127
800.01757312
191.332553768
675.23872376
5.24838452476
973.008892145
662.384891422
941.89682632
269.972613452
699.367188741
806.509208253
773.880904213
196.580374198
945.368127959
153.445746013
824.831050242
266.983055142
873.41464248
628.823239796
178.604739543
392.553106783
302.71614901
129.041744367
804.40971595
593.110114597
928.420043416
934.599968719
648.619619736
931.855007053
960.016896525
379.583614284
468.36666148
851.332861023
265.846083315
779.879756676
678.218721327
548.472215727
164.213336104
814.771881489
14.2073984453
61.7354442991
51.600583633
989.565238295
223.02724763
752.874619854
252.610520666
943.010961477
538.329405605
521.557452544
851.013153794
261.656306872
12.3628401003
240.398904699
202.212562324
378.265371453
592.92354118
53.5111008154
815.753470934
348.021008058
286.491558925
831.806602514
632.241079806
583.246444143
360.853439728
670.936464939
777.200640898
728.732676003
628.279665843
278.799513301
425.912331145
105.941215868
611.846063297
99.8792009454
523.690725439
204.212494449
384.946273025
593.667543156
990.927689484
472.389724615
101.540412101
720.183869343
602.024830475
866.627664975
716.910631522
397.345514234
71.4556254135
134.69317874
260.236705859
806.377950674
252.693952497
762.258244063
696.021141824
907.047912563
635.416527123
762.582759343
397.842056888
251.871160133
679.486265965
245.202240431
679.83631211
947.452430007
639.941728018
852.421461285
561.373071742
578.725281143
499.152059993
674.66640712
617.996334476
993.024901819
39.2044212809
962.501814284
583.237515148
113.614093844
537.340765113
959.125951972
900.596246524
956.222940496
108.119362913
704.084608286
762.078681757
956.551837822
375.835561236
140.076788682
208.099273053
978.908418442
763.616500745
531.370505059
87.1690154675
568.559124799
854.096039463
105.525050114
939.347143233
778.17055574
990.228170962
57.0956730897
579.501181554
543.720983772
33.7699356723
51.7235060879
483.567258078
71.5967229703
454.769443571
34.4383189587
923.9439312
191.333600131
768.806047197
418.418551233
799.30863901
49.1023010912
357.62356915
607.547145587
526.109567048
328.616196141
218.875002416
469.550104012
268.924735412
329.038352007
732.584684364
181.13933301
404.238277501
947.826446622
131.654874276
684.198890153
659.350387404
708.045020714
992.544816377
975.330362519
108.282059881
48.5145789296
451.665973314
366.785248216
894.353290529
926.977819148
539.695769303
846.461617993
583.227373415
433.6564148
964.208429995
561.1561823
543.131210922
839.481691817
143.020043913
