767.526376328
658.715141019
846.184778335
726.59341048
795.787632334
916.252316862
519.902125314
524.796664398
125.047849955
374.843811377
759.254645496
999.73614164
676.285826479
339.938600948
180.888608988
255.633492406
380.013148427
734.245619
671.499582852
820.831415795
569.426314732
100.94181153
30.364700359
817.875971301
233.20705687
304.066379275
419.715665061
362.269031007
802.567153899
492.248749104
814.292855763
168.952667538
535.060747217
364.827649463
936.108665549
401.177815788
477.625209647
740.556090385
132.736388828
256.024110467
635.693969834
816.913249406
823.681569808
954.251840277
510.571079661
209.061378068
746.363336006
886.352424179
711.147909885
881.2608268
387.09890137
647.546929415
360.536809019
467.733909424
704.533910687
609.159452856
236.393891055
664.98215337
803.19858559
15.615713502
135.449269726
434.799247176
279.482914011
818.307015354
578.417406645
48.6766666553
46.6892393176
0.0804785759008
669.310877547
811.416562277
716.852473566
540.158366458
751.440066659
334.449173581
717.330553169
544.169589768
286.240591364
369.108768212
560.807194705
564.08153391
35.2169061313
78.805425175
956.025700365
852.700679566
888.388352283
460.222048251
433.85303757
754.689859278
87.5217534256
577.703855608
622.91622336
161.478155339
661.316310882
122.658883709
612.731416099
418.706994318
483.688849858
610.298335058
900.928440102
927.95362567
353.794931111
145.617589466
130.61567597
392.810128877
879.215895829
909.907738771
533.199881747
735.609485612
67.2293559385
519.061328752
392.581593635
700.421674486
476.850224242
308.110234162
650.715430934
620.467632712
384.05247513
740.246266818
640.139003163
150.860489568
43.331557088
687.537681041
762.50298411
287.532038536
423.062968973
710.887296385
145.739679014
813.547000266
780.551470285
259.382031814
918.902871428
690.899656275
701.395010766
311.150046262
572.979198729
582.601596136
13.9505018422
628.55860714
851.810491344
98.1759056172
405.422146761
209.980291878
136.458672539
343.96156819
110.735537498
904.542985859
62.1151297093
600.511811436
260.885654427
927.766399913
98.9863275247
596.419838649
556.112878357
856.903227638
288.441273825
218.315041326
679.243583669
74.0448674601
820.51419474
971.349667583
76.8767768927
526.891275887
262.873738284
682.207108724
628.367587796
957.664251789
723.977315952
755.74313299
19.0339853904
21.9989452399
647.917858324
227.272364272
533.230807385
550.915204815
473.859790111
812.800204492
520.392732545
804.468525218
234.475483281
432.574691407
667.797298501
492.737946706
46.9957461939
318.732165661
525.244789421
270.484938486
391.027934185
513.837597553
997.810386277
32.3651984971
710.022694511
323.434866663
338.44656118
580.369465126
139.91548563
818.722646694
912.246787167
504.149676822
296.569265078
319.130228937
463.400086791
884.590267238
327.461072568
534.937298689
458.886670173
663.625224852
686.016763401
838.495355407
729.892099201
364.357471801
410.865214502
274.05479714
279.800595365
240.696414909
737.268834333
683.840984751
730.303262199
192.762405898
685.664101159
837.846483432
307.853745161
858.813886654
420.393070958
108.439624208
873.395392587
215.699107166
746.800994285
682.463153342
807.741690636
677.481633518
931.815311982
776.249106738
185.565502101
652.00681787
873.875553027
296.925271727
377.723776092
213.101171225
785.965817012
174.171895785
155.140754218
554.374284959
308.625294294
184.362259745
8.22846100134
124.780225266
686.075896031
300.735244959
736.827968227
627.508596886
279.201769538
835.236981512
1000.7230977
812.828880332
176.040166458
493.735891559
301.472863391
900.071229944
348.73582028
502.73008078
813.904169579
272.774227377
160.398363109
27.077684203
225.70076529
305.380204815
91.0185573511
986.727876703
695.553682809
148.509011315
24.3573337749
308.679667877
262.173955567
520.529218648
878.190674139
669.969694196
334.389315945
697.419270756
757.174896945
424.204172592
447.562002209
302.301576071
602.237815668
192.861717339
642.524692713
557.742041754
943.712758392
509.649158794
741.114430088
7.98199713279
438.591397472
265.924430726
602.367140561
445.030199391
271.419836557
284.971922368
750.33277738
406.602295771
662.771559837
448.973057898
525.978622599
605.150858178
470.330616238
585.418907155
520.879225351
506.835927385
507.294148782
740.001601074
378.482766007
456.93351518
583.178747806
748.968335588
856.76602498
991.094761278
736.339231344
140.037839043
909.511973128
603.884931175
275.897387769
492.907382755
738.19704821
739.854811116
517.924137595
866.27885029
5.74472872459
758.521841223
797.769162215
693.594213583
647.869426687
988.316033109
722.562431315
161.132408798
735.162680191
728.993410809
303.280605584
219.705534065
95.2052995651
508.368647534
594.146243569
890.777286062
791.620874815
291.897137212
569.189877049
640.391308598
836.043877779
1000.46934655
101.978268741
503.10234626
889.293895834
577.755259257
589.953366596
206.008148708
798.888048012
781.484721483
315.507616016
563.169071402
139.140988725
709.92607354
878.111302723
572.156402463
978.259066818
415.80270148
523.359401986
170.930840896
145.995033595
254.444962937
982.508217109
68.5492575324
908.367117309
267.346132864
263.924057383
271.882358273
513.220152416
260.340914686
859.483012601
28.4464920733
530.252031318
131.969046727
458.606487984
633.51375852
954.087213524
948.57164408
625.500546613
18.4976912932
917.45853473
479.088196884
94.0000530549
993.443340395
775.323446713
399.097441253
549.980699585
568.070816552
722.087838848
432.888823234
502.136690439
946.88616848
384.519380568
78.4221721911
39.2514836017
476.833759071
34.6264835461
436.654069231
287.965581795
263.393692875
774.94989245
532.097299922
624.453157054
554.851555296
678.699889907
326.197523102
349.253551249
563.637325613
855.687096864
204.078541493
478.84665485
519.005027261
69.5209053222
28.3601487211
841.201969652
778.788338198
911.679688953
827.558896932
714.039801704
801.411457843
571.737715805
176.164329519
778.609998583
366.528209402
461.728257291
932.722513624
857.394067977
284.978006543
358.278373294
835.2762917
273.399654209
46.0069674018
937.096845026
803.810047641
38.7038501096
27.1156682494
474.195043483
457.854031859
704.651285091
303.605096864
312.26830551
546.785505815
557.257118419
211.489011422
795.257450251
511.155082206
163.22493654
611.962712298
834.09591494
269.243185957
252.237065244
887.768913784
109.117150941
412.815052681
524.337848356
342.115414287
409.726148097
426.642934551
204.764273015
69.5115538298
928.344433836
126.983220955
140.921038824
5.09391348951
822.578747548
206.932389774
844.804951354
262.131917134
484.287636967
632.073947112
654.534784772
498.18999971
77.8090903707
625.112621981
155.884359647
828.94780901
671.677357088
612.103092333
0.381883207315
258.52406581
364.249058381
439.634516096
980.515317108
851.139501355
206.489534273
735.995634396
924.943625574
964.509154509
139.690569982
169.122439484
514.574482362
553.596194114
586.164307193
98.248993683
139.324211593
526.036903293
102.619946196
738.20724921
783.714281786
533.853477691
829.319020113
426.339300568
221.873248836
258.579080515
457.978096391
195.129067818
306.824006902
228.240677447
93.1521139829
350.93190268
297.273516053
579.709396006
412.598124477
747.729624388
750.161626442
543.676994244
417.826086647
497.348095615
309.459149961
298.004924922
237.350479778
552.062079254
861.369434175
320.06589896
18.9568020779
187.974719058
667.327616078
1.47530526101
810.700549328
157.687878902
329.321967286
950.83941452
250.714645677
453.010310464
623.612376577
191.243913433
352.043240311
120.798774619
865.535131595
544.014436165
68.6237838548
329.630104161
114.834977019
752.690115061
812.041077499
472.302545779
646.045710356
338.538423664
566.373416932
861.580581435
428.798738831
337.002911675
373.066831698
763.01947205
365.880273743
617.985055129
859.461724146
649.770758009
575.114386652
637.508362173
579.993019469
531.169641876
729.178123097
360.089863149
289.288973816
523.195821608
280.468353832
950.328663207
574.636841968
190.764457408
855.329121114
0.0128883156761
912.139527119
909.670835127
749.697044977
285.714651216
272.603728349
230.807081176
850.76214279
519.156906767
700.03103489
19.6375645705
707.10720359
902.634175111
72.4568193707
984.981951873
710.716219561
867.738241389
394.071720211
96.4614356334
52.1091552405
17.8981401014
919.088084578
334.254383834
331.297630931
381.160069115
538.56731415
840.840137184
965.7517292
149.964003413
624.202368205
615.013948383
700.610839663
686.898464582
874.876224142
998.468181799
391.392084169
915.837711196
689.220129883
300.183354916
352.102481574
816.581649654
506.28609143
424.793975606
85.7868345137
851.492368829
858.418456428
995.032930324
583.433006423
676.664360405
49.4001851191
543.141026136
272.54720811
223.199527992
348.249238517
238.062398265
14.1383791813
123.302851691
449.844647406
206.873389865
955.118700974
809.587589136
931.541592782
991.31021971
920.737408512
489.269919152
266.975043592
726.86805151
49.9570317833
915.373830021
900.803645516
149.742152567
6.84611166075
424.563072137
154.586172548
70.8776928166
699.550502739
949.127719423
754.870802128
421.13935551
750.268769784
638.315617153
635.324675002
776.669529393
199.454552895
462.60460581
972.449959168
413.569134068
600.928951505
833.538247532
66.1070646736
180.532257767
49.8818614705
352.545654253
621.039309594
801.456830039
384.40723999
893.240702887
970.359151877
202.543939603
496.99169687
680.566352401
41.5124972063
22.2411305225
861.245251405
251.941216227
426.150777317
102.908229765
833.526293639
290.659079206
53.8261474594
13.0920278518
626.942086364
321.49184698
931.881429301
492.262021513
348.342720034
744.226442214
481.461156118
58.6805072374
583.128559134
758.008893919
725.756096468
181.74055719
285.907031261
762.490865812
491.148290901
60.0861176427
216.356274817
691.363233207
133.61122523
456.101577905
154.233473735
676.916066064
615.748062127
506.411276486
478.651583457
574.620002438
513.262487433
253.615470245
708.872545003
524.326741572
61.4935664574
628.52301078
705.696004459
679.851423546
686.954204377
605.978199157
75.6941781031
372.324923655
527.018077282
349.213780568
409.807165341
727.870439857
945.44631878
94.5113257764
972.609689122
192.406716957
85.5345630324
341.032741359
320.91767505
49.5626143097
604.605278396
452.371528019
57.542405151
995.499156027
604.616504754
329.433624248
541.155940303
277.529287802
771.04962226
950.171539545
228.274627316
277.427203649
673.587182404
249.719285821
403.423201415
986.670774608
251.560362597
597.524671369
412.43078007
503.025673733
632.4586728
216.321535741
666.979075371
29.0029213685
793.288897799
769.080071806
296.602144422
412.932654311
615.701671432
644.61026397
568.509708505
786.485965447
677.30493391
551.618195655
782.165972687
504.535023703
671.782319887
974.382929271
906.547476727
262.815892406
93.1461224795
394.834985621
16.233135962
478.457716504
734.05724596
492.713758942
14.008672607
895.827843482
2.52446284652
124.394868981
477.955226742
358.531039993
163.826078061
883.28384933
753.288881799
378.201310528
726.932467741
858.295249396
908.817337972
855.62763929
901.291787709
586.266418673
857.771685949
918.039376481
905.287139894
857.421482448
416.458332862
621.987230739
994.00197081
350.295087133
610.800353066
935.676286363
134.337562033
522.91811136
730.672220901
359.976438206
567.616238134
468.263560835
67.7680892495
720.704126463
191.940924954
279.57339119
699.84192883
210.091731301
314.088243929
120.148529902
966.649129959
38.0288186096
430.593160359
468.149016549
849.49830143
349.219073975
440.647865227
436.323412356
416.634494329
674.263041479
632.811387621
376.203929606
21.9001175913
12.3925606753
226.513026321
675.373215174
771.732397086
751.125499271
184.032048907
980.269758804
135.299847087
967.06203298
180.940642477
655.03898095
838.992785987
12.9685940146
808.015881212
829.487038291
997.076201524
725.417071031
207.755343257
369.76201192
288.727859521
879.272031417
432.965870482
649.988946131
18.932429757
123.405291385
658.120633381
616.622773772
392.082495915
841.584827223
689.472392078
244.241596872
1.09981635657
163.245534616
417.635973935
800.450232198
913.785918007
26.3457850889
136.842184061
930.549257431
373.906549696
853.408555334
124.890648594
781.510418807
509.419630003
595.308181087
695.471169341
703.218097416
853.061106807
958.926404595
814.413390804
607.751943809
367.493727996
910.806275156
295.733595565
212.485384562
702.75653942
48.121647652
205.423130767
346.125044626
71.3464381379
630.163980533
592.554675253
504.24267904
888.300216993
414.19768329
560.240795161
64.1151806971
433.898573946
123.373465039
498.588178306
614.597910149
303.098680646
76.0805049039
664.178817406
645.437416319
197.025306411
587.72454052
890.533864265
45.9321362857
993.395260256
471.639418265
427.454185933
68.6397905412
493.482888516
69.9993542278
913.899279465
734.248650752
800.87683642
751.295244199
843.217426057
978.623426614
427.564837126
609.978198756
652.196105137
478.560092784
122.193903858
854.430115413
563.347798154
635.191312771
436.176904608
156.086828537
276.494037281
91.0163219519
67.0318014792
778.102208136
975.745830847
207.741675414
432.009472213
874.164185953
920.128070366
15.9657762983
192.096515674
729.336544833
276.868179295
887.484150375
150.45315448
371.980412757
908.876807458
927.673851364
519.146948781
645.539600122
370.392540244
454.640646233
939.600188942
598.289074741
625.918085352
587.948522723
879.336738807
745.201408348
21.5007389755
375.169534138
413.625665379
504.838573972
422.806877381
926.855372666
3.29015781402
998.055065354
258.736757899
624.228889665
80.2051218323
58.874180536
938.959840498
935.397675687
800.056607836
386.791485718
566.965370994
927.416247002
624.468878256
542.915082529
712.74805732
575.362707083
41.1739572352
799.594275064
702.157931273
108.593266528
146.181978852
488.310929169
614.924834582
322.626155241
511.218014932
107.488784667
303.838424575
35.3109022079
292.662802887
462.306967379
