334.1375624
139.242091073
574.581486962
778.456168755
503.988202687
556.027327236
33.8214932273
251.807264823
68.8146449751
935.118903603
214.643509035
843.247400483
207.959506814
714.293653466
283.871739321
525.821222078
485.127781272
486.622164605
695.022751424
893.606625019
250.583668904
220.032319272
117.671880919
103.97487676
175.547973212
561.4035554
83.2624231896
219.010087039
410.001712308
952.25450471
81.4420885276
233.891953275
421.001269274
336.441437502
427.72097683
235.205615622
966.141428061
58.9579837557
561.540329873
476.030615129
391.520569543
254.035442886
464.987835821
12.8887212692
99.8952456761
239.892819423
211.37053213
740.85057394
369.936892499
179.140159554
124.466301236
758.759350241
834.884594825
219.943991885
316.44691142
562.909862954
187.765012375
266.376728341
188.770853743
161.991428298
496.247373857
823.55998409
435.680003889
446.864901962
485.903400174
935.729378337
785.529106633
663.280274758
904.852955843
535.098834765
402.166748966
897.495631185
967.193601024
79.8208117093
705.366357075
880.099317296
162.659160672
166.346895355
48.4348607403
478.047965701
593.574993783
410.855881692
750.975732327
650.8622434
129.515785844
47.3082051011
498.157292403
397.287569072
947.35094642
774.627080068
863.182573992
166.677077551
362.512407896
125.586004094
247.359156551
759.517325092
818.212414371
777.325036827
165.026768159
523.099379757
870.361598747
599.082586052
17.9850984213
851.842787244
395.170169982
674.2351695
69.1174752689
116.439859824
913.359991602
553.383985529
564.206394546
924.330976549
381.435700788
270.93922709
492.982995164
440.945717963
75.8447631738
767.285508404
415.51751072
663.316277871
617.756923713
370.65461838
141.078108833
980.352643308
341.388242105
452.483486296
500.586199631
817.360903312
882.836568336
200.659547502
567.076852339
7.55242522379
600.932546788
766.132709868
774.193745687
680.108492068
786.087346079
779.04934793
808.648978102
312.766458825
603.479219852
487.492888575
448.687101685
663.696366557
310.762267432
962.742626724
470.412323093
103.47990292
426.699712323
943.067970639
752.21259555
71.0445332167
769.610062734
453.38072688
776.62019606
738.182082514
73.0251313869
471.022565178
143.44900825
308.031516846
200.052412764
729.97822208
676.397127912
484.315672272
413.042847428
618.715914901
190.15796816
443.361316651
536.341450127
921.351271339
57.9349910818
545.628761896
468.214210612
910.089600572
359.523240843
710.206207671
431.563801143
185.145176233
116.144823141
926.201929421
672.21634092
88.2668586374
571.544051859
447.623632229
305.954258912
153.256583724
313.431826055
752.997778505
797.321075173
175.375555362
181.68283318
995.836005243
967.781851425
278.889648427
941.262847838
875.255226805
472.53650113
90.0276275744
537.217945244
656.324985395
763.203890315
132.108270311
397.885673643
11.5590425567
153.222607921
451.724666733
88.1348518009
204.257760386
740.220211812
162.355724002
223.606458332
390.648724177
717.403902262
264.791299256
51.0987110458
500.129514963
825.92903846
7.39811960758
447.309950602
1000.4374796
867.149853371
284.993324469
273.681562452
266.273039664
831.575980892
582.594414935
317.911490988
539.660825755
167.311003197
719.254833519
99.3323485345
203.92698809
779.573773357
319.922250762
834.794406266
671.835095819
712.622418781
780.825361472
639.826705293
607.568692271
625.575842402
561.568615378
203.217453577
930.21557484
665.482218104
357.98322438
183.168822121
806.971509917
44.3980540766
468.908822997
737.675190428
780.280352782
424.486648233
518.517449822
747.291255746
513.205063805
429.905586219
598.700651393
769.188590404
182.840015681
756.687561125
403.4827013
624.310344209
136.898856354
905.137962205
1.66715981599
304.675299145
627.702118212
360.905176606
390.801919301
419.748259149
807.773812678
674.710599202
878.83008243
507.112538853
360.640120399
593.496141919
850.764184979
371.98733878
385.430790858
716.649015392
383.339066158
130.600511234
341.02485407
989.647389994
257.453704582
90.5866310106
594.845694906
129.658575851
500.323422031
161.387581669
374.631799841
244.11579969
918.890866306
18.1185061715
477.663209224
428.599495511
777.680515036
553.543212914
451.409142359
597.750834886
472.205949814
277.096154429
524.134966098
343.625613962
809.146286398
737.47052602
563.915300703
578.042410883
702.430094426
278.33585231
338.340741003
262.097612937
571.92604077
611.740109961
578.977786816
385.833463939
664.250954445
674.892641393
103.242827817
87.2145212185
154.977363644
147.799332978
976.213265238
237.953909755
81.6485252323
936.48025612
791.846757579
282.94480953
125.063782215
482.231875104
528.129893353
781.654656853
847.022169421
82.565730527
901.483584469
206.664137733
770.205752315
316.281063483
569.179622885
990.857329731
724.303236215
740.868721496
713.224617105
239.123911765
245.981050884
961.400539245
204.442449931
555.943951157
144.902245165
85.0649438876
477.232110402
737.30017759
129.778335013
271.549853204
519.067480759
761.733671435
187.176587981
857.029420063
746.77384803
701.952005639
312.35239338
739.439016446
195.487775639
981.080673734
134.043278455
80.7089073371
72.4543365306
575.387260254
612.288617397
138.910129205
263.551384709
931.334565691
120.746443941
576.015386133
507.643424919
879.580264855
487.88187128
850.086089948
672.776126702
71.4698519198
455.03714301
15.3018403982
990.748725957
478.640560709
132.128183141
426.945831224
463.734930871
989.794256017
673.13991286
547.30516557
491.7470165
753.457744083
347.498237738
819.961995026
106.553164948
800.015820456
186.924580263
873.30728934
1.3772320109
845.216132956
648.714155894
870.109688959
374.483695339
263.285586243
495.349603008
614.509163294
638.099259804
834.844015924
357.871309906
1000.7754664
331.880442725
70.8260417051
758.209965287
701.312502135
227.778813288
701.37708777
362.481810457
25.9436375661
508.927774376
70.3537975906
4.77040774618
551.359817128
138.698513629
156.600158123
216.198709166
298.749761206
799.735996806
151.021782427
660.896058126
140.690118705
421.06893306
733.704550366
817.683798722
852.594096938
484.637412601
738.510982214
192.509750473
416.036923291
717.163353005
305.871076199
317.454478193
127.503540343
735.279621526
453.282298248
950.226739909
858.253180776
72.4862454802
448.690758917
971.969109007
936.450138631
631.596429238
22.7815392569
606.779599177
718.172629782
643.967265171
412.944475935
556.016308562
592.994645309
51.3990520156
900.330027061
239.46427076
466.545886782
646.371765843
189.477606678
399.80679897
283.687380153
700.648780931
530.310736628
870.098228512
768.027893097
636.848420912
400.218251428
760.45531032
53.6034427658
983.434035843
21.0061778947
820.679682412
435.205923111
766.074065547
988.350947797
81.3069706306
874.030523448
252.403629392
74.7031574805
107.997447302
690.096505486
613.202221155
663.126553188
851.180655165
54.7251279685
825.942527555
718.891083154
884.627652181
757.771240611
264.255549182
309.048409513
91.2030537656
106.685294028
358.979760114
812.477759514
141.983293929
292.60176062
689.942703847
261.784395418
4.20684293816
95.8672499824
76.6816686822
531.999651734
462.846477087
290.885583021
515.381081378
22.7262367136
27.588917755
525.150561818
371.177315225
754.393148889
86.7455035301
21.1377454289
427.526806585
994.24779322
156.209828114
749.870840333
350.746745046
403.794020107
320.623056132
569.626236399
973.494101661
917.615036431
187.265309357
748.62737312
904.927351331
904.133304783
390.904306221
665.129508109
727.099744418
509.17451049
897.351542809
449.239711007
851.997456236
964.900591618
466.996491271
827.483018398
1.20799359837
747.854088787
834.307368105
10.0861382707
78.9951276221
496.150587687
314.761308086
918.948347683
236.545738391
645.90916895
65.2901289358
62.782030924
331.642215249
435.331724358
207.243705704
972.934342367
693.689879037
341.354048669
146.249098409
161.244243149
286.540657461
258.177505773
407.31326031
372.041243723
909.690007116
398.667422806
563.523612839
463.601681989
721.256102404
458.735102098
900.140679457
362.644260013
623.916826488
647.75082273
181.474304746
282.595371576
659.368561909
848.930563701
802.323771973
889.967005881
443.912416472
254.981958674
194.011750839
32.8408999259
262.995914615
632.77017708
101.877727291
844.287482868
865.453549514
440.902150774
585.647749723
896.57742431
512.966843573
687.748183643
79.0034357249
915.694048136
165.920401756
123.990790903
907.718376506
127.308413114
312.435779236
951.054651009
220.760841494
19.9508112106
163.903635048
789.405969841
267.648550397
865.129214059
481.663899648
861.828256368
351.323490852
861.908517323
300.965108942
152.016985971
152.467241967
816.928468797
523.848631564
335.004647819
744.406622185
639.397418971
245.146431392
706.01823136
988.130670792
148.480911084
359.804566289
800.577482019
692.916283433
591.773330722
525.35095354
629.180041984
571.032039752
599.278251552
592.704032486
793.133809056
31.0121107564
237.978537458
865.400843056
335.212547692
744.723640635
788.825051852
681.068140494
424.971017032
746.751809682
647.818774124
787.754123399
366.639125671
805.627474938
190.755361404
345.456206366
950.473272362
311.541719045
548.860030356
938.522962266
340.48749034
253.206365114
108.35846067
425.601238596
19.3220152314
313.235906422
128.883806512
126.092387822
93.344410102
517.754297748
917.716940794
352.350317529
778.605703259
232.540339622
658.143936765
198.151242131
629.372525062
947.753644319
292.734133291
513.217567815
430.236525692
552.261333108
849.813570111
902.806269
223.538416926
244.997970859
782.314233798
361.82802646
852.205449603
664.400730771
254.317933644
743.916625306
958.303150056
371.652604532
8.58781551521
497.016983069
102.206929656
455.204025957
902.213332966
926.016263043
472.286425181
563.331321977
258.7888337
237.022729186
363.97880474
926.559858526
365.913193412
272.022719228
997.257014608
478.204354547
769.587192201
182.737671837
934.818834291
933.536275845
239.050443685
543.906378475
650.214226731
394.426321842
468.509228022
360.089430394
602.492227347
861.287257668
202.186714419
551.37474353
627.400221171
764.694805354
24.287136934
377.280514447
970.374156909
350.981130297
844.365194981
772.378438943
46.5187056726
396.602381652
63.0066516834
176.749479035
606.728438257
642.082614413
309.756796617
814.010306793
888.935687727
262.679582477
761.483234589
987.786370271
386.330246666
44.0213377827
864.426552923
72.089740129
289.762485239
544.603890815
757.979897269
934.208085932
185.67370714
742.681793529
599.096632541
11.5967071105
567.151212019
624.595043283
624.8955828
548.547909353
625.195679928
923.613159467
994.708506717
748.027131827
147.913905038
364.491929171
226.544808477
61.7240444195
946.926782951
771.716799458
999.30963333
34.2033665493
905.131297031
537.619793453
961.109011628
799.530808484
730.69302146
435.133284818
79.9151925372
257.414466393
137.521037662
858.961968194
515.620371631
287.887141743
550.288794746
516.981754996
606.660086362
867.279509279
404.472696442
858.899108428
577.063375825
526.711002642
381.40684856
892.38070958
253.216505072
892.61724743
898.99939709
214.361958866
58.7205529777
487.615672581
92.0265525632
907.130428432
851.584239097
62.3961541217
505.985006652
886.771550299
642.195265558
983.516821381
135.806579801
162.915554504
40.0530207683
198.001047099
961.690765787
26.6876413219
707.823574854
739.13700264
879.893672465
82.6735897618
792.46540711
361.050426826
747.538993379
538.242949345
162.120377434
756.37835943
88.1205247606
795.22572992
645.340970612
993.720503664
551.72668772
619.615752843
621.72523848
912.768724866
52.2601605943
789.305985089
688.91487279
322.154254515
668.683549657
119.108892642
278.842362995
735.524027985
474.718598264
79.0637455579
137.538658806
64.7758700111
976.400361479
261.706608253
677.012927689
732.466454327
854.540984043
77.2760114894
51.8414903168
566.014015024
386.562033655
22.6398177267
293.586289477
837.599953085
166.806656712
772.542143413
546.375060547
465.870327968
304.124475232
580.526495983
398.410482749
760.85331598
626.285953448
786.678240546
482.621098407
500.365256437
448.264669319
639.593309512
337.193775096
730.029999671
408.409769478
787.472744274
10.6380600165
869.639520271
150.883388653
895.788207336
456.094569032
381.259689567
306.607557713
948.027015915
565.562592166
425.525067924
218.278348546
185.550960136
536.233271965
346.580731741
146.475426831
512.891782354
173.236856976
828.198115043
762.350650519
962.19562532
973.103361994
776.99243508
689.435864009
825.912861168
803.459905415
197.607211823
213.853514869
872.241956069
645.812954523
713.408364655
156.715513313
291.683401069
612.099178188
188.367403497
72.676049201
476.662184044
580.771461291
585.702264179
791.854414904
919.282560914
905.510526491
338.203041686
560.907835924
462.834713095
296.402715003
41.8313479183
79.6697232372
636.72181899
814.06036515
249.592586447
779.336763455
837.072079325
170.177103572
2.37153986435
40.4817169234
273.740118033
549.793089591
436.389772538
21.5851896025
403.115132711
491.286372698
111.006804177
165.086372695
255.989813548
733.625496857
951.667013717
487.099842428
888.866949315
737.457054214
856.43801004
335.348565982
954.105785018
712.203313477
694.293587097
286.339962446
95.2624092092
468.771457249
801.068426068
604.158471725
367.034288611
649.060831227
451.886231504
291.797163998
721.712476882
837.968066805
620.446943004
21.1382337673
862.255275283
681.432359783
949.274619834
602.302778538
815.299603871
120.19597509
671.52311959
6.27691214362
27.0933409526
793.950912125
65.4841290871
194.158893446
900.29718026
978.216811583
400.375727741
372.378970411
906.64128818
306.72697261
539.330735754
259.598776598
550.294885596
877.100016192
743.273307034
918.499903034
829.448173044
805.485612307
897.953137255
458.16269288
192.811920443
95.7262565333
317.847729245
128.422118208
973.482882996
267.841486173
264.073535363
542.737356926
919.130325982
101.488217496
300.431738876
119.098480508
532.663993107
576.836092604
937.214290386
