831.862874545
409.154858834
638.834410431
70.3156636204
95.7310307579
304.315007203
187.390622614
813.060903425
412.594976203
613.952364267
468.088574706
104.732128241
671.608378727
994.785329305
265.429011453
861.560615701
959.271110379
723.402622771
191.097543545
953.908470996
487.581140924
969.718687223
66.692469594
701.29489866
492.374821532
953.56620032
508.957799419
948.523477229
612.07112875
480.224216981
582.740011411
995.44187453
826.262438596
718.212649182
462.164853626
871.881185489
960.815984209
450.990936926
425.78581346
974.070993523
412.44611772
535.53670787
508.418405467
958.50057084
509.166019468
777.216141359
721.714268078
814.520279842
286.03019954
923.752652193
353.454782908
104.266976711
315.185607553
274.087872277
408.668562798
439.73841131
503.610839047
139.369331642
11.9286900483
237.923984291
892.010201762
975.120767944
895.072500014
624.82434659
464.171317527
18.07373675
709.576629695
684.875728508
719.376696796
824.937893705
749.873798343
932.306074239
542.728287218
38.5480249861
498.310738005
885.355003483
305.735223929
7.81942733184
998.357314543
353.692906716
934.447747968
758.088319755
92.8585058078
587.801764034
606.883866004
965.69922601
784.416181681
545.624818631
911.498708915
941.890353629
555.635837521
358.071786878
410.556192757
497.521262901
579.657247116
133.791718674
316.664719854
127.248052055
96.0484436633
590.428217451
220.24807909
171.49943376
721.090314732
247.278144168
271.816764961
962.596302098
495.12155213
849.388152484
43.1242220229
957.131946061
858.784124819
277.519846729
707.781183963
63.8166977466
916.126187405
781.175611192
870.843954427
662.210817689
873.211729053
865.517715715
497.075624399
983.621707174
478.119321015
421.835727729
984.965334166
922.098480367
148.316205977
688.334845819
917.448760153
289.50781604
825.566501019
462.273581292
456.172640458
318.559112904
690.975581739
914.815350228
416.437363958
19.2590988857
369.845458458
334.118133238
715.718033056
111.729689299
392.124056538
510.700243634
926.357908474
547.961419972
30.3810825074
142.47831208
83.9789887533
26.134484429
828.064035491
361.375741251
272.785060974
550.315123174
555.276213795
871.381122001
224.000155595
864.16838609
437.027512709
525.921252759
686.13151026
279.223678889
435.77287052
888.396988215
610.853194987
169.453849064
542.806517484
457.444694554
365.217690262
593.193609318
454.702775105
595.835247213
449.877694254
350.505618088
914.319645095
480.167783493
485.551791152
355.585367001
145.198559176
995.099895206
887.369829311
499.606456606
174.646452045
931.986535244
26.0107067328
125.547216458
340.648642113
511.328453266
608.373623537
980.796932097
338.995388148
997.203737264
273.24878493
633.925563341
700.912947901
146.8836723
334.717368442
532.242915091
14.5259945942
773.447454093
597.850266312
676.827528409
462.110869986
752.408748291
108.389625467
144.829877954
45.7191386684
867.504241722
700.107734721
531.354728334
786.357258542
309.231029379
391.917981039
57.2685971802
732.206522188
682.958721988
576.678998022
579.071088834
203.836405114
891.26706447
801.1881738
245.632506534
466.35835098
35.3722227145
126.264806606
698.992444041
889.184611589
447.582914377
71.9604437963
528.894254283
678.757804586
515.361950094
723.882629066
282.271180975
43.9880289808
908.975917192
189.866626188
250.663508572
15.7475438856
930.490289351
725.632293527
703.682111473
755.944171491
387.31640209
146.551850559
430.171724212
10.8843516157
685.194944946
723.818512082
3.26339488144
783.982938042
682.09109463
20.7248503997
660.076942799
160.978170991
558.459470052
376.820989539
518.210403679
518.358327032
775.919677628
848.184255099
909.704066945
902.414042693
123.443986192
584.762238523
633.573503001
197.952651868
920.5585202
652.118797199
639.714673497
776.577189085
974.825893258
554.495601244
788.051513415
444.941810658
834.293297078
950.373238371
177.950401761
390.436588217
51.8196933239
611.111195707
632.760677401
500.71404225
228.371157239
608.225175075
564.125590601
92.1486291069
326.732739017
674.548666864
816.718795148
723.253332182
494.899853863
970.642096966
434.875938689
357.919483973
396.192911407
351.400970249
295.461687599
221.660863273
42.443403647
483.29118334
0.581997934543
912.104265481
549.033195361
430.303130529
506.300322483
603.601233492
788.230611463
438.823528902
776.754830266
47.2301684341
688.004963351
766.653645223
158.910990133
851.093511313
870.611775173
271.992633873
45.5828775785
58.3048908551
645.558763188
93.0092712322
105.714981588
110.772422543
115.934515438
879.493377928
261.234904101
214.064028123
789.491941464
690.977736759
962.465773418
968.673968348
116.062849772
806.279263485
811.612683632
947.717356054
269.361734257
1.41847150455
914.975672297
842.932730618
905.773699815
208.767844403
641.146104964
17.9315127974
797.620033936
118.803238236
216.618751772
311.225419515
804.42204268
18.8317996272
984.796352813
752.995651762
981.748141973
270.07110686
552.74478203
100.08523135
914.624886276
499.39667444
27.1182071654
240.700198091
417.68549904
683.75658567
746.797192107
667.967390282
55.557797614
13.1074470646
956.711394773
722.826686654
459.187795885
681.206686375
264.256756137
42.7270076715
522.858270695
212.529787252
43.0631280398
304.784932031
613.016167352
982.294006178
869.635517035
235.703410897
986.611059754
926.016623987
227.277115031
640.008977213
682.208533698
57.1249072175
869.434818129
29.4230248511
613.219623091
458.573950885
17.05329262
515.245440222
825.849233501
0.353912925709
771.488365858
148.269499768
318.69632252
657.413363503
368.996427007
349.727496279
916.587577202
436.019054681
733.649430094
637.453093401
242.043809585
941.0809004
55.9999624725
148.540782401
949.657126733
129.906144093
248.109722593
634.640910325
784.245562913
665.80293874
619.886046537
642.235053062
257.349314038
419.968518118
824.297763672
530.030464344
183.162573757
977.191531519
241.641225117
633.510520374
192.439645695
538.401503069
410.247483467
605.475453153
153.873796088
944.173517215
324.334449277
511.107828642
242.157047279
382.049332014
816.356032411
340.000497871
177.461002192
780.805697223
565.834940951
524.400009962
967.396418471
942.222766557
841.633010813
416.236294954
755.790698136
17.0602491371
306.514837286
86.5343551465
850.338469963
765.891205209
590.724865559
930.309669762
662.33790179
774.704849217
698.483028272
495.407089612
215.359208947
407.516819754
426.32030442
214.252557449
460.02556658
312.025084731
805.431839236
433.954105859
38.9113919641
126.55163154
643.668007865
102.665784579
771.166894897
182.439405789
932.902911733
65.1496791654
354.410919771
503.503388113
70.9005368685
599.560255425
810.165773249
995.063430839
371.317773002
519.394583736
199.47915006
838.58603082
235.459762849
368.029554178
571.83908331
351.499730111
300.426582507
703.143017098
117.916974174
852.953684257
584.301078855
328.275817373
859.806360923
736.28623701
322.429984924
196.749573107
892.566962372
294.789775068
362.895095734
62.604223666
936.589739065
403.961101481
937.63070889
139.64463026
341.258727956
530.521337774
166.396589375
933.220766277
382.30980304
601.377286072
994.797179572
947.970856887
229.846341927
317.129074296
777.807977747
678.175412477
285.077751155
58.6891888591
719.920512341
467.119187622
41.6375735533
352.996625443
193.210595754
445.052305084
188.25694094
94.8234641079
566.907069912
757.16346366
589.175551597
275.953938595
500.082865789
819.859341845
1000.14919501
520.548350831
212.605337098
547.571473479
251.251440712
737.095088868
607.280277597
614.840446537
691.037040421
376.329113679
613.523638181
156.043311945
568.179732389
22.6690365902
734.490083868
632.062731631
565.973746945
735.475283622
289.164721045
168.608047803
480.616813456
486.346721893
55.8420618977
542.245270342
644.045516045
803.464154989
686.816315333
976.927162593
818.149365958
577.6651295
655.811750721
516.79252355
142.568488418
580.209391217
836.349498054
981.287739063
511.495274635
371.251642273
594.53424852
577.193191678
152.443727652
111.400958116
174.078825882
858.076997507
716.877358233
523.905297112
510.058460899
611.782400451
561.713283207
7.56366073973
82.7911696766
49.1987889974
614.401668111
617.870717177
28.7044924576
464.697607583
788.477488288
139.409009548
681.86580523
678.652803182
942.538703772
957.539897998
935.246268509
202.313771505
356.639327845
100.79613215
110.607102835
300.397681307
5.55898092876
482.772020777
164.37324779
804.642979399
912.09527294
971.585974786
628.523319927
777.951024813
291.339794804
20.837146684
713.789432186
266.19916698
360.026546596
803.220098074
733.310809295
596.830789086
622.882621167
386.705843758
326.270032031
939.206486967
171.853338614
934.945740025
15.7758788595
395.5909229
634.336855013
154.82294811
151.849768543
785.694601665
312.382348033
216.286532624
886.38921615
454.021927713
288.876027085
762.996227485
166.946715315
42.6501149357
332.369441911
499.060927059
390.565115183
579.387840736
682.80522036
829.132587689
669.116572901
587.658705287
52.1810899898
807.658207254
491.492793336
485.024470571
432.837849636
79.3551717081
680.26351628
41.8388781859
532.205878359
600.012136667
430.37219013
851.887813794
279.386432227
658.129337652
581.717084319
496.712766067
739.367392262
639.759492049
981.321509831
613.828808112
248.363636775
909.718224424
57.3783781607
415.567223042
267.680424744
874.921156305
936.63306811
79.6920204431
385.605663263
476.886486423
499.458776425
635.946563085
497.6574582
417.593769428
986.287181523
545.416232026
104.046979969
260.415716418
261.611995055
449.228679217
306.509956226
935.347293695
730.79036081
932.420349258
622.996728104
203.438192411
897.67219084
211.111005642
944.363108688
543.264515811
754.855005129
552.176083357
512.172965788
634.58369164
627.446004115
738.040620641
999.407991731
54.6737002758
313.221403775
353.701428628
81.9890553363
941.586426371
641.122423514
377.974489724
853.485208745
876.748868983
412.464741832
19.4587404438
219.86615523
234.83512947
487.03423092
926.728537667
589.060240787
807.122384544
389.506546706
762.643753662
253.945302302
60.8533032969
602.834926058
41.5003908586
377.423885794
341.312607917
969.12309709
756.817748981
570.418715488
534.623888235
192.632068098
964.921121894
665.63975526
980.334800832
917.515291808
903.821705391
495.041930893
615.402437529
198.465046846
316.101562891
715.910283391
566.263959261
114.75890027
606.715534764
258.571447764
887.401031352
647.727439086
887.667066344
828.629422795
56.7602244081
273.330505725
708.471982289
868.451180546
611.029702652
210.701912755
714.896588397
107.516292288
345.627377019
149.517158202
391.197940485
620.287125591
871.13211041
998.567229333
250.788091591
926.649813377
859.3483107
834.27268147
586.995256459
858.529370565
352.072113651
809.354254854
463.688936828
377.83236524
545.36189205
955.193751034
999.66510153
350.265450685
199.975933592
920.669637806
828.405660315
71.0125976709
894.827000028
582.327658933
960.845550101
116.335113431
126.437772345
798.716843977
658.160611404
796.395489472
549.743903373
336.413511751
973.140106217
401.907471739
618.615181326
216.51255181
990.039027806
694.859390484
923.51513993
352.860905499
582.709622039
344.237848532
106.13179857
746.092186965
587.042536229
211.299210972
876.869148061
676.651299507
607.4538499
428.510656632
778.902446604
780.10110196
22.2410145705
474.165110887
622.958723298
222.400104764
134.048399833
311.812383668
150.235334988
755.307095829
480.636160348
398.374823968
926.825624463
553.947348624
996.379200987
644.169660147
473.057798041
420.49614061
525.663463594
72.8474122678
745.701647267
47.9737302565
270.553340502
690.408229077
311.035164997
791.043209863
995.270352069
93.0211447374
995.973500833
551.173693468
523.248952071
599.952231926
474.282097604
681.19594681
471.448490809
168.408401721
599.15898511
927.149451481
68.5413143147
891.279072994
395.667734778
407.268794218
766.543814238
505.309435701
57.2443307615
830.456736719
433.253394778
869.015283973
546.051403679
636.306101352
115.129456581
755.03249338
936.737342645
630.802269418
774.141916285
668.038486084
670.762736385
524.010653051
855.956602653
686.283408541
719.641371494
981.314507143
48.6290146906
420.697370915
934.433669872
730.448314569
448.098556652
750.802317896
917.569970955
836.621953685
340.829774767
57.7219827557
242.912185912
776.273416381
489.390545112
544.94845854
762.963597422
320.822812262
922.558335272
292.871979078
426.703624116
893.39354055
854.3158662
943.558733835
425.200449675
419.998386319
31.6007759628
614.089752694
323.559756467
85.4394369757
370.212210173
214.98298225
236.750062852
974.118942284
321.065272657
872.591817508
245.07349871
604.946264165
408.750710499
8.56772484442
905.894480603
216.267256804
250.686913794
679.06779466
494.173387276
143.504079495
653.858167353
939.835992969
473.477503249
385.911066588
508.077567484
742.647897509
425.006948192
754.165234775
61.1415203038
277.092967872
572.714185176
299.172016117
125.211190425
680.924270519
444.564673692
633.563115249
770.149800485
210.068755556
390.368047421
270.430117429
868.458202344
13.1483962943
203.70124494
3.28170900768
144.845498194
652.844434331
856.973630225
764.2322142
605.243189976
805.186257785
112.970341428
105.933727988
925.28805496
275.66070102
492.310384672
833.769743864
975.393344509
272.688942725
16.643837839
931.344645629
867.019245405
547.700021249
986.229278128
796.229500707
349.927790433
620.549422566
68.5258279954
182.304649689
469.048962891
717.535542904
729.769838198
638.795849142
409.150952919
640.125023028
406.875617363
751.101194596
892.149956461
773.503513993
241.203430921
733.48308344
697.862061293
917.607601558
903.475173481
45.5664842475
78.9848935364
0.721391453918
697.583755179
876.933453377
865.33354005
472.491735298
272.278847036
391.438482772
874.482662144
78.9836415588
922.703883183
425.364389783
506.236192365
108.483528591
156.371839109
895.249237448
371.232970984
980.287926117
351.214495492
586.008303063
667.061437274
585.858528034
