365.22537515
545.069478979
406.288396199
305.735576726
397.763222801
91.2014762038
279.741664856
325.65136132
568.904921522
155.432743895
109.802124458
330.845642908
619.245680761
25.3204978335
789.937045374
640.194177335
662.902740126
30.0119392319
851.266299279
830.307940293
841.016407075
354.083853407
104.640412735
922.123656039
174.316247187
149.685320518
438.994456972
757.265470432
588.779010526
109.980573742
879.888413068
784.615898379
152.281281661
453.089524099
701.851213664
324.189225232
504.018981995
915.025842606
906.17897247
283.99387936
944.032251571
104.576818049
525.601377296
673.686897156
933.158114423
332.893012911
894.961125348
306.270005846
495.39178886
83.1480211372
59.7668901975
863.356710216
448.743227417
810.64728724
808.76655451
299.321384243
982.763992488
491.463545857
699.892407084
303.374586033
909.065666336
458.7341867
601.318116959
892.347363107
11.4090163007
413.358177059
154.393575115
973.787907963
173.514526567
184.675229548
87.8951751914
169.645046928
163.558785665
457.881400265
459.310816152
272.904065936
671.0464579
369.470127027
813.357164647
535.504203879
416.194698932
98.7268216822
664.85838042
729.97213311
757.269180585
709.644104734
672.358129903
712.422508746
395.535000634
939.929304653
311.500254356
24.754593266
283.534643546
766.85818575
51.3653025637
864.908310292
637.917336021
592.88890917
83.3484330416
394.293002374
311.128330363
801.206672782
745.547096523
118.502679449
286.298367747
311.454098368
532.564949694
305.875208359
908.332431523
305.609227681
453.502214468
69.2026534016
599.319308239
538.556518644
676.508257191
667.258332723
700.886942416
925.735081809
387.243245527
186.324264329
613.470590905
640.475387294
227.587674478
516.804553295
351.527640179
794.498069961
227.413196502
118.126633544
98.9090916803
582.159945875
326.81364321
894.98518618
522.978401073
735.630881917
374.778824172
215.464005335
153.009787532
497.365870589
197.76074054
729.823042847
662.925092833
819.84493958
820.212478416
381.218104273
621.307324121
263.169746844
497.297925352
59.4139331086
136.195224377
937.822830573
78.5908275019
354.299674301
78.0185646127
149.432191951
530.774078315
382.995292704
380.495578053
350.850600792
621.141890493
229.73035108
306.763964783
874.464270146
508.375492081
275.642064698
211.524957786
249.78932224
797.691437205
330.556450789
145.047826697
720.569414609
740.447851552
509.178516427
938.232010664
557.713095824
252.647559323
850.650618106
465.18076703
887.835404811
709.047659252
929.264545441
797.19532825
819.800763369
357.886736009
6.45063826405
77.7849704374
105.503733628
90.4953652212
159.912152959
602.337465445
417.818255236
353.379454562
125.040398744
637.626146389
383.617730728
23.5147672059
152.978212711
477.809825572
204.02554848
986.878705699
776.935089675
897.054652144
899.064477805
175.644849059
135.385762243
204.333590295
47.5817915855
687.351982369
872.51439453
418.434803894
499.785503442
836.517032863
432.254860034
981.341760946
457.294718239
762.153508438
758.810433858
252.862503738
446.931253954
213.070935382
461.30263815
642.192379012
225.076685868
238.071436857
467.089143758
567.672405263
623.075352156
288.507674536
231.696892911
937.769594732
935.326176582
775.031784969
48.1228510996
789.902993155
928.64270966
712.367614786
965.351540497
418.407413603
404.607808257
733.885026739
870.855251231
265.135216403
362.638037894
290.370725502
254.669984741
595.160427175
238.23177833
453.966687791
52.3972036112
452.230616307
939.170136283
306.072863882
675.201240512
736.305308665
99.6743706414
502.402003803
513.501710259
62.6248700998
352.217603246
173.695299765
696.997803101
803.23689077
168.561634601
325.948493344
425.091238484
903.219320138
467.733429048
636.173977337
15.7133253591
821.143955772
290.913105634
290.339529009
773.548462368
127.192193968
43.3697705182
697.089687248
781.712196454
549.746698163
186.905552017
698.84665435
856.613473199
794.271012427
946.828264505
551.251018399
196.470089249
946.010109325
30.9692876792
59.5512219542
691.941551271
506.475955025
174.811561958
546.694525952
474.671355472
568.863516353
109.180869809
655.439990583
963.698184207
285.082628596
54.6048327836
65.6702143071
334.387294661
205.582797235
800.058097977
850.041519747
402.394043578
164.915229409
993.341165545
453.533617524
546.51080975
343.287029325
82.5512602513
150.243752977
464.305814908
568.565016756
715.494903751
61.7992968303
1.06721466096
20.3325317581
210.357123859
995.735341892
545.355672194
160.912394384
174.197438246
490.860661011
151.172197538
397.024037536
977.645202848
533.77501967
579.649626976
269.827340047
159.374553124
454.592474912
748.333133541
216.556622506
100.917766355
753.788750705
765.449033829
492.63628278
127.646688396
18.9228489337
697.555982478
731.114643918
732.056688291
134.1290696
196.817430704
242.402653127
64.0405144529
934.976942239
457.405743174
645.239157251
366.366477339
692.630667291
210.19508159
925.056926393
52.2711485818
653.002353586
11.6558421572
870.024142084
913.928952043
573.200779199
556.788371624
814.454032874
411.688507756
148.030752431
581.225905114
316.417463796
787.73153973
850.290471789
139.7855929
736.570879416
363.682668771
443.614440639
511.445762094
898.483340595
286.059407527
151.858209378
531.48308542
639.336662506
367.218617431
773.194214289
417.195565532
796.130142467
397.946892711
874.062227082
460.201657182
658.194932655
915.765811521
558.201078858
750.092918838
184.61606565
377.862610658
800.871603747
431.514288828
455.922844236
155.322308051
660.492385798
189.659378872
201.315269623
439.795552998
777.978164847
552.834282526
417.934094238
484.138247841
959.36089248
365.789113363
877.128073117
912.551752485
293.479802927
834.001443396
816.552491465
796.096870041
755.129454601
978.642741755
188.407421551
281.157394638
295.79971557
208.635371343
584.336425179
576.709029492
729.651598825
956.826166807
603.395698456
176.628608829
804.754493872
299.87479418
619.142495255
996.953991265
112.324981554
493.845091243
87.048776257
16.9150046363
401.836710676
164.864836248
777.793523085
581.796207846
493.044289651
879.518243249
224.593478339
285.826750577
838.398515001
256.235951971
250.762213398
581.773316337
746.590900445
436.06834097
690.006565523
230.112194703
774.174194626
239.009722895
913.120665109
169.924170426
61.6591490213
354.474167759
5.63096065094
91.9439072811
332.357781358
162.623198846
881.868045059
948.101073032
266.63693212
525.559250183
67.7849084864
877.733075922
375.923774291
139.535467459
563.775493516
29.7954594699
208.347705951
653.912940199
648.362290614
328.503222675
843.709961313
600.291743964
749.706779312
805.622668143
79.4509422284
973.390990631
800.759469417
781.720370903
743.314858314
697.554421943
822.769987775
83.2979371687
569.291387713
580.631286143
829.877067668
160.042358313
515.351501049
334.347335845
448.596021264
652.743630275
248.937067353
276.625051953
668.133213337
374.14260018
386.651589437
801.750207387
512.38497647
634.034929353
620.752820949
613.12561001
845.786742769
627.54955573
55.8109970299
459.233338879
214.425222198
7.75874290799
187.836987838
560.26225777
510.842808096
6.16862906924
930.973547234
912.524881049
772.449380208
651.835025702
499.085646151
62.9078959554
418.37146422
355.121181478
412.460136281
510.495759907
694.419931625
261.188341304
189.549077615
387.908112847
258.630090871
882.562557873
119.104339312
740.204217472
91.3675992854
125.440530505
121.712879315
876.639654574
888.615580821
800.041494451
407.601038159
405.3979744
487.887404187
908.780165731
798.372773986
975.475348334
855.280737881
507.752070353
698.732922313
83.7122183254
390.103032536
191.425012826
914.123755679
534.898659298
485.051178601
784.070553839
118.019565077
868.655622879
148.525789437
428.833426518
932.619969113
283.308234872
812.377043466
499.115047142
825.239321937
774.687982486
767.987340789
727.600079692
314.638371225
720.736512495
601.819889412
959.464674442
337.720722155
991.404887068
650.800348087
710.952419074
31.6253367385
251.990104188
800.682097446
19.5555331826
459.205634986
416.208801387
830.775150768
548.944177509
407.415168223
671.896129579
515.373486601
106.877483081
69.550991429
448.89443328
697.188821641
250.967359532
302.940411398
311.405569202
635.029712029
301.424565047
196.149086707
765.3373246
174.846227608
945.492380672
12.9377237201
849.06111911
564.866712149
47.1449461847
595.181346166
605.463999034
943.167372558
334.932377187
235.650617752
714.215532647
893.268841649
343.112743567
381.216642391
53.8329863205
34.5348735963
468.646628195
809.417852327
295.780178003
73.2586580642
446.078438486
522.331989656
96.2044479764
858.505189632
694.274823445
867.849714085
245.15095229
282.332950707
612.732266126
729.719809974
504.654729747
70.3793322385
848.825331517
86.4223527203
533.65284786
410.52180444
17.5700361329
176.935323687
988.416618291
344.448921422
464.229993061
556.14713065
385.148524617
652.241607731
150.03983768
899.544821061
848.227198226
486.274469796
173.205579773
494.166844618
461.379412859
805.987514742
813.076804733
120.125618272
126.501924475
359.044724356
924.704854636
611.782078834
750.768699606
243.181651329
992.257809365
631.37139381
921.413290873
892.112369029
365.833738706
830.339851386
861.579864103
371.681621706
155.807211259
42.9195282294
245.977685151
707.973706248
832.019140202
551.414199728
906.157759652
804.860263546
622.128298597
800.695381483
797.590302905
523.208957764
486.486361166
124.358161148
673.48139474
866.013285176
903.150340499
170.109408417
760.212537974
860.354988342
445.959024835
612.820606437
153.861989296
889.278409246
38.1573969532
463.748518445
687.781736055
675.36896391
823.428690192
39.7200019612
441.244703144
183.586596551
727.245945188
527.533775018
466.988035432
113.626146682
134.248897033
748.029511733
518.990252274
787.48040815
136.322737627
436.457895437
485.726729058
751.782797251
524.233473403
125.974407251
600.462105729
51.4605230798
189.380936229
167.960197448
625.407641079
29.0507339967
509.00151521
715.755856422
89.7319160885
779.748199405
605.243023587
838.052313153
564.321798818
721.019337241
204.865582542
546.29798633
240.303653515
829.511321367
305.809033119
774.630956606
846.613835978
93.3194991842
18.4766423156
921.561642626
569.915624788
158.861227913
740.691779086
934.265040893
942.952514412
31.3185976528
860.410391249
90.2525066199
491.297808809
409.85352463
630.552523652
895.433431984
912.027232784
801.724372476
651.507813073
582.12708596
483.481386337
612.242627104
436.274082301
417.981661755
407.887514131
792.37255099
383.232426977
351.332833363
230.223803086
913.389282401
470.79520887
456.676685313
523.244845522
810.002035899
936.612372829
163.741493875
335.390640383
809.580941666
780.561933354
165.802256076
880.315787519
571.683605049
785.790968521
829.964169031
322.018030902
20.0510976506
733.290199145
9.63365302986
163.328619089
971.148526308
998.578277257
315.914285357
391.108024219
434.633771561
520.887491382
672.764844807
652.795686701
76.9885308585
473.125653004
840.488303036
182.482996072
923.514522833
54.8492811617
939.04417261
985.267344745
42.7026739662
736.828118285
916.63054634
925.219154409
576.173142578
15.8575459391
566.372859753
873.389111238
678.620742913
564.673814341
257.065104721
431.636966004
15.6363681742
707.899710984
510.888289087
1000.27440555
737.544979667
632.637089415
14.1505462186
238.824321098
360.727542236
899.040068153
566.453577917
474.663188467
549.466973295
19.2991313998
951.694786393
24.2668022568
156.97887681
301.629244176
765.687818529
412.02546164
525.568005743
37.198012122
969.622546298
543.791277909
418.740617367
679.731146357
755.27107195
808.899506735
350.852581081
667.239743315
704.427189864
113.137865362
650.15848029
735.275576941
180.485908564
999.188971295
79.906351381
538.007556013
130.457872521
492.11986409
241.154687359
576.533514096
90.3662963693
279.699641893
382.837612213
505.540730781
231.141896069
329.603174157
46.1723614825
817.636263283
334.38721398
839.906635646
389.589695058
478.898802386
280.744702696
390.849291332
905.708343272
8.15964750436
822.851921034
638.371179718
382.189972636
150.666763258
244.121947344
642.392562556
752.222113548
433.994253237
507.780781724
430.967514173
212.948758122
753.238336777
982.815419274
453.564613763
325.59530108
23.5280408416
68.5807173053
431.00993313
733.392136455
611.887593263
375.340241804
459.633946422
706.478320465
302.252793667
991.957629838
206.317290997
183.680443884
435.005082454
995.830755356
941.988764993
985.614153465
31.2042454386
628.921131197
482.913327578
781.542631059
486.106205466
87.5974522836
443.432328899
656.620011598
975.520447438
254.815461808
381.957819004
847.403737305
676.200176711
128.972522397
337.314846445
908.54195352
914.392546765
136.872370835
545.4555257
295.555401083
967.671505491
211.696796661
66.5467179524
309.073652237
238.514568999
973.58791517
401.309935502
299.524637964
212.807336081
346.85971514
410.388612458
838.138901979
358.889622929
351.734831876
307.775839746
582.624761506
521.503309373
665.696134025
509.535487992
674.134727352
170.831330989
976.291703528
216.521078593
509.646233686
953.269163584
216.62944115
457.686557656
924.385517068
526.865899755
701.737469345
259.826109187
743.41818776
903.907086012
758.60459089
280.133654136
747.469573018
321.167001584
220.793461065
795.124152986
485.355358378
816.950599959
798.637119348
428.488777864
351.156360395
730.386236986
400.479585882
317.428236135
787.806909895
37.7771957291
279.026142436
61.4618321972
233.519837115
186.020059424
391.721767188
502.451157113
360.136689121
420.398663582
972.678958436
934.295365001
364.372707622
562.773250602
769.969869609
630.927244027
909.002632825
539.542321476
296.679819824
839.109688479
787.419543858
448.927303645
627.5302687
342.716489682
531.38079094
706.750287333
538.857360457
568.715636795
655.734541178
638.703019026
783.168533758
733.097871169
585.030468246
448.782432064
759.663606673
350.830559396
360.495629583
287.042747268
771.550791793
360.225680198
