858.081728112
430.807017428
91.160217968
102.953097517
147.48842738
660.787292932
978.181054344
116.229355288
96.7245633797
391.805928661
177.208559045
934.086215486
719.621455346
240.900170687
506.803768754
141.420381189
503.321032935
948.630673544
67.9742603284
936.405706228
901.327883099
312.348700834
860.225229143
28.3000365875
595.260190622
834.336556731
386.507741589
657.079327152
489.69884936
797.56513735
539.896238276
674.697407419
888.551501919
758.994365877
720.230565051
969.638631855
509.049434769
844.018729192
719.931023479
305.885734118
215.556082714
928.485582523
496.66155438
106.149854435
186.322332194
94.6198690999
248.733419034
908.651434796
657.563944973
769.547282433
123.166842775
535.239025893
283.901329631
547.56038278
225.28693828
777.180501813
74.9067735657
484.476041204
222.708228074
955.389442066
800.294715771
10.0019645605
886.562054456
170.859382724
894.211599388
981.245781924
829.077949815
123.023297778
426.353153833
781.447710448
908.900606583
582.543795502
526.469825775
267.377068529
499.311339711
884.445666152
184.781721735
48.4104885128
338.06896969
145.715924211
843.651256937
433.611665735
602.716491728
254.850966664
629.548148981
246.277190942
784.312162245
883.153628071
1.58692705803
391.814207126
366.333287681
436.030743839
139.511992381
382.268211064
182.823762556
284.767348113
788.024634362
526.184599215
310.218891491
189.820806661
763.690210853
404.412542824
897.953654695
944.866717475
338.507177135
589.108068968
843.124591364
814.417419092
213.908678118
130.558543848
893.066674436
166.914596244
582.512762218
223.335280785
69.9439978636
301.65695606
773.249965358
469.884624705
593.961834014
998.187435947
51.151585681
364.508162606
577.80265177
306.738937546
147.471085946
162.858256308
701.927987635
713.553181933
409.351209331
892.733490532
935.556575205
413.817901945
420.440231679
126.737704876
643.818048405
578.299277742
627.731097087
42.3219059787
57.4760919324
874.612820674
769.113047625
444.967817803
462.671874397
985.638284531
852.751479083
244.345764242
578.852406524
745.624379402
445.322589539
424.943300396
498.065657527
312.860472144
800.855095377
718.195497959
824.578056831
177.279961885
384.615811625
320.297287612
994.306344841
336.906046995
13.1624098194
286.252314611
206.757406292
834.977203954
746.84644871
632.102717101
175.803098164
994.016788868
483.903609216
657.509134195
148.327939568
551.224445268
90.2557286089
230.756286238
279.060558929
924.218427655
350.896347065
79.2198363083
110.181056536
741.987522842
321.344127648
658.201867071
449.78594376
425.013892407
376.284844154
147.940640391
258.58187882
574.563783069
66.2268873103
991.019924709
249.366511966
587.137076577
864.852065339
616.327905918
742.46630385
884.296646051
953.398681119
319.751337396
61.7055518085
719.093248059
782.494046646
603.840765168
870.818444433
683.031168291
415.611245251
731.138730529
288.079419991
321.959428265
492.247588914
91.4971722341
782.26291666
436.558227962
958.516759969
461.114384305
566.274387414
351.910930896
451.396978399
851.549590168
819.608142354
154.494481607
272.42934328
162.054807644
3.36658473782
661.797032089
309.235203591
445.295224646
395.099858503
604.384708578
29.1032708046
375.06949059
556.302613587
142.982602677
71.9550501037
471.982774686
737.691854939
795.372432253
889.727802683
945.955899555
697.326542571
777.84174824
451.91145708
15.5261506108
156.432267048
870.443994598
706.816052625
693.101011514
745.842641499
347.307176244
792.435108291
252.737364985
931.637484121
477.844360233
820.939139733
580.481039914
414.302079025
522.375627344
357.699615936
683.169808551
282.400691065
321.895575723
492.314651563
538.631588533
491.774027246
127.153890853
356.234781291
748.48044161
298.551333666
92.3054411548
406.7833306
384.692104217
218.163725037
81.2917016114
488.542586641
265.998591198
990.023853724
227.740418177
219.006955916
657.823862105
452.873099074
730.079423939
182.615675655
145.584378595
394.795944734
508.542693731
496.543656429
606.106368775
915.87626915
326.281343848
473.724998101
40.1667683073
616.282054424
458.673381646
136.554870185
75.7601176318
721.972500268
538.330722937
664.845452389
661.96338038
407.180334424
485.858574799
705.605077327
809.801533379
724.393023298
744.684884769
84.6012489882
189.749205085
375.898190104
660.900562083
569.879300605
595.481801301
963.264755865
782.301075565
532.82972791
10.0345061361
124.473310252
218.240786076
265.376769595
995.127366974
226.913911623
644.286924038
15.715818371
43.4411164318
952.162595115
725.670306796
391.605244891
732.95974111
663.94521488
429.249755664
203.786757975
874.146998515
696.58255391
313.074964731
305.192558317
521.265499661
50.4433891907
672.97556369
194.31949044
684.1893079
531.828105977
396.567376674
293.147612033
34.927182523
230.385735048
460.016726969
493.76251456
704.624241302
576.34689555
683.111913508
63.6022456546
407.549113421
883.179353631
504.501066578
517.897118443
390.428416701
154.606581457
16.8158774044
552.59074738
70.1898934843
808.70473072
399.267843036
763.253656502
151.92190961
474.15589779
686.002986375
91.8181376908
234.079068019
90.7543607927
423.776063744
397.775374199
155.557338966
525.584250286
46.0184112843
744.030226235
201.843722221
957.823182464
635.457870749
23.9982732253
471.745630999
369.426398502
625.261937183
113.960281175
151.516212616
850.357198152
811.562863391
29.5955486552
316.970986093
119.573426867
196.149989331
661.8579347
215.403266422
435.193461462
820.437130848
19.040585692
24.6120336
73.8982585013
102.503121543
421.179493288
120.168225741
551.060185296
801.163688571
831.559458855
843.609302194
155.503238577
671.549735531
368.271973894
253.753895739
407.989662042
50.3862628867
196.380194992
267.655735206
317.813901459
318.69074508
152.338206007
683.447239399
505.623262948
406.854114319
357.259246923
176.107831751
685.000190641
415.677299046
806.628207749
981.351880772
450.20227937
773.915171064
181.77017617
697.95254522
667.916610346
764.501134769
659.535549056
402.499969925
801.95273045
938.780147634
484.758645076
915.827663874
654.148301217
988.115163104
449.89353924
986.565595508
413.697761674
662.489299123
457.871835301
473.962804084
654.6540848
110.202538455
929.673136109
379.972332243
156.686171213
761.12828901
63.7330321004
335.611794794
813.860044674
975.743188564
584.685791513
323.679305192
700.665812615
859.187620682
922.301649768
588.027670451
833.69284747
454.679410744
637.44088911
870.767301614
591.198684778
57.5816883984
900.950387521
635.804508732
616.18291312
463.784024184
133.178662889
999.384751578
698.973702177
727.942472057
842.018944372
328.679990126
824.853303487
37.708906563
634.340217863
604.64938479
377.884773406
14.7918723147
720.072408506
474.477667254
549.593592965
966.600326521
883.391754303
872.361559029
693.55892133
888.91455397
743.210206134
194.028752317
601.973148926
436.984288111
830.868812498
928.980060929
407.450872401
930.862456068
929.752530334
574.186914865
76.3031102511
205.993690542
534.844849476
795.197808285
634.827878026
486.53181519
543.880774806
709.976632539
346.866536577
912.275885756
43.2304033602
253.635133348
455.027276719
16.9091568988
72.5248853557
999.591605838
552.364550385
724.998149002
910.694586208
291.122476062
927.699038317
327.184615736
277.844428555
361.881698453
216.948795178
697.659015092
255.687088118
384.039293487
206.8582404
504.92844201
122.127493015
283.025110648
564.69900958
714.103704301
524.887241936
641.763782816
0.206693681862
826.92479137
928.346442899
770.258879463
741.918383215
594.553970343
400.951379488
767.296743967
513.485505621
730.159871502
182.274450605
119.283343974
559.89102556
138.679279671
882.730335682
422.805092454
838.06444139
449.394596981
215.656190531
629.845959143
357.216660809
871.677440331
494.070112113
370.321305455
975.557273713
518.196078441
944.42423234
312.675642857
681.152753681
949.847275098
889.252058419
424.010329258
385.644433547
782.722539316
516.450220688
593.674597996
692.966212998
961.171347259
273.800619199
37.6123635229
744.4856678
930.565187285
93.5439610693
917.532567081
308.535096339
472.559332767
960.21661807
825.582802817
36.6757039001
724.118286102
878.895575707
416.23643756
469.529426151
445.352522607
367.411490272
399.267038273
142.517346018
105.219172683
316.065393434
448.818231354
985.053687279
301.580902417
249.424433608
234.239492195
372.601194766
981.294540094
240.234766542
4.78260597177
68.1258606928
954.954122228
407.438100342
832.711223916
454.3866742
98.2301676515
110.264944258
535.228800983
304.484136277
682.899185597
145.399189972
577.978407535
579.168710398
363.411990237
38.1269667471
641.795115793
782.992239062
841.580313283
563.433423638
481.194438752
984.648676242
552.714116412
247.809215137
74.7706721008
130.929001896
831.731569737
781.179992819
671.256400799
588.032180535
735.176462872
611.96133375
571.65817146
451.791483703
405.712256506
317.237693918
549.708074011
99.453082299
531.157528045
48.3856855183
685.142307236
79.4213437295
93.6866257887
851.094312812
509.558853184
11.1751455982
114.398132601
982.800113749
564.852542628
150.397779188
958.786723771
350.534357775
687.524696334
120.436437227
715.765620538
726.256797202
433.111904037
187.007792712
345.984387156
742.332995212
407.871056928
868.891877464
844.372781515
713.282240185
406.181801904
188.57513219
424.155213998
961.959611605
636.62443184
469.476882443
783.768669858
900.935398951
414.268985036
392.036678256
802.519092447
700.238808098
148.506989138
149.526809221
131.587285642
220.157288607
890.077258431
197.239580472
89.5074862842
705.429224703
985.217634501
707.065792388
82.5228091093
475.639331541
337.242905529
199.607957859
424.461129762
242.127353132
452.484584519
843.956431108
306.33295215
94.3303067288
502.755019836
425.136727304
374.316078718
679.254855255
492.412393376
549.795966044
95.3735745758
103.958322126
902.015775145
468.832676877
890.545273423
347.567099956
598.867812295
417.856921976
631.185256834
656.352437886
823.410625825
301.399971722
429.867070578
354.22679216
854.478844906
77.6644566739
332.665918509
310.766700828
329.497211659
195.90552682
229.257273872
233.450469678
124.295207066
396.773866014
201.280361415
980.358359667
218.477466084
787.996830697
940.266650163
411.472396863
412.08099621
154.552442688
959.789103621
924.117229172
973.667601522
908.688693435
70.9315914686
182.754995044
829.760813371
347.810592949
166.753746598
912.971094047
253.584103738
323.148760206
22.3467901655
934.90108901
124.084909298
361.76231048
605.268696198
921.132140593
732.401228413
905.668748028
256.986642214
994.043822481
643.043569919
508.90080639
507.997222939
607.417435013
841.810933586
723.011637205
315.121528764
189.320588236
594.910694918
273.83528125
560.581788586
862.45390391
280.968022064
978.267854759
67.8662332752
431.867000916
853.017183595
34.8391192576
972.949335479
265.965998444
351.915065688
123.217924208
469.203735318
700.881124045
816.644973038
372.932195486
205.793726191
230.553732135
159.955043111
312.926141972
308.486773187
402.09837165
519.945037224
476.761447691
109.117516507
180.04536233
101.795331444
389.988928082
691.57469059
622.670083667
837.740931613
657.270948467
204.933583363
429.604071157
330.251674795
8.59531007188
970.593806297
422.263582761
233.597698917
793.863607661
936.921970536
91.7299121494
795.465379752
658.281740458
748.678473171
79.1477371108
336.648992416
379.787931701
967.945898612
95.5189681103
760.226924491
615.80705091
171.375069895
376.581753671
135.347156399
131.654195231
775.445385267
718.489255675
542.135214352
6.80321610951
877.184330565
971.455404652
849.293078177
372.938804839
31.3431335967
243.050707478
944.127522629
925.476337735
139.241131209
325.563615217
381.387326431
313.069821306
322.027160153
586.891385582
544.710304227
807.603970288
102.223559698
418.083336501
719.871680427
49.7952470709
368.743825078
634.385318631
809.451061365
728.536666193
659.553252138
538.690380725
489.872035149
741.774753971
25.5050804126
156.838607317
370.06997822
958.342034226
151.757662527
918.682279258
584.875810528
137.853604221
478.101990311
626.355016107
525.586506551
14.9690037426
175.112284377
673.242408625
998.618309858
376.69054427
14.9748994195
641.223041913
45.3462417329
841.263701559
326.678369665
762.254191449
310.341715377
348.072523266
672.294248387
142.497437578
980.087378637
706.496846318
713.442199391
10.1353668613
382.116423737
506.767862304
118.071033209
137.078079963
284.798801609
469.029972778
421.537325924
490.875111497
841.285020081
888.270420366
777.113048703
498.240699501
726.904926836
888.490078626
265.652577813
153.309063212
669.618229439
943.160512268
769.39140407
301.438893954
336.823932627
672.86931881
211.755404401
4.00526391248
275.289148283
301.864354442
884.947820596
861.55973926
963.744992171
213.285889264
490.519163063
424.320275982
734.241602402
421.835407665
598.054146225
552.257432556
832.55885823
28.2816253949
759.84052844
355.970995719
369.512834654
566.421185424
410.375349382
769.53375678
637.179757419
885.825870509
630.743406961
736.462327422
153.801115268
485.656426145
664.812670785
132.887049858
752.371065094
12.9665268475
275.54149459
36.9200305912
887.546784731
111.284965739
373.710699034
626.104455325
45.8616448237
252.878839363
588.827479097
48.6143598969
457.671538662
650.254070563
174.004285379
946.70267568
390.650102972
42.1468627544
933.971529735
935.039583643
549.994498274
241.245811689
888.829567302
353.639392384
181.602785093
71.9032332927
22.1620122489
153.887191852
543.96721184
736.582665641
13.6765254418
380.473511936
227.761158779
324.235009509
590.952738928
819.417641218
582.514959339
407.839690924
259.646014764
978.661039603
415.917557516
180.987032375
608.313254453
203.153076234
289.515182469
578.851805041
846.406614832
313.046196104
25.6831671087
393.849750165
43.3212161586
677.103740962
37.6411658649
17.7310238627
255.563040242
76.3005668327
234.94471401
959.58290594
755.89805965
38.5954004861
632.112384392
370.338603416
814.297453299
