221.055963248
560.66278929
39.6170600257
679.617624468
66.2187031611
510.000905485
146.669694732
76.1581045535
349.256600218
870.352492485
679.648293245
964.680089255
302.106057163
746.601431738
70.1875189967
663.850171042
577.292993336
22.1302618139
113.36584481
643.820830629
688.020066576
881.444138543
434.116450571
316.791502744
855.275020383
521.530879747
675.170159359
590.088374465
788.886099975
210.527718528
282.097030966
343.075672526
574.755212197
282.245759122
607.652678266
790.719683511
294.536610222
451.419650359
752.172095626
104.008814855
317.063993082
441.350517911
288.223200308
55.0225312406
585.875869428
649.67754222
627.545050043
245.922742309
847.626245616
633.907642838
280.8000575
823.893089795
978.862943023
731.423031971
463.817598396
997.955674156
443.919476728
665.634550615
765.888080923
11.8761173841
954.16159698
568.531943627
539.621130557
297.181099191
354.988517868
732.165166462
316.406423229
434.987139181
992.225534483
682.437374708
199.896630886
53.1957970935
768.995088529
150.305745687
922.625234211
29.8016234838
327.311355944
277.633142215
650.836432469
799.950706122
630.902047397
510.430372231
660.906270379
902.097088837
648.84879665
821.445642145
356.688094636
323.445968865
962.93910779
780.069856042
51.5974807882
805.444389464
205.053864138
719.46891946
219.768890568
715.325281543
121.209100915
191.94110525
438.352762209
99.9608048383
802.900674322
177.296248754
332.587849619
623.015918103
756.22813958
778.951015925
160.811351531
877.231370332
181.216438804
809.312806858
800.675860448
691.781983207
376.572223309
834.840548766
96.7190283987
833.732216899
204.133508203
10.2360732983
103.379443916
307.989749464
375.686190045
466.046687315
797.389257836
529.857470401
389.629922415
581.19790795
709.599022148
865.307024186
583.419059481
628.911605086
179.988920319
862.171064746
269.069109367
898.422544849
228.941095763
610.757485493
454.054410801
555.284323062
582.059815769
758.86634263
635.881688678
943.440062818
474.847719019
414.42123809
489.289972482
385.517607761
297.445655412
688.450146299
514.191158007
176.650028189
990.179905709
948.988985135
907.931896221
869.622224593
223.817238786
266.875402006
826.749369389
627.032770349
438.460993741
719.950320931
120.944739018
24.8160158402
664.834862886
556.870080352
875.265138835
438.053256706
719.485208616
739.815819987
723.526697899
192.58658029
822.98076532
947.556154337
960.880131005
469.63740402
646.904757523
314.323414926
881.039461512
541.507197613
749.63287527
603.689221072
521.338752732
381.017412807
184.365981944
28.218998715
763.247354546
158.455225751
921.502676515
903.872450411
754.144235453
921.890951051
108.664002619
282.375354242
995.751024055
974.921647374
426.583330555
839.116809101
170.481665489
918.932864492
350.221860813
190.25910112
488.33400834
763.13452835
470.390913822
131.516881688
291.002839233
332.657718723
313.913900326
753.060096166
27.5379349974
254.182622738
195.956595885
676.390692525
451.904020626
23.9785028216
905.322498395
472.230653205
163.212618714
231.17939382
71.8663426437
171.131668787
150.532783479
959.296145523
195.721603739
456.154208812
105.35954295
72.5873915662
120.58808006
538.381389692
492.028922615
593.55983102
506.242954189
69.7182487576
153.692669208
712.812961309
145.517641136
325.223970591
609.383944791
834.224566179
988.954152534
155.091994913
346.298967176
214.025491359
693.700253712
625.594746444
846.503721998
521.09707545
156.004810688
329.168595668
996.344655365
608.351545879
945.556582206
888.247037589
771.680183646
684.63358856
592.579859299
678.305045601
224.842411141
101.27599807
118.514140988
592.445957044
945.260454366
255.162382511
872.158095026
246.614444465
994.500267463
227.06292964
799.513490706
128.457614529
761.126437184
834.377767175
679.216409753
499.236627023
161.308777608
364.759715865
257.559176533
974.230691678
724.888637581
908.298065131
149.937602686
738.73321253
666.849730749
642.176415012
382.700263652
76.6296233012
720.864895408
62.5217546365
946.092489797
860.262788693
944.795940538
361.822746671
583.920146507
53.9356244721
113.511161642
810.396188401
326.310744359
482.301613053
611.385782143
241.102475236
246.939742406
321.318276682
660.046488827
477.717813372
202.51864489
300.32533957
559.274856214
775.027683432
385.671686307
226.610163634
88.9873875728
337.774962471
289.253503034
225.392009957
258.628414001
236.520063667
139.326745983
4.6691768142
168.586826584
416.046935564
685.604882802
412.430753197
874.768108748
762.22314511
141.910127185
798.350989909
91.1454941574
225.18414299
17.582115858
379.226405628
817.606441805
413.577805943
442.566553592
327.720820278
516.149640951
843.683334397
550.46996917
805.800766987
672.418721894
935.361462937
211.330921091
957.296835738
244.032617636
399.506177397
795.681764489
755.299679448
604.020877006
253.45642232
479.6729679
992.805660262
744.423029903
443.176792913
589.764602187
575.204128713
408.453835824
366.993906942
208.954256694
232.892554793
375.521807914
307.348373575
498.599077697
802.064683955
318.390624928
196.826923076
785.829866322
966.96610011
805.33567703
790.876783224
410.930875453
435.232207488
876.532602155
260.143909709
454.132555794
593.113348627
272.11874288
159.430852823
702.387270189
956.281169372
317.902222453
788.122318624
475.228133665
246.222051448
427.045178963
224.523245642
145.767385785
117.753039146
979.958376444
870.603937177
743.452101754
601.733732797
594.209786638
126.639018494
952.169307813
275.396115467
283.736941116
428.355629564
728.066168639
766.70186126
549.728762402
822.989782605
692.802130797
189.151413981
753.305217523
17.1900231303
916.629014321
671.173856049
183.747709125
801.341204212
195.921793099
547.764901839
48.3204644976
663.890652025
213.500478222
956.323101511
346.891172115
269.221932526
385.240546774
772.968304332
904.539154444
345.773485071
284.413391712
406.355631736
791.353883442
155.294048495
319.921589419
435.300385289
127.768724286
928.932452671
42.8878590159
961.038106823
69.7064695081
852.31755079
260.645386707
957.835816693
720.366118137
295.522124796
385.79623091
709.791971134
475.377020194
853.822901723
194.861313951
2.89898046422
696.844884975
913.136124585
566.792626338
388.705827833
510.505925905
789.656501162
786.622887637
267.157545007
167.903150869
823.586926161
374.824035905
342.105934024
867.048108797
379.014225435
269.440636673
939.817045583
299.418396636
911.991152335
858.793782755
309.35074682
858.610456278
412.745887898
263.446249242
522.561149066
321.015856524
723.180653227
915.693264502
271.279391394
329.910121473
421.056315037
205.793413037
768.459938552
204.796817798
786.640046464
384.70689805
623.355361089
126.73696065
781.937372798
317.622695365
190.093547383
450.599613046
52.3600741389
349.04041916
581.919834133
290.559092898
737.726833376
52.8932817662
410.243667306
799.194978538
681.503199596
111.112716275
646.389894838
544.749545899
458.471436072
610.7963781
797.775155367
258.056917836
604.996049588
849.613274354
650.300635696
32.7080397993
94.8530247444
116.054254496
752.528322991
934.31035441
759.589238197
641.583436938
725.279304083
86.3846425841
600.078244141
744.14902717
487.040317119
4.29487423175
737.984875966
123.40059058
966.808042374
922.075600365
986.503558742
791.063676189
597.462463007
544.860817464
906.77645088
435.439490557
598.908577171
386.50185636
35.8521230271
601.075967537
445.251240659
512.657965921
627.350220169
474.592442926
965.460645903
509.965925824
331.812466609
592.460696152
398.467908026
239.064048291
133.226662714
638.152653874
912.246809803
598.031798221
511.248262569
601.005059442
528.856441086
625.848690857
200.092779096
543.774012045
894.356873475
837.401596957
354.01518821
927.701005068
190.90706705
885.101894702
480.070594249
767.074051794
977.021677349
355.862126902
442.909948506
515.344393442
285.991874957
277.001860877
800.266349856
420.611274723
722.031863116
449.862876798
686.371235797
331.98883264
908.670448134
295.706821992
968.95626103
404.409037222
187.767767604
135.417026696
185.268851764
418.819799952
681.687005536
508.61649008
578.201359917
272.611924315
501.584343676
988.506024398
55.3503983155
980.193170199
294.34637048
724.286483706
272.714643869
63.8182118908
573.950828445
206.285467002
695.759596966
339.345813941
866.533551425
380.514137902
844.369880569
634.154691092
743.112330871
793.666888347
363.464147205
562.626596184
399.858339825
665.743398601
885.351081233
796.731104522
36.2584757629
166.085339142
836.585726774
385.674106053
583.893099981
946.017507935
410.835203815
414.560003546
321.701834159
770.338820377
368.271098165
566.416709595
345.192118331
348.364683993
420.27125978
937.044338649
512.795520352
271.766426369
125.474849552
187.106454811
182.372775019
425.402752926
325.188872012
560.928919256
374.209638272
101.060501339
242.771552491
602.886220015
686.078761706
419.815682376
325.244857016
402.251366931
782.491883315
253.353273305
104.168498405
135.013164967
408.883003413
477.216803455
6.52855679088
172.758943658
215.651311862
838.868284662
681.84708962
267.482148164
831.290982764
124.377202878
17.2722919467
840.727860524
145.71431204
709.56198593
455.149758465
614.374392975
761.002631943
831.436583821
113.342837553
474.263312907
313.908168981
451.398855477
922.223502807
678.394189548
653.004385635
382.6618626
444.63809171
819.058878136
76.1606808591
431.561555616
333.519793787
31.8184214456
366.413737163
635.392359187
32.8919786323
970.733084783
932.667265593
58.7888142536
592.737540318
18.1646570941
578.132817669
391.436854622
538.979479403
637.132712771
420.487040024
378.383935446
964.74193159
58.0283709339
87.1654889168
812.79372144
178.579275656
25.1795609581
550.679624933
645.080192064
234.034258541
826.032765367
552.973586006
462.905389185
723.050216577
96.7049332511
293.554900602
37.3622499963
276.954569926
296.70270076
104.334390848
26.3692422558
419.739527921
701.065036695
391.17118106
385.463547244
510.704673069
28.8326924005
400.519963798
830.276335216
840.940700806
573.632929333
189.325346356
927.591030515
726.24153497
115.951040367
721.900435227
478.165753046
730.873567071
310.512513818
95.8337487414
151.887863265
435.183626876
119.083183277
898.059486211
84.8895848193
794.1100383
462.414009961
427.400841251
384.409795026
682.840694759
849.083611161
96.7183957538
566.22396365
640.228838995
843.58656047
594.725009563
828.644784752
177.488800929
86.68494003
698.873056188
677.197577518
781.378534614
888.55192778
399.708807117
522.573902234
254.050903481
182.421502074
584.988388448
338.798681786
620.412676838
316.523806724
61.7345488516
874.670413347
918.116185158
955.75453477
253.13693259
523.383422462
310.853020189
739.933199828
52.5554762842
217.714036556
471.154025223
746.718857695
245.091458463
717.264972024
256.773299135
172.248568242
905.317931137
998.67250881
284.043414216
586.236293944
394.230608353
874.149508026
87.0655453813
48.3962138682
93.9282275994
939.477734013
21.9771819581
309.565520721
692.347242351
936.247369064
184.83404548
940.289786095
195.926122983
749.271532435
781.856403355
374.209982681
610.108220109
410.501758362
104.56020023
251.389049953
259.563442856
138.125371641
563.45565213
495.57748432
274.147149505
931.681448275
352.98964124
347.350205849
833.702232762
940.535808849
895.163349697
118.528749982
339.013786795
427.180801445
555.651426839
191.838490225
257.617566028
996.594091129
220.040071091
102.930506444
456.33659414
638.773147703
30.0915654461
243.179997412
396.553225987
707.865802741
234.019188699
841.38052447
615.002293213
65.7320967134
916.80235118
703.237978001
510.05151426
698.171538827
819.504247833
561.812317666
614.649393815
926.408846761
24.299080361
623.509452625
765.017362902
802.511014762
766.942501579
902.033207765
210.05857461
863.916135393
138.282657619
84.5788230697
347.176552088
485.032789754
916.40370566
57.7879544629
774.243606831
886.028621199
810.264579566
540.765541719
318.197034667
285.830560997
779.655669848
279.216826575
292.852408062
733.721185351
492.605441227
19.1950439705
887.193775999
519.677776358
812.718875628
990.771837611
129.747946853
686.982474562
177.497767155
143.78711924
96.9134583008
571.088311316
173.015946842
880.78588416
34.9289004977
599.261434395
215.041755662
663.531615688
630.442076208
781.025653785
703.992333805
475.645690148
334.882284346
600.081788161
760.578316805
621.288336518
571.851087897
73.4939964239
294.769013506
795.918467909
389.302965119
125.921798499
703.953988126
182.870925816
442.330020405
969.077454434
49.3080012124
940.594185627
80.9168089784
703.969847362
775.664312361
780.408235767
914.363140627
507.054878254
437.724657375
100.446416288
574.824360412
449.855234318
859.981025321
162.922585593
272.769138671
866.394007666
292.262787208
96.9351010133
803.098628977
943.60920246
114.128318521
148.144770615
874.70915134
244.482344753
176.583206019
216.876981224
660.88321281
21.8428620826
550.970294553
426.29705948
914.605887963
944.47817578
338.5196012
301.878903166
114.874410447
903.031406277
631.198649347
158.724272085
197.892742645
686.52534612
684.195568426
111.065535294
82.5131307
578.359610308
873.220120916
672.917632001
69.9139932282
905.266076972
745.32325888
185.353801291
845.49494332
659.616531832
761.647688283
869.020760514
460.227762861
860.159374691
691.548462976
460.914575771
542.115548064
593.107373848
411.576481145
11.9109611259
891.924989796
203.521589855
776.703755995
761.000283393
820.927424124
745.146320209
936.261974554
693.952681324
220.18258763
570.399937273
747.415326607
931.100088842
965.983113398
597.95735253
880.673569381
977.919332305
950.448026478
849.302248873
815.07132206
49.8552607644
891.790632705
175.671977838
182.268575659
510.002238037
914.045604572
794.326746948
434.834110673
81.5621504565
994.576893417
281.839657687
631.179972427
611.318218177
746.367713814
340.911867397
116.533895757
162.400632191
910.821464516
23.0923308615
876.272156556
442.230409032
194.608661276
165.827430205
228.631313489
846.635426152
885.635663439
