703.012292074
69.7006841394
79.534104549
112.901352914
68.4459541205
51.5293527762
648.609180095
648.046290174
806.22144605
482.029796401
578.895110382
506.591207194
79.6465566358
409.16918142
917.729368042
859.404964615
335.199407724
529.396236848
570.055489387
840.33814497
896.575607355
563.043568736
451.26498507
801.480992518
97.2448387203
666.516374785
38.2680510346
147.446729907
102.813494725
370.553543099
878.652349584
914.374132721
500.376882803
689.379893037
264.112896207
78.6626527444
19.8878269496
763.811901586
663.954731148
985.600157822
33.7265589511
592.092343099
87.049611718
612.630343647
350.453317191
233.837039989
173.109893574
494.028439776
567.744652986
979.866534959
976.368480085
53.2483914129
324.468982164
9.79041618576
285.922362358
455.940699288
339.019755253
575.738738183
69.2828324138
840.993463996
145.898552985
534.381057478
932.534756677
342.988441449
352.616201864
685.208680595
450.056468009
356.994049809
17.6387786826
597.804362032
834.070929472
786.352488208
44.3723465321
239.426514011
407.722764118
904.166796994
762.771364614
52.5103955888
143.03082373
215.407162427
87.732114276
416.922618961
987.90957931
381.179934149
712.970627161
427.101518716
561.580121945
451.193872228
151.885184063
445.286548479
991.93726508
363.392649289
664.298340202
739.71982968
44.662089853
371.46299745
992.872234417
885.069260076
973.070484119
635.320846065
855.846042023
171.415351953
61.3478549017
37.269908885
105.21099972
659.180519926
983.960298294
727.29040767
463.267261963
897.433524402
8.22965607432
389.833241264
714.422565256
267.424914842
942.921032676
567.815654256
125.715283105
99.9334559766
216.832049077
699.407570374
364.190118139
230.383470643
50.1606803195
564.570062117
874.904185099
900.786193911
974.377833797
920.001845733
344.795593669
857.130207278
341.254762577
97.3488816483
569.960304498
344.158550587
495.03021643
420.178319665
343.11529532
110.163638184
663.453728357
175.890021099
916.539204503
315.499768191
242.139490578
662.974198845
165.476897695
233.744087293
319.829116341
766.793478836
521.334176719
854.823128687
886.763224485
554.957835959
129.117772183
650.943220917
536.094077272
931.113444522
811.842527513
926.892624128
454.641008832
659.494322728
634.854588479
248.869000286
270.038617894
822.689634484
429.589731708
960.912222965
500.779724781
683.52316511
833.803200872
519.60828936
498.527510298
814.00153765
33.5617934833
616.060464253
821.133454844
495.429824492
480.008157061
475.725814373
906.296808575
933.888013617
779.792045043
396.514493154
236.003876615
417.48453198
182.659794927
268.759752475
547.058018495
897.090873562
981.510945171
583.265260928
435.129169635
147.829761026
528.629460708
123.32469368
255.775184013
339.255310958
34.2668545221
905.27125245
868.276246105
610.701211226
708.584538474
619.35145254
884.352999138
304.340722794
274.790032247
246.507451986
681.049093665
22.9776753607
637.704791353
843.568214436
880.521953622
595.737011831
27.5748666127
338.426093806
548.202348859
130.142278564
924.723072554
759.288260844
951.676951247
281.590501249
826.565614142
372.256005851
278.76185196
45.4460592002
583.92421501
984.388711774
442.655836395
126.760234965
431.824942444
956.539334806
649.128714145
915.923018159
914.597125571
228.496306945
888.145478883
276.672218435
140.793232833
639.199030531
631.651662064
688.448462169
479.488156906
825.493828563
651.005280171
549.901195255
290.796952259
258.930618873
206.469734756
971.7753155
551.452582044
664.685227303
837.981612027
4.32307689084
58.2665971959
834.844687755
901.356162061
871.062952366
0.288213383631
38.2537339844
169.12667333
295.929190267
121.480719174
566.665760625
800.781035468
96.9056601781
105.777372234
630.736480945
878.633855335
291.753032288
507.051454047
430.758099733
156.503249261
735.150413957
689.460426
340.851316577
519.318203107
101.345435256
970.269004698
437.83230112
366.09053686
474.562698202
507.695398913
424.687465432
687.406872704
800.043777946
45.6802255556
584.359804061
511.930258616
965.720936153
446.72414521
184.778880745
768.363221603
517.308911321
342.699361228
387.521383891
322.60118244
730.780195518
166.407080079
355.753844374
409.703396678
735.1995103
531.050270243
57.8771038167
243.67663641
986.393510381
382.470042292
962.465631512
614.767379854
890.535544873
390.775207986
677.380787607
530.209433997
94.8696099493
733.418353946
882.925936502
640.228574016
82.7296504087
664.090422269
639.580482013
614.139682042
169.356778574
196.07579852
371.293844004
171.344634894
820.015891692
890.262324763
307.269982615
863.035265742
890.226117331
811.599433658
877.953537115
160.561109109
677.390542451
756.469548643
289.997481661
334.454417721
322.766677007
995.932252174
995.565676422
378.668021484
832.728427257
929.490469122
625.556733232
708.849445463
661.944898569
661.89748002
838.132759741
332.301785429
307.809966503
243.983243814
540.635568314
220.50344447
130.703183605
639.122589155
116.50017095
821.862921792
96.1956155127
354.80249892
728.353918529
635.254407236
561.855787545
382.928035989
289.181358675
45.2576441326
71.6697607284
447.895835852
667.933209186
303.956555882
220.406653553
419.988624969
872.733640809
268.312544546
130.265787562
881.079100022
519.052300733
915.368333987
678.646849635
291.747265431
484.436980401
319.333853796
303.334276985
286.26798137
105.91206231
534.690356973
381.313741152
128.67876282
236.051099564
986.878246584
88.3322908595
809.60533288
755.849243389
158.888665748
501.476816356
195.93962356
251.132127363
206.517093887
219.747983437
363.244932984
28.9553862581
183.795637157
117.489053222
604.618151433
506.817888931
490.234965317
912.558238263
750.127494727
471.163315908
777.889368304
245.925077173
963.530348987
309.855455891
241.932536684
104.408088724
798.134724025
211.789510204
551.740224828
916.535712054
453.304748873
33.4955894431
351.573712245
691.689921233
33.2968052075
303.550044772
981.724991916
857.180718181
738.168044079
522.391202887
439.294126944
544.914709251
409.507394912
802.245986961
846.008727965
846.692981691
217.86154661
219.80498197
241.050107177
912.769668969
366.942789156
545.681145788
131.895335469
539.649934943
116.448493293
756.748921917
984.764357725
254.649511465
328.502741772
273.678097265
384.511449207
3.28517284148
101.903411134
668.734504978
64.3414696464
278.418089643
60.4067888532
673.014959354
867.90247339
568.600350758
145.380637753
447.451296818
885.141504745
201.15489269
421.551585938
25.7857651946
531.800241176
501.672122355
470.468790786
17.2049176989
223.852795564
406.875480781
804.313821114
963.774649617
349.665282907
903.267977993
965.334489967
762.715526331
575.168893217
564.042987339
778.134464171
677.34117637
162.704122091
484.106259765
42.8390575746
29.3525596443
62.1730105148
666.74822364
840.387238727
558.196056756
418.434628987
804.285105853
344.065791312
949.758051116
576.096315402
496.357742786
563.565228759
58.8519446879
287.135872276
223.822799058
917.736034451
503.579429509
191.321416742
244.326119626
44.7336971156
858.953720911
297.619516786
265.989921411
769.675093566
581.090480595
540.050327563
123.365258882
178.634609308
192.627542291
557.733349416
761.292044583
982.799632543
718.288496708
715.765073652
208.047804217
461.035655054
16.4434745071
830.611072457
454.771648982
958.997975623
79.6089346416
45.3113362806
399.762763798
330.891460606
795.327867959
646.316791955
927.817720367
836.998918461
19.9291608814
875.388725862
388.129256747
137.452938707
561.888270283
870.308067295
331.56303768
66.7866871153
139.099558653
558.774198589
764.515339732
806.773937439
214.902569539
318.757663056
588.69086049
164.541277181
583.787754475
683.54931056
345.097445928
193.076617983
669.196371421
559.353301354
666.944078718
371.083179824
812.536712119
256.429633759
488.529703171
10.5381717413
116.720069703
645.208890187
0.752104481575
218.642686433
840.782251635
347.148669918
148.226605185
612.660822451
109.265385441
728.413767573
236.809084966
561.412244146
365.817860721
306.141414168
534.012873501
269.101900758
456.470765937
516.371599496
303.065417018
754.636395666
972.290510772
778.309112937
835.079209952
117.278576641
16.2784018361
899.268977082
752.038226416
584.963769747
1000.69696897
460.341030921
162.363525546
86.8583672707
77.2271935676
648.082371597
329.804218167
701.033443989
106.049982787
555.801898699
553.191815982
486.753092772
960.441332201
536.842958496
606.747168664
427.707427179
511.839297698
476.778381494
175.318978862
441.661462634
708.355096824
979.887549937
339.79994279
894.301378468
201.351579864
341.819251735
608.46388434
732.275410852
939.08993908
792.86685774
398.058483514
472.608203298
113.897627237
911.388354278
842.448708063
840.253279266
731.593069289
96.9960890534
45.2605007691
798.097481033
714.089531833
136.625544576
231.734841667
589.709488061
636.846776744
114.268078466
425.148465194
853.041158561
518.981597354
818.621649988
945.905540191
593.847096243
137.133846919
499.473303376
739.927109406
838.449613476
850.318707057
734.686255227
816.634193077
560.457594357
366.37591539
232.420664233
389.042089573
748.652032946
906.340903521
313.238821361
169.300810095
409.696077581
73.4668994138
169.131419919
608.726291551
991.625210691
645.676312041
162.406807079
164.280807314
140.791578315
798.14261955
318.206017908
294.078064715
493.781023846
247.502258886
433.570682358
68.6790629997
796.889230792
695.009662591
939.902493597
574.413315629
79.2838684642
900.383315446
317.105715936
249.389021905
242.494499473
945.174838638
328.548991647
220.846010708
580.75824613
889.192080805
238.01412354
321.92308743
150.114954638
940.446621387
417.997324533
521.447241836
982.907816791
312.21784963
959.466919895
309.175549608
393.570857927
723.316548067
544.080797694
130.634954465
604.494648417
58.5245312698
689.145734978
82.2636384322
911.991116573
608.798297917
325.416891624
488.723096348
984.383817853
819.525762442
348.292465185
907.652547193
766.72503183
984.018460437
819.276368411
191.423922169
128.730965558
1000.87282639
653.068890232
778.807298956
282.254885461
513.064794468
665.977043803
244.464550131
140.005554651
497.829164679
67.7052131449
371.746044985
279.355266862
620.237582101
632.521733756
867.379232131
672.040063324
349.116245154
707.677171566
540.083694334
257.599358517
100.139777219
753.843431464
866.043025165
912.3189953
742.210739046
192.916118699
928.369226249
940.340810848
937.954019324
418.842966634
24.4509024749
595.110123938
271.49551311
761.71109051
167.445383967
472.528231073
47.1326288207
405.337905775
111.157151228
81.0605939491
461.143617404
438.189531457
873.827630992
451.895314778
867.940202323
618.403168898
122.091495375
580.891509909
9.2119256151
211.616698995
524.097727332
206.701739058
841.335082128
482.954007184
411.160274843
219.805447872
5.89071340676
813.35795343
434.509430569
150.734096963
555.86441789
429.842144381
686.423285798
539.357348682
224.354256813
30.7352667601
755.130599442
48.8275506308
187.926801989
325.349362324
800.944384715
341.097547189
204.327530085
807.026096248
517.570444244
4.82413987368
1000.21279233
513.654770868
521.927564137
420.14318943
95.6411735595
618.139413116
452.291347081
80.4701493604
368.676807131
897.373519094
751.285403202
188.319668387
740.141265992
94.2375827277
526.660380732
2.5033582946
952.597590197
735.886615659
150.001131843
392.72242025
543.673767166
474.881102526
583.655387731
582.86718315
210.813133256
93.1069287427
443.673910589
487.747165107
876.225507381
595.872478891
783.287869604
87.4334072088
128.442868167
906.865139739
496.317970733
527.540759659
532.192337439
464.598342381
600.815194577
64.8707951023
686.151924485
984.345017359
688.050395234
862.587987796
317.985675082
738.321855056
202.604003474
404.089291404
914.945647682
137.615364742
96.2265556918
402.869249131
163.556537382
663.096180798
778.780762424
243.141570099
871.853871189
99.4024503125
393.073835132
4.72613160454
235.832866444
380.544584162
624.742731271
114.733894072
960.584055092
80.8604839357
584.779440739
240.301219083
506.122182427
678.747948203
896.548299349
199.604080942
605.056932013
280.359696557
533.070735779
392.361572034
868.197168068
340.387312591
402.768930728
340.782825524
490.554422187
12.7109642184
718.178448956
650.497052422
403.932411643
411.293104475
128.743855511
450.378372115
110.862751573
441.619583553
326.305652445
839.77533789
309.17187697
480.509769721
18.2758252088
303.290382903
58.8146449101
881.058722283
114.199834918
63.8878478039
48.956061492
744.15966445
459.901354018
58.9026734836
154.650385257
262.148711152
881.413252221
405.941041666
526.851388728
334.857226175
600.422571246
822.461933509
527.297152762
556.635859721
141.188852231
463.083571206
568.222325903
548.855175077
917.397476525
194.702624003
539.477068946
731.509074988
693.459671316
0.956308446141
780.480344277
72.7700325744
486.161223242
44.0964903148
500.505863893
93.6231646645
94.4496017175
100.942656183
457.091052917
265.735291256
867.405785304
752.706875085
800.475830558
543.673964824
999.14284041
520.823001147
197.393576077
980.039686952
363.440089623
493.118469876
682.659493727
605.629860842
801.429239149
351.287271257
56.8588753999
697.941528977
697.844081284
405.073900451
874.195452116
565.874460845
308.263018858
896.737916685
839.591651277
942.124840974
717.432684762
706.769343238
743.926416494
997.623181746
410.642535875
117.001847332
222.935554515
477.607014659
941.417184975
376.814905009
85.0292511312
878.89486395
40.2580715526
714.452269339
377.116469736
619.21402227
547.528876483
438.436562484
322.618146384
733.501157956
466.020570506
920.047369827
942.937182334
819.295279398
802.307701777
198.999273245
369.609919586
775.575101331
1000.24256029
732.328826541
510.961902784
736.309021429
107.689883494
993.264553465
541.482775017
586.260356757
524.951062475
63.2576521153
332.780491397
746.718819897
126.37478125
969.978490788
13.5015756238
392.826746386
588.219852157
580.824472904
387.986221389
259.621987261
955.304105471
265.069663185
815.569662306
623.371656918
833.855882789
