832.815597704
851.248250801
264.480991848
538.38757944
56.4432734316
732.870452476
794.717605198
979.300287309
835.026972151
183.06041835
868.962338532
366.17680625
274.880492167
741.173101726
615.313454228
581.601393669
168.252929364
430.710522083
80.4791092229
629.758376962
625.606472548
740.498849472
675.002515323
941.399897423
634.784029854
922.742390358
889.038962869
471.106396138
758.500117734
805.90989655
804.918520222
932.515639785
959.363996934
834.433727542
277.824784824
54.6591976856
360.586661352
501.780296402
420.744823869
138.292276506
460.894917806
244.666951424
536.217418663
801.689624621
625.42345363
642.317283232
814.654771834
923.904721874
381.210868883
953.192232305
532.61806141
728.532705591
747.684984455
394.484198935
671.359390757
114.238803379
746.251776193
932.276699294
668.347152283
699.446090557
935.967874252
329.86201826
178.291798552
312.782496117
937.163925114
296.339368103
101.039676424
738.624533534
570.591219388
576.414551131
84.8030424
140.934680012
248.12367982
282.688129338
917.5469474
346.665685892
200.598608749
665.450053165
52.8837422765
532.073744502
23.3514854262
730.40566051
75.9199950699
710.59236668
942.014329627
492.246102501
530.278625961
727.23316945
493.035264521
929.204741945
860.205222207
932.478639709
209.635183945
847.238226653
736.06729464
653.745390158
533.579943887
80.1252955674
16.5851183477
150.789716267
521.958021412
78.4022528058
952.779265295
768.978760276
632.709482352
216.168046005
101.401418092
7.85421383655
9.32597973523
737.80769865
404.146140059
140.883958981
938.335311568
821.631943223
104.774139601
4.6852888534
219.571092754
982.260274488
162.585747603
125.285076529
704.9177239
66.3095267115
240.060144951
2.99528504451
200.971619819
671.695563063
557.162080359
459.139416815
61.0593762457
951.908364055
603.327362735
749.38073198
811.119160136
944.484347303
942.280333577
731.664354949
206.313888144
328.440728243
946.813490143
101.085905894
14.9890868291
745.404625978
593.116949352
986.471122934
122.598898047
116.523048427
39.906069215
822.546943709
616.643346957
601.781580654
922.382321732
106.007000145
825.254767845
660.750296291
466.694255287
825.560970081
807.601770262
755.240592954
478.030016528
315.060081808
822.745535478
570.026898596
140.216998216
296.379362297
727.550536495
232.10152997
705.084863632
977.462867095
492.70810655
544.14774691
146.07076356
939.420368768
512.290587817
374.143113623
270.372578107
596.237697474
73.2701814188
221.309300199
653.096402119
82.7849724229
509.759361528
788.642972429
277.620364963
825.223817937
917.426925583
911.879084313
982.507176835
592.917008226
373.440109637
31.5085364456
578.704654818
628.923889001
351.809872327
313.876160095
870.776592093
315.208043211
495.761746087
738.599308022
848.383531729
696.105107216
296.366173855
554.871520412
965.957312469
768.812810224
58.8780170261
292.558017857
295.573332036
451.233161239
284.823604046
17.953848881
150.107311126
32.0898508934
462.238121615
573.880914289
772.29287426
845.184378901
971.441917759
339.15562163
760.880232481
200.513922787
968.092279642
202.177241462
278.997148415
373.097230224
531.658314715
639.374118977
535.107964616
798.443734904
104.636295502
428.181989463
802.22069847
339.280073063
234.466683187
22.4467990251
682.489681231
79.6174383288
618.64243915
288.643968463
389.953854661
970.06097219
808.90791342
532.30081732
934.265685847
910.002387642
559.563541452
766.220392042
642.36289607
869.689562201
627.578054948
327.551485818
230.209915003
522.342357715
637.79809704
125.903464695
579.657227563
178.281080866
726.489496005
808.899906697
130.942501943
816.44196401
756.784205598
784.747533135
656.181266417
332.71792271
530.708465456
584.188906029
213.609017077
920.436957441
526.656952862
101.882356889
900.951744247
277.663219258
422.505699642
586.437827443
586.423295032
742.892234248
273.779227892
100.901713122
525.978887587
928.362620769
52.5456392987
798.951986125
404.116522907
325.84730416
942.811942141
138.784496664
686.921846673
822.046382145
619.454149331
124.057617522
292.805010909
370.976223074
93.4072142365
335.348026398
445.482232773
611.167858943
835.048136134
463.139257817
720.398111201
182.442852205
72.0878832327
974.934390076
89.0822877081
233.688647948
310.703774656
570.585920432
373.931292687
492.483252712
915.721828494
806.573856877
504.749065009
880.135644249
283.518001529
278.625243096
214.611369693
480.163251182
490.750025068
111.220247578
24.2658850381
137.538784547
18.9656278943
522.492307005
412.48212414
372.685493626
576.921517218
585.374657783
457.59529894
135.66385076
755.906569304
401.769171996
875.400989441
20.3666948482
904.182805317
146.782082757
702.107424352
965.513976242
521.498203737
526.331443908
583.49208863
500.413926376
520.381415355
696.271405787
652.849676028
916.446393402
877.577190792
166.704413545
882.71078819
580.592435478
765.474714856
90.8031670597
969.483287814
164.25709009
170.023997736
660.301012038
527.261605525
94.8579018095
312.683812763
618.862670913
242.303185808
907.048305847
867.806256036
601.337638554
895.342693962
675.56183709
612.412341755
838.365235396
195.592121019
481.378011235
975.552742811
13.3175735938
768.726040459
834.558114249
616.707243362
207.994830142
719.148208588
707.931487826
761.637584372
657.491563499
951.171823227
221.833767019
297.585997942
309.013708319
785.111976399
337.550405116
49.7820468438
124.939804334
466.553410161
458.064205864
438.053583362
686.967519287
605.3725472
543.935924985
40.9370303194
712.923762805
532.937971032
795.706229835
320.47888848
365.996422628
284.765197024
758.856171498
730.977553783
658.837556631
584.366731958
70.240237277
994.539017362
981.103520718
1000.15117621
195.897357386
104.138855437
406.751387222
214.259566837
441.501073004
911.104277628
619.802876376
960.908776401
940.713184817
306.971268585
320.270558769
261.942433201
545.835578531
256.9495579
225.644145263
350.572270614
8.15020408941
364.269330339
824.620824118
11.6839681733
876.062806372
239.900934968
380.739940357
281.122981991
643.712650165
29.4703660178
27.6440472404
840.268135587
849.661170408
538.549803602
334.029550916
792.447161126
910.636671963
673.824027528
210.815646095
529.074634162
798.287232807
254.841817706
840.297209689
746.046215659
575.521486963
40.3655581419
240.033429035
532.400317943
530.519143745
54.909144706
815.34286519
664.036359336
3.01378729161
304.975439338
457.122405004
699.095242765
431.897548094
393.161570703
330.056733198
204.705888967
465.021259147
378.560665146
913.521797125
335.695002264
30.521827827
183.661373655
44.8485532181
211.805637642
133.144938633
926.071888002
988.426338226
825.576869881
973.391244305
152.205040243
506.924705277
666.267816046
725.098837302
643.781027855
475.514800085
422.808474272
841.031559424
558.036202402
990.179344034
217.146535417
158.229142874
599.150805012
201.486369819
873.890571485
284.940856098
975.01314222
320.473133592
469.787942995
873.980810215
126.127765466
952.953717807
817.992850943
227.853608808
983.136046208
655.61052244
740.897883761
899.740225506
589.345999034
393.229048299
382.250974638
900.644358293
94.1666934527
782.487845112
139.470643093
351.894487364
503.796590238
922.07258148
19.0699342016
36.5688806505
788.22011342
471.43094263
345.534677143
538.003335101
929.55980922
862.110817229
976.896298479
526.955807166
190.496179016
25.5364331001
668.178755888
152.184790976
651.528021722
906.162820952
245.548792618
488.789474042
222.655035482
776.589326727
49.5780238369
196.204532974
84.2642866309
170.998098586
31.3240334085
827.864718238
53.4823447143
889.709988083
384.707181034
54.5926422714
208.021407019
504.159896869
604.654430201
630.043388766
32.6657543791
504.467482467
877.652847279
119.000186383
723.592477169
452.223607258
392.176909764
134.355655522
794.411761707
175.625410712
541.857867203
728.220439104
151.177630628
899.671666932
420.483090201
698.59240068
105.256104633
758.978064143
987.410748392
667.688202352
683.182692496
377.273569308
20.5030020646
672.909654716
663.19041003
369.237516143
639.322808956
456.015306312
409.225701916
367.525649602
964.631187473
932.465909455
570.6397004
724.353720033
454.046086504
847.481559981
824.318192415
103.733589722
482.599012727
261.49218613
754.908163941
612.702662137
882.012238627
503.053510494
316.010849246
266.462804594
211.274240148
821.444695945
902.024264576
889.019481777
458.332149008
295.675249284
23.9865001301
454.316258878
416.15360362
215.871356527
921.441373748
906.865139871
929.832883852
284.431652695
726.35233367
182.727379369
45.3903275762
113.121410012
782.685325788
280.648045245
386.459921901
701.141475106
671.188208227
288.011559391
217.299184755
257.246712989
835.945630096
466.721660161
306.704882145
320.926926341
910.897135805
702.521876928
593.355790488
875.823904304
579.145770165
195.753861456
250.864408877
873.248343208
789.233121243
623.386894684
191.986107299
296.205016864
358.704984008
219.290203709
736.843688655
990.065181457
771.999344084
229.916827352
635.008111518
568.394320002
174.50455145
356.675019134
961.701604242
135.958051488
258.346629792
196.562118065
146.678907658
559.734625261
406.983180042
185.327164176
891.821822192
469.946601725
217.281271829
297.641701902
555.215602955
107.880791234
778.382654528
893.284767963
42.4798238232
575.583227682
47.118392052
804.197242275
131.775689773
245.214685776
313.74106141
101.066002064
735.073123548
690.624252084
353.045785901
642.107815652
396.155947395
284.503558257
770.926755669
953.60973306
924.046999328
129.117550504
442.0986905
495.278711335
592.758518369
848.744747974
721.391718414
968.558398582
918.220987475
762.268845361
768.079807693
276.612782963
93.6589652456
507.138029398
672.719207332
561.310478607
819.126388823
979.095991809
508.97888205
761.922191002
716.649141782
618.4148435
754.324902807
428.533269869
98.052392281
146.673116552
972.849532309
515.989425693
504.753767732
540.169910332
539.124132297
219.67632633
969.406031442
700.268657481
859.282919027
866.963351876
265.889630159
446.630551284
529.900102822
515.035531219
214.825069351
88.1721382443
1.41117974783
880.103877531
719.926326725
541.330488645
426.387556131
449.85720308
568.734665535
431.040296164
891.348267712
916.719654323
944.667732559
244.959290857
200.93825858
39.7141140955
999.523824337
544.123744655
600.675647959
398.496150616
326.192714484
782.36414259
990.454029721
226.490257844
33.8421080793
149.362620565
119.203952858
55.81075697
167.157567024
446.101683776
507.642088748
864.909929002
268.757215648
352.568147487
809.053877571
360.328386439
618.480285046
958.411087138
384.79872479
812.265586964
876.919646424
570.660960314
852.948026164
575.485629326
926.622503704
102.474055116
862.378666717
668.847432434
558.113910614
530.312016343
576.006252417
970.692230136
257.166974019
180.529879416
498.412564104
402.780649543
183.666521511
719.86513535
384.93358118
605.838041124
709.06822547
876.840320961
636.384739989
511.608143789
7.7789812421
175.977225566
767.124163996
488.410780876
51.1536555288
615.912161313
584.176535906
254.878679816
522.741071223
175.411692274
27.1643531486
226.082616053
944.9442216
441.093366474
460.341568148
492.359704802
519.092163472
961.534503093
917.722805085
197.910072606
410.737331768
631.326109342
97.6003005686
950.920674441
587.729575464
109.945251482
592.706506991
73.8765153794
186.967058638
575.527619649
275.072073619
536.258852714
299.369838635
41.1223911597
18.0995236504
99.7845889125
47.8375302892
658.70431115
455.414550159
105.497652894
896.409842406
242.615756425
787.984081474
677.895839982
772.974865171
549.199490619
530.185476011
380.038769763
146.201707818
986.862771986
840.908375722
553.578824081
579.790892948
103.099466339
777.280757725
631.021142796
557.850492461
762.717084642
230.620407929
133.397986205
365.009560762
689.218299364
989.545849777
519.833418805
55.9902417124
131.010486259
465.499696974
534.137192202
432.704446862
589.078976925
344.243451984
748.873922078
803.962804354
650.221186766
284.125971304
917.163065131
888.776785709
439.553369512
133.869064344
914.26704632
312.182306466
955.693472744
982.265020128
907.27325355
362.768614594
941.382656327
882.619060729
835.299468797
134.215457342
391.657423672
61.9762364928
160.229483932
863.420160464
241.933182844
239.71671188
652.031029358
990.564278156
759.039032397
788.55397372
440.015746523
916.578548598
967.225033064
906.293635858
395.819696331
629.113535399
4.28949743654
726.439404437
55.7991172735
522.06943397
589.858064716
808.439188281
858.660755277
742.926659612
342.362531457
527.90100925
298.429145057
379.331769812
607.650491874
342.016500571
539.784034899
55.5954030112
81.8667402464
501.533100972
640.64289284
653.660621209
660.691838773
645.203273098
245.783054114
169.650652595
972.931384732
368.130086993
901.96542268
416.634316912
187.164099129
735.717153928
821.173786934
346.575111307
449.101341684
888.211096902
251.77697084
112.327616134
569.552428209
630.202265491
333.842503
580.178763513
774.942419594
848.928368329
57.0073722288
826.450199591
312.220621739
501.414627211
595.533874264
647.292566972
610.044286784
301.733371077
941.202061304
647.647621821
285.697193192
954.657567584
861.288159983
689.744238582
328.633987852
268.169329644
977.383930199
324.28414497
787.141575123
689.026067668
787.006270378
331.319108929
265.304975692
310.00084337
975.731018839
216.569700552
13.8840464041
883.518381504
124.500092881
286.719647609
411.431594551
798.179088749
950.221192329
10.3975009549
262.106483997
234.174832939
877.165627357
655.310776395
490.509293759
912.362469655
625.51631705
691.051608439
548.787432762
644.116618655
651.315631942
14.2114152929
606.340271364
455.425263116
708.598114573
533.437018211
131.291471791
310.974255381
54.1883375445
462.87450779
570.920130335
675.73956862
663.991017687
660.753976986
784.976401925
636.615409095
74.6350411277
719.960931753
386.295215193
535.793893511
767.612478849
106.635998886
71.5980069934
321.506427739
57.3396931339
9.42893420878
637.395307153
