857.356567859
851.573365392
672.85783793
939.741565052
770.060311042
191.208441602
961.05685408
725.386548752
858.934672968
524.278629225
124.913921943
151.66291775
889.224056395
130.689045549
179.917151751
266.234610876
444.786997848
958.286982229
662.405888208
868.599651973
669.776017933
516.645327434
492.806196416
647.090445029
484.865213387
152.246371611
717.58076057
689.556748474
551.617295448
53.6247661997
371.418693968
255.735751131
613.029623083
731.819049952
536.349829904
420.039635142
705.92678788
20.369169371
218.236755702
579.759357307
223.129086292
618.749368087
550.366858788
893.628718821
305.474908281
809.035485542
361.94619942
454.717662486
220.460879086
522.222319194
869.972378395
669.385004289
158.468152391
416.237940513
395.513128843
7.41146486271
567.053342892
929.084297248
815.845541993
120.070064623
79.9407595954
906.34307812
632.367754874
471.512097098
913.118614462
502.28853172
422.586188444
490.11939459
407.284399141
867.429177289
362.237332885
211.737297873
737.453180548
975.370599757
364.568208034
362.1819878
710.217533994
821.604305772
138.622396882
223.917511065
593.412512453
95.6122907616
347.273154804
590.209911035
554.647931041
119.405028896
25.0539566556
135.618601727
805.497089542
210.756031106
987.744222243
227.73327516
553.224029934
740.993098694
605.571744598
998.996146509
588.104061425
819.590442757
589.951405889
592.866416668
983.116842399
727.210607769
696.254393926
522.834501903
929.314414497
441.935732366
907.283524896
115.972769116
49.4300184252
631.879583963
302.545352636
117.035348465
912.635985692
967.903417147
301.263995703
567.219204949
359.036385915
838.691286553
408.066781927
88.1862584923
664.004061015
283.089488197
80.7550352671
74.7303429115
955.643158262
50.3656275101
105.899504388
383.320022922
347.375929146
825.42281576
800.772613241
610.484094765
447.384076843
171.152457925
895.208522885
693.229293561
27.7804438466
425.215837906
867.900865834
393.499524702
756.192331543
799.434602163
352.904032362
907.639846436
350.676348713
410.360156747
775.414671388
750.98963264
45.1211383306
812.991624061
445.734406449
280.15620876
705.612452916
402.28557445
140.749286565
127.952604086
608.388950025
51.9953539658
18.8434624026
714.246226993
461.593586366
517.318464486
971.165541619
791.523862434
924.809053479
246.370031645
134.778185189
272.53296361
239.024278358
366.163203105
887.899371631
307.622796566
800.474805694
904.292873718
484.258022718
372.555196
120.019946072
987.844220998
833.543076154
110.656262938
991.12741908
116.098492584
237.058297959
491.524350766
930.381279097
314.71707795
943.367045926
172.972937589
908.453414108
343.769167034
928.784606937
796.16424765
461.718811022
610.79321243
694.557642364
927.497070353
475.156593619
963.065934706
45.5352446527
889.591724933
942.342491166
685.475668301
989.874089554
205.166644304
329.921754904
865.079395861
790.860231459
750.68221221
626.218370963
815.579957586
385.194194828
117.001147519
543.831801847
133.638946379
712.049044624
664.203758574
74.4894048273
977.127637507
784.566284872
720.637127012
667.001372272
269.526676526
424.470067818
362.061788751
495.32128575
687.576045939
377.249012142
546.705679344
546.629608421
54.407991686
46.2860936356
435.116431016
908.04216285
652.810919899
997.449622627
381.555951084
894.717958374
749.173088759
8.91118239259
499.039900449
959.059107011
905.535549654
175.520930186
56.5141172116
263.71364017
717.341393975
728.839788266
547.806626928
629.383879232
617.3200897
418.536219463
851.855514496
464.883533488
905.103954136
186.672550324
951.824635181
61.1791904217
747.374825498
523.546062792
338.85602366
177.010108397
8.10137819407
618.261297825
623.829743356
54.5296342606
715.852388603
446.252253812
896.452746517
464.711784841
472.402262276
254.924683293
871.898105184
451.178269216
547.791580106
122.388263663
512.261409008
503.093197571
433.491754523
878.793735918
247.819614637
468.188445544
902.902084829
327.26335111
575.046634405
614.023349164
328.908787663
32.3640289851
682.460702893
772.81467296
182.000551529
901.505422325
59.5951717139
502.23588617
210.615277488
100.598191691
825.967707415
651.417716036
974.065112758
359.629061291
312.866193333
392.511542461
734.191583594
570.114660449
884.885429622
951.887255992
177.843020507
527.376986062
502.891260087
348.333206613
549.967925561
752.249283421
590.344607835
126.581681854
794.18432347
739.396549434
469.432724715
155.318680237
260.852276856
401.149081069
679.507025542
784.387318722
46.8186058692
370.400819863
405.149300823
812.979044045
966.197053344
229.274779996
473.249891212
583.168052653
126.010379333
209.975297719
264.951701963
481.319207489
662.008266795
557.959904438
110.302934428
967.500660423
616.575739948
830.999250817
377.314940784
520.871610467
159.273606
186.65920754
385.019620771
987.778711535
745.592348357
900.472672966
688.819040486
419.898531394
37.954524839
584.165630223
575.379229105
306.399014207
889.780634893
955.956345435
766.845235432
221.026010277
357.802981662
546.126872594
793.129741097
970.456659867
838.947569474
825.040412853
18.4127169145
110.947466673
195.263541169
57.0923231488
704.783142701
818.19795283
885.833044499
39.2328545958
384.243278533
859.357603551
68.0959906015
632.914457078
880.220684642
723.351463138
445.295734457
898.664430404
674.576761173
521.436975598
434.874020608
269.26641994
666.680547637
173.191185133
366.745902917
462.83842985
245.690203383
568.166154376
370.212916434
271.292062336
371.800004204
267.06920099
772.820829157
534.592230137
411.495019772
218.962945954
715.796556106
663.794962159
399.059305446
845.847687608
639.512651915
561.902411855
517.990116774
212.180835926
809.373363457
631.954261255
687.167206611
363.759158478
31.4932849527
851.649638111
699.186806352
885.006053412
898.270398957
153.510041254
363.149723832
680.799557343
655.192180162
457.420515074
43.0382794471
406.953372454
314.483935453
276.610134701
278.367436308
985.372796311
778.457890625
625.557144832
397.819162669
434.155456147
351.486659153
498.795459466
583.934961976
742.43726719
253.755899272
61.884876159
299.735617287
909.278544031
806.626714729
723.477828817
84.6587409395
356.94718669
190.275483671
457.446126736
294.588730346
480.370593799
705.886289532
329.52072357
753.789356707
320.724890028
372.255203317
480.264204925
630.283325815
935.298036949
55.6067469638
283.727595123
551.072970982
560.084646308
367.065114334
865.980844424
370.089751635
228.709385528
743.814548366
768.833234851
906.494247904
781.088157664
85.3931718972
486.015998608
826.89877547
134.192068239
636.300339233
357.386283094
744.406860327
573.428140326
700.418714445
123.558250637
242.193630627
988.50225478
159.318682581
7.71448839634
388.781549319
494.291815041
805.833373883
736.228896292
316.750488048
119.385152677
10.1586758151
343.0494715
569.874775049
532.289754229
244.695347661
712.296500575
600.059525241
447.91936822
318.669016375
888.214736474
115.958684199
193.785234224
933.445199336
245.058171942
552.69236389
650.182622027
379.405239083
136.294081725
306.187118093
1000.45085653
65.1669333447
675.891267164
964.227931426
514.629410504
25.170152663
855.0305187
411.890069417
196.079670058
65.1942942401
981.80175182
353.331649843
241.143612449
795.343834578
982.50079596
538.975539361
807.202100732
176.285072222
487.716404336
240.519204737
148.3507383
643.325400968
530.079303259
985.068352676
891.990684752
160.847723343
136.455654325
43.8145439504
533.961774177
679.101083226
565.503499302
128.486546481
844.235800458
613.790227082
955.477672921
62.2558781066
282.857741445
171.868430585
666.167593219
818.067548877
99.9169628046
132.171275384
713.229907321
921.682163383
177.047712779
333.88768338
782.487841314
811.078435534
61.8631792112
937.725725687
845.736416272
673.660650562
402.009800928
7.5504134468
254.860456191
687.658464901
243.316244644
54.0371547144
524.464610495
619.678463244
732.270293983
350.586850747
267.295737512
912.85718233
496.832668283
170.186549144
353.158687385
57.7459706172
407.8198375
558.999322059
642.066173406
827.754487464
561.28612357
195.770123698
86.1967224187
573.397433883
639.302296424
424.043619025
596.339972002
130.713288975
311.014645225
776.889776562
9.88555365999
261.460963827
192.7722988
109.958775995
132.165814462
439.46260174
450.140738334
127.812569245
231.115827034
623.98827104
593.851828248
876.462672862
322.65901115
482.889903455
510.462374435
327.113419892
437.584388082
43.2739087833
436.514032033
476.595574011
114.195900027
939.298339258
182.982513525
804.388579473
214.946717739
913.243443369
253.657047939
366.471467389
56.3934821358
249.753659472
702.712123756
43.591100077
310.698063886
936.140287249
717.409241144
588.661357833
832.11389635
904.522842574
84.1607833909
199.466420779
15.023893184
5.51242096431
68.1891221186
236.611945423
206.497062715
951.265737676
803.871282603
130.334001747
744.501572634
832.616117111
817.33145624
993.949698368
793.949738028
813.95516241
628.783685811
245.979252937
757.827118851
3.41109884706
529.475279346
202.019146083
206.439206067
770.076080911
998.296212097
219.236851556
103.584676714
452.427572913
416.959772249
826.717671567
758.326561609
611.616322966
492.564559388
925.081281961
575.458116863
350.088032677
570.467384361
59.6400565068
473.645713555
940.036399907
535.305706221
822.069788626
202.291435509
797.333518228
135.455642859
131.400606021
669.7514253
255.905192533
677.707821458
915.907516209
840.130015652
263.773752965
910.219557294
675.989172597
519.500861505
180.669408363
259.868193739
192.837615658
159.402046579
721.732441976
726.543873187
124.221815369
710.816203532
572.265515945
974.934090351
300.351858934
760.223676494
274.665135438
549.878429769
841.084112759
166.088052652
374.236167831
416.757634665
67.7901801431
778.452721933
812.425453756
611.380220202
593.155381336
880.076099671
14.619516779
548.200276854
821.944704396
923.699899269
915.155558208
971.954567239
166.245293671
992.770762268
545.551046118
828.195459013
728.730325267
790.167442582
75.244199383
92.6382958217
597.675697865
282.737892243
368.407767072
262.885275728
901.48826148
885.597360199
434.041817644
143.594960272
831.399787234
193.700695204
479.62554793
464.79130018
218.097163513
400.623771175
121.057185671
701.775917614
662.546336116
747.894412952
698.500502686
177.087207668
583.586609608
546.441071091
153.983404531
845.989109467
624.332215083
984.230644659
931.404797274
26.7780717468
791.903059735
881.468979049
94.7235678901
436.32495553
286.831867307
678.291473543
820.611218505
85.748666269
478.714301848
619.9508471
793.110479701
261.714537859
467.522145413
279.053749389
203.753015771
248.763674126
770.548193398
739.501332915
715.76995327
181.270442576
925.3874433
426.963444665
794.706548336
747.961867346
433.031495251
444.067762611
417.11922314
870.483639185
92.1362827871
852.718313044
585.587372736
913.591436481
737.195099262
575.823642762
375.249551622
907.433819815
703.15179123
338.867414302
226.990577853
74.4309500423
175.638216596
795.073023363
609.668792222
799.379639746
644.489720856
922.702914
651.069016063
752.702462753
690.311934943
35.158498085
398.680837087
891.689730222
929.733680878
520.350014503
530.290652703
58.845801195
160.438481208
448.645908769
817.460192456
671.184791096
717.272324526
194.004732861
654.951361417
894.48655772
822.646262022
514.988091418
853.67425866
122.053467415
179.385224512
143.987953657
252.508096221
345.330062985
971.235859279
95.4814219182
493.902129087
585.538981382
958.507201578
412.76075059
186.046365686
505.314823555
122.330135783
926.281689118
885.217595018
757.218314497
517.875080614
329.839293532
741.361390099
101.22752539
77.5053592401
54.2992260181
755.124966414
191.097596187
747.307557427
790.824110377
594.39050571
374.933939983
851.639017719
706.034627504
748.200989134
932.64206054
674.566854187
88.8679346429
939.634352668
571.204324888
974.789752424
537.399138829
50.7521556273
564.257907087
50.985359801
325.893083229
48.8069838698
401.977017348
123.778187965
811.986546193
903.594826453
791.703781865
333.661997032
531.078683038
588.303486212
651.439971132
646.665511793
624.003356427
494.472522147
362.061442595
679.89297167
863.249229687
360.933275461
497.931105103
319.594907009
909.173211216
356.191108485
686.298210902
987.351712088
312.288015947
319.42660043
661.842332713
586.456639523
935.520659439
734.265224032
443.931025892
200.904798574
398.61679911
766.48017737
848.320790321
152.035806163
185.87109742
800.959915273
25.4222881577
781.876088905
102.852627575
273.691028498
669.208431443
760.937903737
622.834447497
723.269863285
158.531784689
951.792031847
559.57513991
575.494921808
290.78168057
399.764078256
663.70799377
478.547323212
552.477510713
419.57909338
3.27407390772
632.842137317
282.361900481
512.063880747
873.452349575
115.315216102
928.285243534
82.1558293952
490.25512208
264.115384869
570.528663852
344.415249222
25.6504319536
995.781246427
191.203252814
523.339381165
959.576959202
839.990214186
136.5807342
858.834957247
909.648749223
889.740336687
909.73844425
261.513175735
504.897106129
410.75912609
463.311647032
405.757625359
460.992092694
737.783254732
765.987331011
468.120361631
291.646301465
391.302204773
638.870678347
915.49263219
897.239568666
506.678851463
462.262768714
345.888717109
993.037667527
692.981440074
620.263943792
29.7604843819
495.164779272
450.721078454
807.555105307
247.041561778
919.763791694
842.880699782
876.966081201
647.973450219
268.201394012
130.28512125
238.465839484
584.055794604
226.470480973
932.138368615
164.115123637
697.23921714
581.922508966
268.002563231
248.994649847
179.205970907
93.0207914326
770.984904601
994.850666465
905.158692811
202.602967866
466.281204758
698.332621117
583.879054815
151.13028825
864.262549821
120.759479043
869.750256463
562.729829588
577.404055723
85.2110795724
706.469052357
832.168115656
452.14837413
912.386363553
249.52340896
847.070549992
479.145017649
377.075368159
85.1156517876
25.4984483616
313.774179756
