308.58811702
992.778918089
888.454142155
955.477653382
280.437752343
456.24576035
159.410819225
746.837218836
866.164492754
175.065167965
470.140810019
27.7514037185
895.635453948
996.633928087
245.240567061
609.198081781
826.467373811
322.509556323
534.310598879
552.297856245
163.938194734
102.480450954
819.48343377
31.7843206136
397.622614307
211.848379519
818.647091859
249.599043975
695.73567152
792.212883435
150.470496472
231.360740797
189.446094983
335.203556879
857.085339811
573.954096715
398.099741425
350.212674734
183.54847887
339.182612854
118.754917456
328.438949965
155.679961249
141.529406731
912.315633899
76.3521350571
81.8167712999
978.46022148
555.787060662
119.028186999
997.793647422
236.94050953
836.206213387
266.410428136
530.029691822
989.609236755
250.777842437
543.949123329
743.235224255
57.1133766877
20.3311136056
542.309273771
147.092321448
798.774237282
697.16934226
250.645011656
502.654392796
850.623168963
319.826827185
273.98665029
250.156250173
483.18150525
734.474401558
739.988345011
777.069100875
634.535903046
947.842062318
130.059989658
557.668571626
332.182412176
209.365778923
79.8789041288
4.45314273101
549.633409927
699.76496661
406.634094955
994.028905424
774.806554397
110.313233969
383.750850517
16.2885298754
614.497762209
492.366182875
876.601784105
295.094360754
803.822146698
830.65647731
983.618576361
59.8703115156
526.285682275
243.425299414
817.976638215
842.657527626
256.354480144
419.541582637
993.450248546
361.077943612
710.282542692
754.965893885
587.704111017
347.779871265
152.956846864
233.538992922
925.409702972
15.8623322814
707.473835062
63.5491497653
158.82547566
992.882600717
975.292219255
580.882752224
192.722309801
369.711664288
73.2069616832
517.060876319
508.932894385
949.330253287
757.251505597
388.208683437
245.646666465
997.593688156
153.235633164
694.857169098
111.4479468
870.997520859
306.291233412
440.479775388
419.749321613
167.579481355
984.639176459
763.59705758
202.227463887
751.827825243
659.239520037
195.082269873
680.248283322
663.847576885
92.8729343209
134.769916889
848.92795125
86.5611948695
750.922188414
869.014155969
710.021992181
418.716906476
832.603999923
629.970786739
287.899266705
560.739561324
119.95240254
56.1139623381
175.503747857
37.5925037646
296.050805452
356.204402792
294.200210375
119.495683468
695.500236161
793.996614817
908.354102798
779.497620971
848.922462123
791.99036822
296.957177673
115.31418838
536.111903828
912.119905641
98.1772083743
0.527692860417
957.974712645
504.427474304
767.284224047
632.232196718
408.122413814
715.505484907
527.997782853
248.701557749
84.9947948074
904.191477973
707.166258455
429.99023455
357.435366244
418.329066363
825.019856636
60.9443176512
942.355399664
168.253405664
312.968289237
191.403353998
767.460468625
768.49671774
994.407896171
242.77864307
572.429804383
126.091432024
800.49064234
768.563064193
133.575631107
220.585505904
736.595395961
987.910331161
125.790663672
522.620633259
67.0565157774
445.234023105
844.456294722
572.87343586
351.231675477
770.615507989
782.964595782
271.711166693
312.659065479
443.54573948
462.822651071
395.95662945
864.931118227
169.721029155
379.963122646
45.6113417345
676.344026853
102.536329559
612.36671225
330.543737056
481.053724955
999.548732874
806.153498377
144.602946925
312.588574995
306.77437092
540.107685147
456.416485435
382.484717064
603.527806312
974.937643278
482.593370042
55.6047881034
343.33516252
332.951471216
553.854373908
813.386234739
601.154059165
629.220497374
870.747365621
804.349805815
843.213457419
181.461212353
860.404487746
923.407677549
542.170193633
333.602639105
470.908243127
746.618376817
489.284743894
559.635004368
774.330444922
778.273607995
795.521175329
440.792587596
565.251931294
616.899437866
465.206824594
82.4024210229
599.136438859
597.619572227
906.274349391
901.121802965
102.896954611
53.345779245
822.773069449
60.6560780923
0.625193896789
821.756999828
22.5035410772
54.522774755
970.922065711
208.974292384
871.437412774
37.189737086
564.128446939
199.581070945
549.318615786
959.61945708
61.1739939299
144.713139189
905.867190834
621.21438821
546.207212623
179.622918598
865.186123948
43.1517653443
372.956251054
288.580078882
925.94604069
250.604314089
617.350563559
352.952757744
349.526961998
177.489813801
78.8910817189
157.044443784
141.141128257
224.721472428
293.812721907
539.135828002
950.431585177
154.620670875
399.664050097
478.610865529
466.801007896
111.578027592
761.9999031
951.339614936
758.09298846
872.225534627
229.205813741
774.307618636
717.962204916
622.01534658
807.122077085
332.53044349
653.830649105
480.740507009
187.270379224
12.2443054399
105.847453959
263.034299175
536.639442479
890.136931234
683.352704452
124.948696182
208.215093011
141.661490235
656.984346172
286.242298345
288.058021418
582.201476187
666.3948085
745.149398833
795.820346714
255.862195231
865.737508396
823.036039347
264.857127526
884.838781224
431.083343759
334.984183534
671.731027311
321.869473017
489.938073399
602.237131892
592.279272046
17.7911167318
619.664088773
25.8597549813
971.635798725
613.918006256
453.036742135
357.012483308
806.931383773
979.513976252
519.248150494
62.0619564546
648.424410665
600.153271177
319.687337884
838.395562336
466.320914538
834.694329475
847.554771837
309.064307129
273.834123695
50.1774316402
25.8854647394
778.970507736
838.174090947
483.416974561
8.75382851341
330.150498754
953.908266524
85.3597501714
511.636786642
65.8378524338
760.345558117
449.388075312
526.86190954
264.851369072
321.85464868
992.426300799
73.207054583
949.425625412
822.029341486
550.767985606
190.345302055
303.599757053
234.453262217
97.9954795674
188.781835406
280.394293016
849.345036834
562.318176157
961.370309163
26.9383828227
935.249022638
78.3733008063
688.600951503
559.588928068
609.901505878
377.277435547
118.800660239
138.895827951
454.985796333
119.587587932
332.190758163
865.933088121
325.330508087
890.486912079
490.269659139
156.464618474
190.376321455
937.60802905
999.607281242
144.734563119
153.734004959
127.858886196
72.1833748162
754.970685399
965.005135331
578.177550499
2.26102402676
448.933687956
984.474074148
233.708829236
556.102805316
812.886468465
915.331137084
994.494484268
242.972005215
276.911387136
407.434440023
774.060827357
965.7123696
760.831566276
350.65820438
650.161768986
258.249221155
458.067086692
890.825501723
50.6417409746
196.634215919
484.313827584
728.645209648
772.656565492
463.432820405
69.5841951564
320.848298751
345.483016562
235.153149285
231.068420522
615.557293874
458.12471153
554.897278658
353.683035008
877.505252624
535.278043226
886.549176245
174.887558543
998.527647154
58.1145944966
680.585537196
988.195966359
461.588067223
63.2257887519
421.199983794
856.78097334
602.37213742
849.93205644
967.005077548
387.499981398
58.2877948551
348.061689063
623.717817496
490.419669825
865.189674713
995.6657373
659.363570472
957.923727832
233.747843408
296.596597015
460.998556312
68.8039176541
162.049113003
42.3634913028
749.570688426
203.362590892
802.893292946
849.716912827
50.323192527
548.414559905
910.039276814
619.63510198
899.568624276
402.013080356
820.678661949
816.415223808
529.766974332
230.427949235
999.389473474
985.284735939
923.662484054
708.584599217
248.463419455
396.808042267
318.923547441
970.569324654
840.721107947
514.68477721
944.462652474
83.5153412219
984.255750182
11.984950005
386.369479294
811.883115366
255.192940795
745.451386204
506.715163356
826.790921045
891.312031886
315.974600828
528.889185047
379.733235162
135.618869305
249.762049825
735.725601852
505.092054744
499.214120945
335.583726565
161.190751766
672.373172554
606.932841594
321.925626691
220.748604517
871.435955208
958.011242668
71.6268919825
475.616629609
194.345072808
977.757405196
790.67994254
43.5580608706
141.443393077
18.0485711304
586.565158037
314.682615677
377.428601657
743.835745697
794.05043589
273.767567721
610.58096668
856.091133682
608.868343255
609.275771888
293.398885422
485.649509082
923.784508483
809.716095778
570.698864705
528.54156417
593.831427505
133.609885965
613.107288837
964.150333955
884.541902633
622.247277768
455.164501432
816.670000082
50.7743247512
485.881931066
451.657194372
187.457768806
460.475787144
749.51418599
223.635187001
776.427426421
835.229335401
669.593218969
703.805681191
542.434512215
569.900174098
252.103603381
748.44836353
665.670776201
1.10090031283
229.584385726
638.031793574
737.805187779
185.329434531
892.005864415
128.96378233
649.988416291
975.1018906
861.95295891
473.402015022
354.325141527
522.377375555
219.933778792
570.746274795
386.769659879
938.067241749
947.7058462
160.708423329
388.447802343
643.581258507
446.792412439
313.503370959
218.512625759
690.867971467
285.467019788
586.996206013
966.209003494
437.612682707
935.353087802
116.137600366
342.749498243
535.696763067
175.600705794
2.74587129489
97.5935006271
48.7595364915
417.241953138
858.495186544
762.005263398
28.1205113789
526.951418404
631.818709981
975.170972678
609.54970604
462.497560351
993.533608067
305.593119787
307.496567699
156.595687308
583.116562867
89.9056374505
242.394036947
257.75480703
500.541719887
179.427787978
769.677438816
317.346077096
537.43806778
674.058790663
354.299783793
695.782906846
142.833520125
60.7470841121
603.137661755
485.549946643
155.987876352
394.826499049
828.077916229
294.021555008
381.46121764
72.4677240461
725.599996475
800.448030565
299.471969936
273.180668649
189.436877738
445.924163829
544.727478279
184.05560203
352.570396942
777.247776473
610.592697673
547.271351557
762.867623498
793.145889157
458.866590142
685.874705135
933.940964344
377.545743036
956.158575307
116.746625782
51.1738063822
498.093732433
223.839516491
833.784115227
424.925664858
999.735229855
522.299976125
898.093692016
711.526210558
641.45421618
917.595022355
704.990746941
283.112427878
325.114925356
734.271409004
38.3151603372
64.5035849827
832.493073723
704.68839024
509.264453031
216.664576071
682.488638385
503.59681941
250.077580164
735.247212078
962.685110279
699.315588965
211.769620306
195.880768096
491.800809632
913.85382768
672.977804669
674.924195101
113.036436696
133.190686076
949.645787403
812.601632496
232.829525428
876.521316061
244.087255509
585.276398521
621.217148002
711.556080654
499.758330938
499.513262409
81.7758335262
503.633845392
471.78160901
841.801030329
641.287403496
587.206008969
285.954021279
829.476097108
493.792896822
959.712808037
656.765464141
18.5827127907
696.077097212
430.751596985
899.240830919
57.2160041207
538.125878775
599.35020723
832.712833176
686.530784269
613.149282084
685.948929111
643.724798164
538.453244192
984.229317262
106.212314697
467.19752178
224.733601215
246.147757147
435.681816434
680.767162665
789.817456081
553.594586676
897.062607564
628.051315512
104.561539662
899.415429862
287.338056378
203.049575465
890.992882632
237.454027906
253.641338166
948.640197529
107.765057604
589.436551501
612.148435872
494.318849888
85.9778285151
899.535948495
407.721727706
844.225751285
376.607065215
671.156554202
785.270829088
333.754485638
434.357745726
9.22083508892
982.238578819
199.912811492
72.5796150586
889.884676641
293.908834554
565.441601026
606.348948174
921.210284735
241.759419533
561.107982797
436.130481587
250.901260449
795.182573559
557.299854674
18.1582569127
338.46904287
174.278290387
532.505265105
137.844587335
598.706260658
1.82338753429
648.813192681
995.331228844
677.160601965
429.086621056
310.892442105
838.175112583
455.822757128
746.679593023
821.854245139
928.556950081
480.142077483
265.321129679
133.543117581
766.496153659
600.450406049
589.774525106
263.191910202
454.416634578
704.065864972
482.085525118
869.679871624
995.711247285
185.085380345
898.495838149
623.888599973
615.234449599
956.518598823
268.969363813
668.353323842
545.270013129
860.406837651
572.969604447
241.06167181
556.764051918
115.452098287
752.442140882
844.777545507
116.514198689
548.606849771
570.181312231
578.77886829
70.734882517
580.366496372
642.007187786
291.828584667
262.385901953
600.792193854
798.213527984
791.481657599
616.12431418
543.313725156
396.71665634
725.40928131
545.738058654
805.522010155
781.361149844
884.511976309
810.282982256
443.742834956
21.3425636098
918.936755277
150.034517924
780.002225459
123.326029467
797.854373331
296.516036705
706.389684192
387.774273432
638.987287682
754.615360668
234.901025207
100.777217636
974.969089266
311.082088606
172.639321345
904.710189091
594.608684817
993.031327709
898.954705739
218.923234938
308.726802209
619.806385598
258.915294705
646.864987688
215.119159151
910.067646141
125.271110335
991.451677432
751.151847014
740.36887726
143.123059902
950.988031201
476.849627961
962.571400206
35.764934032
331.491117337
291.216067919
326.17027034
941.582089497
745.527921087
715.83044317
946.534490591
681.294338626
509.852021776
187.244381093
840.500979188
889.111493124
206.23457108
395.30890205
111.34139364
212.610879544
904.799281871
712.59743618
2.55202304635
617.291529184
377.875290455
593.867926084
233.830504494
83.6931542702
512.988527839
483.551814573
527.214847482
390.693812725
885.731309302
150.015228683
83.7851231247
667.449985772
554.243746481
117.736207522
827.294966666
439.657779832
253.143441971
126.99037192
903.292705618
952.704258616
724.647084538
751.800434277
781.563205328
213.241426941
521.596978867
406.957609785
609.655111721
47.3118888281
10.0889513981
769.154109311
905.524790076
109.084249035
822.602031113
751.074177445
427.817807235
376.078256718
220.997906946
155.043361602
974.326366222
277.60732477
55.3397934195
979.355054518
107.562879283
516.474660507
463.168451701
350.041699063
654.267784339
327.731414072
835.944082589
482.936589152
956.3548152
812.482487596
323.866615314
167.545003816
861.858699041
671.281328127
339.986866212
875.839939743
745.590764291
749.819545005
204.163205075
121.806329353
560.378833359
349.96686748
563.866167087
130.595043402
706.454766853
364.603294035
106.027643769
