475.622970701
750.159980435
987.772150696
17.9041011957
825.341154046
987.331436104
523.70594425
544.882338638
265.557754647
291.372344938
177.57263141
987.841077616
391.976254965
768.787282045
624.255780383
379.614744162
349.20997313
511.507472295
247.801443807
229.238020772
1000.76753067
129.957551709
617.422459976
886.691071559
566.999641374
460.023002979
97.4346344707
83.1425332021
916.405275759
522.671791777
503.540762933
328.007437746
305.040727363
270.247629686
548.204816992
231.161931278
585.757494294
3.55144666417
368.916355458
929.381212505
121.593344651
582.278036057
91.7855366259
368.786690543
974.654032891
975.380431886
140.979252401
580.836299862
280.347150192
729.729181291
309.303001134
540.715446159
476.722494474
581.54186037
201.210547244
11.892683676
344.309763235
237.002320011
355.920265465
243.34699692
728.315847083
641.639621036
418.145253102
961.715263854
898.361615094
30.4149338277
975.91361258
862.543848812
833.477578377
101.005276178
708.142744648
772.478098625
905.030323711
919.888844572
675.849941516
200.812218305
348.887370244
146.971525669
78.8134679467
452.534738328
883.169971885
147.928959832
465.853412674
584.425960379
792.66481162
476.16130282
894.083497366
74.6763043804
847.990610508
541.769738707
591.672599413
713.94531714
186.316090893
631.033151705
624.056190292
592.506585976
607.948233558
879.876078428
882.362059906
631.291744779
227.667472331
398.663865051
20.0375728176
247.633743378
241.441900709
893.952409381
599.920077493
905.343195234
287.664841388
405.650363692
552.029896424
269.379256679
398.357070618
976.498344675
810.121118966
695.109804741
87.1770195865
593.2235534
958.294272484
261.426639237
658.956289552
475.125564289
205.588374883
320.795514567
365.824101787
546.84466523
100.253338894
60.2455722766
372.529836181
478.177426728
646.46107643
616.58098819
381.558871809
231.560024937
899.355735326
532.80157317
287.633824029
518.563801364
815.434844976
610.311635361
590.295485856
263.879160175
659.937338689
756.464953497
788.798887443
735.335502558
470.788991019
974.568575641
238.345362338
562.074751351
303.275615276
10.7416037849
994.481347273
136.779924448
90.8052247915
823.20598011
939.689416015
741.131440633
638.468561441
523.543841818
264.52189233
587.609118777
190.210694025
410.655026541
875.395501753
176.403729305
32.4578858103
763.153770171
476.966882119
848.360753899
271.14960734
762.61915613
769.377722872
469.513828925
672.310121992
929.925213067
537.028667665
956.59654656
254.21203679
694.747459367
995.061927355
845.792896566
469.839981534
787.019742755
891.81538803
834.050944553
715.341363652
687.513064692
90.4679026161
327.297310032
194.520249227
35.7950410586
571.101944362
188.994886817
429.205324207
362.336272734
395.459577087
492.792902808
212.593577558
736.527723755
247.719101811
797.820651108
521.013759457
682.851525906
441.365873651
358.81752319
958.486471485
172.077970972
895.562034098
387.930296354
460.355046826
56.5410814953
687.247950866
666.328734754
271.87515481
268.338319192
864.060643034
147.029432183
146.055083693
315.7968404
798.368077756
5.84153728617
676.342127436
760.764660513
413.611063077
982.041127861
878.548017579
382.645171219
259.010041132
520.801373373
146.330887764
125.667500134
323.949725724
519.628504143
685.304308852
221.427369269
902.892048047
371.376401145
456.497127633
429.284160965
163.325522025
885.578519761
347.972557871
682.637274364
768.554601662
854.004317143
755.567836583
624.135296381
794.000248044
816.031725629
766.997781234
660.375600401
89.9531203914
212.210088501
310.987749501
305.142696809
606.264733726
347.075321269
135.694076377
486.380636033
390.172507489
654.863140078
178.964442848
678.807815323
472.650610905
4.55283039239
891.25881639
562.183802921
725.73729976
300.532859939
404.838163267
355.881935685
404.562288903
698.3565288
964.668206741
683.41111731
597.797407101
838.149556928
81.7745075592
356.855492273
641.020253321
543.353423024
489.077687964
295.928367375
825.732374674
799.009316909
141.764201032
86.9052306661
375.99752761
479.663074874
380.938330533
93.4309230882
670.888628157
937.061451729
11.4393240065
413.086628996
904.860480807
408.509737249
467.346887164
931.623558524
959.361918275
288.098326668
588.315003178
439.86960529
220.60417726
647.23998888
811.053845435
842.411451957
218.659291488
678.07587278
49.2386575307
731.567883089
389.136558826
980.797161846
956.981668966
878.154853282
421.341399301
482.880930172
334.517770856
983.763723994
725.81036178
168.616231933
793.034291347
198.122936912
425.744275378
268.806653166
767.840007099
603.728839007
872.989867836
174.816696502
953.766802162
139.041852871
561.391893077
967.634141891
929.987521046
654.446020852
89.5077060978
912.367290726
904.810037445
164.803861716
843.892076708
637.184088325
961.537918539
192.083491307
480.502940696
347.425855699
103.534516306
165.073714379
99.7953264841
216.702531182
875.116344807
287.445734089
57.9072396258
609.92878214
294.307469052
952.393128343
732.887325595
685.99333907
364.860723078
433.105671078
672.629146493
964.464856172
515.636112418
363.455662453
477.164306568
723.277938371
927.304812586
513.34840804
62.3920306899
696.762694082
179.199509999
408.820681991
578.075262684
396.698598195
785.698301087
372.968702789
268.394568919
430.60368858
250.059928581
70.9427082066
719.54758341
404.308808784
639.541780576
929.898285189
30.5123804954
760.754008929
106.737973704
625.019666346
246.024447588
318.621272503
368.827940823
777.934279959
668.004561473
946.244212582
740.184461981
530.621937151
627.538403637
97.5673260574
333.577325778
102.96034424
851.177575897
288.067461201
46.3111363212
118.074020178
62.9613774326
195.685750001
821.402205397
646.550415078
993.139445745
906.672711404
20.9915129422
896.888656066
687.377884704
624.480915137
677.37120136
163.666703333
841.951191398
420.547315048
248.483378638
265.701221813
862.476632321
499.287383357
694.971002529
204.389440387
653.092461155
52.9317118566
911.68301874
997.381288282
365.646277581
96.2053812493
317.511135109
387.414148807
43.9186313958
452.974497937
989.297774682
941.653202969
459.4812215
378.01812745
330.645005679
42.8819568759
987.01307342
590.896144336
393.797988207
905.505079601
249.27440758
829.755916326
391.713852372
686.73408268
935.23049101
973.585287804
61.7187937884
855.505774375
758.542751084
454.453645302
963.156243841
142.42802193
956.801935264
456.700213668
590.327240068
206.552094454
775.199040185
717.86041232
666.771981344
460.251689157
703.932193395
317.562103161
183.224465191
774.816381315
587.130317751
685.353584091
594.699287433
906.770663573
1000.21867146
115.887370863
23.0198896706
516.486164045
485.847929832
86.7413684635
213.704266254
766.052605666
660.61130602
990.828379922
926.721111665
159.456665603
719.878144053
476.590917888
88.3519909633
480.983562989
356.863257378
809.952009914
174.694350606
863.813657552
45.9700094806
381.015209179
62.7307400205
25.5328292437
422.702999319
822.706470324
555.845821051
206.397351741
774.844325633
429.543307109
629.217338006
334.914301123
582.315681797
28.6943772361
610.818660485
852.805303936
285.14962667
394.405300229
296.510009684
477.539433695
153.899260205
875.522007796
910.268167748
159.970005996
619.455971954
946.761216962
66.6837736095
268.379161792
286.901979777
476.1096141
286.269017258
273.273093196
926.184193228
943.81904293
630.857942418
709.385385376
924.419163649
687.739923923
843.89999973
828.918011704
584.11795691
956.813190804
735.553308892
58.8361807926
473.942332078
155.08893959
537.704083385
925.71250786
852.284689177
626.415244892
852.079367519
169.275756542
695.321006072
352.585868872
135.941889561
213.865133073
778.821665867
402.282130278
49.858778971
705.102093654
812.13511784
901.099513474
20.7697445453
686.68562611
483.113577337
575.639487862
559.758788229
26.7212164943
313.654941371
866.68796084
716.88862181
571.015240855
373.384226989
861.059928124
480.139607356
698.752105777
17.8105123199
571.262845686
567.024169716
839.49891455
839.112034418
162.443977281
568.384708437
328.899637389
67.9754248867
496.343083884
70.5868584155
943.748998748
115.927883683
591.253816948
971.318975776
856.065816109
909.502440194
259.074510086
974.027655438
955.703662952
393.444748982
337.276617768
31.287303161
157.521835905
475.463185025
925.383648973
74.3012917957
294.502638238
217.613789377
921.829825128
366.692875622
24.4581039527
971.235351525
115.695410446
61.3499708422
355.991687575
416.664197989
128.84051575
504.132460995
656.154659773
183.073382838
781.182308781
411.818431146
751.495532992
600.999089252
905.718534367
566.64216496
509.327094554
324.942118455
712.88487348
834.540172909
878.555062451
905.0316922
378.737467074
411.762499071
325.176325206
750.301828215
801.703137583
686.132356543
421.961451635
232.599123765
258.239446786
541.947858312
403.622378462
424.525340678
305.858569965
368.983818355
332.670645328
460.972605295
248.844833434
309.327512079
892.864972437
474.077474547
792.990128893
975.136733258
471.158375955
30.015481791
134.31872324
688.915665227
302.392493784
512.026124725
222.011432979
375.57659459
336.676086928
203.249467679
510.714989436
563.069202743
64.4301536798
435.257807646
750.27149204
92.0089656205
466.791802575
30.6707100779
636.210825427
958.038796949
251.779204719
139.914249069
162.061781821
448.284364619
549.16335546
664.172333148
535.503220303
352.493081799
740.054467
549.155126726
725.705456206
803.12725707
787.213884625
943.99092887
374.249876762
433.151101209
589.752980185
604.513308283
695.803371613
651.831082414
568.10719376
435.206122817
304.28399894
898.89658013
936.556920627
840.930016239
483.258870891
109.647155181
965.004275947
655.377616654
611.48456843
796.947745551
5.35576738745
628.074456361
433.743763303
553.98315777
60.7690379174
688.691768396
509.012336033
572.890509478
747.811805788
788.134337643
966.779503635
886.749733882
566.128994659
329.538935221
904.879415578
57.2773212815
764.59267239
63.5024072884
395.408921915
210.734410569
320.248146498
631.612220338
378.59970503
869.677447313
40.6180947424
204.021292565
71.8021890942
438.326220767
309.890605924
575.169782672
630.014427847
900.659335837
829.768986677
519.496115404
448.790697676
646.602426709
11.3761083237
237.819034575
536.148855124
822.268407154
561.057290801
410.032684786
820.754809205
993.110168827
440.746323685
967.103394759
568.070634653
613.525622296
977.405522743
744.491598035
594.450692163
629.697635011
972.427407928
431.6356194
538.402239374
14.1946049977
528.992563735
761.436373266
336.898029535
28.9949260546
606.36588809
536.004217384
418.228646213
27.6713703216
518.759114862
523.901758038
742.757609326
328.919029769
753.866824007
259.093687917
493.15248664
237.432958488
954.301479081
671.410790843
140.510141935
179.652456318
789.670715017
273.652493777
922.253354709
201.290628674
818.002515837
356.463722284
870.581394161
845.186674972
520.975961402
729.610068354
980.498643417
761.698466944
153.261798788
190.59892172
291.593586805
226.247538393
133.400863104
199.643104957
39.2152633164
153.482030577
267.127285237
586.705760477
510.038656423
795.436563559
759.626047626
840.412213706
291.389372787
590.9645503
19.5475118537
490.097647798
13.5637697291
459.622631403
91.7042632247
421.023763162
399.202404088
958.83221621
529.925876459
77.1562297535
216.689859105
723.862267341
61.8489159378
50.8089697431
508.099239016
965.920647273
371.488633771
892.434238367
592.523655084
91.6793889061
715.964566243
87.1992229656
411.187574007
544.011021423
222.586167854
985.105334789
951.037734358
762.367175407
550.676519572
376.463807373
919.953427845
557.611002873
954.691263771
73.0410945545
809.553660092
633.620668198
678.516967003
343.523837604
222.665285004
205.615222419
93.537979393
76.1020511521
2.73403386435
655.625389136
533.953975685
458.275163445
808.643855444
600.205991203
615.699966597
915.224371395
908.026554421
564.303361804
60.1365669746
5.78982227177
742.996748462
756.257197169
456.623652686
563.581283438
431.296536417
683.683349011
244.588997501
719.764361519
639.799034615
740.332223181
640.172176199
940.036367984
881.263467385
536.586903373
965.461824233
783.015021235
392.448074074
197.698561208
812.777213502
195.274412113
626.786780447
110.046396761
570.726719106
824.109569394
682.157916983
877.686507373
786.043604991
577.542566129
605.124202829
657.183048711
370.039848998
930.055451443
511.668396575
918.135304123
661.757194786
254.90082713
628.836719611
459.031971702
234.65139787
172.512853652
409.104133535
966.044647837
285.509965073
673.105524956
877.980847177
329.937543938
355.110170358
0.548158790455
537.8729923
990.231059736
659.933399271
328.070580097
83.3160783045
821.538362122
165.145377252
571.660366236
253.344285311
806.869231988
121.468739377
887.525278768
946.619044727
77.5904872594
946.898918882
558.384099175
774.488641628
654.3757
491.120863612
349.807457235
572.104922498
937.730328336
19.437521181
676.657784621
585.031881044
566.138888832
876.831376499
878.106666078
826.660528196
251.435102199
731.591826681
148.797671594
425.679963139
610.133523105
239.152359769
141.079984026
275.295009973
725.334987719
527.057168078
721.421293286
642.875065119
522.384877082
12.5685779516
555.100686589
12.1663123905
326.628519726
715.527115141
195.825988353
415.179335562
428.764954479
322.891307114
137.004458701
507.073210774
54.7320085886
146.480555469
475.721514551
549.156194543
972.805642053
17.7132158572
285.628955303
854.374375803
979.006183691
275.250373081
739.557270296
193.427510897
97.1178787416
179.174110582
898.983381561
231.335148433
64.2922454987
823.345907865
21.6064411137
126.168338508
333.978116014
62.1448845777
99.1133231539
369.896240641
280.029423502
843.230862662
96.4539854538
874.402204709
680.988436957
496.713422035
644.615733511
999.74685519
839.908476155
261.587184155
205.604492402
433.898190876
709.774817989
501.585564281
153.250566306
801.772080262
239.222730427
1000.01811192
690.896926128
335.32640091
633.036557883
580.142672507
