578.952264593
311.739295711
41.2114503577
195.65629845
930.951262922
989.827551828
776.125576113
292.669520183
51.0153438803
903.942473512
217.8991228
355.821883083
314.722414652
932.919390533
884.674477872
401.656025542
795.150830118
98.9145503996
767.322883645
567.441510267
104.959716383
218.783347406
602.530094585
614.522704354
813.020919385
805.709421158
245.684710236
76.7500551755
591.711443829
469.827412832
367.352545495
221.282863756
909.59394649
128.557500493
165.464088081
609.165791126
284.060010967
18.3682066303
805.458948896
479.276649846
615.868902139
507.861012006
444.562797028
7.32785696167
22.3562049666
726.50897778
484.930586204
912.647990531
819.846825563
853.346768872
359.829090829
894.46436075
823.988925215
233.081238246
254.805198713
61.4956229191
457.700951589
501.834083731
281.081972321
632.057089342
835.789309986
581.07565596
964.128789084
493.722986927
302.185568618
268.552207333
670.241261668
557.547347034
960.138935743
585.569306134
131.343212974
521.981735523
79.668949285
338.541052177
420.551599198
602.140731725
457.283269503
329.18984996
790.255890818
402.889449527
854.537988209
736.978292405
32.2226509398
23.8539708532
587.909139559
508.124051639
647.712965199
290.456014053
72.6984575248
330.887925793
793.693371923
808.613728279
30.7944184924
256.957370372
871.343576275
528.446713025
952.788190506
734.529567141
298.664931278
463.972007407
278.470062812
550.045302456
741.628335594
41.9037372469
836.185498617
440.049238683
234.947787039
493.871815694
927.536895619
102.538626233
114.47135244
567.077818291
600.671899046
958.043811823
255.001150097
322.993879604
125.530560853
887.916043866
585.639324065
190.861722266
608.342831646
204.095806646
957.698529725
58.5005263016
883.911922668
85.6551444939
381.355157758
85.5407928247
664.65166827
717.789233647
707.166036816
893.522842075
844.022237711
8.2355388249
11.1967133767
650.448695807
573.672380075
368.223841397
577.357093602
438.360112368
657.95223618
110.269193613
425.265860026
559.232634754
476.915785885
688.234345977
88.8148109907
21.0967999093
682.280476615
41.0973552961
60.9632041748
809.816958965
819.474764505
946.848566611
82.9051481854
646.972111785
459.488436654
985.113571228
789.889356789
557.485828966
865.731210507
571.838078138
238.154225999
329.232696707
359.941865684
957.168683671
107.079375247
635.631449131
880.285872136
676.380116229
978.188045497
263.421848426
836.912685839
290.891214872
62.7013797256
928.773257208
504.688176869
246.468849056
395.815930334
672.786829277
358.656073719
895.18890767
188.089520553
383.222810888
354.582234516
679.22829407
216.75607014
904.230251407
292.098508447
909.875112077
123.551106625
875.036056379
697.225328746
843.766206977
882.318081192
950.529900563
961.345750093
223.053730769
890.003012034
341.184117014
572.047063305
87.0911496036
273.303094358
355.032005254
947.109463644
107.450705703
281.33855506
941.645983382
230.329707153
733.491347727
225.374492192
36.3622997846
106.226719745
292.369728064
818.706038686
763.660671439
261.221231543
640.703380047
564.037353337
311.289031057
896.918137831
419.469710896
389.941950478
56.1447431411
358.429509857
628.23259809
156.275549472
308.655484437
895.845590769
516.132500895
265.208033254
808.562894547
529.222958703
223.033031189
238.763298221
151.829057642
394.366232319
300.572033144
842.109931617
687.962233046
795.343879039
831.939587347
898.060048085
214.151109064
488.443289098
511.139775529
386.669926674
134.398160092
53.122504445
926.462786877
827.078697999
161.738563114
749.973487808
773.759223867
251.381024413
691.850218924
873.648666849
141.218292611
778.247120614
794.7035444
351.537539063
789.010894085
431.96590358
790.439255483
856.769886878
620.853148556
79.7229305197
854.582589293
476.914791285
919.619207064
267.18539149
748.042728651
844.266131813
411.300750287
299.976180254
829.444222792
466.075877513
373.012918127
718.12038859
714.604341892
253.468196143
92.4176067096
305.959649547
658.078583113
91.3448315904
95.1069845484
380.154557294
845.722010075
598.526396331
447.936893999
561.73351879
16.6261181863
183.74919373
498.44322468
298.640995309
618.172741021
730.085716718
871.008316763
544.6520472
685.063290573
832.426623895
818.770921978
554.82419402
318.331655342
238.063672061
547.56007405
461.699933466
510.259533362
889.033640497
244.177809641
559.022185818
895.751142608
419.467526669
55.5768371164
608.200992155
764.028734091
427.499830019
823.649239281
812.041302911
444.823387346
321.944116927
311.609168506
761.758949685
905.824367533
163.278887584
604.243952197
434.677296103
293.698607151
277.02389502
915.357094806
626.363222734
790.098760029
539.574491923
429.094260276
147.311462749
201.971679767
115.271050344
538.082172595
473.381497839
998.190879844
185.916973108
932.486752641
227.144118335
305.493295261
516.011170694
709.604060504
678.448623235
837.750715478
691.705249697
996.440601857
191.4900619
824.900009254
798.017844599
303.039776007
359.463569016
11.4879184647
764.309112294
869.479562219
620.887117152
45.9428828267
442.540046813
866.358508404
795.655785651
804.356562479
789.673809861
313.540504709
908.658068974
856.272372468
837.54054274
921.144923502
605.565938024
4.75408118361
772.103701919
785.833957018
122.667569347
655.295924937
592.58262511
663.824464546
597.319670794
964.422887011
113.326375545
64.2367152464
878.447556899
394.536678086
266.860926502
648.933238024
118.32593203
39.0267194605
26.3275673971
883.1556083
659.456640304
118.12350094
875.867491732
799.222682975
561.688566608
935.175467081
373.483174466
687.344799636
986.316350138
772.789394388
558.071796423
641.532177109
727.966364667
266.824138312
440.615701828
746.938441973
957.971924313
49.6116073819
181.583929192
279.776967767
965.581202367
118.872640132
623.081312903
596.099012077
286.269615555
770.905530131
399.540897162
417.176754271
657.481756637
409.086062251
716.338783623
425.899869746
853.771185405
79.6976787921
193.076903655
399.383805783
938.531666168
686.829166019
780.339448861
558.833582599
557.839777799
537.255691437
665.462911121
795.592446231
668.728872148
868.463727647
512.052760028
261.993405192
971.559318625
163.293281119
213.458223742
77.0764012982
432.871034395
615.892622056
696.830703538
174.910758512
712.323600503
869.572881899
20.1214821757
908.404440526
713.857140096
715.139231999
435.177078006
660.083632374
262.146997355
189.104509373
592.97663137
968.583167779
484.987623157
885.670243632
98.5947244858
518.642140201
514.182335967
609.982639461
609.867484743
647.896226691
666.577328961
759.563078172
695.149774288
750.307181579
352.276542999
316.149491218
132.737740193
913.615584048
399.72129277
774.901394888
403.705024976
508.010725359
147.226817682
106.934176192
443.406547374
54.632056693
909.174891725
288.29200519
447.215959227
879.073813193
748.289943568
589.984086448
99.2161848765
979.876373808
64.741997139
521.068104529
441.148565701
812.559939285
566.314759107
487.836801417
598.859065584
556.715447297
404.83513648
937.540798628
284.120487333
556.956625155
503.208236387
3.63560606535
830.126219208
379.227277059
573.631929193
322.986520472
281.915466452
35.0873044771
568.111139865
807.176271397
386.29480015
113.380105221
65.6447644856
899.831708628
810.448641686
256.94093589
451.37442831
33.4345581414
297.200128892
91.078610453
515.742625153
92.1065538848
3.29184086733
345.485440085
550.290526588
902.72278709
920.478940841
80.0842684321
703.814753608
309.066391014
869.257010774
771.976826317
852.005884134
590.355764851
588.199390097
75.4631972909
175.556489186
821.488249078
486.233317395
208.950806838
350.467926472
393.040836111
264.665026307
621.961997739
276.571554197
39.5424323968
472.091491881
614.590726085
554.368144805
682.74404213
423.653719946
210.690427108
420.722987507
467.175506101
635.143328477
729.018273434
333.848448907
447.308765344
58.2061084734
458.041632457
641.185002649
500.198341912
433.331403944
520.741251856
104.095995031
405.801170256
322.833415909
341.655498433
396.142641796
464.137086473
567.474718091
871.86951979
787.741408808
277.933948693
494.181749565
382.028650362
843.744851836
901.859677252
445.13873538
725.200324028
252.208102049
952.280092234
106.68144111
879.908787794
810.753535542
131.986771397
625.333039394
589.584887713
772.128513479
381.429053755
733.776453077
622.028460101
797.415013284
671.262945462
158.950291983
991.815340552
533.259042047
583.893843802
732.871661708
281.854975061
412.591339195
678.02482078
732.703393396
530.254162557
357.437538659
720.985389376
155.679426444
220.980953673
314.158953764
101.869055961
474.393073803
830.668261202
821.882552706
227.767920444
542.479461132
971.926103153
421.276451859
895.308740734
679.104417166
67.4596318216
794.180006709
330.76692037
59.8635229365
806.731462572
235.686147722
170.722388841
923.045303647
907.130359067
231.72289597
899.911123
449.881263507
814.79158921
62.524146282
516.153141567
855.373073924
233.433138088
228.046782416
228.541104829
83.609702122
227.131520423
201.450804244
78.3372399567
260.968121309
473.276789489
871.311552833
111.168891927
671.6735087
61.328193289
604.428510528
726.583574516
95.5000784778
976.431937461
502.664129085
675.338290478
940.595322188
201.006374113
892.927858044
33.7171795514
105.877616778
687.42636522
325.843537857
831.340342966
157.225745695
707.141211981
759.829262827
353.919194081
382.35608771
593.814284249
769.956954588
219.949256822
760.580319334
875.698522514
85.0850342107
637.982169746
59.2237942205
800.833793455
452.836117871
536.070722771
648.284920799
371.848358177
250.980140213
74.5101985783
845.700266147
661.191727798
93.2810582966
918.296956882
119.510013693
729.068690383
871.300456707
62.9073288
24.9051150594
164.758942419
982.219510696
649.287569724
893.804164615
287.615346188
746.538248699
482.660333134
213.952722294
908.31011431
558.180734607
664.885206428
800.813350769
81.6700412439
499.311030614
123.470705577
647.748849048
769.558860986
330.102661253
840.529761943
674.05462402
792.54527232
369.271892131
134.426313647
693.793241121
665.536645467
69.4973706358
767.866605835
156.838094165
581.128770857
211.220225262
338.042642602
380.216386101
693.469171202
193.818847449
874.424690298
631.394066727
748.127045035
742.028071673
832.333255474
163.877910667
636.234617179
836.16051853
831.011448522
13.6148677312
87.1258930002
905.663102802
428.71653171
883.518026618
107.881401257
909.841453984
170.726706143
452.720050004
870.162754797
274.512622664
778.845672435
246.607536964
102.224642783
160.606840136
758.695219612
163.848857377
50.8632035238
222.28757094
234.722180857
291.958920203
106.578236929
206.385262801
417.610980945
814.947104501
412.675499664
303.436580827
523.960214676
140.773522938
902.435179121
918.93439171
790.87391548
714.714685563
960.766189878
272.325924046
529.145239283
181.152511217
869.202562021
447.897928962
16.2105150544
555.218154997
541.708426711
151.282154572
866.813885572
563.365162698
143.285296481
957.82021718
77.2470069824
88.1538877025
470.700112461
283.841459134
876.612515834
545.570380399
630.926726909
114.132389589
402.052182631
638.608286645
888.365393687
958.113532763
637.182095409
245.21719505
242.198728632
769.077257251
333.344597822
33.8121143414
593.180765381
818.826177143
509.105776306
581.349344704
25.3053600389
82.0864351243
451.028864504
575.628393127
240.050740305
925.440196342
344.801214918
904.217599478
625.510781976
519.566492551
599.965088233
423.582259022
917.272912312
485.878436923
438.642670601
687.825581437
892.6123251
956.286622446
724.485224234
787.122960449
210.982362958
841.524287024
906.266669581
689.732090563
520.367390253
301.492386847
115.29436374
390.148027464
333.528349649
957.445975853
100.786473953
550.883831371
448.643672688
486.820348572
544.488976304
265.126105668
587.454494481
623.374631215
77.5533898885
655.732990794
915.010330097
437.04527639
209.469735111
704.562317107
457.320898038
145.899423344
977.992731184
644.365560485
438.223378738
779.406631989
929.397534924
406.341575653
822.340187042
657.527684732
741.532985082
639.518989589
326.015581492
821.87801029
382.972377616
677.765093972
883.529680751
987.93998142
91.8402793175
896.555271474
516.990987264
732.671893116
226.457777485
410.463097495
422.26299231
757.137968269
814.039419075
137.24777795
860.551481316
420.385191744
524.313139582
883.021791671
412.361700305
440.954618781
184.032766219
573.054616129
363.00331836
716.685324544
874.766860528
892.490093273
592.830991635
244.984429124
535.786730097
520.696185238
939.736672949
639.43369295
304.991334292
87.9811473864
686.71025332
177.639667048
733.223161866
345.040776849
577.023318232
146.128472313
439.27568763
883.190894717
436.95605906
287.538389275
147.17127988
485.679405446
298.293024109
219.412876095
641.133738301
850.159350606
942.778954739
947.392347759
531.897311884
917.019909318
642.282430865
602.3540681
241.837918428
15.4349608447
698.624019046
492.764746278
840.116139295
37.2208526942
130.937236998
500.662685572
586.602460184
751.187036316
303.827225783
847.611088549
188.721369895
388.498538622
19.1142993475
994.177790286
237.598019225
778.125875244
551.81083961
234.247492291
891.650304962
164.074811167
955.099585912
128.860098021
802.382177814
793.044055007
173.925317776
706.096393352
153.893414389
839.469656051
540.334192924
733.792941013
687.425846691
287.810320137
88.683093702
826.945643496
900.182476611
553.890617092
568.011826496
922.063881726
54.9234487445
404.964904242
234.05646019
111.572009566
187.616642915
173.645112377
933.491780058
368.21421828
276.040124551
95.8722853488
253.766525114
425.816348792
713.475656613
25.4193933834
968.265828925
930.565584472
280.575136692
628.436485844
754.394935869
904.749874031
349.094992499
46.0414587487
220.723646846
52.8298452982
754.7491169
40.7405717326
416.392026473
40.6523675424
668.90542489
669.845263543
671.658910453
644.450868253
874.194467675
756.940684881
989.955451858
271.589684575
355.740517878
98.3164425422
941.923324969
954.205592711
501.124704253
