492.139049856
475.378689835
910.373879037
983.773897874
91.7613577064
84.7109234902
165.616629105
384.93250954
172.853156467
565.849374378
617.578915401
693.460598552
861.699676794
358.506228268
905.526557658
978.269010817
449.038721404
905.419617069
88.6854859106
338.451706059
859.963011152
124.017952739
624.703855289
593.679045239
322.277528408
465.345386104
178.758708531
201.743527011
82.4457231195
857.990025856
775.544337641
295.688631064
686.820104414
732.069530822
505.218744127
250.382520166
141.135239151
450.310328275
239.607282097
542.818224337
683.113639806
681.168676724
435.14072951
940.738068644
759.679541098
546.408303239
351.876791907
966.958878712
568.903618258
475.264749207
61.8880227202
469.906930753
995.138342983
757.913648556
717.892481559
510.653413782
178.117170258
100.587255787
284.124886392
319.556649186
426.619024153
877.349142358
982.112654922
290.665341158
214.237451261
565.820593735
588.646414842
101.697888325
888.837805832
821.756483918
486.382801403
192.756283961
256.844234934
298.507893689
201.907479275
428.040192253
607.867826822
171.772073909
104.584054019
968.094155661
420.720272468
672.715339048
489.58980396
649.716740566
941.75165019
597.613154134
25.5183742303
155.132824398
6.73065227673
312.913530248
258.322693664
903.96414518
289.004106934
650.594361647
204.338197063
799.858074194
642.065279623
661.819651043
696.221417206
485.96955981
292.383507904
907.367526447
516.460229235
251.397847204
848.879805535
8.01291001839
350.184531682
936.00195866
393.379057788
358.142899536
309.74615853
253.881408926
229.213840409
216.240559984
674.25229426
54.9535645216
947.430817431
625.644457304
580.967104519
199.432237744
811.411548661
305.620043639
180.407857984
638.443493357
948.601349778
806.535098231
831.208435447
807.491567381
872.212411548
900.146769967
340.256724523
186.966783633
237.947728957
426.107321307
765.248391947
495.431107946
947.732383565
575.801569837
367.756871988
210.200418173
165.957305536
271.722734875
19.600251186
355.470271511
603.259799053
297.997488633
533.696417247
844.955489568
292.768646718
253.279044451
350.880676163
33.2158162587
112.356303917
315.336628516
465.228818369
37.1392577514
494.668209755
956.479504232
612.799990487
988.159644709
820.999136042
209.324465023
976.890831055
433.269219415
782.441416566
575.78319556
776.419064546
624.665926011
450.353473673
239.531579445
510.549886672
150.348244466
28.9835243638
804.376399622
992.171633022
483.250456345
339.051474419
332.273196738
646.307968352
911.083916818
50.5059256481
169.023828282
517.428397063
298.571700754
236.215417292
681.397855618
348.191494631
561.702268444
345.18163937
122.929444867
500.141536617
182.04123349
662.78348583
630.233192436
482.674045972
419.766280892
781.652194287
103.860004852
118.803163412
350.905543599
945.549977503
124.533253304
11.1382279942
302.354917376
750.494746829
873.019718329
89.9340854838
692.77841541
594.176235311
21.6035099544
740.758689173
953.115187477
15.1017327523
220.588042024
165.296542405
247.998572433
1.72843849135
18.3418476824
693.071505748
547.557329746
439.97445789
385.725919338
17.1247275315
594.560524351
244.057371417
879.481791169
802.92566095
669.129198203
836.819533731
253.511013444
251.718632333
635.671524816
852.132399404
450.876231804
426.590593811
784.007324612
659.407382013
708.301145767
280.906728121
156.636739773
53.6792699387
595.643172693
106.363110407
312.548332271
672.464500733
565.782916908
883.854531247
732.996704202
177.672364234
784.704657059
245.165804589
699.50836514
480.330691247
723.72007368
862.819523607
329.170575691
83.6342121021
614.6689266
395.843861498
700.478535029
46.8826045906
994.703560522
800.762985717
171.904358868
95.5705895182
213.59684228
892.668097471
198.991273935
92.1917204253
746.807200374
813.75070669
295.006429171
842.746023252
2.3161121042
953.946589696
46.9985977587
684.099863424
853.538042629
514.186708002
289.339872214
891.932316425
684.042739012
777.733626302
430.680928079
316.109308136
666.65861507
681.548371199
589.455454503
117.757350705
153.651903639
476.794198448
503.077141923
267.746352074
596.407230074
355.701611887
514.504891295
727.881942486
785.921570014
147.006847266
382.510772262
808.807523115
296.743357194
564.466763828
862.313684781
876.474440023
860.287779485
827.043173092
401.746684756
155.296205278
98.497213138
914.425628476
116.90327062
794.501248372
602.294600832
707.396482064
575.978794343
332.275204593
63.4687675944
859.216453711
196.057098324
931.806573661
571.863138302
307.527470338
240.609518872
10.5046725856
634.096949702
768.049440408
216.284628374
759.923441446
419.253933453
421.253591514
20.8420169183
823.229240173
924.799551873
584.67064671
681.191940429
371.470156202
675.253006351
486.711483082
39.3749198316
405.828850066
468.583486013
980.857236668
41.3826927952
984.20663511
469.933949496
405.723880459
175.456694638
926.707664003
1000.19570657
338.342387239
428.260234544
937.862499282
745.553892226
910.467433021
170.050731771
256.520643161
707.891484524
148.791052366
744.604732571
192.915103779
781.027384032
922.935589091
821.09819835
144.068563087
586.974841538
694.812157195
563.69114201
50.5542817473
695.910994545
267.808033661
201.984120645
290.753972983
445.156477668
742.411602994
421.550369614
42.3841699098
935.196077088
901.829481701
649.431254069
773.311879742
691.083199979
455.956004789
530.531024859
250.259657684
244.957306363
638.280258229
429.675864575
319.905345596
6.03277494004
658.34963239
239.505551275
58.6877545194
316.329461424
585.782560461
331.691026863
786.676658705
761.229888318
385.363030946
217.906647811
128.453718199
313.612384451
931.608863087
627.931943349
902.762005383
445.348531119
571.412577625
462.040427543
829.863063846
537.05337065
694.362113491
117.261881417
170.02498475
311.292102512
986.28293092
132.937604658
843.326379052
458.024952924
884.231883748
230.033787438
645.440116088
176.864583113
490.418651159
622.08357432
917.909474453
715.969101624
466.832874464
234.213975686
308.03948411
131.726202786
265.373467868
434.44217368
449.832925631
66.9422071155
908.769211031
513.813025093
748.900746942
822.722048329
708.046407611
115.936368071
675.030274274
556.336933011
741.566144604
144.912648771
50.512247778
760.432009654
207.847394006
137.346271248
520.982339347
226.627630644
992.12182141
110.143234479
682.202626683
65.1046025362
63.4569082711
852.726074179
822.737804909
991.775908096
49.1719439962
278.255133102
960.081726121
869.941419489
596.711030926
264.789253617
886.807393243
682.698454176
954.808469579
883.940236052
50.9070164145
12.2228654249
574.894852629
730.129314669
271.21091482
414.315346262
846.230027648
306.372230964
111.315606195
193.479353877
440.335774608
303.726575463
617.146187515
378.42228339
387.319499561
181.425874592
542.482012329
295.658815679
294.082321376
535.296217366
935.60374616
745.500316574
235.227188855
755.702365238
796.213536339
351.855021799
36.6612509565
910.038992927
853.326466299
744.014689575
216.077757352
289.870776668
105.300243991
750.201035033
328.894839639
6.97309846619
973.242639497
174.670159123
495.62401936
928.143899133
58.2774582073
355.483828779
564.941913594
72.5875889646
272.937554582
978.349768441
476.049315626
524.910477422
306.455844189
484.538175734
94.8658278907
725.668173609
932.778986805
491.937306217
87.9081284032
351.616455083
665.771295256
500.301462277
841.310294775
289.185850963
596.920314236
475.453405862
163.802027309
277.900553795
359.215619217
87.3328038709
993.607239755
356.776511153
0.453742208173
205.430457229
69.6851492947
857.694460856
298.350948432
475.029714759
462.464417217
691.245696225
612.743335553
349.745399571
562.395226752
619.972486244
748.556213157
540.024978045
713.831870459
513.79073451
263.161584584
216.40689436
642.960458789
895.849994224
525.234364904
771.820441365
855.129145501
343.38800069
459.388792598
548.243897098
745.761910253
107.554332731
364.764659848
226.571418883
875.416281869
323.274342467
876.885705841
357.666670378
225.803078496
559.105989297
861.775138208
457.110684748
745.638574009
940.144461271
676.235857358
113.581705047
353.31936247
946.070811319
177.986364309
737.721865916
434.757858842
907.603057696
962.894165481
435.88067595
431.551554887
489.968514769
204.715237654
558.45866408
772.226965215
261.574039611
339.134246883
330.71972785
67.4885413091
430.946349464
330.791065532
67.8314851798
126.918573644
910.912238304
820.338799037
510.168720908
163.569714927
816.541043122
112.414666154
499.76663953
550.492449965
429.951762749
109.597432587
153.206391708
217.637657364
256.751185737
106.320031131
238.869763473
107.476880291
124.924794736
187.720701458
936.857164227
990.996374848
799.383109889
406.012882205
979.483740107
125.081983021
730.783716149
495.79785659
494.177104971
631.12161073
386.923091386
946.626638629
348.749733662
458.973890419
429.163613023
948.317607776
264.997546775
91.8087143418
99.3585414304
546.850178362
766.621015608
517.499998385
337.065555868
558.23977403
641.406016753
243.492594552
828.20138849
903.477607082
731.039139305
92.0986488856
18.4516865255
733.322565594
243.168874368
739.609916826
316.134617983
761.814447957
307.215937187
775.461267919
711.333964697
514.844713582
444.125201035
373.218242117
371.974584878
395.494540765
959.141767763
187.454581001
449.324251382
409.832892665
25.5672485514
806.755469465
386.568724099
635.203631847
686.882833192
137.322381862
767.165618263
624.946268904
334.914889679
99.2804367194
210.366010028
784.304291182
1000.22902962
961.168193494
52.413019333
333.090538245
790.910650486
726.617521721
984.393188345
799.395957039
307.92993506
563.726797824
414.058861587
171.329103495
869.365251286
107.188194421
609.019441202
161.583624248
35.6960796581
885.890829712
526.831384734
832.116725999
95.4243496293
448.47837747
100.787211575
592.664405183
357.483239631
29.7039448474
779.582354273
572.86562394
465.864409945
317.295414579
610.588036218
562.378931552
986.105733082
588.078239502
493.085880984
506.520664477
984.338179981
230.627935274
766.824296936
579.79449382
406.201514385
682.21901621
14.409444396
724.894375042
851.886839288
59.1970090225
234.470900915
105.491611189
512.24433097
201.750041314
2.22915675153
780.228385641
28.6169282704
793.923339416
592.93897882
671.632702781
105.227506105
955.593783753
67.6577467592
779.145624174
432.061556317
946.082898836
658.403176386
449.632801684
206.27907719
611.259855196
167.418050771
993.26462426
76.3269797164
287.508701896
749.197728807
474.640490431
810.511692759
518.005348767
429.292572492
359.31892161
301.937452093
306.032501581
37.0005959822
129.99947602
623.26523107
473.012409861
715.513092243
754.981866357
489.663962466
596.835112577
212.215916122
639.466191126
435.21948099
319.338335451
806.086878345
772.98292362
313.43671997
351.280152658
311.624129002
65.0806116283
426.583961512
594.558735051
572.059748403
660.601621994
204.750946181
161.074439072
903.725420506
825.156682016
91.0989036714
4.58211767978
805.729083338
321.563596857
272.561936381
115.67529995
10.5408807806
562.533766601
266.427135546
715.497553624
680.208154762
806.522201809
778.049531517
779.026308796
669.936061876
948.777760541
787.955328492
976.257013304
11.0860055644
682.191548878
47.4476657139
893.361384247
202.557882937
155.667144884
735.485584892
813.024948065
3.63236444304
348.889072647
903.642023097
194.168829199
44.3187310361
560.011274023
741.106561923
477.373672353
558.955571621
95.5521934196
123.12820282
618.446265358
293.927396323
172.620038619
576.765654537
821.175074703
96.5803862384
570.242979581
569.756393089
773.40785215
759.319185485
857.806684944
566.152333347
813.528739897
391.684099772
409.102819389
235.405279146
764.861767122
99.3961521071
23.4043636257
52.9219637947
498.09880213
755.265921362
215.234332523
2.80606491076
399.875541987
485.923749624
15.96579338
744.774085164
751.939200871
730.067334594
960.223668675
244.752678585
362.020687055
624.395986678
728.294395052
954.27851442
880.481528443
851.975054079
568.846024971
64.8843357885
548.966814281
152.371581988
592.641499209
963.635167434
151.072142168
994.432942458
17.3308109979
735.162920595
430.265467838
301.552314735
529.905706005
401.360702929
365.813903829
543.179169168
768.503588693
757.460491554
454.297328477
950.67879652
842.90761119
171.604255885
422.486764538
997.293604947
644.337546464
903.280495563
958.863154849
545.879150545
906.695949743
147.196153157
850.302655021
878.00363261
193.818574231
212.932404768
431.14813026
987.322038574
282.083008086
499.353898617
783.095601031
204.66041265
359.837596705
276.288992047
586.015426837
236.125207242
914.793614247
317.649517366
364.096463562
243.470825325
605.492237571
339.495345678
75.9370472539
668.61111287
221.755473429
679.567011287
639.265916088
782.39896063
398.456162989
119.94691026
461.869139288
328.186520685
126.251318024
743.116523335
432.184118087
699.80661959
592.302346695
853.914835667
535.202276033
657.800559696
72.1637430081
951.989771001
309.408160023
348.961044636
327.426149732
143.695626513
295.547449687
605.677749585
528.538653636
397.835883376
365.608163201
605.462268476
105.983568202
327.759003784
890.748758289
30.4505324956
303.392488321
862.539022991
563.765950165
640.624553348
692.265719049
271.395283006
954.057236098
985.111482991
560.183526607
771.178983635
718.373836774
342.229988797
545.199839903
28.3721149207
574.150810421
0.722521975301
477.49455647
102.725923324
888.448677786
961.205444736
68.1047879271
81.9810216603
61.9436978754
820.463319523
8.70415956952
884.197378833
638.754704778
626.784265142
70.1937474559
371.514900299
310.880286229
849.845385708
938.002277658
101.230157901
466.693254146
463.569310918
559.546127734
389.596948028
366.363711822
1000.05057443
965.146672735
973.625016763
329.217884534
467.426292773
35.8593154005
895.267662434
681.439592264
453.755977218
166.955427456
538.061902686
825.720463182
544.380025956
134.139637086
95.7128241959
742.372146385
793.715751406
93.1217110528
680.452690195
872.027220077
49.1476927394
