101.152297377
558.911763415
344.960889081
766.393335262
218.288003195
584.112810573
845.686349183
121.533002591
297.629333481
868.798405228
585.49634189
10.7980156654
727.99587985
360.398213478
498.29005412
321.526204516
504.242196117
679.968628934
182.368664608
167.093268916
183.479723978
678.855793144
588.00008166
798.585178272
124.804031031
342.256841993
136.934950792
863.075066442
524.926623558
188.973051353
401.507989482
380.871329467
1000.45766842
18.7837880586
160.962923474
954.238875835
748.383144015
413.790775806
817.881925071
211.878839652
657.558749238
544.905126034
168.509576598
223.407868941
457.101901367
921.328721748
49.4142011918
85.2436762755
355.708982205
97.6672552906
870.273432981
110.230257718
792.573034784
437.307429254
53.8098974539
152.195880249
138.975394625
706.975637974
841.208740057
477.6339649
80.3870511209
820.220393954
175.272127105
497.765877952
129.382654211
766.248337398
176.544781275
236.876287936
808.141695628
578.869045897
891.15930516
200.650296445
502.697735194
36.9995585097
794.514358057
429.317328795
830.369469501
476.635070563
582.759517334
888.046194121
14.97798485
980.507381867
89.6152379031
859.780164893
702.780772056
357.907894115
371.490559304
569.508702848
517.028649439
322.298373817
894.596040929
996.557018048
443.298910372
899.421790342
140.660745013
12.7079844004
618.587609163
27.723686068
908.955528981
547.221752337
348.718523855
121.872067577
831.063605116
664.892447397
623.03771799
311.204930402
861.592667229
333.274278126
345.755304081
530.156885528
782.51930108
177.207208254
490.579535281
728.93807752
66.1916407094
927.000790025
973.567407663
849.974311398
258.608369514
205.399106352
534.66202737
219.056698372
415.514283711
990.669293643
56.0095486939
525.041382719
364.474120647
631.21727884
418.914795768
88.2491767597
572.823428466
250.282000649
407.771414206
816.073463011
562.405483654
445.793293066
0.373210275126
713.312921353
454.779123765
637.632416062
546.614460204
134.039354554
556.878497766
701.619260905
33.321629252
700.484339124
797.550279728
613.4305871
745.721211603
981.099866326
168.292354119
795.215457671
752.226410753
995.985254127
342.865522066
573.712168484
249.972654205
669.037550385
566.398494613
599.341999185
924.978009808
520.125047682
752.943862184
517.385953023
745.471396957
266.913448816
691.337454088
660.242210184
505.249113261
262.848259243
620.014246782
262.614930865
719.636768889
10.8334885563
876.197714503
501.109146086
799.638549178
30.2352226322
437.455874299
43.856385322
150.275411662
989.822182652
317.236360425
903.439855362
864.047023523
932.377156989
330.687325113
86.2942576539
139.051341097
102.719277838
79.3399912644
488.818318423
78.7770416575
851.684692142
105.234598544
774.770035206
74.4275008795
948.027950715
812.762307786
458.587170433
720.690287919
733.5902072
523.051892148
208.703584166
174.203212871
278.638723317
364.1199167
642.299869656
976.712373343
308.098563568
425.466760917
502.589264073
929.749033332
899.755791527
966.401694476
667.89595909
822.531613047
414.480690851
363.351040458
306.121920214
124.461275026
140.907376672
274.254546089
679.320382655
163.247783998
345.297783822
365.32983228
312.335492624
192.229083377
725.994397834
537.466184559
398.589399271
590.830468367
299.433877274
665.227673873
716.124962506
663.639411459
562.183412367
564.6525175
200.220685858
88.1673236356
614.631979864
812.434700405
189.773904055
1.78813634298
836.006962424
349.864261352
246.057619906
890.263414103
553.44731543
150.943695979
637.805969293
469.453930519
565.127209919
35.3120989519
668.216397135
768.208735095
611.486687381
422.291175051
302.873913994
18.0362479899
32.6668066953
202.820320359
446.879701833
727.026426812
450.913545953
827.34587461
961.580752901
233.121526697
470.814507393
337.776710403
96.6741191715
0.335044580131
196.559591077
481.931733719
737.102047942
937.454624964
847.41142349
636.007816814
313.369001314
963.353049673
536.006901012
607.276027432
630.398968632
169.707805481
902.137542714
543.024442783
406.063117959
481.440927381
327.196307462
256.731840596
193.988907714
364.596937412
358.521392458
865.242162139
763.291076244
914.655240786
213.195237192
732.036892921
0.918117347091
918.350689184
61.6269611813
176.954798893
912.356244315
632.119417392
336.43355914
874.435501062
189.060845507
311.471024486
266.604890144
388.181797004
873.442500374
350.676445692
79.5997124675
383.179198791
428.04749924
854.721800259
704.765189802
202.067810274
971.91628039
746.741197328
397.322957928
459.244338805
253.018105411
225.547258817
571.408626917
349.486433754
31.9630088888
507.67022077
665.40900299
45.8424085219
461.605607957
953.789570316
664.079241304
383.792817598
68.5132485554
720.694414876
38.4230090846
695.150663539
153.395366414
535.596467424
786.460953652
597.627037291
760.875825067
508.637020718
611.186161334
934.221874633
346.739755913
415.027611187
989.507785444
339.240923203
956.120165409
148.432089678
471.869249146
273.177975775
788.153980662
43.0443413948
182.495651052
265.273632376
451.003137101
379.379531866
777.987306223
627.531993413
549.193467342
301.509072392
455.051605708
941.207968194
480.935718235
883.286666029
32.8965461952
99.7537591055
161.183600528
80.4906350863
384.080791381
706.18796804
852.677750579
328.43027346
462.930572425
925.027491041
680.154439422
239.620111954
604.962025105
756.127032335
553.875493115
714.583058728
406.514095814
516.892416568
121.759919206
359.202857751
898.213133812
320.548369226
927.18114818
983.930913984
352.967575828
924.860432725
795.014542636
11.3653131172
431.312994475
869.063207026
537.609105482
92.6341244775
549.364831223
234.471774736
176.445281958
894.993264771
448.897834057
167.68959732
276.158482356
886.186305772
840.998344838
778.226593707
697.794450241
980.336345396
823.833436104
307.992817323
938.316609242
355.154029429
986.086789499
94.7515904427
773.680050614
382.403846209
278.911974664
823.363908936
336.730044762
307.611031027
319.53892807
248.819691554
520.357185565
938.823287781
256.975394098
816.929058737
548.468383132
556.758587725
663.396970678
693.252606665
750.192230561
869.233505632
350.798362373
323.463726187
937.539797931
827.974849056
871.492731335
375.553558244
168.835090754
823.129196217
161.896300218
833.036391318
138.546499961
47.341446764
546.822675693
283.627005028
58.8428157581
714.098063739
335.72217135
771.119285188
81.9421692979
229.976187874
565.374397199
755.220426977
264.413621515
736.437005564
691.038218463
650.156507935
105.281485005
820.886806791
837.258125723
119.682577874
185.878609791
530.80327824
165.117367671
280.127468561
38.5111982712
740.416130831
326.561911908
420.968616732
321.849490545
380.366256632
974.462042244
648.385571579
615.813406366
528.196599728
213.41033548
172.106305807
894.286222384
568.136246949
158.546986486
695.190356543
903.983718129
744.149589364
605.079678082
261.742060874
74.0911904401
251.470919369
357.118242566
327.532590288
304.385904666
696.785432359
125.545473786
503.456167339
636.246328273
834.80066841
786.901503277
217.845821843
209.544557138
81.4438703074
180.407970126
498.559917642
130.534142546
846.99078484
352.830123583
708.708520378
472.352652288
4.44520264452
693.070996453
524.079906738
823.840869162
166.389868152
917.071686182
60.1736433939
426.56721192
776.049941906
961.131453198
38.9415547815
46.3018172073
411.434172385
889.536384355
639.079266918
510.598785944
908.307907991
41.4657673703
571.132710671
292.700451277
465.386547735
107.005393836
233.51264127
567.20118122
848.293765218
204.491684223
829.703085447
780.286899535
712.052002424
646.954968664
92.1001581655
146.516267135
547.442856033
579.924640232
123.521617117
974.067947023
293.945785979
141.761584473
172.434969458
594.819038527
175.705417152
512.704315894
218.096511668
672.439863855
260.294089921
962.397644437
5.38499000569
214.066325247
940.621181745
720.270062105
745.536340432
904.85238687
96.4450596824
289.776511887
917.648344072
158.173717017
827.199894048
251.458255264
383.760407479
352.705598235
773.327737176
556.410401422
238.351550414
282.082536364
568.546154373
195.794193464
710.599375814
299.849460854
269.28019643
653.261512949
972.049608678
73.0608346378
30.8921909656
442.47340326
646.533458049
898.412827471
96.652090186
525.137617691
77.3559704846
948.600521581
616.306403901
784.428575254
849.627947942
446.845274733
602.548607512
373.840622126
92.1040514967
662.076554641
134.399783491
570.92093483
272.923697404
152.701185472
670.881890873
814.969140805
582.441978356
688.465732979
109.528462828
382.739381919
318.430005573
351.233644964
833.344292637
82.0724127253
271.563281643
982.067481951
453.99095319
821.36507579
183.553261487
657.886845986
464.979470078
691.017500378
891.430380783
72.5563711912
678.552447467
616.978791108
726.737067373
991.490912196
531.311148061
184.105863345
876.538572617
496.924291122
18.2166114921
297.272689443
17.6203467515
911.788877317
439.712338837
962.814590634
418.455673955
198.082313023
765.446820493
743.252960138
249.903489115
600.355362046
561.046765006
908.125362302
729.432349246
35.1650783343
235.739413352
71.5773482681
140.598706815
893.72049686
576.486114482
800.017475574
299.502592405
51.2854683823
684.912640731
969.906705906
168.985418286
689.772329653
189.39528268
133.932905883
524.869907666
122.123103589
242.379306099
402.415463205
214.178912981
963.552900991
748.088237713
812.118358761
893.350623963
496.391691591
573.240426482
470.454169692
910.386503813
689.894857728
630.96955786
78.0661151912
651.152138263
624.729148023
844.12510383
794.805033748
484.18672877
337.401327353
969.544517558
35.3569507032
170.847481086
350.465796674
825.873403055
556.388635656
590.50181112
738.884109537
495.30568234
371.972812294
430.936584977
576.065266225
74.4690317404
218.042282949
670.188752009
938.225322535
951.09099726
525.278779925
242.098469635
1000.42001996
449.957354604
982.575135374
670.503061879
343.814969695
908.79674277
719.497491396
117.371341925
246.7488575
856.821760843
273.473767048
765.654650415
81.627115312
224.096040956
366.522402453
318.952661932
655.94564258
601.447496898
623.825290836
818.423143532
367.630221038
814.598729236
635.44347412
582.690240813
714.839587134
731.516005506
824.365968947
688.613640457
354.523156963
472.339532225
359.918898033
890.922854587
663.879641263
492.848887327
633.829576074
449.769386222
251.002122677
155.398261194
395.09695983
24.9657512722
126.386564512
311.676916872
337.823510205
831.352904246
874.52505913
490.687349846
92.3793483422
879.587146117
241.500513971
976.790682143
279.534032684
466.271445088
325.678334972
583.805229199
404.660013096
49.4124009223
854.825728658
432.622295252
606.306179008
819.997772686
520.579967918
892.789758817
75.0595357495
294.329144666
340.036780003
590.979036338
547.70825814
628.949650497
679.346508245
286.106269301
454.984339857
763.505888783
786.571585661
49.470305062
499.867142436
77.3917678928
61.9573109508
95.6599694993
747.15829314
662.544319272
502.586385313
499.418119076
936.345292849
612.990626173
198.387687399
662.692384335
401.337228757
804.528335911
854.411912034
199.61529352
403.722991583
491.03959923
264.677107319
585.610583915
832.303257611
799.517405944
990.114482887
555.937978559
272.665219561
53.8309367704
992.270451668
807.734257412
75.0261565645
858.726143941
578.966092593
553.648261459
666.935095089
675.778763729
743.003770235
434.958446057
28.6139341092
286.506669825
176.837985277
602.531409494
702.419416785
363.792276292
827.51388706
780.820938264
319.632663583
630.992877521
438.73530708
732.218928479
154.134264815
108.030932043
724.120594136
643.726617381
974.53552976
226.441789574
135.236271774
149.281722338
855.770388905
22.2463245639
496.948694566
436.623438353
784.010903467
772.159669205
257.569936939
680.208970405
359.877108955
980.65966891
763.771451168
284.064269317
25.1317867618
433.028514265
167.183814701
501.954380918
968.251037102
605.979539991
566.521253643
940.132733062
811.633409548
755.47791467
204.441442786
1.58125312533
142.112919518
469.352368411
141.167624564
564.871774406
486.742701062
348.844704713
82.9684572707
374.898184309
313.700381885
207.59196717
828.964101818
954.75102214
554.270263759
398.481193823
683.984980935
631.997829122
717.148071055
594.36876605
730.070634649
218.134712102
641.056023496
920.193556517
600.687244431
889.2759148
668.832820525
283.440007505
869.562258516
826.451976497
33.4679097144
360.89105087
93.3166757238
576.040572176
480.645044761
20.3472739146
580.511434722
176.561050599
937.411825874
884.754919084
136.098473919
413.210329289
335.525610216
687.2849768
106.857623891
323.274744993
980.167134657
441.930031965
177.255627226
984.486659671
904.252412505
639.916438171
283.096905298
512.755418725
601.978427534
751.620473379
85.6642875389
483.143874355
883.876410977
924.75082027
141.597897765
539.669229907
246.273700787
261.698705372
123.636844502
415.306578206
725.003704267
832.680013086
447.654850557
7.98403277933
328.204592637
881.574080562
272.279541549
303.181899169
639.19650468
819.955542397
323.009953069
733.658852652
813.738417174
1000.87740597
924.371076003
74.6103909698
441.985045684
813.00275446
732.239511001
867.380103538
230.319763391
199.889137705
178.813397453
45.6826527712
863.101217054
88.1796687621
266.785653884
874.10984086
199.630276955
983.992232116
308.085618416
939.860357462
329.16616704
530.059294944
435.531874471
127.575591615
772.969484235
40.1346969666
704.46954435
897.321467693
879.465668535
170.077831126
769.645108592
301.170110301
434.787819099
180.005545845
136.781997044
542.945887832
735.676786558
513.646664817
993.684126219
110.990489518
21.8036713069
564.757676663
878.248042777
331.205469329
546.991399353
80.0894988043
382.591726281
123.618799348
824.055192553
344.019145748
316.641912165
73.6799698539
371.789227302
354.707817695
542.150056386
245.736938057
858.040891743
542.067004992
408.409930484
512.515510048
466.635178229
239.741694005
594.693044557
484.099033644
245.217054318
285.793740904
703.74442913
