821.979988617
360.26664376
809.643259354
236.72424008
858.938125393
112.59365308
49.6308012124
47.9849828615
21.4852123717
33.3662232272
765.425948479
812.819788657
955.246975937
29.7846136892
716.566917664
86.2258643852
7.52021601408
745.684612216
827.966164823
498.465888443
454.737846682
521.917145909
351.201084773
434.008391148
629.083851153
632.587043363
797.696535063
285.22207492
593.168172846
710.072105247
879.336867184
817.415522791
223.529354006
394.709813808
702.157867594
84.7880140586
698.087007159
854.015241287
912.619367134
54.8627725206
598.617961303
171.682877627
233.304223196
688.216608129
119.313562158
231.436833644
897.856809918
152.808287209
20.5785557965
419.559476204
480.04676027
559.291779818
177.866326133
291.104294742
260.731939269
382.458140547
401.21966767
550.945614124
487.28982614
532.204832613
639.214996428
32.8187824892
49.6257651014
556.207714706
961.851449116
935.289101588
444.463005457
340.05682274
44.5556656923
594.458798965
740.055285619
673.80165601
887.415342176
751.957484303
901.357018433
626.726501832
197.749154896
957.756377524
124.214318602
211.992069618
141.105302653
791.085869934
945.269636658
572.642159247
483.055229187
460.236728415
837.414584974
98.6758261737
722.542792294
39.946486447
539.331586236
165.546598095
564.966252877
177.466067371
394.078394285
173.515060229
116.689150281
880.774922782
743.176990403
496.177589744
827.933421761
256.301168561
555.220634204
236.932836889
512.463745988
397.907716938
604.889672977
868.184874515
772.527690081
645.669413731
722.311580959
208.165744675
671.805030376
655.939569077
988.9199006
961.359590046
652.896858334
981.068658292
251.208487319
629.348852722
476.497378729
8.84582652478
807.824676065
960.044172353
859.75626156
807.126524805
48.6228473038
947.036922848
624.71441267
890.001042124
703.503088673
165.338388602
12.1841146005
376.241197813
12.4621277254
342.236915367
263.885000133
591.783598667
113.779741348
762.311445618
724.042309643
384.852636108
936.523189151
767.571752306
541.492099873
288.792637404
614.133296333
941.047121569
881.118044787
906.951229034
511.908856648
984.022460821
236.239346812
406.857896982
884.174888343
835.634505919
874.445918031
731.469334319
665.126599538
419.427937437
602.392747458
582.390788372
363.658554946
469.757754103
906.630693148
550.588941969
829.912689377
116.88538533
959.843742945
976.903477489
703.921905212
729.422434923
68.2814243696
186.600316076
664.661219974
184.75959355
682.527104904
8.09150767284
511.644119065
974.675625398
448.325490057
101.527334593
658.020302331
85.1868926378
780.672285567
726.380824141
942.543332119
336.548472896
586.076014154
407.979149281
898.897661535
532.213972024
599.086070528
957.300391702
623.970726589
681.640029699
167.969023008
336.646823265
492.829218399
145.000261625
233.063643942
840.101623224
902.089968062
16.6950188346
594.751159871
42.3047721422
118.01979461
468.250669849
782.494123438
839.061773609
781.435808747
540.513212518
94.886878469
461.082924451
231.644966354
979.632109177
90.4029662071
694.233356266
824.965451838
261.48280524
193.79401225
289.3023957
604.569882037
524.331021568
725.546828448
774.768798914
588.805217332
593.968327395
750.062256754
148.6893939
246.411313573
32.8230639524
838.005199798
651.830891123
14.859749829
893.979092995
383.448949373
794.499484055
568.116854916
387.991323316
7.36888164124
245.079722403
529.333936144
952.124432815
430.171865986
830.197878897
452.104283913
390.546134219
762.609574893
540.079114005
135.530253828
192.562595821
40.700684638
946.320776525
463.763384048
906.199484376
71.5363613622
32.4754067038
691.781755593
315.007403809
739.475505406
311.631908337
503.136372835
542.530688316
658.514564381
687.560600106
513.230763298
218.827852235
894.863080077
796.151046783
582.039894718
352.663510078
524.640331372
618.172300651
310.861557593
73.2624112037
931.954768719
557.909451495
603.624189616
792.481102149
340.338000364
132.847981385
668.531349517
502.480397856
570.723585855
638.924942365
942.935421095
678.690726562
75.1060280697
409.331295663
850.954519932
724.221661255
293.336984123
294.739027407
23.2661691414
361.583912776
842.519227651
808.712732898
484.976911584
458.246219094
891.72258578
50.0072907957
92.289284863
268.751089706
526.320853238
563.573196475
162.71040943
129.799307837
45.3910750957
244.436978084
132.000265015
638.496707487
2.4573082922
723.515621202
969.135824379
438.249824809
501.907665081
376.448245715
628.870518735
794.748657408
477.574008924
151.022150422
63.0544959782
782.090157663
258.058659449
375.617487707
130.407307257
951.58621992
987.175422045
37.2590283291
709.982789758
547.398580538
627.59500257
583.716500692
799.536214832
58.3905188402
324.27289268
541.765712478
617.246949951
504.147025281
940.412671867
418.37693503
426.561266727
818.62651821
607.737185093
861.995261801
700.955369346
972.619119031
277.203187667
382.472619784
849.701032041
648.255342325
322.675771103
958.680926244
253.451367776
273.571180047
16.5386392153
130.236621388
790.250450145
226.878848573
478.082759608
263.569015827
550.383534313
219.982761711
598.729053109
955.452993215
885.646836748
880.922203836
650.390509389
53.1254067327
622.184551682
354.993418152
871.048437985
188.470810853
702.851325605
236.796654467
182.628120495
543.993053365
726.43198764
576.37184623
348.198888901
478.730420272
200.815633489
510.547344016
627.301689333
259.160776579
456.808310976
904.648749603
74.5655549591
132.193087798
208.739104825
648.30228685
786.587769681
324.045030012
577.683092119
185.574747132
854.989929718
516.040263425
519.308315196
387.509724501
73.6142691801
165.566447889
781.773772082
379.337036136
257.598327455
681.892575668
559.065823189
259.370569199
165.716403312
634.222570706
603.491318857
425.258387168
390.821131489
848.143361087
260.130440506
358.022222352
717.680049943
884.291399218
749.718645475
268.63474964
376.956762398
231.694742958
305.09226546
743.639816198
38.261643793
701.382293611
841.505523366
198.874273369
598.893096569
658.182211702
553.767357533
562.535356
6.39715807993
411.188918084
414.907185035
912.049073785
931.818652281
728.090455797
915.384074718
146.588003083
755.305513582
836.206208165
798.334790427
507.704756048
140.144308067
145.445133099
315.451612205
975.561853118
798.508661758
61.6453726067
196.208512305
115.136014865
67.5700990803
755.091406255
648.108904698
679.854203479
245.257554342
521.689364921
836.021422289
492.696680569
473.536362132
986.172200835
82.1818746373
137.224358881
1.09850512945
973.378259754
621.409086696
172.46408465
276.52666178
582.86535037
431.501168711
853.362357726
360.116230283
816.563791515
570.046762931
464.112187114
999.471716936
980.743764501
369.598542016
693.892367842
72.5151119295
463.243605524
96.750759617
4.54439717939
94.2116627146
574.628644365
354.978768735
541.407124798
281.375807211
657.6971988
342.945852465
641.756915228
309.616415257
986.571745384
734.664360689
434.05030339
192.030305856
555.245222713
928.539078518
862.396015452
24.0716126236
54.3454784614
604.285181147
645.383001028
932.143816053
886.209773183
522.133010722
911.643207954
309.315432357
910.183636346
361.70471613
739.781124512
108.573149053
694.317885508
620.392030589
995.864608434
506.946485241
453.409203225
874.99389832
107.721503808
830.7025054
850.857374316
679.903066867
637.35894601
856.279710889
120.196243586
573.714996498
89.9818576111
403.423187902
93.4718445842
589.46826702
993.023160291
443.94262887
390.761495473
224.033195535
139.497363383
347.722256621
205.164593695
269.105612141
969.598147571
729.219995051
517.435997662
963.3632438
429.993482099
216.167474531
138.469468227
320.302740376
324.540187483
507.210155739
956.903370904
565.181989657
462.394057875
168.094335458
603.9034082
110.805655568
915.536442609
584.040499442
561.377059742
371.589793061
636.490829355
546.122834851
354.573636524
650.16557368
455.437482995
791.317454801
85.8519343303
722.828593098
795.007142178
867.98586581
666.77018241
248.459615142
69.0630490039
467.51042828
926.137865318
201.849798786
539.721516001
109.920708354
748.162896262
646.515239345
296.688658162
650.573546317
154.945667781
415.225817088
282.457609569
702.38458556
256.883922422
375.710498682
757.876020049
72.223729865
938.937207112
343.244975738
724.131211201
375.968712341
582.102733827
823.469318405
991.874426255
578.428349472
604.967513007
178.958628936
609.775800727
650.230766409
880.597197076
469.894470838
144.921354617
648.310041477
110.606918289
288.950462122
130.694926258
508.75355662
347.562151427
87.3087000778
244.811635973
987.064641144
945.318469317
13.8812069039
357.479155534
772.298179528
297.687167625
381.303053773
125.445297613
75.1881355365
332.108659327
264.457303359
205.055032411
124.829965388
279.690157352
968.926144174
389.97743468
611.292853391
806.827806305
835.82988928
549.244638025
366.092262869
527.411864924
518.950889812
268.856192119
80.5713225227
754.564205118
390.425876377
477.715780465
249.621200151
72.019795323
574.456823887
281.705695824
676.278642605
964.928584817
947.384078817
179.00900251
581.325024182
409.110375
893.83450789
821.058867919
934.974101723
12.3187977007
103.142815089
393.666513898
666.375822042
662.291779205
450.684099292
684.448196644
544.506048503
177.138791215
800.843658547
722.100475644
432.62778359
258.832599183
508.032696421
242.216419815
97.5307896622
237.4089251
623.959280664
654.401044631
463.395464716
546.566547382
674.964747116
665.92343746
276.556246272
521.571967252
367.641705987
651.487197929
686.35644649
468.545421249
787.168367502
340.566269685
260.069264622
69.5413366165
666.684423342
477.756962793
149.971073305
112.557640788
55.7856812604
532.072994474
210.584830324
734.557505755
310.462168011
412.849721911
668.825036698
23.4047135667
12.5011641982
847.730252541
719.784881602
270.512945431
867.040164651
709.948057018
906.757888753
407.467628228
100.335013019
741.544367595
89.6430034596
990.550201608
975.552875907
430.621782656
935.507609801
583.896858842
240.120753511
747.960114143
938.77311293
867.036262795
95.433579051
530.196924196
830.479639809
150.172771336
668.421130855
457.966348276
336.149112445
993.047691399
944.478926158
159.741980412
186.959166254
404.00138512
262.053440804
538.674942301
723.062056903
969.692874832
59.8870177179
921.027462259
677.388881604
434.912930388
660.044364588
453.225889914
863.05785793
58.8926659282
158.214100345
272.118807461
446.219586366
317.003190904
182.088187654
935.556707237
249.633511097
25.3048346487
59.7837201282
261.208167972
126.518506327
748.601677199
896.691936318
195.509929232
141.059777525
531.329858391
327.977882504
757.125006133
13.8498636174
552.316403966
521.214527833
752.322622337
410.54091081
453.331141188
17.5142280317
681.670635519
424.384331849
212.00957607
435.529158302
259.334990698
684.936770639
555.167830708
989.569825593
50.2870325211
451.787722184
499.151462962
946.865828822
788.375130415
756.93748253
930.810866561
979.826099142
776.013835753
549.154788632
886.080639496
270.66488748
305.771032081
2.69334695437
476.834775507
830.29335782
843.069852787
604.980653917
511.248763173
553.858047872
331.07695211
747.609683379
554.666799457
473.737775531
868.933949072
904.904639766
653.83528489
863.636267047
964.101605015
153.507666775
50.3314693742
46.9648327111
297.153974681
156.312832707
480.054981786
243.886718255
776.343426904
230.599616811
332.098182538
178.453623453
735.264873296
395.894999609
928.054205544
568.859940158
283.621352406
355.457381787
233.528465801
133.10054786
642.039850514
356.635360528
36.9230575776
906.367651296
697.650589252
164.730308043
335.293499715
645.321842041
86.7274718329
707.595262769
249.798907872
645.854157065
886.559403832
453.716578689
593.108901692
737.714037267
727.32870291
202.831889342
600.199434075
933.620746098
942.221397933
572.75258425
121.5469408
326.259597111
338.819716438
923.206743729
666.995694141
218.957828619
826.66501746
872.073753561
926.94328649
993.340758932
276.825152532
961.352470543
60.8935464312
152.942179305
83.800970978
313.7986935
73.7201799761
174.183263024
583.482638625
0.161594027967
360.411521699
183.549298498
325.787539752
711.298487231
30.0967207012
293.149663571
716.177879093
601.158821022
708.634614937
70.058425512
473.016877815
77.9084296406
5.56826041261
554.702217955
994.89945962
859.122046482
618.097685063
715.109848182
594.680021991
38.7094503398
267.360030119
340.629437162
949.905084708
739.906849825
529.138566801
650.096070799
934.980786115
294.346064543
576.835500798
44.734924697
803.344163746
582.727334607
942.099363567
262.403790266
568.849526691
97.3317546009
111.887644365
267.740694615
463.611133338
582.089619208
381.811533207
762.744807356
210.496188611
499.797998647
868.598237565
276.8319134
491.538292499
173.71793348
278.43124838
647.760538101
636.196854352
492.867239305
989.84206556
416.81252522
428.280959327
611.242606686
842.285308226
725.009327994
755.296658789
633.810004006
574.69433727
156.302387889
343.184507279
992.660622297
742.482468717
527.560001284
891.714941553
132.838402066
380.364466015
780.219450572
566.184958144
75.5195251814
682.425406905
531.452841536
46.5211435481
872.336704427
456.092430153
746.052998738
523.486312671
693.043000822
225.8273003
434.188732304
946.959678921
957.289243158
642.717529476
963.598578417
738.370937876
315.854442076
988.328861525
855.764529652
489.459115071
243.124582695
244.370360552
97.3387910337
328.239141001
219.96173727
600.669614065
857.432757789
423.895598861
137.311822965
195.077804152
179.761262975
183.270386184
717.812507652
21.8188104715
234.483335616
66.8203474887
410.874408471
584.729787795
409.508545683
815.903543585
146.75663936
582.552916272
547.379632322
343.529894112
268.601837859
517.586658255
715.408578459
336.488058443
499.947304019
393.673778463
302.599231802
603.567846783
504.52329787
317.596124399
869.119353951
985.500179127
412.422968538
379.537891894
92.4087704622
52.354821427
45.3892282389
696.698410162
187.493970661
242.77160191
