701.878415515
505.387312516
291.390877186
260.112890487
534.753051339
393.031100774
124.849953702
742.924496777
469.971664661
902.739338483
187.779012338
738.676491757
234.458310268
747.320158793
179.379620848
854.65311456
563.293828603
509.970413392
772.078492519
442.419897642
641.487968574
402.604725941
717.025307963
397.415673584
678.727172212
974.083559184
435.895510662
786.202584095
406.693919042
412.996940324
406.366586185
65.5522338234
90.4807845486
321.609115938
615.693592262
905.839255748
542.146909623
830.454928127
761.475103437
747.056366403
386.083082312
880.174979999
909.179353504
651.234842434
655.311369111
840.86230556
904.625884204
237.830113829
603.490310851
413.305816433
888.832316577
74.3052551637
596.792066214
535.798302208
327.672215301
354.656174342
946.426177677
233.321269341
704.366818748
727.117775524
646.060975597
886.739449563
104.801717884
584.642768001
659.368861391
241.677797272
917.908610329
35.8218992248
982.046560539
531.86477934
839.291437708
85.9418537604
797.231074216
558.449749105
236.601434873
690.576804702
160.60214276
876.502312045
250.139424508
557.123363285
328.172007154
258.871395086
133.130473655
96.8658619008
722.582098985
490.104644817
699.865958975
174.91207629
828.206749971
399.52344704
812.658984493
788.140190374
877.448217896
784.586224787
711.910572645
302.071499993
581.634828116
14.6238707522
774.738905903
837.504943198
282.094336352
630.771145003
119.093760702
220.981370948
534.800932715
641.566198346
870.807136674
827.840420305
26.6223832655
285.524482733
30.3080853118
984.428944742
62.7792782174
405.684332208
290.151599431
345.463814375
162.001920797
199.996906768
79.9632933261
757.981198048
811.351759094
837.520504533
776.088208327
178.5162116
963.086033474
391.661491083
52.5842859783
156.929628442
121.115944136
309.800632739
816.749826312
912.629049388
300.45691558
709.326419741
117.804163012
22.217028916
698.251633268
751.612421004
921.225943773
679.261193192
992.102508438
398.121230354
870.836698136
185.424051937
409.917839667
745.624838328
223.942109817
311.304755427
746.405588009
858.259599758
260.506981679
384.217581247
585.691372093
626.68496196
256.255800903
49.5970465277
337.2498146
786.047809763
491.139635071
97.2912724357
82.2265936342
144.456607415
341.730585373
281.206291462
65.3904188328
186.338698773
919.235643675
595.675828905
662.410689514
135.231076842
246.125249164
717.117298874
795.638719415
555.159114151
833.660643669
95.8493337224
885.597614509
294.107323465
934.055034635
17.0358505449
989.49197427
689.278570156
729.327800688
632.699293415
588.190105016
607.587844757
55.9784249106
576.065616499
198.092917681
178.214532275
338.921677558
961.634965762
205.276022645
403.252004514
406.17343547
954.605895635
538.168582297
350.055839217
129.716992118
921.187518746
766.744366919
959.150001803
305.779539707
416.617326047
510.018182688
639.950043467
724.695730653
10.6461379086
180.638888041
97.7355345562
638.679596043
113.229097586
247.953530263
782.888174299
416.991959385
156.073009041
532.926443714
18.9792714437
276.435972648
547.407040432
453.226185082
368.427400551
220.92704882
857.124558609
318.515915666
826.085602029
856.233268361
762.46152036
537.707112235
89.4956770586
806.983961098
518.205485338
846.501693359
121.940977028
559.103066366
932.394983796
885.655198464
364.299412538
854.425080282
696.368075397
727.779226674
504.044554388
132.298973381
114.740945263
601.753966594
797.022508606
985.95032182
72.802639187
34.2932085932
438.295545759
106.392882391
666.71335939
407.83108674
974.868856307
742.443256862
364.631542327
47.6634591046
552.359104425
434.273703929
943.853140282
615.951635398
847.510345382
342.894631861
907.274569979
238.441010392
898.654865284
76.129804674
88.4011721017
861.691651212
381.028006169
688.650591899
278.330782989
985.763601557
650.541886145
935.620684545
367.17301793
679.802098902
369.751944102
118.579442119
259.284414544
807.031771079
943.385434998
679.493332652
320.050200412
200.147129265
551.101841209
12.563478914
383.5947652
5.98506204493
780.521218343
425.553562963
803.880210481
998.047935665
156.022019108
429.982949808
48.0922004899
918.415149746
132.173289506
561.449441988
982.697164884
742.452563253
272.460944532
392.044375136
347.687654413
644.618374672
970.40325157
5.43832129368
606.864036152
790.722000796
166.813372851
951.263144887
534.031146166
302.650572694
825.47560144
815.11707579
67.0771895091
231.056672175
219.663439655
638.614907551
587.97062712
660.056135313
11.1558447569
769.654204014
227.416274055
295.03901134
283.587345929
179.031455191
853.013184787
164.537451482
605.350639981
97.6175401497
105.76867456
483.273023806
912.289998254
515.22036319
708.47076199
535.481958189
499.448434105
293.70272615
58.3078545719
242.713128694
315.046700901
20.4679556758
583.446869514
461.877081192
241.378773084
852.820703263
964.401125102
176.944196356
394.447379278
289.439943157
829.029545942
71.9014413183
317.745002316
321.806025672
204.543009154
646.153513328
79.5304781593
601.570871831
788.87996742
615.208606459
9.27531849823
617.436845791
17.6595760422
119.965254328
563.697123788
428.701474918
830.725310612
290.839364782
946.118772869
925.626425564
481.965372079
9.32783249602
808.480106774
257.260642411
926.419799845
757.544539553
702.336684739
329.297367227
769.780046871
919.387191983
668.062151938
764.158214154
972.272194575
518.858272494
263.982492586
696.877393449
832.690050929
71.8937339991
183.95520178
688.993063793
582.504020851
41.5033862352
915.46487072
334.440948832
656.369982835
932.066297379
678.922488058
63.7877558084
105.774652768
298.532936079
341.376620255
680.79326432
980.354609862
814.535101395
151.585280775
729.411890866
842.902531642
13.6763838706
71.7066191409
33.1899177156
252.100488837
450.164719669
879.271522109
678.099651641
375.604464205
754.402146788
491.493310241
622.142394833
530.831032854
498.208261706
600.495567546
215.697749616
382.159154238
117.726092425
784.958806859
18.5113685154
930.155697951
312.367553152
258.463877216
622.086670772
80.0340534525
769.741893036
880.147398238
517.144129982
985.003490288
14.5274568815
637.687203172
366.883831728
152.932104766
870.115126312
52.7731309396
432.932778696
308.38305164
876.692763176
855.296338677
850.818569935
921.724172954
885.008674188
712.514140233
326.203477582
239.068194101
486.65374996
168.95988297
351.299669491
417.22029247
542.001552524
486.468866268
388.798372686
310.394306945
994.741066812
156.949928788
704.657057363
907.796233279
644.016387914
108.718746907
58.4084652882
589.284104141
380.468711369
218.945786548
61.3816662551
696.274028623
406.137255348
499.46467243
737.99567815
160.167616604
836.197046978
166.196881701
978.712054523
779.189577367
734.418803013
592.451194415
702.543875238
58.6167000795
831.306564565
869.073674518
767.862302269
604.390928634
239.224663291
966.701272641
308.157223137
434.285827481
738.809061913
736.505400575
174.947272965
699.636585412
771.543330896
805.80017254
930.912241198
604.044909068
137.817128277
774.62700169
383.941352003
624.47633395
565.783719753
504.758087919
531.90937674
537.092578516
933.606636874
633.386226055
45.7707853218
601.066057966
947.165045019
989.771806011
843.160838548
773.199331732
131.355779342
567.440023106
732.470132942
638.261948428
559.891595945
575.654302188
752.466476797
335.38925221
139.204820477
614.718078617
873.442809143
791.729548277
409.748391047
129.68125994
936.490710871
825.003481125
602.982057086
885.900232218
474.319566098
48.2563880187
597.928327843
375.056533151
846.853412298
840.142473322
612.633914114
570.337831096
514.040092148
375.474772126
793.312833429
842.412736346
920.045273092
911.462425173
46.583368899
822.56864983
330.405151691
669.415350495
668.032996288
630.190582927
875.381025867
470.784554985
831.534323343
842.490430933
885.158076267
530.826558771
35.6538072776
22.9738614913
861.209111399
31.7862794684
135.160302075
97.8353870117
521.815930212
479.610987441
455.873336655
173.987371302
588.96306226
485.187567339
93.8681780032
120.47214912
961.690179402
225.275289483
497.450091016
689.971022589
84.1957207624
749.349397284
824.791484673
969.567498577
282.76668518
958.905905287
193.850087361
962.688398319
177.173566282
210.363548516
70.9303570037
461.871081351
77.5800626763
280.590589762
684.93001291
505.538306762
205.201456231
986.415395922
633.585815015
88.9390913876
9.47232558917
713.435225772
867.452075783
240.294097042
950.633200904
401.74401819
403.602657747
56.284387053
11.3740916848
886.615201324
83.5198216407
689.720706052
74.5640551312
341.844045641
489.51832558
673.958346463
802.46653717
979.100464898
721.238530148
643.378625775
900.74279178
532.752011328
206.686611812
68.2127851272
330.938069458
985.406344231
238.056432729
717.939536488
555.426650432
418.298419944
146.59900299
594.741604709
734.821325073
276.699815927
753.065810849
105.981648931
965.818718554
107.529061916
406.20138604
542.05414315
0.470125115189
13.819279708
19.8666583165
788.40158909
571.267996497
123.693546696
506.202189145
57.7785316534
640.597645207
920.126379693
921.497938223
314.557633787
507.698052498
558.32212421
32.2672253496
467.506537173
570.770265709
711.932294445
640.678859759
366.474739138
238.312445736
379.628234293
132.920349705
36.0864596894
890.766908108
120.696791129
81.6798978713
450.123621777
393.988901937
525.523867858
517.127197424
361.790391908
562.604553053
641.245578314
460.214745314
936.032086936
290.149920619
280.459770489
265.820523976
125.752171415
544.007083782
566.393556719
852.425480733
590.317263967
247.833696888
394.413030094
758.298605712
848.39529714
290.959857859
481.316967209
525.54720479
122.03272044
353.435484106
791.66982966
481.49707621
85.1371723995
606.236189724
145.175817024
547.545294731
491.735987322
561.499151176
937.789383582
863.706986928
963.716073417
424.057820616
271.187160137
720.951913944
956.668612669
206.39660944
325.407391576
975.133796558
860.461559983
299.781051659
569.363241868
950.674147034
508.364122426
142.90908028
147.215408008
781.361823027
484.62539952
159.732741162
387.334326761
937.447701149
738.961620702
436.303668565
629.487690018
619.958428763
849.895381038
935.052058359
512.982012859
791.215782011
391.844360618
149.284217499
570.845520259
37.6796797315
778.055495995
881.062453432
728.936866434
133.472559839
893.070836009
973.551958139
93.3821080779
277.195335147
117.205916763
812.465378271
255.020286368
998.13557658
809.395676955
72.0133540027
483.034097936
690.81355984
602.340606715
642.097937077
410.676033325
489.646306253
98.8713783929
320.545654254
527.28720756
154.389587663
164.869683813
609.522459059
446.60267456
260.345587688
237.34304251
644.942904138
655.598721186
361.077859419
525.468536669
751.914514672
418.871266066
532.267708759
928.014701479
746.597766499
783.985452112
710.133991253
548.974514723
639.784951205
299.820183498
265.633630402
429.170759548
260.147903341
151.108705628
588.483681761
137.693165248
663.379373582
332.009979365
179.714732418
99.823150843
882.798193542
456.049086964
736.210134093
345.278462986
771.566974503
924.10114267
620.116673941
713.133255865
683.698650192
123.252317549
461.90209697
194.786679076
438.101328349
11.2753049688
418.561716871
461.947802776
960.143322261
757.406427035
652.236504733
761.945244351
687.99331885
265.019724089
503.223192386
46.2668692425
675.053223263
152.13581195
761.141969023
552.398572042
682.445484311
215.324369826
616.285354392
591.048881415
515.902729709
807.645298299
803.366385104
297.104959366
321.612400341
323.628429606
984.65032958
980.344931435
915.87656625
73.8531765266
488.881929398
252.343031428
219.185101639
384.305982889
101.195225028
311.060827196
732.191019432
771.497841461
127.638425888
790.331971068
88.3902989896
854.254763187
114.65726794
104.842669313
131.960724446
933.246586829
28.0569641012
749.559433922
181.322009066
951.139189747
809.96818101
91.4605901553
308.025693495
609.620850553
216.908179107
581.409050761
947.373252913
313.137227703
966.384013593
944.132436935
847.26348499
914.965910613
326.73943948
581.32767789
286.084763995
955.961195447
464.733993252
929.406858055
924.647400996
446.69574161
674.213251285
977.867554314
957.80376999
977.108351745
621.105893553
192.977289184
494.295693223
767.013160868
750.248443467
950.677682283
237.575414429
758.903120948
913.327220837
607.534926851
857.636347303
708.60368424
101.033174496
865.872300003
244.816473324
301.840559237
285.942729252
646.19121927
384.382386869
942.867924812
536.477248822
202.819790854
847.882163529
599.836432617
976.460384099
527.002475463
663.889138525
98.5526870434
831.862468039
169.38544067
104.811875886
312.455187147
615.545182937
482.719441959
516.918983722
752.309447911
837.060004654
115.588713454
613.357281177
897.010943466
159.592186512
150.670916373
889.274109584
76.6851860417
860.288063529
444.941562301
808.183974104
834.439508821
299.767228929
574.729058472
157.393221464
208.885344745
454.82891
555.440039422
546.299905138
197.475347651
707.981759915
593.921858169
977.712334392
473.856003141
652.354586954
608.627116475
464.217474274
714.949852233
913.657109332
544.586896254
773.102752507
14.0156307307
848.229775723
10.5478686103
502.66545566
33.1180636624
727.194048391
77.3765276839
233.223141973
520.775337435
729.588689914
516.487807355
725.910016032
86.7020807961
278.611246222
202.731525284
717.773461354
670.313347881
961.936225806
372.401587134
708.237715224
282.125099893
275.784413576
154.774752685
280.459172434
921.007352349
905.384787911
57.6530509901
352.848466162
108.223368642
836.562358078
950.91905879
731.112981069
200.597480385
299.735197963
53.5538890118
948.626276983
11.8534532249
880.623391318
760.424088713
93.0688587514
488.78041794
138.231889201
934.599061059
418.512587021
880.168668685
602.758510937
163.327292477
997.172015883
199.275370652
232.051271169
140.863317023
379.40898472
418.308812741
289.03382955
568.430291227
84.5318927121
945.000585214
490.982231565
380.881134601
151.893882348
234.148930601
