836.337249132
241.641972674
543.977060075
474.35263738
263.483332595
519.9043216
420.879861965
570.917919037
186.79788274
754.825280968
926.626020567
184.943877678
817.311392482
756.800623289
745.875857091
974.143487709
349.894570633
758.177203095
270.800353181
553.702623011
543.633003285
828.314798747
333.527892255
792.826843238
905.409511391
622.91353891
786.282866871
846.288960959
838.601551534
994.140448876
685.43165572
780.858052542
532.135511561
392.287541492
680.646349061
931.690076325
34.2913889322
122.353198114
361.371760136
234.296723211
692.180452271
562.532484336
936.334017591
602.179827355
932.824158948
947.647777403
368.059120282
953.203931309
646.572650506
47.4755856746
217.768364858
847.167948762
654.353269406
266.767291879
151.294682696
612.39424477
619.540376444
396.332397192
791.380831442
697.308242513
64.109690616
854.561919473
876.04987082
175.575205831
826.7352017
998.744632501
627.895272651
955.371665994
940.634553994
615.57239454
226.026500454
168.151628756
211.502505788
132.357855132
666.385100948
445.713985646
435.410489482
894.437700539
635.404790464
478.338910133
416.680700466
607.525250119
823.875002943
836.648324245
300.449515604
454.737996398
96.0079114177
929.44011243
437.937419671
143.021189216
271.437966528
497.882911357
502.573370439
845.476076952
447.972616758
660.604422638
728.169133135
164.562985284
587.887410106
794.672029597
376.299528219
562.231875937
622.245239
35.0363065459
199.725483974
442.422780603
721.037720751
75.987250318
260.838707889
147.439319608
477.609466869
858.717542539
2.19405528705
198.173070967
481.833767703
444.934480141
56.1517404206
352.755083763
686.473296916
976.662865824
308.140667538
211.382857596
859.853221171
540.897071392
218.682798075
906.625038736
473.741213623
764.094983724
338.027168795
547.400319025
924.109616525
532.955977415
103.544686485
624.264783323
256.429532975
478.131973031
863.531306003
627.641912217
677.202280724
222.807635021
635.510628773
303.362172136
358.500401414
376.179471282
120.776612446
431.439927289
83.5832695474
162.893871113
53.0486648151
528.219233917
304.129207321
106.180521717
852.88833596
227.939118947
819.111339858
805.361646184
186.773561783
393.461867914
240.019521023
760.427052196
981.88883908
360.326969567
171.515188727
377.245206209
381.454798715
226.355780365
205.214947399
553.130573488
335.914294824
199.414582507
12.0376217613
67.7334029414
939.533788828
511.808348474
521.17985227
121.773233243
856.903564802
749.043955468
130.072254514
669.627904791
678.919978017
76.3305693463
448.006356686
136.099962492
734.596157022
119.731461769
989.862898656
501.935304556
916.381147613
186.778844756
216.831494455
652.433521637
751.248661368
744.004339513
58.39132652
353.424891822
372.285887338
709.606701933
368.419633428
52.6634281451
268.010427137
929.494029481
875.328869082
851.369351417
734.406200391
282.899960996
536.252692246
612.451305323
520.92746991
842.178314998
541.605959843
740.85801969
385.373635247
448.636819063
393.40457993
798.174009521
996.475595241
970.363152822
572.292552305
797.630466666
298.423888877
261.323429418
622.648899836
417.993981539
826.015978723
189.710077214
800.84507067
330.750455855
478.338031427
924.868427698
517.3695266
849.414072236
289.496480599
125.111511364
528.170619648
753.419951517
695.960391225
927.668032412
521.951258823
613.058297169
44.0253884845
904.396120333
192.577421241
7.88264329267
505.997712689
267.118819892
957.147522552
133.845151564
37.8326939562
233.643373531
918.151555627
69.8014045016
788.038151183
595.476031884
602.37888223
552.703351605
292.73932574
774.561508683
29.6826433165
148.933201008
207.41232826
885.172751295
52.2777489174
834.910051778
401.119921425
126.735505663
770.172873512
892.633129109
41.8314161863
402.951874359
685.705149374
124.224474775
68.2691344827
86.2401202997
571.345171351
835.514996193
625.507093431
787.935206968
66.2058555322
463.855042968
502.604360693
657.545413091
584.751840995
129.445071906
602.233175637
697.817404027
304.293823912
891.755742325
120.488993423
58.8482878112
882.5413387
982.491792666
81.8447815492
755.304505925
149.624488909
556.366190324
733.620978815
46.400345684
796.816076622
368.746809513
728.076098226
540.200702527
558.043855435
837.192420581
241.014594583
146.28487187
664.051938445
663.039755385
61.4322024794
118.350598096
785.45882507
512.909274911
770.122964961
235.83168939
29.3819596313
849.915142911
634.785784839
1000.07513428
786.491389304
901.510477004
192.569123693
198.58706004
612.484695117
224.433187067
930.716041488
538.095434982
912.03399876
270.352739288
872.147103293
228.796445165
607.729639989
446.570532924
383.446006649
901.764471778
937.573323998
412.932951945
986.914660028
351.233867842
220.30165898
183.094026039
877.279070075
425.442740295
128.311303162
862.386870524
440.389945286
448.931306127
30.2488368468
283.748457524
908.409679999
914.347908689
911.692269519
474.34168064
271.840806211
550.906359569
180.508203727
289.527546882
230.076266057
579.294843721
175.003319371
169.105281815
690.918622574
85.0488996077
893.156068834
826.709086725
286.164118235
398.010199259
618.517792637
356.70462765
654.225561766
109.128115901
746.927204336
285.599223844
350.787266167
984.553738396
524.819148321
23.4637536589
671.047588748
386.53117928
787.063369122
993.043458432
155.412143166
968.806190428
437.94413616
968.905798359
279.683353593
833.086606834
377.208352443
44.4896298162
276.577500424
134.539289781
429.154804689
129.304183562
422.735712087
171.3820905
462.417467495
243.47645696
659.85904894
956.36732227
105.543927686
804.477154112
413.080289842
156.473086561
431.62673124
935.997420235
274.157458884
325.132924307
176.442390117
187.580179444
667.173992657
437.989358937
230.808437015
516.608613121
943.553888801
301.886157834
962.21107086
675.063910334
919.192615688
912.10008844
777.765344742
853.384124059
506.276400206
549.544007723
778.207139228
741.644004294
599.324402583
754.590612483
606.033667898
156.455056149
861.297081853
245.241627811
444.089280976
752.378822671
790.726730852
93.5237692466
529.4304616
233.526132756
572.324664668
174.497051076
65.0493051713
647.206359888
712.352057372
244.413738535
92.0035396544
455.043414819
857.658113087
878.603406676
142.840405044
615.516945244
778.212010882
632.269411808
266.482896599
174.403838203
227.780469454
951.612938755
965.392592141
485.061634805
574.775681051
513.335277301
750.985000938
975.764693083
325.835143771
842.679069904
34.3230232716
879.34484919
360.357403171
252.264630986
287.776803081
2.50190384313
150.590100186
287.772977056
826.278784908
859.152122036
266.7566855
62.5555786579
456.367822917
740.642511562
811.853551518
845.222817441
311.08720985
939.289876632
370.725154619
56.3417487709
508.975573999
458.375147407
946.840336687
423.552718165
422.644125138
407.434089801
315.474017771
885.068477801
511.959708767
546.61344365
235.768267803
841.352881791
398.559357834
395.015437537
536.873670679
977.917273642
105.749599097
810.647539738
679.436267706
667.049048223
517.814801645
317.335708513
763.098620445
695.622543215
911.597946497
884.184274768
838.137332716
645.439432746
134.132757399
488.467786176
274.239854201
314.003034884
794.880563306
750.527026262
654.500524839
219.050302784
558.958320687
663.35031079
218.465342614
906.60561476
414.093251688
592.222122296
751.309429918
333.431541883
509.109397204
849.52764358
506.149098058
759.457538626
297.962951118
659.702704272
305.211656314
529.43903783
821.659139517
927.157802537
71.8286947767
152.775584044
895.423061894
78.365915602
522.334111696
96.2611523971
410.906949681
618.713597835
304.828102565
26.0944893901
675.758729132
359.363150023
459.861409378
743.733669804
667.425394628
974.165511552
844.399099332
733.742156221
10.912225565
714.495715325
365.722388099
421.990618908
466.064996947
806.966368606
281.125761014
239.044846122
20.5407492496
688.968766245
516.33701901
440.318007607
883.874783129
794.862401345
134.170730794
339.79801674
781.724462752
984.193063599
59.1650655585
151.721586677
843.689629768
591.237641358
551.472640473
176.200055265
757.512842137
73.5356792068
492.941656831
563.750806385
476.184579458
612.507126773
904.63340244
4.0874983493
924.903110664
176.996041636
614.015601057
570.501189909
487.487583268
648.279633514
142.966663886
49.423201194
148.022218069
913.455330063
720.828651412
115.023365996
46.3890494574
66.2091129911
521.158429225
844.808341077
332.50191514
16.9019634285
826.58930517
370.910667199
529.562878268
921.708138004
356.156417255
308.886389359
268.401114912
297.694817166
223.883341685
946.55617049
252.773869126
358.984388419
918.275074829
435.121639801
597.042442824
815.688082428
332.38385847
349.376251096
941.128631396
477.695450548
418.771935242
599.10916225
97.9394837924
63.8234058082
947.672538415
658.364324916
140.20143494
871.836972915
442.365362964
718.38504628
576.745485182
372.58589295
22.6857524651
435.90747198
739.807582689
364.402834933
665.545091831
328.701851098
696.829166724
867.073320455
985.060695204
754.368525004
742.326288578
719.856281656
298.766034302
399.554897726
106.13610256
960.298123413
720.829583681
992.8388143
1000.55751423
483.025119325
369.026293707
218.155812418
59.6728670655
731.005960441
129.26776498
225.1386423
173.119040948
154.670356518
892.863677075
430.720701762
705.942628033
774.059157498
256.756163091
816.431369749
698.103027436
825.910629971
576.139736477
556.917063575
846.117875423
745.940394925
587.471110262
252.18641997
938.926489296
201.713575116
71.8899322227
561.082191526
819.204648085
261.470713366
825.641037204
943.267820595
267.367207249
734.743098695
840.063688346
42.7868847699
76.2238926388
601.031605096
696.137634364
931.74053875
184.781146683
415.070509393
51.9525186982
433.357668319
786.986605153
725.207107006
895.378809293
850.73089447
880.011808907
193.667563948
957.912618822
562.716502406
563.852868403
876.784889451
235.863700842
853.690426076
103.480903559
672.60957993
843.091640246
259.554657054
86.0200805277
735.859585525
725.494483346
711.622997439
328.674575043
31.7112109703
983.012464363
391.996255541
491.521467522
753.31636942
36.5170097335
422.411434905
974.020861486
957.228872599
844.047602731
494.336966643
216.64076068
562.519558179
543.136649929
996.104871172
672.507889159
721.964873539
25.9754791744
286.580178939
295.532074099
877.457125382
442.065120572
912.363773806
606.784723711
423.675454429
749.233464379
811.130020133
452.373595365
56.629461393
168.565337855
608.851776953
551.40329333
763.53876134
863.44407767
74.8733509583
670.693547878
751.668010066
487.839212751
612.910038936
882.105737447
280.452899161
230.315212054
572.685561806
697.914469543
128.094813559
787.479746566
181.427578883
797.216538476
535.794193645
491.276738845
700.456179343
234.339371913
439.614335533
607.861014325
765.095617597
595.996043807
96.3535754485
122.220343932
187.536807469
226.88576796
896.598515957
885.654154254
740.616497616
535.707770986
885.807712594
884.43867488
722.365963333
897.38183306
191.903027138
780.727778036
992.432706983
8.67782494709
793.028864336
430.391570627
196.038564283
991.440407011
764.464584134
202.0606484
837.015793303
25.4263003006
622.334386367
500.206287714
758.889796192
393.05378937
276.815655286
233.309178067
796.580581036
545.18366917
405.582343601
56.6553102533
711.770932483
614.579154847
266.965519351
538.643735254
376.521391883
446.938701593
126.461295376
304.135375141
123.340961012
279.632699849
825.852872037
360.093696295
332.668642038
442.561449166
685.135954245
813.993964174
539.547254379
231.619983478
798.232846438
308.598757617
838.347990059
517.882555756
777.364819156
558.959696465
956.235703749
742.051367286
825.348302893
275.167902281
848.747421705
0.436096479334
847.377881001
289.126212501
354.180437747
594.439472987
73.4520814234
142.668569221
307.689272271
988.621185678
642.484335158
60.2423267287
356.9339463
549.464860172
594.520745802
698.708138997
64.819106929
900.226397658
609.637424846
832.461836249
464.592654518
427.075986218
515.448708846
364.092553922
255.430817248
813.645108761
607.888963828
693.383668499
162.446568887
150.199800602
801.50899727
189.143880092
271.433047436
217.425835684
702.679487127
504.792251793
258.554908167
488.700894908
458.836336969
834.385250966
931.139304019
521.456340867
662.254609417
103.232017638
525.371418091
491.028122625
423.209614354
422.520667727
204.580256379
722.382483001
64.7752747705
336.188907114
509.175427177
501.897152723
443.589887156
473.037772201
118.855085074
64.4896373228
990.677829868
580.206776873
661.678461066
945.698634446
186.870381029
289.038185915
792.431095161
112.402741107
798.297165794
677.382010514
21.1878863788
673.413795128
90.4616229128
971.793374924
386.852416128
872.732345047
211.291224274
879.598193294
776.591732769
770.820441185
235.195305201
638.015174866
570.969584263
215.602716093
680.867939767
30.7775359558
778.02559158
354.953507279
284.866896749
486.78750885
796.708379383
72.5567830613
944.981543663
366.20259929
699.798832803
116.922413236
816.038857468
868.106150957
153.76560573
96.3812422499
140.980182237
98.7953714851
468.733913347
739.226212134
897.000073651
45.4652908251
371.70307061
465.609916931
12.4030176517
979.756924494
689.874659179
367.659286235
169.086746834
225.234344974
166.229918271
915.3133758
246.659721875
798.5346245
113.845905663
629.375978415
26.5401386389
533.535262971
213.532382707
284.57370212
553.650551458
165.550581981
666.710418326
517.770361184
287.55710845
460.927655011
192.928371269
709.918304324
549.008630079
375.10387187
309.145150377
261.106522285
562.591475655
672.069551936
227.069150291
585.468435889
73.5468707272
696.027305892
286.765164922
565.561932331
67.8207654504
781.209712248
551.276205121
149.203483791
392.58864881
954.265613333
465.015664822
876.18154628
482.45882196
161.618888097
20.8607309675
679.725345072
425.517765832
145.138035481
837.472622412
67.9084492355
992.390135842
410.621111539
269.239948743
475.421475568
832.784555108
