111.333312422
564.299475691
427.541982978
235.406369837
494.840373794
944.648881868
911.211148924
906.868609255
993.935501826
810.448261311
701.903133389
273.982402525
164.376115281
751.862848491
822.224911571
71.5470462729
635.999157941
324.932386417
1.49426424022
724.999477992
887.028430077
543.237765931
586.388187913
959.313570604
608.670386526
786.912917861
889.491056803
840.358744567
200.583951143
191.632355243
161.443709264
26.7946290582
513.311462942
269.384354112
435.016807853
949.504616522
146.518812377
56.9465126924
673.51975625
791.3609994
449.877114234
622.015876316
416.459237612
687.711686628
874.221047128
788.45950179
891.726344246
416.033511258
487.537281302
149.282611394
910.090270738
208.276032362
444.663271959
491.103625762
184.023756157
805.610321284
139.43670853
208.902312839
697.586741604
533.196231874
534.700371191
339.951521102
997.28945509
141.927115035
469.286369144
841.629746915
692.552135252
369.637236617
309.964476103
165.733868754
557.356635441
550.462834834
155.861575851
790.553713246
161.1677668
378.312230846
464.489428206
940.938132327
496.465690838
268.948711853
627.500059235
203.551531204
774.803064899
195.362419057
449.711199645
393.33598942
53.8368682441
18.0676782367
756.749555051
252.047868084
680.216308393
726.267834543
673.021060477
16.5511815733
188.986978488
222.003776922
96.289915868
572.751600161
494.829192159
932.232227194
651.025327052
981.448382725
355.341294752
539.038228412
853.689725238
264.890807396
774.329436287
59.9876511288
555.429012144
606.978466875
332.622030271
747.355257763
302.55511997
588.899409699
962.689325321
438.090503138
987.648165126
901.920832598
962.42694251
716.44775214
868.49926134
719.7834443
142.990807351
304.214743595
737.252970623
162.42483572
308.185542532
489.659885911
77.2041065134
243.419836227
428.289497433
28.5163464654
564.784911471
964.111893129
305.964811813
251.105149731
530.479294484
198.955327283
972.996193518
101.427407821
289.094457537
896.312405587
201.298532718
634.047455811
516.146857525
896.21662501
768.868112026
692.782398721
138.226790861
209.37228571
534.782650815
231.777558224
473.55616966
759.764056498
604.899430274
48.4257842787
642.875319656
14.9866375177
144.145707521
397.36808857
901.917963916
246.402231394
17.1151930952
823.523816865
262.773180471
769.390258849
588.954814815
222.382365288
912.33783046
611.821172562
223.312568893
351.355615269
692.523874668
282.654215735
986.918154338
240.525065887
73.2883886098
585.452491574
772.651251947
907.176743052
596.584099529
204.516488362
320.632806732
492.441646496
562.38809682
951.572367621
909.965855792
952.130480638
575.428903199
167.916083468
966.113219164
604.701707568
867.945512786
981.355154371
498.047371462
51.3054181668
329.063655829
465.843009737
404.41399797
168.417677993
564.775358592
613.836301804
905.894845612
952.524952328
880.270232386
954.225796199
428.085035015
356.878945024
997.762580479
919.22813654
190.336629604
835.776701048
489.112705609
469.184436241
796.675641109
126.627612627
370.261727464
937.722082434
234.689500059
799.509730577
122.976559888
74.9344901145
947.885025163
601.053827316
45.5789037865
77.1553672408
972.229306337
233.359774669
574.731228903
624.660123051
124.435482226
593.756420032
127.528994976
507.2534588
747.055069213
726.571442681
256.174107023
452.328391813
433.939194821
288.508216561
406.744636979
665.79360306
582.53790091
512.534880643
862.073173236
869.549727405
464.829890653
820.490503563
613.505809867
571.983489268
763.11607276
721.446613198
187.152451746
986.082285327
240.644809054
777.540782277
580.743412376
30.2703119151
407.48682379
339.47701322
992.613687877
980.618199855
158.580345828
995.072854868
220.454113878
45.5558445444
363.759955079
128.311912961
540.39261116
395.56850756
819.235985845
72.7002326499
232.201668397
152.864178143
222.239383772
675.012773558
493.329812573
761.127388519
104.012600509
314.719131134
511.720467996
940.133355075
770.61464603
505.78326734
891.89420645
12.720084065
517.261707583
82.6804581196
765.256438719
757.965807249
661.535250068
923.539220607
499.39843912
64.6258349798
585.724556046
168.129011875
432.41515254
936.748766402
99.52411648
517.6415011
8.08432492922
73.1947871332
779.023342752
946.120161858
360.419972931
596.813456605
621.385794884
173.339024772
311.648111901
336.700113919
999.869820396
732.224414459
237.010518458
325.050187288
962.605502375
715.787555746
101.512850564
190.469118609
937.866921053
29.2109897995
996.430499951
612.625852019
31.0465526024
884.675609587
171.776170974
944.77235066
602.420836344
858.477686235
946.866606512
161.361797075
681.80455581
668.306562058
204.903974955
138.149748972
786.179364092
519.804679953
64.6837717402
375.95871052
822.880153133
316.3489321
827.499183942
226.361096766
689.700213098
891.681310511
694.648920255
641.103146811
526.217933907
168.048347818
475.325969816
218.016198774
323.167045405
313.078401707
629.485630649
466.26828977
619.926072887
347.177486472
686.941548082
414.517438655
191.623508978
901.437507165
929.584007087
211.816158532
416.928059789
825.352732503
890.656580657
275.963848656
557.755453872
738.594973878
96.0321750981
404.367895622
305.439107448
31.7757948109
447.313317209
871.073689411
200.867270986
42.815025154
492.625575896
261.454465712
322.361870883
786.650027879
393.968954211
130.790267345
89.2649224714
153.19170344
698.353807052
664.64069478
959.068921926
360.582071629
769.027317981
290.008368417
192.917973868
173.682697949
199.413553057
951.104247933
658.030648552
755.546790097
108.785309665
127.140145978
604.35455583
233.888950423
159.784346967
445.659151956
365.24364748
104.110401905
157.244384529
476.28112853
646.213311645
42.1725601844
290.078634383
568.497508559
112.958940419
961.997328161
610.311785014
328.723532406
658.319634994
345.987612158
826.120014003
362.662279941
349.892922015
540.822311764
700.97491862
535.348496803
306.541066954
812.1497162
961.07150413
114.926286672
693.20827162
399.141978999
711.110284301
67.6476869221
474.909311472
235.041837631
865.201038884
996.359981081
318.11241148
541.170826836
654.479669384
97.5632552658
382.114042616
836.487093426
683.892213663
39.1767476299
906.48895372
21.3888437268
66.6332714513
898.956596922
944.334005646
841.322288409
164.064872893
897.868490479
890.860436941
465.774774657
922.034360408
131.168819646
776.52403603
703.327950694
547.049482258
314.453252245
183.638654221
164.361560665
953.445290287
277.024162257
808.806564209
889.129044757
700.244336117
737.07527312
600.427936279
75.1984144464
582.243944721
209.057658041
586.867204782
539.05016776
526.136366538
1.97843041934
683.853848502
323.517305303
154.337606976
337.884141155
557.375752249
152.152223189
348.611153452
454.769993663
326.756494196
785.509015839
968.558765593
568.881139871
858.804607459
19.5535855954
544.030115058
48.9405403755
412.338236771
316.570810466
15.0471243841
884.218476304
973.378385624
46.477975149
660.956481458
815.612619391
572.052298501
47.8004419961
325.490468402
389.884705103
442.103865056
798.480584866
207.368400553
200.290318723
822.55153531
776.53000395
191.907934359
853.089083838
59.6083538337
678.271365516
787.132191136
807.7269025
80.0745385913
316.171328777
127.771610273
321.915043781
47.9390001167
771.458469251
615.941952554
621.72805843
108.50061283
740.707480754
470.734782527
116.302034179
336.322380749
494.846201907
611.525879874
416.695134597
558.089451316
490.799001784
731.091137879
170.618565877
859.597573378
438.838107908
690.994353503
746.845736936
823.749210529
473.788757022
759.780567525
922.450279305
506.556292539
42.3361625716
78.3930293728
562.554014369
257.41983034
964.478198564
277.216445988
823.394624998
464.529692564
191.989722583
779.424820048
347.891991483
31.5736979539
251.175796857
954.352855836
220.76416789
972.809768838
360.951172319
773.446840488
476.311585461
744.458277622
254.291406112
875.144789799
667.63382423
954.73659176
946.688115538
126.539944094
622.897089005
394.022852471
349.166270643
640.040954119
929.121431473
772.297855642
293.066032022
4.87602409402
540.208367401
283.490649668
440.005989582
857.745454694
69.6118076854
760.347842976
952.020811044
367.097211452
284.924933314
878.354749299
762.052964481
916.73352774
621.381335593
767.08951724
287.907042578
587.289243569
276.96259596
728.780723008
494.679933264
371.139806731
3.03456353501
257.055994365
862.68734911
110.863676955
929.231579513
728.327592649
472.249866423
636.031047895
523.44776905
252.819255931
198.573294736
525.554954303
355.900968015
855.01869173
41.4729717493
267.304018344
390.90840281
356.055756738
596.831301853
702.180495406
690.291708223
656.114926538
55.6523251916
225.608585445
361.550664367
871.175037057
657.792170599
518.80572489
604.881718348
1.22612430688
894.888183527
451.21342503
604.482497009
547.899625575
836.684193504
254.93403848
894.415056066
300.137970747
706.295625375
604.389913154
866.216380157
778.199411424
693.42225804
387.981832408
727.136005152
515.40782604
453.966715007
308.827998478
349.756288623
139.305830479
819.670571262
978.122740116
621.532826476
873.712008581
96.9665129475
297.646136949
887.560642212
128.001529048
27.3485791575
600.623559079
143.4751144
503.894679782
641.476637971
595.610870892
18.7235943001
125.483461309
90.2733691421
371.445695027
731.179510845
483.458778262
585.820047295
265.788636822
527.034054816
250.379140329
861.439967008
448.652234036
41.7192931126
737.671223102
465.231100374
949.286759215
45.8403277526
711.068754489
527.014792078
902.62628555
338.859562477
413.014218809
905.644745068
843.652793865
315.256148401
64.6139954212
780.191512364
624.196466822
506.61850061
220.335910291
990.372236735
340.194870769
399.193006437
102.764107822
184.356887069
625.993315153
871.27747236
737.083332327
857.927247268
7.60884932126
73.4684075128
740.087276235
222.644956456
267.201183604
195.792657337
146.878733219
69.6339339255
621.230677167
948.533282996
324.958650864
285.128842248
797.374851848
811.333955179
233.753030755
547.32082653
620.480055418
713.87333751
836.983502769
867.735554155
29.9625367701
336.365083273
114.220664354
925.097212686
183.652169647
658.733087756
834.340952237
495.683744865
318.609396388
594.279602954
725.581064679
873.362149413
598.353166929
925.841085595
840.922306512
349.693433928
271.125658864
1000.26326558
667.842489073
814.909596774
625.317301503
850.365370053
317.802135342
764.030321535
692.810317092
906.818124979
153.64471309
671.943776731
391.571322853
667.546731232
899.428840202
821.046510486
111.186963114
513.953002872
297.33477107
862.273984522
602.676114117
416.288696662
946.710115728
69.4922680447
268.464772122
268.182933979
501.85859642
422.891152681
444.442283483
202.63686513
280.587695614
214.616611934
100.656902737
177.872645014
255.9724626
339.111805107
856.333085612
514.112072257
137.676148651
727.972934284
394.744888668
940.917645508
708.670063891
109.823438534
274.362023487
467.648133531
435.870799191
763.067641363
825.912718502
434.12408115
865.189578807
295.959883877
185.099541766
362.856698855
676.975404993
552.514897132
793.621666042
903.010748037
883.078980884
901.038620209
729.46353524
996.74733749
334.404108767
810.185675291
628.223774691
308.275165126
121.416314138
191.41161818
801.059648065
809.918815497
102.185619151
738.349749262
394.742260887
5.97480572757
246.308746677
802.571608545
124.725361347
704.277392205
736.07952471
739.426472525
949.802571083
632.725374117
172.08948954
167.738882555
774.374744637
375.365174101
56.696477725
685.855537687
216.130755757
210.37884338
618.557573165
696.408837911
873.254962853
547.2238268
428.895257264
84.9492295411
39.4038654297
186.322815386
59.0997146896
327.249471908
614.849371672
937.959014638
419.048828143
675.04249774
578.921624786
200.432299148
1.33601720158
676.088922569
275.828937644
139.203629785
634.105852684
804.896707117
700.00255993
682.765444973
732.746781283
201.941953077
53.2480038912
498.273562256
928.695106555
658.544477629
976.027946906
817.216084573
393.628262646
510.682441745
220.811700267
242.295916047
380.82929919
382.499524114
513.762596957
868.8183795
305.124783675
107.746093738
923.068836383
987.203412062
384.574086174
777.785030474
519.739380441
250.219469059
303.724112153
488.248571582
306.980926105
891.369092465
218.864935357
487.230101003
491.908476022
680.762545768
930.672141019
602.851533174
652.998774634
948.343797225
488.950238099
568.717010202
846.812841609
854.051539594
68.9216346491
11.811633034
410.254114039
807.642181014
933.152708052
684.158228258
730.900856109
643.576274428
686.509563448
127.313703398
857.385904431
487.037865603
347.050189671
672.422806991
807.677601519
920.042667318
898.377747745
212.197863626
524.615216338
174.710038149
452.489697218
5.88731360151
245.464085556
144.042013165
872.945817979
814.482454582
961.211895996
146.825149607
461.430506995
206.05370847
658.702296869
270.056393631
888.999289208
135.316039499
598.699466114
178.099557965
870.865871511
352.533892863
506.588210301
163.819517467
161.886717817
426.828677625
991.464384422
303.429766213
326.408605999
826.254492117
377.087157208
106.851636096
62.6341391424
170.7133813
355.530244118
995.531465441
537.550899451
24.1816227227
877.234941328
750.524696255
729.237532229
83.8798047257
101.900696742
361.063186049
866.465430957
450.996539186
481.10116629
272.692225072
128.651978163
225.125505433
519.096147858
772.947958759
196.6715384
341.019427246
257.233413395
379.815994288
605.11220136
162.813805144
465.981247378
839.890670381
250.52578842
109.934818504
584.07745895
670.586563091
326.846671296
408.277399601
822.880002856
198.189511289
815.440955702
246.833339586
563.52248189
161.627053622
989.994766024
541.523643578
206.333552295
621.988336257
804.902596448
839.356169249
624.70807415
132.033958285
301.879006791
525.400770273
885.931351805
419.573950423
680.653925256
70.9869280392
979.766762504
612.857300825
638.438211709
24.3271121424
288.129750452
926.080342319
702.784753819
895.617542315
