78.0153920155
707.684219439
37.6132582546
970.291817656
961.80935313
541.929693285
720.509573248
609.253936347
33.1310393612
828.609271851
189.082511493
785.385539785
921.04304404
308.412964812
30.2530168756
265.122140045
221.687699146
712.33264336
986.311344581
272.080703338
218.091380672
671.663682534
652.74346936
379.622897492
385.271387708
891.756570452
865.323663291
205.178379579
544.875548157
462.946813729
678.035333439
720.400095956
868.424766287
110.313347054
344.773565527
593.292982784
196.247603299
361.765086348
533.255283017
976.150537924
423.517561756
83.4759842754
32.8089293408
79.8071048497
906.380926369
943.250830692
480.099467651
462.021414567
596.205830489
780.023324465
841.449191827
769.193575525
781.290297887
583.236030381
535.256931385
259.802407925
140.008780541
777.737393919
92.5391630581
528.455172937
630.64852737
849.650545405
328.6559847
298.80144521
172.041804541
968.494770161
637.437579219
745.330190333
752.541889568
107.596228046
403.312581641
45.4783362175
276.928382378
679.72216312
36.0518736119
354.655167383
301.591103367
267.891710986
451.46138328
342.104831284
164.292409871
86.8627280878
123.113304488
235.723518208
953.204650402
657.155994852
335.594318024
769.668424424
318.69409409
296.072928763
406.150674728
915.330939249
618.661224949
140.625837656
699.143711942
574.0558475
241.889192083
956.573412909
43.2817177624
775.011603094
459.491047299
607.273552355
649.623140954
558.38341144
805.350161529
394.536833249
579.045199914
40.3820452034
700.528417742
447.001923618
311.07204515
897.681817936
534.261883034
958.713700701
448.858455139
323.505516683
461.433544824
151.529831223
453.816441778
993.618329045
210.653562158
908.919834189
83.3580733629
745.712829829
593.648116443
564.819969327
335.363437452
535.23918394
571.581748289
904.628277799
194.243846543
398.298711194
260.343179403
524.071350805
305.989743785
428.340516459
8.9996877175
532.689761102
32.4886175634
253.181518935
352.455241004
845.791941953
152.81133147
581.496787466
528.011527074
708.959286659
986.4719335
674.196084865
1000.50077643
654.563683286
300.316287777
331.864687207
852.511516686
183.550725069
27.2623231165
113.406510503
152.666989154
489.914917182
371.823376885
348.32770726
262.364636843
241.955391387
860.33849534
725.275581129
204.715264313
784.018847595
533.610477885
838.575599963
485.234500983
150.011845457
955.948970503
834.246684699
336.395617995
520.100536375
412.885187734
137.425777518
897.364337135
485.368261669
217.354799288
390.882559032
297.314707075
958.581660413
681.148160577
467.526971916
961.760731863
471.321723389
770.299645864
3.89846000454
96.3520937408
981.624214896
624.883256165
317.532268728
511.018739745
197.272902437
729.446810345
577.026156166
467.937451173
236.342766884
632.697681941
28.2724609755
799.126262306
557.56974152
579.293767686
811.253117397
126.383603227
404.811286348
493.512293788
296.667662386
218.52277023
545.576690977
258.690006906
794.567828473
120.216145294
696.473774781
474.526448791
428.671891105
117.294667345
496.42900413
189.897289365
987.885800477
512.800762991
412.653839627
594.137747411
208.389406413
873.762674938
813.093599806
406.765652845
777.378609745
745.609546027
915.273578009
437.517325897
15.6383109252
458.504755032
686.965088922
322.770161425
712.885212508
106.233951438
914.724093599
212.24954431
722.352383061
711.814854965
66.1434521672
662.625438974
230.968630144
931.512585195
891.538636596
169.751979999
606.728066357
645.466739752
327.698623618
175.848885467
678.008969541
487.357794658
489.359633192
651.596448433
74.2340998368
102.921666021
962.841187404
455.614635381
392.132586307
309.237388826
171.46961012
321.653972234
486.30969438
662.306927621
805.662255003
850.679277382
411.96760179
165.94222612
335.016097646
505.705804215
673.674999343
353.072067948
205.088861723
585.297688185
911.47837263
921.078431229
713.387177259
617.536803154
601.697124372
800.723715661
505.471471968
449.478258605
551.108528615
868.84308167
460.183365044
209.272676708
239.743964609
924.699511049
869.188381157
934.291322202
720.948285563
381.380955174
150.348295003
23.9857443444
986.362233972
61.1734303361
14.3534053052
552.9705974
827.858431712
745.337033226
21.2717606803
221.153053704
975.396872932
132.537067344
427.070045174
737.367332337
402.314392669
722.124046687
283.016407568
382.196760188
225.969311911
695.865295219
825.88633726
515.094722713
603.070101655
79.8747785956
244.684809505
619.508411924
253.654805638
386.859751865
190.592954648
93.8338242127
937.083694216
946.739382488
84.7104929085
231.922994569
592.107815603
399.372288025
775.070019136
470.503783339
486.61462167
997.443133963
193.039624657
541.417347091
635.493804914
227.020544513
300.251017712
931.876677796
140.730174788
909.946073147
493.744570647
898.010428314
4.72202738472
213.899226201
824.093217217
133.304816019
287.217438543
525.138099551
964.828588429
952.750415737
506.0734797
775.292624645
883.818837599
325.900095519
909.690529471
495.082786535
186.819782539
797.592265515
130.570147395
194.642480174
246.682635376
410.473713865
848.669675105
220.946413707
237.769038005
166.731040901
521.560239997
845.79126263
818.474436555
265.614541011
293.351668228
55.4048177791
390.727008992
181.505677776
142.427582992
440.607222068
167.314849578
524.806593023
975.737805047
682.516906191
765.956349205
683.63601547
220.100209331
180.439677098
187.275766247
308.756347738
270.196010163
546.78952379
650.784642338
491.624247452
912.763682734
474.507708978
984.7663918
13.2710014965
914.140130327
121.548202858
370.449343392
857.612189001
206.653076914
379.27886647
187.751250414
45.916116272
987.573620536
878.917026973
308.904599697
665.266968707
497.32960013
69.7167542569
405.31576735
630.561776324
990.777472151
645.056275208
626.303573665
101.997387524
383.682915481
232.421062789
992.786191017
413.554879782
303.810085881
677.744158659
549.662554842
643.765070891
96.3568148645
878.166292063
231.083554927
980.714415752
483.230239436
460.560589173
254.862632009
495.927821894
422.743616897
617.613831121
151.635363147
340.630212002
285.951227949
318.064835171
28.5135801658
263.106374039
317.481901058
579.119224303
857.665180824
626.062860158
166.780912573
481.954899889
218.581724613
734.768390981
757.068799173
802.835263306
387.497713926
308.119983405
443.638715515
361.194887133
281.340391468
706.7810291
135.467101539
46.6941766107
508.77470238
804.096753828
315.520205594
247.421261786
342.407998241
81.0838105474
494.806236609
658.370638116
822.750885564
352.636020734
165.287053737
278.700820291
354.674958009
164.542655369
714.75740832
859.143229323
696.930298371
574.783714475
76.2717424788
784.890650917
911.861062267
339.584922836
444.767578894
250.031705396
59.2923117674
418.602725525
888.081222169
104.140337681
856.422719939
675.610363366
259.614418299
3.72014754502
805.092128191
526.317915843
504.418076135
419.475849752
745.230852756
562.179315579
929.858843846
486.261851689
660.063714185
176.917190826
831.402658119
724.405814289
535.963689605
458.917247991
407.005850473
456.259166238
837.09129354
725.502602608
704.261325745
624.407905735
895.637794808
915.93981722
365.680782841
973.448179824
320.985900899
129.946960312
950.089523588
406.384743785
762.641200134
309.614909
736.019731626
632.199906324
561.530770824
882.019372707
522.094884327
622.216922453
617.684048641
873.181643087
98.3281617738
755.095617036
714.202152869
508.809703244
925.424163192
522.208325871
163.410259785
363.381011682
61.6948003817
582.607549501
960.323303821
19.0862196269
783.62729322
681.810247814
771.542164764
594.336978087
429.812938426
420.959439988
642.203501359
560.647851731
128.615497282
260.817814892
154.820253447
28.3742798649
25.5274413651
154.305985458
995.841848756
632.309575444
182.347894626
435.729201184
378.724382167
97.3403388256
276.017088271
403.591244456
674.24384267
434.385880073
214.928020551
798.880910603
1.35843341652
673.400076941
248.706508928
169.471924065
599.443470652
305.603644895
608.282004907
754.235047471
641.999240842
942.554085297
306.109257667
843.213834406
135.480301764
233.594539403
132.827867531
753.936601063
556.690983221
14.2491361211
17.1815398947
297.050459403
464.054639571
720.630040301
137.584113984
36.4256249964
716.528875588
945.573930355
198.45123939
510.038420899
87.3414054314
706.180331309
9.62266127927
696.973143148
87.0454809128
63.3250759084
427.663856844
777.179389229
76.2014333158
274.398139788
443.473606613
903.52130879
348.487664355
581.142018653
393.526381438
91.5608109726
49.2737222678
349.888337764
620.635234486
960.996323866
992.847360492
786.095087684
633.0608275
691.840752475
522.137641898
738.17547235
851.689192127
311.942481881
11.1843011528
393.133820582
127.678799458
3.28775776556
44.306527437
587.607025078
995.955202758
642.37693646
132.711375718
290.776639867
776.840675977
365.834874979
363.030840644
468.402055211
378.921667238
375.918236888
5.5938763717
165.905593536
568.442399572
974.707288255
515.05564303
742.495322749
57.2714419752
88.9959791173
94.8095093349
747.392083552
734.833124572
43.2137169598
610.314802075
625.66288597
502.443694501
275.481255092
861.008665619
478.134588207
692.812974994
549.164912476
262.963084858
667.53367288
585.882802902
740.300814636
389.500919756
143.834188529
337.353816718
358.258133073
271.896648905
14.1203252615
405.282442437
764.382551504
86.719304108
203.351108254
452.409575509
269.813738289
680.113302532
41.2813464151
914.923901296
4.82285410412
631.75118294
440.278812598
423.859443345
76.0759616279
148.201000116
166.171936175
839.099398757
720.658317501
840.544576749
583.839660826
891.195965438
584.656051314
332.978065025
344.382496066
480.428682281
819.860563155
923.629160736
285.459764101
867.01946718
633.263024384
90.4553741335
629.649734919
860.677744008
451.574450788
35.502477326
824.711159336
967.560439227
561.39957963
284.148126772
705.919263
112.115808966
619.592072655
512.210760353
386.55770421
257.436876633
725.352718661
596.59601229
562.260441768
745.081619273
199.914680273
40.4448445529
258.178945551
954.238541362
226.434287859
637.707586289
734.362493933
566.398597442
960.834049729
493.865195123
615.276574862
590.361399542
525.833928708
964.608036671
907.949442268
829.855825119
558.661117791
468.978017959
142.316753534
626.61105074
929.290811255
384.473399866
583.570707069
27.7732944291
888.779528483
475.935909995
497.941932942
799.24460719
843.983446386
730.924856766
705.268138818
918.205594285
638.878751515
500.829901027
429.471038458
475.745701782
38.2954765052
76.8831727824
137.953700826
506.242115965
726.650944919
584.27436308
265.590742795
663.707424423
990.964349153
838.146158702
22.3276210867
543.637980558
185.816885276
859.807290438
667.847557721
668.438003257
658.646768874
410.426208379
450.400970442
754.287041521
187.851395591
654.36117543
460.097563837
178.907571919
702.443827686
720.915695658
948.916643631
199.420784668
904.314879544
886.515486475
205.236634427
599.454522758
898.909858446
119.917886519
48.329171048
437.803343362
517.448148596
19.7773927047
682.539016732
729.580709303
576.450627646
443.649440248
733.562227269
932.060204443
684.875083968
817.853984096
51.4839100377
655.700052677
272.376421807
904.598482738
150.284798858
299.380140396
60.6090982859
118.929282308
133.587264302
248.240488169
345.63416943
125.011987368
849.24973244
432.352786838
81.9860975072
982.03368441
143.723664329
957.671673997
187.501631806
431.058407178
513.797162541
266.868344878
26.535936093
833.845340891
571.645213248
521.905159752
325.763579776
398.745414696
816.959681188
828.457674575
369.012524096
126.523794544
460.058693328
45.891695496
766.535792078
400.239511638
4.06091912447
647.631886636
763.330122603
781.484047206
503.681431071
779.280358247
102.943879851
211.671783762
621.402685928
383.269014189
873.547325532
873.527356868
762.305557061
394.363826528
824.320131602
988.987597695
963.973648119
893.991986066
230.330366887
328.770214265
466.308358522
720.089465594
920.233779404
625.672584197
481.540849868
264.862830346
301.193831183
382.493873514
617.062823508
205.118336643
640.922104764
316.462055949
187.281372414
109.866905977
241.226440996
166.029105652
778.465756411
631.776249691
712.670353632
891.71212888
539.511023982
799.396601335
850.199829088
44.1115490768
653.935663384
612.963306659
976.088810162
564.122075252
278.963852753
285.300824962
447.599634487
495.90344421
892.094673857
200.345353626
281.75812137
863.076928335
983.984379352
154.894603142
869.440044628
772.647479705
614.128401981
926.380926977
679.625199772
616.094764995
425.097730551
886.12602261
476.334882377
354.894413826
932.932894743
541.148384628
327.405555429
563.564566253
133.205856597
51.5131852828
786.065633787
54.4070413671
653.631645576
601.157621719
125.449806097
28.0935870921
910.657330715
330.345009048
198.799603753
245.262969251
92.2209680514
336.980804801
27.0639552038
526.320876651
33.092881529
205.418298271
361.464702186
475.121762779
995.690555509
981.703195028
11.5918633789
569.712739539
517.321579739
154.786798549
936.580530123
962.144255105
885.88911153
548.441049464
587.426756725
299.237701178
316.654164972
156.31967836
743.973584078
638.200038236
995.321893318
678.947852922
362.727280725
883.912310057
249.970415448
194.578342904
351.087810036
529.95279886
766.319776677
127.709947337
986.423075423
308.968056732
931.422682266
836.833611314
189.322752
33.1980497041
847.470513263
430.692415348
373.076343181
320.06544319
52.8674914184
399.060976147
605.065132152
430.573387648
70.2301691769
371.181940379
938.267027255
277.424684594
619.389118636
743.983867769
921.32211726
987.081896024
36.4929264429
434.839903364
296.048249861
167.481098075
354.146712284
663.574909682
311.445692768
308.846541604
419.304750123
243.109537397
680.871492032
586.88329363
834.481830068
568.567341532
432.462437472
390.193739519
804.22681093
8.20310037584
665.275176602
450.61925501
509.903045314
459.558408279
75.5991353015
806.585528932
582.383500978
44.0784652237
