174.110627555
618.477412991
89.208888198
121.940246136
204.439785793
25.1801234079
42.4566770757
143.484538744
270.492504396
751.139349551
710.533130195
887.387963724
898.774147111
823.106235527
697.315922517
594.662479705
677.148088138
231.192510561
538.704000486
484.636650015
523.908806156
983.341573293
625.224559943
742.996305085
351.949841799
866.123348496
947.440128567
487.846319842
173.238627197
756.155266911
856.470539591
532.106954795
290.048995507
402.645813116
993.232961673
897.361589193
515.456248941
37.6882358593
173.549152909
358.709100569
342.358050848
27.538904545
217.543306078
1000.22630902
709.462163144
288.513771685
402.070291364
775.09502634
470.919314423
786.963611316
927.751529222
735.965561457
48.4846205221
972.909579448
837.689898914
184.136202579
612.468418464
559.178542599
568.438690784
493.933903138
394.297786276
628.789612808
553.606639622
257.2674785
209.893151561
15.6869830009
657.151924333
662.0830777
847.816884336
839.595187546
928.148134472
351.111407796
485.887743328
191.341729264
134.779503725
942.206180796
90.3024465076
23.9276380219
695.222423817
523.975464332
161.364005593
237.051540759
318.435653137
755.552395848
399.171011444
212.129243282
622.578227066
393.020914532
731.127624697
512.552377777
987.857612404
698.36183827
94.5675974089
847.707809326
21.471808125
558.01115006
49.1216985917
726.013911969
84.780298515
927.967478283
465.337695161
817.510171839
161.316712913
934.186440836
975.292859361
361.33420579
792.363900753
179.446438722
51.7074914618
375.811425805
621.582414821
115.295822435
374.885682946
546.313730695
72.0594680104
393.756532358
348.309343211
901.267552345
373.665261115
573.827382759
402.705853442
680.502098851
504.912786775
344.960377877
895.894989542
111.151797263
619.491695203
982.991548524
864.108298573
292.426859425
130.606633331
904.602141151
953.429776851
152.023007634
963.285147219
446.733531797
123.37252978
175.17993758
253.184138378
65.9054213109
499.146520873
289.427553114
574.04167682
840.242413606
743.012824028
206.812938361
845.205321605
541.458426716
420.165359805
567.950313077
530.933702634
781.247465217
79.911560905
986.68404325
148.580951688
474.401886612
780.709855564
326.47651845
811.045457935
455.412179693
515.352479493
542.393299386
686.675469115
374.018005896
719.974162658
623.520403327
351.226276912
29.490222345
229.041968532
267.781300262
860.442491658
114.566101657
198.128340937
153.260303968
924.819443623
498.004152222
165.716823841
19.209037075
579.587270664
976.915364178
769.493454232
733.83123805
835.666304779
172.359593095
319.006230311
339.081904554
109.440156257
615.263760353
840.964870154
859.955882184
337.208112034
450.779981702
995.262109375
996.127540679
383.965695048
514.689955567
374.177547008
458.876780983
944.150831037
577.703988696
305.568899586
446.722222518
546.399936648
833.208266157
243.738329261
259.931103173
874.633355353
695.274226261
311.316641216
105.778080915
453.524547974
22.7281484032
674.536942089
53.4554291498
447.620744836
601.017048704
983.388046426
361.872385822
788.998402923
486.732616882
735.509606478
58.6102805473
951.004152083
604.813812234
64.3112773732
64.3923044213
176.750025481
346.229143969
98.2805454202
763.637428396
514.249893352
952.907881357
59.2389645484
75.2359126707
96.7856041188
321.420774495
3.71556283557
691.988997029
27.7024636315
631.70773365
837.026606892
778.189424077
539.004765526
720.99925197
40.6833318836
134.749134343
45.7668085945
732.985611091
766.789969987
414.670882757
810.283676392
844.445796051
560.140513112
17.1720941129
782.179718869
979.722837659
828.186934009
86.9542371239
15.669182547
489.511711216
472.013079339
21.9255518111
329.507166637
80.3015547346
719.01299433
59.4823884125
213.242589833
925.63273653
1000.15981795
738.723302816
351.283792532
488.265596282
615.856266398
57.3150493375
333.129513104
676.517075704
288.255424815
114.05515745
329.025327221
195.433741347
517.281982411
937.535052023
696.290875878
69.3377793605
863.227772632
272.694790763
463.891458879
104.569825469
904.282316752
4.27875844496
78.7018514328
356.785065895
60.3038589081
742.34613269
666.075048583
890.126600026
781.89284988
155.829152238
76.6436531188
641.137544909
998.604365719
525.336531044
15.6210688645
892.2177346
651.693815389
194.270306772
492.718591589
215.069780165
351.504842342
280.083009315
66.3685101383
363.392838115
563.207197192
401.967217378
143.449748784
387.714429786
702.159133241
121.05525631
89.5831523866
865.327684193
569.969172339
704.185914478
427.194505343
465.462559385
339.701240543
331.788730457
936.671582835
524.576394791
879.089349544
531.448512425
282.186569052
285.57937652
92.1499189499
828.435261353
63.6311960985
631.604171254
324.056616974
271.206793546
164.711796663
1.00238752169
998.130497434
257.39298479
50.4781738749
619.051370608
397.436368355
659.485508975
154.213374582
649.956633855
808.532892255
269.378877926
337.167681054
277.449351084
704.97666126
492.765219031
235.018803262
742.010217915
745.726540956
803.391833856
706.075076368
302.036290356
462.577177332
784.014192645
317.148001835
66.3806010287
796.677537955
722.362316323
48.3869112186
42.4071458448
864.945886372
471.948057408
465.721011036
869.33232242
499.422368831
919.21275338
453.096404269
35.8565166045
437.41456945
912.761427426
740.836999926
498.663893364
402.170435828
468.503874333
468.885403588
851.869605738
388.291880648
183.107095732
740.595098188
95.4171571108
444.36006856
108.765621684
374.072960783
318.195068401
376.158443283
399.352245274
845.962558698
435.018846589
253.752198248
92.3830409597
834.690374398
749.099338479
384.8757516
686.5958891
633.663654333
556.420274663
102.450669883
962.034555489
263.006171506
145.936136613
134.019863583
636.277734297
787.476574212
739.825774594
713.567373989
919.041167988
766.762893456
494.574464677
287.543320346
517.189354517
62.0213897957
678.190563869
373.239331836
48.8332238907
421.737130923
330.910150429
639.557067913
362.686180059
721.076841797
756.607084371
192.985644091
28.282499706
303.544350746
984.638423021
918.144064787
429.779238003
691.841426018
620.319518408
625.278565918
103.92569036
291.200948849
465.083630438
33.70777567
546.971163095
773.617599081
996.576549483
327.764497857
694.423144379
626.162384431
340.901318847
769.98454055
583.178909202
117.205315402
650.039679199
611.664450232
754.068276384
116.57696669
798.499208478
47.865385947
336.354690694
628.639848658
573.820231854
440.735355937
178.589589524
490.898540874
324.400954908
907.659918548
171.43048646
680.48709413
497.714545864
662.767265063
869.582499435
58.9738070181
870.102197546
210.652298432
613.441518291
649.672108224
542.100783357
56.8164713637
983.131181382
362.314177155
419.653434953
696.892962571
329.99389203
376.061256214
802.761159688
137.407453276
760.284182206
665.089084617
131.970861495
180.035872852
77.3394516285
202.911052522
229.343125245
36.8652967914
58.0936744493
715.026573582
59.597554866
880.877528739
38.2884356169
554.781944935
985.859730984
442.422229188
732.002745835
455.763807528
989.418432926
945.419177711
389.365505004
312.566678
286.27341448
915.544265668
462.103794521
100.102499683
23.2113680797
935.47647066
174.98704018
179.799477191
926.669095748
654.99956171
14.4878845688
91.5103706837
555.095071791
663.925193411
97.7204946155
694.407209769
144.040087913
42.5954380434
879.741471917
870.039317697
636.285560582
989.142905712
101.949927803
807.065145563
152.456404258
481.452021314
34.6794637499
52.952249553
503.189471321
44.4880430108
229.741925485
844.676486598
971.836657079
132.05577107
779.727366456
323.120449637
972.987337759
709.323667606
334.507383675
88.8109253143
995.728416675
211.303393823
985.855738075
454.619234962
804.115058291
669.606696522
888.626410511
386.424934409
894.295187668
944.587648353
112.648647954
436.644925102
320.827590395
960.925145
608.622190509
566.099500061
866.901256047
104.116171995
417.160492092
161.143657399
58.1888259097
941.429471975
857.06407464
172.174291199
999.862380022
53.3032080316
666.839171586
394.427255123
229.934590425
806.038379981
133.403987897
309.144468438
688.482628624
854.729891166
819.381673442
275.540082396
35.2795232948
690.661284379
403.341610375
786.431477218
466.403805545
937.396050874
170.760574795
630.399244892
791.18218044
995.827485932
804.067520792
526.18083694
850.007357582
242.610259507
905.652197166
877.76430137
315.458754034
511.442187378
384.261922213
13.7171037675
645.495966253
406.256325471
343.215814092
130.147389232
347.869992804
891.908885356
823.923879889
76.1635301898
964.818910207
759.166745427
274.843580919
936.141678899
800.226263274
990.991203349
888.785202578
813.106948339
610.354793829
849.473786001
378.349872152
217.090201399
255.527363257
114.346672688
769.18511983
229.183527722
869.230947249
410.822387432
676.711685699
768.951642241
387.28825485
238.459413526
189.964230043
946.384567645
670.83566764
21.7588296008
128.058346976
547.736942244
172.791719144
455.123259898
230.321159478
611.137442644
788.486413992
272.026259538
655.150569696
89.2928590826
111.396936541
844.287932028
574.173164992
5.79848556033
806.251040757
31.1202570277
411.547992302
663.797727881
541.68057963
961.929403051
278.812244824
905.123133533
109.092003079
398.631118325
78.5135810656
3.74817261223
707.678882672
355.245969975
51.4234420454
604.942622402
479.519591268
624.294345822
630.739784801
471.596468743
979.961763011
673.253202495
616.437389019
314.564807095
374.710192521
490.928696545
555.209354657
494.395717742
321.479988133
244.449657518
923.09901119
165.891679041
765.845547434
364.314355582
746.614662523
256.217067587
15.8012413177
190.983234394
428.008054771
984.243632706
289.539240335
225.095161607
32.6902129827
359.377796722
198.273636972
11.2796628067
851.042810624
871.462743878
195.490329182
573.753253929
955.026510903
75.0864394841
278.334563567
246.203638986
419.018980351
262.059128271
138.077335994
109.01179491
231.60993032
158.136402595
270.242359827
742.53089268
150.046837815
119.900536739
410.720679152
360.017459992
283.398900538
776.102105769
298.753168792
596.008288275
886.988448419
140.209808805
423.473069242
259.955829677
342.810100094
910.496746572
899.154432213
240.3382459
491.135008106
22.9769897777
318.792249768
267.057146851
834.758346601
510.294495525
848.207119533
653.096602071
68.0941514263
548.026935522
603.89044397
314.471894113
216.660350456
674.920929056
377.624754313
432.041184265
988.589665565
476.321756736
326.148017115
193.251334418
825.294674018
164.613420772
296.772035589
968.572107302
259.215144497
393.17159382
73.2196392803
232.805446831
86.6596395816
309.315477573
923.78629961
699.907228857
182.422416695
13.1128428299
72.3714850678
451.438654635
348.086781605
57.2480889331
485.097061922
714.442150651
881.918144936
585.184242702
228.797463805
379.346057274
542.586364995
195.340101541
121.211148928
673.514025137
653.353904577
606.526578316
233.890782639
665.130091223
381.020260765
228.641852524
745.960375244
655.767035401
197.598144463
450.844768
948.572970331
687.863081707
953.770770002
491.589865979
342.345252376
348.062471441
370.739920608
631.451625211
121.778558014
19.3731086781
222.360077929
135.653267677
365.460990559
197.460803586
415.460611463
679.150937598
727.953588058
697.224558461
693.541651567
275.367990363
55.2234826937
958.62490277
732.886645912
77.0525682192
756.194471597
540.952621604
273.152105912
905.115573646
349.472428002
59.4694760137
458.644280326
802.38553324
177.522641434
764.666521116
542.474314875
446.707793508
226.032925304
826.04831086
999.2309218
96.0497112985
629.391211318
528.971436681
637.498177165
88.0239171423
288.734208407
433.413644701
586.396493003
912.021234169
58.9252259447
916.065532352
254.658006779
457.815382918
827.284342518
501.560989484
536.267346949
510.955948627
746.444783285
464.866557614
522.780648001
953.17070433
788.322817266
749.166878164
576.691308487
948.992046489
659.628090636
186.385107272
976.41870609
25.4880570277
786.825867843
451.194694928
153.197683668
2.65088014717
945.809483943
120.183311904
126.137753105
635.063083186
179.972944097
529.344710992
707.349125685
841.0344443
343.742484071
405.860232366
411.658676708
975.88166116
826.388498613
824.33173556
674.590548945
689.735087873
569.001040583
204.233371411
469.811704626
548.117736685
408.639507606
792.953131396
728.962515283
30.3206653627
56.3690987173
500.404276749
829.344567047
838.138801503
220.806929487
292.980958782
826.135086688
273.945051969
83.4693216955
416.745565752
136.392756294
461.996121458
271.095625589
439.518039958
897.454276315
689.060310305
211.929258135
182.414522334
558.390105685
484.113708924
342.488443198
437.679175295
448.478924398
638.728273555
617.466994081
719.049336137
130.723120583
738.12732093
639.903445059
0.0672539144758
658.271410625
592.099531752
761.345503601
158.979969411
386.575537623
130.509685699
505.426920479
603.643191346
473.810012658
338.277518823
446.627708963
575.75726587
258.768975582
315.293148122
714.768334356
834.382657525
358.593326591
176.565502593
645.347149728
227.972699504
610.291352817
939.608793589
932.648554181
6.22183607717
395.3019176
880.494477016
698.035522663
389.355924978
750.494264119
975.805142024
201.61166315
618.471100149
759.065830315
17.8222769607
579.167428311
635.851085317
834.890235262
983.128554089
901.432650541
735.988092884
128.640849482
285.006071802
102.017118202
892.527324516
232.916711439
580.571949883
799.450552578
294.249368431
4.36246513824
273.657782781
437.516434128
88.1508190914
889.849936628
576.280988009
869.148328301
641.695023906
802.676167163
263.458723254
497.043763234
72.8279343579
231.985858167
202.052197122
263.93271237
153.659347073
237.128713127
662.593061094
147.616192218
250.406003197
826.303460665
711.608203101
923.653252783
445.396750181
604.413440458
675.0630993
816.630019486
887.360602939
514.450472418
211.196191333
11.985970503
620.639933617
464.400258839
435.691892542
113.212709908
437.06797433
155.901326182
208.029124873
512.698562493
