770.068190144
691.267933594
241.553999339
975.420644322
951.108121125
320.389045844
648.715539987
840.299169016
72.2309725006
67.9190121768
22.8783003844
593.66038478
391.383125192
717.145619696
816.389976889
56.0333622487
972.472006281
318.693124798
425.090117081
484.059870066
314.720906707
969.967933997
720.769427392
968.533560184
103.434729896
646.020672576
275.37248296
674.61542265
289.47561771
849.993204067
610.335973578
772.905131433
396.937268144
994.27957285
767.090553115
819.767653135
862.584112557
587.682701305
121.751760069
356.888899431
311.292111384
489.845475676
652.728851004
98.2524612355
155.742561922
270.365620752
765.299087246
753.762860627
893.773904216
190.263770219
227.83809859
943.609158798
1000.99422269
280.585871414
343.290190453
429.211037857
493.116939661
893.664427316
395.407405802
40.624498575
992.361423775
466.372809838
895.879269866
882.142550084
612.908537197
523.945677568
940.532163451
678.601515891
262.800328812
143.182126852
792.678323072
911.952641066
32.124704921
393.885441974
304.487354297
186.789315482
770.878610668
60.9752134721
447.274464186
406.120429308
240.64710661
595.29136642
789.819099934
109.154570932
300.504455038
879.578418561
338.890954266
97.7253116807
330.514597857
418.59320118
720.275703628
41.9063115849
5.53272511362
758.591812793
987.360135233
700.980823671
805.674923515
432.566999282
684.73389944
896.801024453
934.708282735
747.62357241
651.739736826
749.235904868
591.38919471
546.541028975
155.709941988
121.245932277
710.293077482
806.344382633
2.87799509784
957.01655341
621.313936567
455.927315545
790.524118215
985.099643259
496.134480668
167.229434522
24.6145287605
822.912504998
699.350109608
647.23921706
452.248116923
739.2889478
799.463208583
478.225194091
989.093251269
79.6343887031
440.660679089
685.179980353
789.393711643
340.994561357
657.559148774
298.13288306
388.393043695
759.146036712
651.210133172
462.530235631
108.048804307
691.737293021
700.377282767
844.140538625
651.494720593
509.143380022
316.205773909
870.191237563
622.557450322
335.5692134
599.583105838
830.528209902
642.682507636
344.413266294
1.64023001313
679.761188538
513.079380711
966.149090654
322.6652878
709.21566055
747.382919438
743.218730836
817.340312575
121.017773522
137.504631154
563.511863985
863.527319347
309.617289819
218.038662588
63.1898348582
914.723055733
593.915464457
940.368173937
923.305496956
382.471776862
981.952387266
451.072475239
906.219384567
580.69759296
577.068168117
982.468338566
222.211495754
504.032312878
300.753169849
256.322943005
999.822783833
467.588105501
984.317248038
635.842564233
839.89284808
209.707533523
340.174129879
52.6391552267
841.427599781
468.095828278
753.238515463
105.799425855
944.18436725
921.329793603
798.431131225
404.753360771
740.863103075
441.274528521
749.516106876
486.002375343
733.290604693
3.25756953792
62.6745794601
120.817255379
159.701526346
773.139436146
947.312379892
910.472499352
826.383499615
926.310112392
204.540981975
127.817550534
101.707634708
11.8641612744
806.960948229
369.314209425
776.310004348
114.897002698
735.476018823
845.768546797
828.739361635
542.850477226
122.469188272
393.060126946
257.790296361
932.617019695
152.531512755
958.737791099
197.393521874
879.70591791
706.676217244
913.666072871
106.154564072
601.300859178
656.459380207
439.888049045
903.746689874
741.128193424
154.237232596
694.433068433
631.561930995
133.513089283
630.647113102
432.066553842
166.458647954
13.0040711873
222.813870183
307.220072411
910.495531219
744.702701641
599.748883631
793.825295323
557.374102373
576.860617728
478.834736816
36.8520665532
73.6906363191
896.281966987
144.259362465
539.712620782
710.579876532
341.115072438
936.241336838
132.858356366
126.010154595
299.631307431
615.82871299
441.637511903
109.838937146
243.361944431
215.265357824
205.144587404
132.37250576
93.6169906938
52.3401379631
531.273034411
233.610747613
701.800288893
833.404242595
734.774755835
915.236511508
420.803321861
12.1204889398
372.733369186
725.082038901
367.206374468
190.506241822
745.953597721
516.889079872
576.312006451
423.930951249
894.758686731
881.264010262
217.263648053
738.370316602
87.2218801334
312.637031553
494.743526608
522.951695517
960.336354519
769.259701283
861.812978878
119.549108157
661.815777789
214.401418809
300.600713486
841.436514556
137.107503493
809.837112574
1000.34858655
298.642559631
777.217815806
12.7540797588
924.11874024
622.205525093
526.252116339
840.381484454
849.074854076
384.125038234
610.647110779
881.831881849
222.438137735
760.863612193
631.871112234
828.628944925
948.270556236
556.586980214
451.750416702
599.218695744
270.530675769
517.058260498
242.666027826
706.701991049
152.957118751
668.202702958
242.989052917
426.898267441
242.628493124
645.743267873
676.162130347
187.335814909
153.7931419
385.792182957
936.83245176
533.672672589
440.703651177
360.740346156
210.109875755
898.811343263
240.97300038
117.097873603
82.1818640823
664.716593048
845.551908075
753.741503934
337.149349083
112.254065158
68.9677262082
40.4136342726
762.330731789
651.958687591
256.257298904
554.6471159
51.2621374262
168.778477692
77.1868378094
447.787517154
123.898322998
516.161349577
953.322483778
299.886313665
198.584717297
920.650744483
402.910013732
709.374654565
469.84393125
726.235282198
857.850936916
535.697867118
986.307162842
374.964930792
610.906240018
914.789305352
99.9305179011
525.696243927
795.648929358
41.1292595636
685.558928864
511.392120563
32.9095903221
281.824070325
779.588118494
203.169800907
796.577968083
202.477918821
798.852917552
840.018887877
322.467184367
528.215725786
181.406732497
617.516620749
670.53746276
113.071556918
544.102917221
974.836273405
601.450709216
900.11295774
11.8995383336
353.736318063
959.326735182
470.219627309
318.444476145
545.424038089
985.874543866
289.546416886
417.913098713
584.977776866
866.786877394
479.729321746
97.2650781983
264.281049674
72.8807734469
845.528448702
109.942025531
782.068175256
228.09541227
591.786097318
723.316092476
105.989886965
817.621041046
635.322581573
429.19415812
765.186743299
369.679985238
261.891901156
660.011538276
295.298851858
536.13922829
349.219291195
13.9535409698
967.635943575
192.480689761
132.269321322
609.749630532
401.39344842
673.255197722
337.548162977
151.228991451
421.274235252
554.648462599
944.724640292
855.114604446
570.257937509
333.440412518
304.861192076
334.678313335
605.834644067
942.444301206
765.352877312
438.741385846
427.547149251
866.543069165
759.993661565
725.460756927
487.491001348
876.665478396
395.901308935
7.90506037622
495.312313256
936.070616776
367.116944497
787.866408903
179.781056138
0.447340548124
324.105934768
978.880197612
961.098344328
416.404423173
408.820591418
113.989451614
83.6189860462
631.595578288
575.447255212
305.652761363
913.427385388
303.475492284
971.513562052
186.32036579
74.1930621985
334.496768783
792.023604995
536.330710913
770.251936913
268.612409705
285.832106917
168.692763207
496.675804167
854.956712497
793.666486218
776.069203846
433.173647894
336.004781536
283.533194235
758.680932217
270.222753935
680.803745971
440.860697241
943.544362328
864.436276172
628.33496613
117.386145367
302.838149471
596.139613108
573.249124129
220.860195324
941.989832091
97.7038107451
219.912089688
385.551511765
823.978617148
158.782159513
85.5604367074
319.709620252
270.447465168
609.615693129
479.525577063
51.6252359938
580.222427527
40.2244395969
853.981835817
237.055447457
859.220121586
513.099700773
954.379832625
796.374343203
973.331194305
34.9834946089
932.273784039
72.5832271961
230.681420277
199.245030001
264.720002326
973.020277541
982.226783511
415.574443587
132.380096637
416.420488891
164.839610323
973.923566952
999.310307676
756.711824198
981.466597553
410.16396004
857.425684315
823.023808468
808.109537244
335.523512239
989.376357337
164.194700979
8.14798860633
558.000946709
990.020732286
627.585533632
111.005529589
489.824676552
544.679323017
980.509586467
287.516650676
113.145777936
123.397016356
603.211288094
845.096803173
761.070317366
862.98840484
987.688543687
983.067048603
563.057419961
387.144442791
8.09419744906
423.733353847
503.520050979
266.179200716
173.941770086
986.560165588
10.8655985417
366.440602812
319.385372278
598.289648809
596.255924168
947.569734189
526.769915651
918.920100179
715.526724283
753.302280463
241.657231353
601.139911172
476.496538597
821.379403762
403.623575101
543.77136539
438.894169454
420.372359544
718.796940441
245.676288085
59.2826701861
829.364250017
611.813621177
969.537371446
220.942282933
321.53233989
175.669885298
400.797603219
807.853717366
665.193019364
550.438763932
177.817446563
631.51749581
405.28773582
197.318073314
481.532972686
762.053953307
8.58360889507
670.88933
656.075760351
394.616066707
551.867887645
634.93165485
294.83067139
591.623664871
858.302474786
235.269384527
772.229944036
95.4419596558
353.775132553
662.683460334
804.381442417
130.617104612
748.548981145
971.997814888
462.340463077
292.883116528
343.18292009
217.569917655
500.482888025
98.4825864925
463.230129314
325.242707361
293.629857007
866.553610799
977.520163054
120.041636845
673.200137178
524.304618444
829.568981151
846.056273898
620.71675286
883.984326234
855.935817849
773.053770345
577.160898043
20.9086202763
444.446443441
485.707721053
225.470876345
178.130703829
622.838835161
284.550980724
467.710909342
885.749923328
258.083223663
251.097552346
181.950041007
916.212387197
588.349013945
583.712416133
499.536505748
930.725683155
192.774335288
232.862392888
160.974655338
875.129071411
726.025019888
725.124393731
111.552740232
79.8183458711
300.646518298
495.553694186
314.121569788
384.708625207
670.586953961
340.144011169
223.193385797
336.601329911
754.874378729
137.042354797
569.140175887
660.410932091
309.601136046
199.245820956
71.2910792726
754.398948182
914.297432601
108.301479487
846.405196386
831.893388091
779.328815226
408.27746683
270.489075659
683.6293465
238.597515893
246.19641572
197.955709371
914.298119637
229.125220048
526.900281298
591.960559288
849.965083953
147.677689525
786.374937788
267.111580306
882.961163196
120.74599607
661.071620817
749.042603533
685.9504689
40.0545080094
435.383769298
520.373617457
729.83774324
142.135497363
866.956975199
643.733220209
61.5439848617
10.3104926897
817.238566206
456.485317758
366.524862881
196.595128891
103.395291189
751.35690767
885.251089374
581.054435882
18.5395552119
47.5713002466
672.802296128
326.542768901
589.468547053
443.432088342
641.263192511
948.115955906
293.067134437
313.571262909
321.174168967
939.62024148
455.521769156
946.610826953
853.276134979
978.884745415
708.242462472
282.360152303
825.165498136
613.414125587
694.567966295
624.50884856
339.96360494
130.912868139
367.058491967
916.136458616
178.989240716
120.586436099
105.576441347
18.8830609517
781.035714348
127.563053872
565.960309561
51.9301452551
851.432847042
400.112002341
154.186889267
341.788585094
26.768288175
154.728895831
605.9700342
931.400054732
752.141432289
251.896341775
502.964767138
193.650226498
810.612195122
783.744726997
23.4780548581
872.816023051
909.907368006
72.5325298061
471.146991023
337.279021309
690.140012851
373.09561087
252.214948896
829.403048408
794.504260077
28.0737659241
632.75094277
270.58186861
467.627761778
277.201158452
981.995622988
862.436623399
606.031530837
579.874631211
896.27440899
632.970890867
856.369404983
538.957509633
690.077541352
583.902220472
571.926628647
94.9581982851
89.9922089267
861.044087118
344.291575783
168.918859935
22.3183124571
450.898540063
786.451670254
419.096767217
903.419214818
665.172613371
884.582452803
494.9550791
759.325979767
585.91665552
843.818388613
663.399149981
174.927764479
513.584997401
265.780963139
372.055354405
12.3132530968
975.577008771
814.467185915
627.763773924
99.0595319905
968.84151234
912.310096456
926.460924633
645.691231035
839.373422534
3.98392450883
741.085234502
282.199985261
481.136050978
347.790718908
594.905796058
474.044796552
629.189338157
621.880382473
380.420948496
653.068597131
71.857790435
832.132591293
138.808684597
960.190585609
168.860476053
140.851385991
647.978778632
915.753991446
838.301005368
444.399265193
830.746894965
196.573276496
40.9926174597
737.825775208
894.975756652
787.333525952
630.567837159
658.343092258
303.26339223
240.56010934
698.886756362
999.740725959
144.982378552
728.070139808
552.569110192
477.58988059
637.095025423
36.4501040504
220.883268727
658.785101519
327.524058478
889.133666903
78.6353653982
873.398563638
600.663005474
530.960990506
15.9366440238
816.473657373
258.846053796
261.426253276
388.330523172
188.343335722
508.35757148
388.261903369
533.23615097
996.133751122
450.44667867
350.97090398
597.261582467
974.242359395
640.13351472
613.759481755
847.447365725
810.582629314
66.2363891417
703.042359309
531.197671233
819.971964724
629.643285011
663.530175588
739.128707438
244.124685005
226.072337278
284.699814997
483.902873424
357.317735448
77.4937418627
284.41331586
558.278603028
128.244050354
620.166765815
684.506307588
210.234973437
253.581945876
550.427365741
464.50540098
458.647859119
96.5801018871
229.589124285
784.939973311
704.000007833
238.332339331
160.922659743
240.810641731
62.8306105062
478.029437605
317.224099089
783.186906035
134.070612739
364.503094944
281.936420665
452.365264357
682.033191547
570.113761458
104.055106881
634.666187037
606.056567823
751.755337274
819.614498637
449.164242643
937.142076986
813.73092886
116.363483233
589.498640456
855.404899189
408.737576439
38.6827431348
214.816335756
335.790207768
594.821063777
173.173158996
465.060621905
216.322146387
139.0829555
258.095266272
668.039094992
743.686700662
113.607033456
479.894603865
538.289694408
384.248395932
826.57798827
218.856466369
435.210471437
207.063010497
557.53381844
902.383690846
205.402656474
191.857289338
433.266798576
968.532695034
231.583664722
661.025285307
410.051398306
212.622203901
951.327524909
952.817047908
644.531098514
