705.406981121
981.513936268
813.919767106
109.111866313
435.886401075
737.192223701
763.187448828
359.913350005
736.639579424
293.876158737
11.6220532481
881.1134889
626.651832197
388.33130048
490.828372388
371.756370922
802.135157741
244.809981741
109.384473623
562.943615124
396.093251071
641.424543266
902.078525947
170.296171243
211.0326984
402.5028725
600.24364452
992.859247943
570.438953764
9.68653176151
263.89325875
688.14098558
188.581837288
819.272007361
746.13476003
440.658700429
208.513541547
358.620343484
440.289076766
965.381703695
880.264701475
809.658645026
189.146935583
936.362980392
862.974613514
426.958455671
901.261874052
73.2068847771
393.672713588
783.663251455
305.063130811
938.844441768
52.8829782937
22.2635236537
728.290100837
21.9543299366
985.876224347
58.3878044379
417.243637152
638.951119907
877.182007221
812.987145909
730.366372307
550.382710533
722.423230844
556.350809317
115.808425177
421.414786658
988.228088673
520.769669259
936.731863746
964.488650265
941.142322534
11.7731904984
336.162669926
249.847045535
110.02836173
961.985217668
808.617069246
14.5515449471
23.7975316204
372.179855378
197.148273997
451.499674093
663.833554807
84.6594715849
123.038615347
446.221127375
135.332936941
870.941425211
872.480106189
257.686314071
286.118915503
716.14722037
348.489742813
895.40162995
693.432291216
216.93021913
497.990069368
292.297671694
399.58129317
365.822302005
274.533470734
334.136908489
450.876221713
738.908196716
465.283172364
825.879271175
287.35989006
738.80774398
96.6722167747
948.657623292
685.314378
743.710386957
527.699066331
708.662584662
505.730567288
550.079229671
323.180873055
1.31397078283
493.712905581
513.419688574
565.488045822
809.942964347
422.058014067
430.454033249
576.341882472
807.500113719
679.42490684
803.563738388
288.892604067
885.424476065
134.977957378
871.879185548
172.587054274
916.921120659
9.31325135243
563.607011898
48.4385320044
1000.97624942
698.800031784
735.516005322
625.037395987
953.450741139
940.158198115
530.616546832
724.702519455
82.279230888
363.552921905
700.13040929
771.875946429
494.924000748
747.957818967
274.279615978
873.487208225
118.610559529
698.086024417
218.842244052
534.631637764
352.572932515
982.20575336
477.919430293
556.813982271
657.966581853
686.207132912
6.37866464116
122.812231856
328.619192429
109.329808938
327.994202221
81.2679862441
556.612303557
860.373597689
521.879558693
280.288327696
971.266995869
903.733214079
958.935857953
263.606742948
389.872633675
868.014944968
864.079365207
59.460845157
505.722512318
119.061037526
494.004904371
141.110424113
91.8030109761
553.864949648
488.959507293
808.206014784
931.018485652
852.155727903
836.422347233
482.373215084
655.410875825
724.536124134
699.554014557
508.626651555
13.4441308258
134.31997072
257.256422723
851.132171503
923.738131104
754.6733531
222.387811636
707.87503643
442.342692659
959.802482669
640.987804089
507.113066156
506.328141642
417.495228417
726.407745807
195.739955207
272.838272393
966.924081783
32.6232134543
140.016327843
851.222320992
638.318216888
958.339239705
287.224035526
266.859787871
807.037156883
63.7402111653
482.28864446
628.496779992
357.996367802
593.456605196
251.262923447
877.561562019
156.463409684
597.027112538
423.230353243
66.3229296172
246.207334188
969.034622428
287.321447663
332.357658723
356.190946718
717.09259
724.458349115
302.656182105
263.275624121
860.499034422
963.498419982
60.9558364251
441.00206227
166.108473597
765.757533076
578.954670629
589.875338981
766.61412149
358.987154476
349.967638429
6.35693796055
268.043654274
285.383568671
823.133361822
812.566822903
54.7089104189
168.821744868
618.081718635
91.8017349775
947.726421131
618.465690261
879.61519261
157.685311528
850.299374725
302.908000054
19.1087748918
200.065395227
217.188187229
573.233625577
914.294142243
393.358929122
18.444239794
693.605230229
934.075589682
559.023666681
283.217681649
498.105580451
126.391681603
480.080148593
2.74257935808
810.574878722
621.151262348
252.395251176
666.186908387
85.0095714161
873.99049652
707.439101127
709.826353745
323.863467064
276.33460405
181.642914646
771.78948538
459.194562417
818.341791383
846.947654814
920.331956774
642.008278729
484.630691995
187.22298528
447.61207065
605.367438395
144.849295026
770.81112661
390.431284575
953.539601821
216.265471216
576.651961599
414.974111313
483.787807552
699.855152361
3.79558333643
969.394948156
554.597398268
465.847414305
911.840348236
307.744062751
9.52498936848
779.257710623
609.821914949
322.906956705
712.813948304
585.668095146
72.7353152439
206.032378022
553.409614619
696.582609384
759.577928327
65.7237930791
292.019528013
268.775861731
777.724784214
923.582321518
913.960795899
122.591919438
862.950668483
840.580625515
781.545770951
487.38516538
666.562509799
136.594838462
349.999473921
134.081383718
316.690077196
770.800204939
792.812287058
50.651181072
248.561433694
736.832405404
10.0983015298
282.639165284
172.509072532
113.543753997
941.19031868
353.596365082
316.130667476
925.255735236
748.015747772
529.161863651
757.739445827
497.262395886
185.667425756
127.883832472
119.598520843
533.949441142
942.799696534
198.479141617
336.746179804
835.368405221
354.658207957
292.421003053
159.054130276
121.110056986
429.423115132
310.894896667
575.546751016
358.761531717
283.390061802
118.193332446
698.60075785
694.977459221
361.432801999
56.1737372968
667.233826979
645.287315149
23.5228279645
701.234612687
186.18751716
220.325972313
657.838460076
736.768525137
505.077238928
603.542195559
386.351007443
434.854881864
236.389812429
360.996733791
609.367981864
605.177274834
604.612086675
326.649061815
689.336482455
683.673531521
145.887492354
774.662222771
309.529881308
319.649064336
555.968628591
245.262125704
432.538246408
793.33953611
781.47225988
666.37654115
56.2237215945
317.871335152
120.498029772
148.250552152
720.743996679
467.135617389
26.572559027
834.942954274
242.822066811
163.621501053
457.834503218
346.239261576
804.073183762
1000.52183205
344.770945967
3.70292486344
364.833202379
133.0784812
959.2685552
478.709516175
571.333558432
491.414050986
54.6912851694
87.7911716858
52.3102375021
433.578960898
890.276060334
31.6765997127
87.4752257495
532.988249968
337.993442329
630.37717466
303.014542649
16.7685710974
900.112290636
357.070057819
964.72362968
345.285449162
518.087692353
935.510833357
368.549409991
142.975686963
662.904569976
781.500346099
554.172844788
818.220975438
389.426175028
399.034023151
492.425563176
775.993351107
479.342730985
566.694942324
28.7289443731
119.282554421
839.268422361
627.957958962
210.879788464
164.820968294
825.457798654
174.418066437
533.33073096
493.850985128
954.345384335
29.1689465442
364.406255884
759.070950608
521.915455484
700.488621661
73.8878760366
248.538375849
494.05976131
862.29034724
692.431652208
101.066634423
763.313460476
388.258358523
34.3381655447
756.388579931
17.6911562391
195.535870501
19.967666502
330.90872308
351.827899694
414.645653614
385.576570269
124.99730932
524.832019849
590.074444389
117.56361149
875.022779034
114.854458676
608.464599244
817.788529726
292.381785323
427.571742931
449.794176992
267.134469614
129.578518212
181.685322
41.5201145758
747.03454754
293.57470469
343.304885303
179.212280905
741.172645269
393.097468679
842.76136302
252.28172305
348.386463986
763.620807735
921.392956226
203.169516388
664.837581965
224.390762631
329.235655839
775.732480978
670.204044803
325.754971215
69.9889392116
91.4743695813
886.263060343
925.789316973
85.6302315659
516.017518745
407.102101529
321.28298634
303.462314217
138.074057166
136.337648294
470.423872262
117.1912564
646.426172317
813.262377777
782.028469693
240.390090762
166.003877025
39.6050773606
983.02091771
440.854806042
424.878218294
622.006930701
297.910480268
214.77325609
428.648176734
301.906316146
982.88447138
65.9091945222
453.794775028
740.799471626
344.811485492
845.703588886
20.1939027698
993.639258949
197.974891393
412.784894535
407.199173207
924.350614865
987.558710094
646.670254966
227.720070282
567.649703381
85.4828569917
935.777780754
869.151252094
584.856555332
238.296157642
909.322075367
389.322574037
218.408143871
583.936198921
930.17034302
295.446397059
324.864819154
990.865416043
978.634475538
99.7820293545
59.3064940144
843.392567729
202.47106568
337.673523878
905.107039669
456.064121668
428.509531625
42.8999674287
286.63557242
598.677147539
884.700941942
780.75693201
485.696648173
836.105744809
71.1192606767
929.016165956
439.201410472
704.022036123
424.67567579
423.705902069
535.872379042
646.077776284
119.919614808
331.881753018
350.824979076
50.3705632675
485.322542399
987.884193886
192.671749401
565.348644846
620.370132499
275.871720276
507.078387155
447.544846095
11.6377248104
445.782344335
171.796217979
394.158020162
803.332298659
495.393903366
886.091104596
353.128362197
788.665681719
585.657917973
262.920141362
17.396628644
531.104050841
136.573669515
130.840257209
172.502535373
942.914190201
95.3070725099
713.58563779
237.196118012
403.536716767
491.49613012
434.277139752
742.222084477
618.71223499
490.647323681
59.630524945
548.279286186
637.276903511
432.985054325
152.555269217
299.997666779
423.976305118
950.200101847
816.730603503
606.952766766
118.99596148
950.323892689
84.658735316
143.430260424
496.906183064
632.565643117
287.993124593
694.884736051
924.15128319
153.460381825
940.101444243
362.251547861
878.583910167
704.615050167
84.1298995874
460.12374241
173.001419459
653.6331277
213.616947088
387.314111442
391.491034603
309.668369511
837.215018547
271.32156801
43.5795290829
540.88710361
384.630772763
599.989545484
853.725320778
605.939360584
839.912721105
546.958641044
289.341481162
148.968350289
481.775250785
771.82267014
205.447381565
590.49393082
31.7866223508
653.372262761
80.1630577438
75.2987314673
185.133486279
495.057933845
889.860502194
235.514745466
749.995709002
62.0504507867
458.955619702
715.604199939
509.273931838
600.624004834
117.577054283
384.437315263
273.546212719
435.866277254
889.384259401
541.918944566
88.7992063939
878.775445865
292.639294916
994.689897184
424.689082691
91.6941836259
763.683719931
147.612090323
764.609605344
866.775355929
929.726309082
829.955440184
873.761952535
240.966778935
484.964308617
666.604603307
614.188360455
692.321924868
643.424520128
687.346206919
470.636049522
523.324001612
113.179730609
90.7642832486
183.238739393
89.717415182
205.042952184
990.899326976
886.71955638
486.886759977
14.2157914007
628.630368448
381.096772714
106.872000966
777.058896278
550.606651486
850.227904892
730.746857543
836.82267956
801.197207907
91.2587294692
1000.57884728
207.16678281
366.043988333
749.250312303
440.246292815
590.33473234
26.1991827764
863.476896766
596.123110096
869.201945441
307.579093365
770.872856479
382.532626228
515.427614747
641.502974445
220.606714908
421.51262003
287.08980231
465.217363696
162.886626509
158.668704744
239.785411274
398.512065209
31.7976081465
829.237819746
974.596061152
221.192715459
896.435063144
619.333170301
21.5140572271
121.159381115
730.263168126
690.401723111
244.173469833
425.062542341
39.2103378615
758.519552775
729.693340869
803.131494844
338.428676915
978.861636212
582.78805738
918.25489248
950.46688273
879.937398838
572.859655837
703.464602519
313.540697461
302.232599345
589.544628956
573.294059708
801.487327452
239.539918449
69.364973321
512.291068909
572.084962439
154.503495747
492.664918635
2.36367564518
91.3648030459
421.351668583
114.055565205
678.019997205
955.304364792
721.777698001
379.182777262
521.237413008
695.834294161
220.14898796
71.223276002
392.061351744
312.407921348
963.509219221
178.099878939
656.449200841
22.6317014872
479.707944983
326.697630955
814.361766278
553.500290936
616.819589384
313.28020679
217.224902718
406.711581788
727.718943985
863.897955815
89.2638160286
931.963248891
61.7270273798
508.960796946
156.861235057
246.166130947
489.690132251
185.547330721
130.640565155
302.444448083
180.985297406
885.040966922
997.231486736
802.255107554
237.383960677
450.957891678
303.017921075
369.211754313
165.752185495
15.8360255077
10.8721217981
451.323575547
295.458957409
87.4795387918
316.143876247
64.8622456497
431.168729342
420.173182215
717.034484293
630.150303191
1000.97695782
627.736623973
955.448174639
685.652881723
942.276189294
948.916118847
478.740871736
609.74572184
463.345555683
989.369460988
111.06404622
759.337664475
341.231713897
571.474774325
929.61275091
84.5759438166
42.0938866477
656.908858644
665.372257186
943.511005066
228.944600122
465.217183761
529.243621188
766.012579876
229.440507711
122.275623567
481.931898958
473.700029974
897.806346702
821.684369708
729.157037896
779.176225501
796.295165293
534.888380038
68.752268077
639.552611964
804.837017009
115.481652466
369.025135213
86.1604432785
997.124419304
390.217816835
221.524831854
156.392679656
854.185360145
11.397344741
646.593727334
14.9494864657
491.348933744
947.130570512
326.817381555
498.991726402
923.728254469
75.589705758
542.126912651
6.70515735209
590.705567539
672.284956923
210.686525904
308.425809988
173.903541552
93.7972046988
290.363245257
294.831496739
709.068428967
286.114939801
1000.52138466
65.2183940256
901.106776165
289.22076202
192.682018633
717.48581508
481.792886817
390.0904547
120.551417351
757.180780074
98.4960594564
119.223211281
347.499323871
138.606593739
118.485688517
489.959043902
742.012587651
202.174822685
28.6382217845
763.11816023
615.241026188
3.67905881549
471.867382782
516.259881134
109.884490427
469.519595312
728.674540271
296.764220408
53.5974699877
72.2854082771
23.6557971724
557.587098366
972.607987638
259.510507039
468.128774959
172.948498785
834.352173328
160.280904824
307.00508605
733.742322876
752.044053458
255.037751498
432.560851159
559.942945329
951.868122811
873.71884846
620.777808288
386.14270558
833.309803782
814.925903691
27.1466223429
152.440275861
917.365331676
393.161013258
722.875443893
