65.0182821928
426.410460243
926.416247712
330.305080761
745.8496239
392.360283222
851.510368155
504.436610207
419.288665118
333.070592549
680.88156621
365.34532005
582.424816476
708.91934118
731.848059226
144.8003032
87.4001397401
241.592840089
809.547565871
316.354158782
80.0707622604
270.670763277
854.778072572
678.683553199
885.868145939
422.116472433
134.570674056
396.261669423
80.3216461149
967.644349186
388.733479725
943.43251699
267.900275871
89.4587185761
6.69667531739
315.215761927
720.784996584
793.13465516
870.657685776
693.667368095
813.533899733
519.224438683
640.041632036
597.311905177
180.565644112
292.788112394
493.270231884
300.448491242
985.650361908
575.671835966
98.2421053021
388.314823653
984.081017587
252.888247399
201.347071979
713.159856192
797.6495113
789.043223202
423.943665582
641.378521305
889.342086987
590.982890239
913.959134189
124.564590179
495.956083134
30.6508159106
693.856023577
318.573201337
874.867749694
148.829390264
793.706509055
709.088030557
361.122483236
311.765035908
243.533738552
633.497439295
512.792369801
497.659360275
345.121993709
404.989840432
481.392972524
857.229119322
99.721600972
607.157966176
639.572707753
390.423082348
619.192630651
957.075021477
298.554564326
254.722518397
5.57077166089
134.000590988
366.698489143
716.318022751
690.063819952
644.096556171
160.857301914
324.710411477
552.096522625
533.946488515
89.48757085
457.221120584
770.459517098
392.805857792
334.249735717
411.829947364
670.87232771
554.758272271
361.381648195
358.36235219
970.062727861
14.2406605708
489.062412962
600.320974974
882.182046633
538.588716793
195.722302701
592.047229858
709.303488301
911.332404674
673.902895406
341.677042243
169.799651164
965.326879774
817.394878434
971.448951568
955.643309335
498.620095269
171.441973043
565.09233213
798.721374128
19.7014053183
542.797794324
212.529827701
561.762426137
561.905446123
430.984741026
457.063630923
391.879971148
929.64598327
13.2884062912
442.416071907
324.212759502
879.079042562
952.329593509
794.374190503
630.459699155
483.342126896
537.069040963
369.508670269
982.291562167
976.122129619
228.886458316
390.245517703
452.156689426
27.1646174278
1.75237922435
331.733911036
254.716709176
947.044461596
920.637856604
720.725678323
620.884225247
164.716398027
996.758609476
288.892153148
908.495541782
814.664409231
864.92601875
203.44083345
551.819176811
852.706385807
332.360052721
406.417530736
901.533462367
415.118716443
603.410850408
912.36157391
996.57537148
34.7700037293
833.815859696
20.6654394765
608.843794292
706.139967399
307.844969014
652.854769381
507.534528042
475.433151915
851.237069477
997.208997163
196.876723506
171.658533476
689.031402223
868.057372504
170.926957054
440.160697999
554.422136782
933.571289254
58.5559245045
919.780076663
108.582419867
789.63631861
905.757247946
245.526969844
389.499258599
710.114455182
416.760556397
92.7561263091
907.112691338
323.894447983
769.436773679
627.196264045
379.099567108
746.672705291
349.588364092
252.944692995
84.517872491
275.399446761
492.775147455
578.856259883
373.112978486
773.440860873
931.075789395
606.766616202
460.200223055
248.967955537
982.8381342
919.553024104
814.307000686
689.176071416
382.330179419
631.604206108
426.090520246
320.188217441
627.748378373
529.007927165
406.229473384
264.747244982
796.977375743
185.96504843
151.830052886
994.927759004
878.853781471
823.539638406
402.347262347
363.660632056
200.370138246
693.701758577
253.954772974
646.058118199
556.640384545
786.97439719
188.392188813
682.81660986
512.446137315
668.04941128
234.349834023
675.421384099
78.3120991055
865.331261777
941.153037567
571.408612553
957.644062732
611.1029853
854.52620654
400.920073552
988.354118943
753.997185118
347.425244887
616.608199272
773.296176568
673.838503923
936.892583141
308.772420634
931.759389907
291.589141492
648.713213147
518.765364689
786.796151015
319.137097134
625.594220323
985.229810725
913.833210866
150.268286138
919.090538538
22.434672026
212.660553919
864.216615549
855.233980559
722.328308007
832.387828398
103.461269687
120.878870132
547.305458706
512.709345149
585.349709029
494.618200616
914.388435679
224.348134233
813.052374063
408.39346304
642.754300945
488.700716646
93.1298207697
828.939806483
710.518409701
715.108500458
655.055494499
948.969825637
345.52087012
786.659059007
511.652912589
870.549275298
108.916184866
54.3904131575
160.380102464
992.681376568
411.786622078
504.595797218
488.050257329
805.012335095
879.318267458
894.44943672
103.346962715
328.179739865
858.053929469
528.846825504
721.099612585
223.054434228
614.340849586
286.666741516
135.798849385
390.391072213
749.241844499
747.326145854
285.393550755
651.410634609
51.3693339266
28.7049285945
852.297301705
379.332374975
915.759214372
986.634808339
200.400537943
534.928665485
776.411370515
254.219010016
151.482308914
336.335404691
363.650596621
472.259790222
32.6029199835
25.473513624
492.076046513
256.364129698
685.684015978
111.191198208
42.4377848572
185.207682469
103.340270156
973.600356351
142.385694439
694.635590507
254.021700013
881.985433185
19.5357969241
920.376074642
878.212274437
386.929109839
630.306222037
215.498049357
784.088575659
123.876661313
802.307007448
697.017965888
219.222385059
840.41903909
826.32123031
855.516792682
379.073477585
100.950429282
614.068154002
831.505115305
116.097521849
432.053624819
627.320238712
794.409218074
699.648924731
816.788273792
410.466693988
916.631868155
896.748508635
31.0511904834
876.880054603
81.7679450431
393.287213532
727.793197601
119.46932543
680.202127427
429.243163656
987.98564008
607.288896278
917.320715276
362.573662917
521.355623801
568.310653424
197.728492966
332.561109655
472.555426949
483.457347015
289.623167117
541.601643843
621.555213623
568.458034925
190.435993753
853.211586543
9.08171377487
817.359059785
984.160800207
670.039502766
556.764419598
668.933440994
215.356875249
988.775085801
148.534600173
145.600820077
816.188045278
422.002845054
729.629820672
752.594782985
267.395818162
904.863565893
583.974357483
366.854733064
78.3764004362
610.221855894
512.423958364
773.493590008
733.366334441
275.87283769
681.675296482
650.11938885
415.475510085
657.13587976
245.379345067
525.058151579
975.016365835
819.643115657
291.302685192
709.511350416
241.43666424
561.51034684
637.450750709
62.8910888795
37.8266125044
856.726992183
900.545461103
200.558861791
7.4132909981
74.471143812
224.949841253
655.345939928
618.078550927
189.922577223
405.858213704
483.58267203
340.936672785
421.264655157
878.247615689
461.756550408
524.363922724
979.130268179
8.47669847445
384.752738267
894.706555646
587.797860476
19.669756634
568.156287903
46.1180831206
252.232075532
302.293417692
802.275926395
970.334695354
492.645288976
669.219384099
690.971573428
686.969339105
431.145054641
752.72162933
366.658597967
936.967669459
572.21576374
874.273150944
134.073904639
107.880492212
534.309555498
766.591496009
688.535115151
376.140191976
325.751070124
598.889196552
966.989901322
555.349772092
617.164197878
572.815384942
147.94701942
716.148802797
790.719073338
556.228846579
727.934835268
594.103512131
261.741780573
75.0702704185
938.983238723
840.030477488
126.378529591
669.224947861
489.24460806
1.63760160027
608.779864318
587.692633387
345.306505039
583.224792981
901.340129916
86.6492421466
467.805759887
322.8776603
188.174287894
214.148679666
308.873582031
382.048042708
333.112170443
972.575259036
861.878513285
779.884669929
489.411781868
186.375192969
732.293018422
861.646124645
330.892060321
211.837119734
8.66596761719
797.985460556
265.184171864
548.280822051
393.448092878
854.139695015
172.001223198
24.6043961831
347.939682299
626.369904391
848.401835387
365.805042526
200.779791743
519.797118913
435.722653359
700.954478981
783.284594873
222.625914179
20.2763730643
862.1800599
299.2409299
860.785224429
150.99397961
767.167219719
736.901240423
618.243484556
878.874788902
418.581029001
784.377016834
453.464426552
151.494350286
844.824470191
563.52322207
715.286965283
791.514337775
296.689560648
970.885583498
833.869746006
215.048499351
44.8405213984
867.152105757
536.639114437
592.917320199
863.675125255
98.9951951897
183.688150741
258.079497873
22.2039280295
378.410754083
20.9094829165
353.4770941
122.167523716
656.070982886
646.355609557
442.356759852
201.894839389
179.257310292
135.92623693
79.5668240474
968.027884676
468.267529501
912.502898611
779.796423761
551.448032772
941.629381838
894.365226624
318.854022201
378.128970295
141.401227699
533.581698411
781.532967821
31.8522199118
380.823625993
922.924858429
712.611435008
756.085806588
993.926597403
65.8922731266
29.544061857
211.375523749
68.1315799758
23.3979113409
373.061950555
533.997222711
294.275634598
128.536048599
410.880292245
176.769714147
574.808766438
264.127272324
643.451868411
276.963765435
0.199844396045
726.274072004
424.234563096
728.04527271
520.515563612
514.330394071
340.422450983
342.585645813
953.481438533
872.883109775
634.342369185
217.031666283
771.883579276
579.473431262
202.373707726
278.056670277
901.839524752
730.422665787
142.687693523
57.6595602911
884.915436431
87.9926053725
532.529382373
525.249872233
777.715494422
848.014762674
260.566160038
821.242604196
772.758897678
136.910261347
767.962306516
725.06126898
833.547955143
247.666668137
591.312448683
940.608229975
506.589670063
265.23929507
155.968509989
651.592911625
572.378177023
529.833197036
176.657887509
256.596599497
771.539882752
513.01077447
30.5210737871
219.573352247
967.940383946
906.476673183
227.307485035
117.668369952
761.765140347
110.728185083
35.0767951452
675.028293686
451.06267642
664.252223056
607.050450375
602.995543032
874.049511533
508.642517674
697.81311086
81.5745718929
512.809443046
774.266951188
774.229268161
687.910097564
114.392220772
918.825660548
800.802976774
618.292579036
469.253757802
535.528066831
386.704932761
320.156785458
167.175361117
470.4214029
897.74004565
882.717391572
620.012178223
454.750769073
287.392792687
124.002014163
483.921133506
368.320771722
453.392812963
920.757057418
143.746812564
83.0764810005
936.346072173
581.325846972
749.82872582
228.280031197
17.5818751507
559.662213839
383.240000886
865.115080827
736.692453191
555.369445626
290.037841121
565.714262869
292.188712475
279.510029278
506.073949114
275.493929175
254.167462876
352.3555307
146.821833706
654.530310792
77.9332545948
0.529453336068
98.4801020383
888.406233187
433.923287573
995.400000031
754.515796097
275.126502444
53.4240634325
130.701256008
174.63990281
346.738627188
226.298489343
764.90073146
995.183240908
699.336433901
372.947726264
728.564043103
915.867434615
687.147892859
610.504662812
189.646055274
397.921198098
952.34648689
484.449867437
573.731352803
186.733708925
927.974100987
152.123699696
927.273945899
164.345014906
975.81638166
899.151810127
86.9923550328
936.392839936
832.523562821
579.526090171
162.279309688
166.561258766
878.062106128
242.105851405
648.525569507
335.690157158
16.0845749705
264.405669373
677.673641911
676.22649911
248.311765784
727.867008797
944.257019381
590.136903251
92.0305566295
902.255211486
478.622946626
207.756655921
863.526413645
752.475750086
713.172516516
493.390233876
398.132807408
704.638181191
543.718588749
472.919901831
993.961422613
242.70857732
552.153939399
476.872623283
42.6117562694
638.610101393
632.448707806
427.24989481
637.719226558
959.895175278
368.891858586
762.138939452
23.6472106338
782.458063626
656.185204949
162.106133213
707.027467036
101.454407481
313.429252944
286.422007031
211.758546077
565.627051497
436.625819002
815.152799819
561.447331438
807.86060681
635.378645777
430.7192867
311.074916622
241.404740772
143.069539495
351.282690629
644.62953875
192.997221398
808.313611037
163.212150651
813.767580263
486.330494934
110.755503546
563.653286981
507.048746748
965.157383545
969.476274539
395.046690827
503.433887339
294.623068474
325.197562371
489.095053141
542.28484807
423.457080311
938.230036419
700.664649586
591.512906215
585.649660624
563.569461938
684.066588522
762.953611696
350.141797617
804.01772015
257.040276997
884.885335898
689.36839232
322.478396212
189.988631916
658.75677177
310.20455753
806.534641666
815.093295459
798.143196331
611.831972073
919.424783137
642.024377179
172.814161649
176.133236433
687.831191264
868.021915624
218.490752559
21.1429017577
24.9589869097
493.860338794
885.243612555
235.572899002
623.676858212
647.119303413
382.850450331
393.838673264
876.909658984
115.205608311
573.551796737
931.605690256
331.432007594
249.233678944
475.990367118
767.776835308
732.044134628
519.67723104
121.313539981
70.3619378639
360.651647114
29.3972940719
162.006911203
58.4820336569
933.999058076
841.900952749
783.156611738
304.364503177
82.6792565321
646.828845546
11.4189068853
529.593167895
955.337284141
735.753124386
233.457491777
991.436490958
803.378813851
712.352438146
916.458270358
566.525070725
372.057011983
232.667005446
498.900112364
379.058156843
968.907458078
157.021935965
27.5605551993
243.047887224
581.04284603
421.745040262
532.123390344
943.820375524
526.241453402
887.521444043
449.250542236
579.377801932
963.17332149
727.70490746
129.942518462
140.885693303
824.721648066
40.6898038891
310.992478803
408.382659376
989.544561106
889.520028209
646.132508053
135.226791124
432.710279682
591.237809907
165.169604683
107.865814119
457.793688178
195.317696343
888.969544136
857.218454028
578.035294027
978.429314616
72.8946008585
583.691149585
827.40979413
629.080450968
593.321604159
648.72075798
482.359991267
530.411383445
554.281483732
643.324052323
775.980822877
582.226417644
193.214317373
17.2499405594
651.596302162
765.791913521
556.167352494
747.235006811
39.1933339895
518.32426545
932.476334538
951.385973647
606.855807032
861.639293381
683.461670925
176.007853301
343.607963411
5.14222529708
811.758894211
645.428497776
148.372817899
645.546501361
294.908085266
548.48222098
147.528573369
424.974403427
941.305433091
546.46654809
