968.08043054
52.7318268693
225.904413971
447.986153129
475.372299565
342.176548256
712.880330815
896.626817179
775.457740157
625.029303702
883.946306932
573.455136461
242.058568653
681.045046884
670.919411575
274.716081054
706.258651317
37.2653403738
498.588321389
703.63513
720.357254458
246.330517758
683.762576751
61.0400884829
782.971611041
636.774830815
333.05513774
152.485022881
930.312919446
277.327910199
713.176440843
90.3580305676
664.58623764
766.19091478
794.119779167
905.502744847
836.602785679
155.381814034
404.424147035
482.600595668
867.974850636
732.334425009
789.024106187
954.936047768
120.064552315
2.96662485589
788.24166294
660.258572371
352.144444762
597.190329259
434.804977401
833.276251855
358.933564106
832.920032509
658.559378714
842.919114417
450.054029855
742.402165187
510.819222293
111.66078925
622.127878619
962.221062045
86.5456191302
844.674278454
243.5847407
6.69835040445
94.3575969916
822.13999119
711.438826529
589.83765398
240.159263638
13.42965304
896.586864878
462.06102496
191.98265936
423.334484351
33.5651794963
404.895760028
642.196453847
312.324341431
812.474510413
893.835206149
349.800616847
548.287418683
791.623086046
215.674204476
262.2852042
65.3426531558
401.092589298
305.645755063
391.376423888
292.176961527
680.910475488
602.187373453
129.078952047
188.864276817
869.788400383
339.22671155
585.669478734
927.362595906
56.7574855469
339.459550192
288.223163631
538.834349732
841.352908817
11.799594397
299.563057257
801.875636483
966.361235823
983.406877725
876.095067977
739.119659077
856.301943554
23.6105082014
356.100927766
371.438630124
45.7281621243
652.175547078
13.5278585257
478.478937614
372.17287653
148.806161985
592.748267534
369.294792194
650.61181625
18.0641458558
945.309200942
969.676589317
398.159354888
350.760094682
159.764605891
549.622430426
886.337349934
831.847790387
261.331122946
981.000204157
734.717954398
274.485803092
651.156613781
227.12229803
82.9246813183
614.410485767
730.886720743
337.953876149
292.3197059
78.4986846163
896.345528173
299.839628969
544.201817668
70.833853325
744.753033907
194.292639456
700.411498363
18.0588062872
715.584984382
815.008969267
595.404432344
898.502815371
171.005088751
260.038577782
795.251100573
876.435393791
145.703787386
848.150116248
904.927675338
30.6687142435
228.156959213
772.64908818
227.735729767
664.311313787
350.695543669
735.445179649
206.497041538
4.45865723051
936.614800918
377.80921558
46.8162035369
898.238169478
194.017314581
770.784896954
372.090784516
140.062304796
233.288072902
346.189297074
332.124159895
423.417009225
443.626251885
110.544792405
519.283890482
277.948628678
115.686228492
60.9902350149
449.367821822
647.731802633
894.486898561
947.718704953
67.6895963651
135.939538649
807.0110881
287.540117705
294.733404089
599.034280576
163.110323603
243.297304815
29.9248771161
632.761282118
253.693005313
678.141712946
723.58202265
869.093255451
87.7399321951
685.155718844
952.744259944
382.277415968
325.146422649
161.557117568
532.605681361
568.905134936
10.9005268892
174.793395423
634.066513962
624.191026255
622.887500476
113.323751778
857.401214629
391.568147701
634.269868686
466.910443293
799.906363465
712.60230572
698.777347033
935.41566935
814.891993889
260.227289415
889.582394897
376.297157915
924.548007241
283.501214503
636.421989474
157.508467507
685.462071501
445.430691482
842.949928566
152.253830591
642.848834107
75.0547240971
356.456776048
496.000894721
720.879309102
550.764003577
849.041319522
996.248491511
877.608033315
121.433978216
841.4578054
113.186329485
314.149978943
115.515810771
853.563678474
543.196293465
575.76960097
214.507632769
619.448108633
299.117718154
717.112173146
826.840294442
751.088342287
141.1403586
318.437647693
277.367305596
1000.72411985
301.379892449
30.1790673792
440.00997249
237.72200094
468.336191039
164.704505828
576.610578228
602.672665346
456.434327741
760.61027157
921.633716889
741.752812336
394.698993938
831.99931698
975.860674389
253.621083399
861.376948652
702.551579444
98.5322991845
701.29083549
160.262980129
701.294146594
715.591979327
428.383183887
908.55101057
304.354985968
830.682749583
553.838346027
882.789106395
543.51341971
239.272288825
238.571591987
644.720170914
183.107515387
95.1005481868
923.197431767
589.917624768
892.964942207
427.338620112
55.8712313095
677.89952685
19.1009034573
364.13433499
45.8470695897
886.357730501
248.612485446
475.928096472
566.507255198
154.759838495
790.029336872
308.108651401
784.392589508
217.051312494
948.571075486
502.445694492
176.88469372
214.947484011
86.2925640357
787.229814448
118.915178857
293.676627093
106.026930619
48.3611092116
991.010394005
57.4806819426
959.672656022
211.879117267
134.664887942
821.388140705
675.614209577
748.608851443
189.555749195
381.157525849
509.376951177
696.769573374
277.321639775
652.412360429
763.739905284
484.513607621
264.505827098
76.8810273073
96.5916543903
17.6827057346
805.239634783
616.364880689
213.165827599
628.667044454
79.9929987565
403.369594852
566.794371363
371.086085775
350.874280935
980.906302102
838.351080505
753.832954311
795.886462202
476.145568405
182.778061578
369.270408242
80.8843012992
10.6498021471
317.281310557
545.957543915
33.1919606002
22.1849318415
256.696902348
600.067591403
246.4943813
567.653248982
696.578157103
652.058494022
530.309680842
620.136876922
86.0302208464
151.818595135
326.320291852
61.1158230856
904.43180623
416.375687376
867.424936071
665.859352006
890.587477566
616.822084053
910.757100494
453.595768916
947.617849049
973.223596048
725.113397318
419.991033716
872.450289588
557.637645594
666.588056639
129.173593024
488.16083149
550.105338029
278.777734918
413.019845619
465.346620635
557.08216855
557.758122074
678.477741651
975.935772125
398.580955554
644.994758839
980.529117993
743.567324374
723.505907094
159.854407079
546.362159833
747.310302721
305.661756824
838.011018223
565.248506551
3.65698846514
276.613586199
965.695191313
652.79041136
559.574883269
380.230643568
895.366650514
820.228050485
722.112649878
433.356777737
195.145475382
197.822521614
838.21219381
995.01564696
497.774130449
118.05244334
712.465698559
855.503359454
740.930699519
174.039872262
48.6430249213
433.847656951
245.367405572
884.576150819
424.776028691
749.049451871
435.628957567
917.330036224
161.245411252
171.377617645
626.459787229
525.5100345
449.645776784
554.178013749
680.477552428
526.992422611
234.697734285
70.3171086327
16.4559793856
759.694412069
958.070760573
393.904618648
117.117388464
576.196395396
638.62083602
439.86062012
745.918977219
285.628919062
206.607190846
881.648837434
850.631635523
764.239975271
892.46924806
12.141349262
893.918534368
981.747090371
415.979559648
528.157671278
452.090931743
634.810908469
530.960288297
664.322065299
461.871511557
90.8001730642
547.790641111
572.467449286
726.798970551
116.104052136
958.881099463
920.462672566
966.971055068
935.178299108
17.9338292981
220.314882215
492.72572486
229.923871961
435.942398306
431.582493162
652.398116809
937.542449677
922.352959628
378.180367608
880.271084457
559.323311843
862.479029582
810.996846229
907.066722898
760.212802083
452.386534404
351.73888299
371.821593251
494.929552214
467.844482707
960.666998278
835.813456692
462.624660683
888.815879737
319.142402254
625.264419628
722.064848391
418.658055448
765.905948515
986.615848389
367.279519425
88.1727002452
829.367333248
873.825795946
345.2534638
493.991786099
439.094904712
265.10222473
825.152117759
623.863837006
174.782706995
108.440588363
893.63423946
173.156423386
108.016778411
364.526575836
909.150707902
909.918535589
579.428852959
789.435449552
495.05776686
5.40170637155
890.969878905
977.415831679
697.06068062
184.775756572
539.590001158
59.7171814477
777.868395527
512.807554453
720.344825218
566.711992103
217.546398016
873.757375828
160.974600944
443.185253037
290.332729218
940.453318715
188.343681987
970.455952588
270.669662415
776.351638118
734.603683377
614.789390665
298.539161163
766.312858828
152.278049578
832.07738957
894.768977475
25.5991468049
830.544640547
818.3022846
415.259976356
317.086971642
966.846795403
424.881538168
558.293052089
458.215950509
571.369729916
538.435154548
721.99908206
479.07894334
489.260172056
3.46174831498
760.19327847
209.564359732
996.303447235
58.6981131283
365.906542399
263.660163264
571.780339093
109.324756847
190.384882985
777.020862321
880.821422036
654.287673538
682.355093731
191.841913769
339.066611024
181.275105019
487.474585976
299.795001551
336.729253886
142.531631923
642.824747076
426.577639017
272.436493656
498.415667038
676.146308924
604.515835417
616.089788257
922.476668487
722.585167986
381.745227208
893.330900929
903.355445783
727.712342572
922.039326137
861.943072486
30.9562156461
779.505789209
642.782180889
319.973810365
712.034573251
610.720765548
617.99686133
867.226721764
142.15908944
990.952248116
297.719343518
801.989746065
585.395964325
881.01112538
724.278087132
35.613886497
190.779814987
444.91552697
657.74769562
21.0296331712
394.623992942
173.384238038
272.391854112
295.892174383
984.394225554
408.667803339
904.045480044
959.134676796
64.8014012769
921.426944135
359.318557432
87.2912499654
479.598053112
915.494874365
229.759600058
645.066132599
812.180518403
25.1864599467
93.9056712617
209.97060376
870.732798859
601.903679572
3.35924839369
261.524292114
362.952648967
649.727693071
762.519791511
751.731363245
236.179268436
879.262080849
243.333477235
602.144662648
664.99059912
218.93213418
456.909950565
899.291706788
366.406927
406.016344633
357.846949008
36.8147576679
175.820908164
654.67690002
866.671877393
282.200900011
961.427979329
147.471294842
306.040124574
889.473979081
775.501328681
346.800886454
0.541372395771
602.044746507
31.7203593903
659.520554407
441.382785264
903.000609553
957.264694281
353.881012138
616.231171385
555.901480667
32.515784339
76.6423706885
935.837699255
619.820219078
349.685291665
300.123799952
341.509549845
736.994406278
905.685780091
340.643963895
520.696601681
983.014832625
288.418527213
780.450582619
398.814115966
540.369594182
930.463128401
311.515502675
286.828216386
726.443640283
143.606761612
323.741935616
893.477878095
409.741731451
12.6663387984
263.555303276
158.138422883
14.780117835
879.315666237
21.1458512153
812.966228371
112.089660437
624.453218799
75.1494488199
132.372621533
240.328566237
561.266193861
188.342253556
438.859280379
525.026332734
67.858437718
562.303923702
713.538503293
239.901274907
674.385760596
73.6740138549
312.16708261
352.437896861
489.292398321
394.353902416
85.9823389126
931.542607485
364.386423052
991.38652568
605.475943402
367.123506569
966.576312529
134.397740826
425.003861507
41.2405433684
406.954600625
646.96810598
934.356725606
24.2118775523
472.342809167
139.015539784
93.4199933512
84.7312314632
169.682569164
650.92792394
849.668876825
351.096520412
821.365736926
114.049252013
403.135678013
144.736963277
937.9348501
698.111701293
829.921257405
989.815443944
73.4800745322
202.731177627
639.65563782
103.439611258
498.071793573
948.473208665
828.89067183
803.852107848
574.410562949
738.063675291
978.009540607
215.03717121
665.718200901
755.518951369
64.0814172868
508.577638488
960.845460926
914.940611424
392.947125858
405.986022778
592.98313531
69.334150355
463.294281318
881.817525498
101.706827456
1.21068400888
771.238955113
933.45754082
84.5308187888
742.805789976
39.8855114368
509.12827669
722.958469078
297.414624378
57.6518086765
904.496368483
165.045391509
833.983491885
491.816455851
775.575658582
677.324713336
970.732726872
509.543938774
670.313712073
634.433495664
372.513445457
198.848714196
324.155676732
748.137554362
892.144915953
629.639816087
662.967895455
592.17656217
758.322504391
836.518454015
508.337473888
725.702208608
31.482744801
539.787417105
320.919885979
674.104940834
954.139708503
371.952602408
948.141756959
233.318679421
332.206872551
391.117390394
278.57783998
39.5564127892
838.477786024
251.121896844
34.1709325404
772.122101063
590.489986825
677.640381728
908.916322483
974.922827321
45.3248534302
837.136416612
402.171310386
75.7625447358
303.737494794
24.4937707433
197.530367336
644.976590348
960.330854877
505.502859816
387.597666462
544.990118022
91.7548085413
761.00027594
103.758172945
249.316689102
497.678446741
251.43131436
527.858519255
843.411086039
76.7094236631
41.379802299
275.5590602
71.1899079105
609.800003654
874.159652319
541.83874276
495.090224695
654.358766691
746.485696886
920.809667444
426.328323106
717.398564184
278.057179005
644.536795158
274.107439357
791.865513035
62.5400181521
968.178126133
770.342569853
795.207253717
119.919703937
721.629331078
786.692752733
456.341751257
725.599170701
167.421581805
515.526926121
775.850545529
972.675393322
915.96637519
942.224685521
862.093388232
605.576620972
477.54795778
94.6232767186
822.968679653
113.484898875
216.002189206
667.329886872
510.466758874
339.608889202
873.439413118
332.979012224
92.2681104562
388.289545404
647.229459382
261.301784778
248.97837391
204.433394375
2.56205462413
819.29568228
564.653099478
199.220373703
552.913954912
29.0017882964
180.794635213
328.331642949
412.10361116
870.897394516
843.782377435
276.017186811
589.360314096
957.592945686
589.517060839
968.474502209
522.842466885
91.1130915141
836.334653295
852.619545395
506.122903109
204.379430237
247.216692023
458.848861883
581.826938213
164.651600042
147.95520529
204.626824019
340.925086172
356.310617433
257.739212654
625.107344546
166.684043012
547.873676173
23.901831446
891.870046394
811.513198261
566.953693098
192.377544132
4.38287548746
474.143725681
262.839369122
218.323383923
468.436331489
112.364413934
253.03431722
919.888352507
64.2587440548
785.65597924
422.066536312
538.228899057
359.576289974
3.00334346308
308.870887615
497.975133397
862.850494983
892.41436031
972.412634558
993.29702011
541.231625774
732.162561062
346.148046146
853.343894467
660.921168376
85.9102822419
125.143774318
97.1933452139
