792.842623103
851.485908781
46.9182627442
259.14349065
222.036489761
345.61760149
878.123333938
751.879121531
479.810623125
480.376478417
982.219734469
129.994234838
362.326179864
107.240518956
393.529856396
374.068654901
194.874052165
215.796917633
589.952891228
864.133519961
183.765011954
507.9033961
239.611375537
829.502053033
355.835116738
939.464450807
367.39220633
434.013366124
244.385490149
93.5241797837
39.8324383716
404.617307797
144.341468153
563.272373259
668.908895191
750.284459911
587.919936583
630.358679862
291.604925107
501.78086365
348.512391755
767.178326039
625.112082727
343.455663282
633.303912793
306.286736792
550.429412301
589.404887357
796.194486081
899.878436471
854.075023966
437.953493529
640.323901407
546.665098157
771.273326748
587.980281941
763.765243003
33.6857846081
729.736383384
42.5481141921
690.831068971
439.770213252
717.175571787
668.215855421
423.460944304
908.991679114
644.623437097
687.495660127
713.65148892
602.889284747
956.339008092
119.603880218
667.161603678
675.23808332
472.509766806
567.534299686
962.939303149
904.944720146
501.53996603
314.376313322
32.1717782066
875.062705087
837.918194692
273.801316584
165.976221392
340.196993346
99.6559736092
147.352693819
667.558889305
83.1106619079
491.651368681
839.117438825
145.854236658
154.342649362
494.695377771
212.599712011
267.380500983
207.252951963
907.950377036
574.696056951
586.530456071
198.95710431
596.211148055
76.5819667565
135.172003003
508.230821186
563.360433147
659.52790466
125.688821506
235.442368793
758.797469464
668.47912464
20.0512469883
939.617012202
689.342501476
93.2446881308
348.098911379
727.659990583
265.013975009
491.000964614
913.011235865
658.706992705
217.461644136
405.642984556
486.867886631
65.8610097262
789.2569982
946.135126151
692.170463757
771.725634874
255.238388309
400.924713676
402.486323138
261.202178054
629.36224687
135.201051505
642.147919515
304.255132219
125.495618824
791.102694089
902.109881293
465.282235573
834.308112838
912.132773302
218.163990058
91.581021526
600.665088336
637.274015457
196.549387279
256.136843376
740.928027103
667.992174104
482.961451931
928.158416947
914.940202106
315.383770399
774.415950283
694.65545119
522.619140821
792.728229508
714.896880198
828.746777229
32.2174824568
568.066637963
918.907495829
323.328067909
413.361528089
416.743113102
106.020747612
533.38239929
41.4122371922
324.901361483
990.836643093
763.674760748
62.0186986702
2.52127053856
285.66035034
222.366143329
632.26086205
716.049290406
597.522973144
30.5826144098
147.725529362
479.012514383
609.865157736
616.556105703
635.912265971
337.81101392
205.556432275
347.86777223
482.330157005
211.661137004
531.470887562
413.709252353
907.696681173
854.043462451
435.210368155
272.576288397
259.375716359
965.078217127
144.335954084
263.620769506
485.212059556
57.1037487227
673.640239172
639.177568368
617.196881156
427.521494061
377.536372148
254.364060515
709.818060958
981.534094814
333.149866643
953.803926209
545.017171774
390.889629437
570.608049241
671.135334299
971.922554436
159.118119264
444.050130091
642.610456702
11.1964778014
412.958678176
152.373745437
637.811244909
630.841608856
392.507885937
49.2591688529
227.722529565
995.79325887
806.343541111
543.636354622
649.296344197
659.457468608
444.674753571
810.76962176
193.920522009
604.645026982
56.9020414403
564.241512203
230.670185914
687.113758225
465.106101216
422.522960196
202.622575047
584.250663479
174.5360697
445.267636456
426.900875076
206.111008543
174.068096276
992.688510892
967.440466369
722.26994585
829.983880159
721.745679304
544.547915559
866.481583949
297.757072003
193.677107036
879.284197788
470.205640499
118.075471314
78.3270708282
316.998128732
634.803317862
404.184106173
187.853209195
32.8688470568
657.852772666
399.416357176
546.170478768
825.956420205
713.694190426
378.399329853
220.95294408
287.254953845
808.714972654
696.075912756
276.254317315
226.957339964
880.374218166
541.365690799
862.060961642
377.911495449
292.454894429
288.243932952
593.815322444
16.2214015933
385.924010899
489.904468366
884.371445181
657.430455918
423.847211217
145.91170235
601.986521076
769.299180051
638.196818837
879.879140026
556.256637635
791.058346682
671.367682418
172.930968626
740.875837918
556.847022434
36.5381456777
71.3671768592
36.7319381886
886.556574167
32.3818775724
27.3322154
844.448845686
729.419538051
705.584749177
466.690063086
699.683330969
505.434969728
5.99540442658
93.8136492261
448.036239295
521.750561097
841.806488953
735.867607379
16.7025123094
925.842013023
948.926216846
532.111743672
704.198904717
225.764307189
871.74730031
650.772404823
95.3267907141
569.052859208
775.048740792
931.906408304
352.738085636
284.091116289
574.960196343
835.15680705
809.067910637
240.447185741
820.613670676
181.588225269
561.538273776
613.206800891
863.62351467
52.4603930244
594.420182998
827.278533445
969.832047031
928.860130298
476.337783799
428.119706981
349.506547706
692.741551679
60.3810649282
7.69118236088
336.412952917
252.533134734
966.044221294
602.780630418
500.195203816
302.151115663
702.780379492
309.021957307
39.2879006493
809.867351542
598.04301117
686.429452321
428.56308129
995.257164264
232.073032098
906.732708125
739.049492909
254.755927908
485.241132453
494.585400008
244.727761228
435.872003456
693.72191694
376.710124014
876.587683911
216.967077491
101.598551723
98.8238941992
446.768357927
544.571253381
281.813268217
857.08405475
559.860838564
197.718010058
767.485133137
985.584601537
420.68933484
766.226080958
250.533400793
479.140918585
312.435964602
920.173671109
934.684461959
60.25822261
488.12535023
766.879440565
204.516858825
184.468652579
558.59547623
626.862524994
263.780169564
799.184826215
699.683089309
658.388537452
967.501209659
396.1233117
893.332976411
140.400494379
727.377107881
62.9208533828
403.715608744
785.741971092
688.387600869
421.025162876
593.082950454
162.508489095
360.889306663
787.91767355
700.233770658
898.952774256
444.6453018
147.207896795
964.544533247
733.552238508
188.080045539
183.636088522
410.073472479
284.134187795
84.1186308188
241.556613585
909.699234845
757.450935129
370.489253663
228.78206485
671.546241819
349.000764069
72.8130206447
92.1724973539
716.77783823
0.147528418565
848.833526303
608.278832098
89.9146126305
245.577148635
442.036380815
81.4670850965
66.7467495584
986.374637132
761.928724775
475.240774713
128.820951626
333.139659473
712.57957816
125.094373516
251.090997332
347.850590334
617.100426302
466.86699441
990.219847388
819.868169769
595.150953547
631.373139375
524.434891116
719.061241136
158.245437552
268.002396978
53.7064089496
977.399902712
522.891988337
554.896888856
240.409920114
88.9967127486
295.643152085
596.055357782
922.381249384
929.764302582
202.168660005
984.612206975
481.787619583
390.975560003
189.743249002
633.21344449
876.736546776
668.778893046
542.816346899
301.921516227
644.061778915
696.03564677
746.750370987
711.294302283
134.261137266
815.966082304
619.975457542
951.33906781
110.209039552
564.39186709
975.744180856
704.379414098
426.188926916
871.337455035
986.638661237
890.522875985
86.2155810143
635.111227598
372.115556198
527.128757381
793.810538115
906.590252785
260.933136513
396.560403685
501.070749964
684.190197057
491.39414424
14.6417432216
139.599565993
638.444327378
750.36078125
400.392984537
78.6829393048
156.459055533
238.788149942
710.239451274
480.591949098
936.157126128
146.384171072
678.878411894
530.506615645
48.9146428714
409.439865806
404.705092592
160.18631858
427.813449552
239.669553987
634.863241987
489.049442963
444.375561795
260.168253516
561.917336988
420.301646942
710.35431488
646.572960762
893.300397998
989.95354406
254.570919836
345.525897365
24.8198484893
246.756271614
279.912726902
109.353742413
720.14188984
293.948068365
831.839304547
662.609638406
514.875848208
275.180641958
802.249051391
228.417952912
802.278271529
212.662696566
647.942927333
218.10543104
799.217151365
934.115439834
787.238387005
528.241226623
447.862639006
21.7591931214
789.800626139
710.916794596
696.219775444
428.585555345
659.788953369
320.920733707
289.015987508
51.5665811556
804.644423305
391.361205077
301.099694251
114.868564351
195.655870848
596.235241193
408.118039042
259.957964335
109.470186748
220.259773083
60.0448520973
801.607021061
184.786387122
57.8370222742
361.085757576
427.471357532
204.772761377
456.688334476
703.226934143
699.002844321
68.5039680248
748.169803758
270.972555391
422.673990991
880.925029173
29.1806615423
827.221361438
858.122778255
709.242800897
56.860520404
608.276615939
216.618156672
392.423308662
655.94120504
974.087148872
201.967378637
809.562586141
676.219788391
950.713607284
75.2176148849
817.016807477
283.980096
894.29246811
678.271319987
398.40631191
242.510709481
906.98376603
148.140453832
96.0280715441
644.355845917
482.453663676
414.343453784
617.400478082
157.494296431
636.560846279
476.587142891
538.856305708
734.156520536
273.141705639
437.376946339
595.727183642
595.476463181
946.415668638
389.747800229
283.808733297
497.013310951
867.407596743
591.925194719
621.011242325
938.741604648
436.138588578
495.317490127
528.490072516
824.761032374
999.130579218
433.092237481
1000.63836155
649.422417859
120.635288927
565.933481795
634.627771028
680.871356627
900.725602261
487.327946604
349.326915483
146.405894701
336.960658011
641.086538666
102.22333104
918.766311171
568.479074804
15.5639636638
103.133184529
77.8473275497
245.029794028
641.096883716
426.000917541
459.423426547
975.969853338
654.265612034
833.397739895
64.1843763465
138.906987505
311.783232364
442.978701847
887.571570795
532.126164382
121.280588819
346.160500204
663.732272804
426.219191447
941.486419628
554.89565257
191.14608581
557.596213908
176.778226347
681.857917288
433.685378893
868.525806551
22.5994392824
655.830683413
411.206701422
1.62893365039
260.136223298
907.127732896
949.899192561
192.519092602
478.861152914
702.503059002
790.944266741
270.772051411
810.464713392
935.164945605
896.521006124
520.276550912
915.844346413
741.941072781
780.003431886
790.747952782
34.5692881645
624.030823887
518.525765048
957.89316388
697.532696314
902.320358726
199.078727391
618.438107302
130.021374837
273.907935051
414.18254721
295.040011859
753.14225375
762.158329071
615.132882984
9.53469248735
507.891742395
34.7870870361
432.72316243
787.541686767
134.537863973
89.9471866482
897.183655729
25.2701479581
113.039943257
744.8272646
105.63799202
155.791033458
718.321970288
610.461257729
987.208702542
749.862936295
646.361497322
184.934116816
246.724595818
897.54926308
973.09227606
907.837676351
557.966993841
812.938403168
61.2307418048
529.240753111
138.566747537
914.906705468
649.689251178
698.053458389
16.5931340874
442.041373375
844.350393347
979.649024147
794.613731127
897.759200893
195.85217551
957.122105289
109.861096847
391.676540531
347.685593881
556.593394778
225.769110349
929.03069703
581.528007024
439.801980138
241.634394947
838.703259464
209.654977347
728.952083178
791.278993475
148.876173302
784.413483592
662.868435171
431.783622347
828.6524382
177.650394721
513.62671293
445.190707207
574.144650747
752.425250488
532.299350053
745.384987996
103.976098807
901.695279903
138.748526713
261.993441715
37.2693085516
713.380991555
477.120642025
996.325413057
263.758140176
155.386528516
45.3716391646
243.082378215
294.071577697
236.722597525
52.2573987986
279.378315394
756.170486428
532.675486189
324.963374132
896.131867441
933.67878952
526.407835342
769.075534388
909.448317411
422.007770268
103.828135028
635.87969335
464.496995731
590.998932968
884.589888193
630.32028466
297.552135304
370.146699773
333.748289536
990.881352639
744.145069196
448.866677582
568.892065495
648.52251514
621.264782481
71.2509270283
844.313721468
196.805219458
408.307824617
876.917744871
313.048140174
220.553072037
457.269023281
964.442923503
446.438512173
589.221843184
55.2079743386
803.606735717
553.657856667
225.484410819
439.594691698
29.6330014364
510.470111685
433.015466507
748.779982763
537.141925264
162.014752855
73.1533196116
439.652316496
184.168120424
889.633356119
584.726927138
722.762445954
781.693398679
349.532499099
546.326665291
406.900001123
787.965220395
708.578333617
406.144970266
799.776124291
897.341008451
289.673464295
801.06903618
803.59710602
331.723878781
250.427995979
9.18671782771
248.187766572
859.628934831
63.8895051511
598.496032738
360.039943578
236.564077018
790.564735655
512.2838125
580.621649329
630.112184294
738.605295451
245.921018973
516.632602997
305.295064672
683.779875417
239.593575147
371.307772862
86.7731027073
439.036669328
381.400850485
656.085826054
781.269052276
936.320171195
782.725671563
761.006530781
669.856608398
467.44471483
139.90520075
50.2988667799
849.050837744
966.177255843
843.655320481
751.194236846
323.289828978
577.899110023
56.5761184879
698.293804268
639.624016711
146.835270176
796.459212916
349.435641086
323.407583597
105.048089581
261.203738677
80.8438759474
167.072258481
901.216244963
326.308234096
529.165898851
234.991564732
877.694954358
641.953252168
234.439304512
331.16912617
524.883375739
704.029996187
452.894618049
199.900269205
525.204924921
201.335645465
51.2966839754
106.540383847
41.1905865372
449.953578807
766.843955966
874.471556676
5.43252528927
354.222274764
546.233131234
66.0921740556
969.934828676
611.721724546
128.890521023
345.949164248
912.770752482
809.944847191
820.391177466
684.348430643
345.393229155
602.02419102
573.499324796
238.315098508
430.970697351
950.431429164
497.644299193
700.526218471
279.585641243
410.573184714
360.782975719
330.137284403
988.992486702
129.637767035
714.581865701
999.146668838
34.3250671932
930.048551462
469.030264353
787.265772133
214.003630492
957.386624104
573.007779679
678.104349229
782.163097426
786.153684816
241.472580814
958.263079998
342.12449071
314.718338511
506.171571973
391.906287007
434.607873073
367.894154748
975.70666399
10.983921802
19.3305985612
298.662768953
