95.2722226128
825.23577169
714.522233497
1.09059322284
803.026756959
62.1270963121
107.4500094
663.820300504
635.334979331
664.092907912
678.225032625
51.0693620941
587.627789193
30.4251883308
327.849654397
157.575527827
671.299488863
593.467922917
558.224723207
861.544388803
435.215914466
78.9386200661
997.862217162
954.636521927
98.129135709
974.296209404
928.204153469
657.13343913
436.629295981
309.955081175
650.997480541
41.3459114143
700.789522128
959.376500586
681.516079593
44.6966572748
654.373487847
368.304518822
486.105883166
560.800496963
998.78126614
607.202011656
581.6663241
128.347086308
320.098981287
623.438772363
264.829803067
643.830697325
302.26300154
30.4614644905
868.964094131
173.884327516
612.581066303
354.025883298
397.247377542
454.505663231
307.918058116
582.864120096
613.073228896
343.364843867
839.897366149
163.456739929
5.91473139399
574.21790789
780.283002414
306.396203521
123.414667009
609.343211542
401.7752814
774.67329764
47.2872153028
668.806371226
571.281144235
651.396891486
149.696813529
1000.9526298
986.437611091
630.640773329
796.593704811
338.091839485
30.312125296
311.609443678
276.056640912
198.550665237
74.3609923522
69.4070400353
774.402085307
48.8288785364
267.250418541
949.497504879
770.048964211
717.299956736
254.904723039
829.147641449
451.180252891
728.858759938
178.084759799
802.889383393
712.039862458
274.5398854
665.68658882
454.208213095
139.887709902
0.0596342726032
932.835178897
596.166393093
135.949522497
734.385371419
509.958187557
699.414845534
882.310390552
666.177474112
910.355702216
790.771358058
376.742397245
87.2068557888
343.338951583
249.634768322
15.5380781913
932.838088617
282.689404764
22.0780649706
487.402496179
463.415528413
913.481856767
83.5326163098
797.486226085
220.034057282
927.782798831
426.336610312
527.588721635
152.091143166
544.964263172
440.732804055
388.82174851
55.7428982438
652.651634654
782.447797731
168.074048589
368.975832918
491.710119047
507.196170254
538.813881465
674.238918347
321.386470916
152.22219152
445.866304072
736.028311178
399.874222157
840.607196483
501.819154868
623.056587967
524.543814259
97.0112577785
788.316987213
754.608551847
458.465730369
998.114523338
542.612370009
328.238455506
124.659605808
139.503386522
653.248572161
961.87739165
265.120379343
727.661922517
692.153859427
885.468580943
119.628701568
462.324188216
409.384950574
954.453802626
47.5611999054
243.012527635
654.692143935
442.425863721
394.843859423
970.410742234
271.159173003
374.231700697
997.23277551
70.2958498034
651.649648932
239.519182159
988.316693773
641.120613636
750.401236764
131.530321751
91.5730749454
622.776605484
196.943055935
924.208230657
676.728623074
932.00563723
666.673890191
836.616860142
363.278858161
835.655291638
573.794758905
928.724152055
483.892097925
956.680594186
930.067212344
302.88726155
765.443734199
163.505810259
998.570079605
643.733809617
528.501909346
785.793874117
331.559665312
103.744897765
510.340751965
109.678805447
192.631617709
708.55715317
418.234607037
340.448716046
589.526643086
392.214522307
548.43248656
827.20889327
458.879707937
405.826416729
9.35982485727
220.81249737
736.350451077
13.9073302492
17.8084090525
822.972808926
878.063090038
698.803245099
86.6263947329
532.886635953
27.5415900613
414.531949498
881.130072209
458.772259782
173.760171718
206.674465008
951.661499988
683.799803753
430.061812313
127.064697263
850.097269724
34.0195051764
857.846338012
910.614523407
62.9483074195
458.06973599
545.95804372
152.071170897
707.619176706
727.359172244
513.168788753
783.627684422
137.459428821
153.23047033
52.0960036255
586.19843246
177.547970878
147.589856964
410.363426316
663.184337135
631.907577379
350.169762591
143.703716175
966.881446641
216.360557929
75.4791741189
619.046076693
395.641616551
687.299683661
921.405246966
407.148771928
924.964205361
2.11308341504
592.605108976
417.277746806
896.076660598
663.100660851
202.369767759
57.6613909097
456.611552603
293.758711306
811.657970758
547.939921461
799.491360873
853.573082391
736.949958986
509.748399188
447.53211198
448.848610545
908.009730167
453.406894207
156.258859563
440.271973053
281.475514934
122.081996558
7.6977729012
774.702405855
392.871989701
977.275630029
176.521534587
141.270129704
407.154705676
138.910270319
143.735354442
374.525979389
973.728879659
476.140504967
282.076490141
998.637724606
244.092438134
759.572956079
384.66633489
918.611672619
123.050681276
940.039931002
47.828528279
25.2039900196
25.4834893957
888.063323741
291.390293976
879.373414486
234.269014397
826.220385611
51.4073064985
742.577109083
663.644763675
488.706269377
576.224789452
623.5617458
291.908933919
0.294878640129
388.699015783
844.420855283
166.396156242
48.1764869241
319.50933352
501.7969468
535.273212063
628.273387203
501.852263311
990.95119406
844.869938695
716.655859517
579.566558123
46.4816161616
961.687188069
420.720425853
99.5906749344
585.761865269
616.462056617
184.906150267
746.784046256
3.06089071956
513.817934114
499.845226499
95.8234946864
50.6206495667
667.058189185
772.9985084
978.040036366
8.90557842656
37.1747191277
44.5285026748
733.26641756
16.466946789
400.1614426
880.006729425
602.386975503
441.293150108
640.588127218
486.233999942
552.298869211
517.093051249
408.201263874
799.184235639
127.51310807
788.54417844
140.849750578
980.346075398
573.536659952
717.273544188
903.365248474
427.84212951
268.52380496
167.083067591
121.843134493
686.688124195
6.5583625057
237.327999308
188.800613961
950.747904575
624.293269861
442.717761871
634.130018343
170.653848456
141.517124261
608.381468196
775.332268052
234.424248018
132.987392292
241.63220011
169.22086607
742.05283142
117.957509953
586.921055333
856.144737014
836.516172343
632.015897358
681.791858824
659.051913833
886.342461812
235.030128685
85.9809426751
882.96635711
97.0229791472
465.700402605
415.264429645
566.190899597
536.69953606
367.994478447
161.392561163
756.193962798
766.976094479
188.727519811
656.897695081
951.148659564
686.07990608
507.419353949
770.332939872
754.558849925
960.063139883
176.837165681
437.820177972
869.745657369
500.68975953
866.600997906
118.872774311
853.204281953
79.2440431633
568.224244979
185.991668565
771.139170181
450.508718907
321.484795957
234.870867931
841.515871544
416.85269883
521.936255652
435.065658879
755.931985958
107.464493165
967.361512334
220.690700144
645.811510536
642.150323669
860.21716953
470.065786749
835.755158512
54.0738625691
348.060455285
620.594321155
44.7461813075
617.328768112
414.277903533
583.29793685
609.264456032
332.007443459
560.89292057
845.436709164
822.849566603
28.36906828
449.110082811
566.11029298
389.992197984
362.00753387
271.891808334
248.307257039
994.272038898
24.6856983902
956.996939046
251.417835756
872.817716809
342.985612464
866.476960324
797.381840892
523.514686676
174.001695363
432.490779461
178.781199988
587.950185508
179.970011117
152.441465533
428.935274414
791.952988992
438.473299236
23.0322896766
587.807062472
989.512668764
273.750898912
5.2698862322
134.516094035
604.947524517
434.468720704
591.882136893
885.689733045
766.247663108
696.301513061
26.3657001488
1000.71711874
64.5796700749
79.2198515773
335.531399356
181.783390868
808.529570135
187.112498237
424.61331326
168.377334204
447.062924751
772.73292906
110.900700112
458.436583454
105.247004412
93.9375925731
970.647224606
757.661972492
76.9974441337
253.474433144
2.69252730758
883.02703287
708.019855173
919.159325021
301.834954954
653.979484346
35.7859997292
275.557931773
561.226026035
349.886396023
931.826006423
743.907928652
86.4712833908
223.283864958
593.054519097
588.232865694
312.443442887
787.958241196
201.359849655
730.233262449
598.039468195
835.230582902
820.400581323
7.58399000877
254.017481672
245.573724587
546.379269421
445.530264589
838.232794397
261.889221006
573.364794274
509.079198351
901.929259025
689.08568831
687.048129479
203.952290418
978.254110745
720.856115968
677.788200701
387.788328301
148.991189389
329.039440505
647.598334954
443.376457844
997.182505569
871.624698069
907.651519926
762.746460009
359.32409243
797.160088356
929.222862902
528.570247869
611.950548421
926.425397538
118.964802584
695.208127054
832.014345318
844.496273796
9.49879676335
29.6408679151
754.40489822
192.269738051
719.426303137
173.072460549
599.249219774
852.659832373
354.801787128
383.294935541
410.246453864
830.365197859
388.922770557
41.324813165
966.576861287
585.649509959
159.028728335
462.016671232
49.9888626475
7.58869380377
279.17675283
258.324664495
227.834693177
995.725195275
291.086762555
522.613546972
508.10077237
23.0658647356
716.082080459
33.2323783139
851.242600009
866.062316309
795.02516672
348.947277115
960.411978416
641.99806806
586.52607754
771.248327355
740.453432498
996.390395437
771.811082851
323.026169496
397.552253717
786.254305118
183.194851689
747.911123935
287.609478599
170.462191352
455.587890169
791.326199855
424.456808431
41.257518639
577.458667313
730.642078264
722.804391212
240.225885788
139.098217824
388.301915578
169.509627991
750.996917863
165.996898837
151.001444369
347.796540775
923.190809793
246.014066924
763.482463633
154.586064495
563.967627723
322.446068908
364.601877919
486.075621095
59.3759769832
754.980513736
798.04628617
880.106478054
466.155202833
495.544776734
491.969970566
365.808075962
600.984520514
666.508851594
667.924274097
489.567483385
643.529467161
442.70228407
933.893140324
27.5429383568
53.4609975973
944.609078071
778.194789676
955.79158068
674.232332429
977.351785846
165.644969959
509.487843265
447.572915706
300.677651873
567.202456673
889.673723029
509.609688203
506.382346693
818.960195327
922.405812814
809.794514311
172.678468476
373.445186094
631.208110163
833.643520526
564.016525796
113.057678715
51.4389042235
142.759260308
743.837369933
996.823252315
190.184948963
853.10537274
720.206026543
602.348316279
411.560368376
873.55439086
641.070148279
276.060528408
366.017896233
885.032218694
311.842743377
258.513346499
278.534120588
289.745611888
219.547371503
650.51373535
521.380780809
952.01377829
929.573841291
693.073082641
258.822507748
85.2120114751
106.284156693
352.354086605
808.205089404
810.050506274
784.185118226
265.511960957
645.404802755
210.577344807
905.680254492
949.245882949
599.377174561
20.9004746321
434.775539586
767.678289673
546.593552353
821.606450916
164.163301948
65.7879763075
430.961100556
943.11306622
173.574474119
47.1156644572
654.958603582
819.425470947
580.536894164
733.710193516
966.959995017
799.064012454
402.614138534
847.700046553
453.683518685
40.9997627832
599.559024754
476.293785311
125.27011434
220.940232003
270.152429148
844.901618075
274.07282017
410.687668655
763.897639976
977.435876055
749.61721782
468.810422507
833.854067341
947.249230134
356.548642206
551.25920539
144.757602812
831.830027441
269.647242789
244.556038543
323.547616418
201.482782457
691.625177818
254.796807399
731.329007556
174.664421664
191.959738515
893.289672187
816.26166328
642.739409165
304.173791318
134.848543759
345.82627071
306.504260037
131.461968888
765.768902445
212.42612658
700.941322265
817.889748544
453.365928192
913.629165552
645.291254993
108.671450931
869.766988732
872.317622075
481.509009755
771.029949318
784.600796867
521.135802015
123.519475803
698.789377765
629.604038751
893.421499238
0.0808340854987
402.546492777
876.224746931
231.855780843
29.6319803787
751.276370049
63.8012038747
955.630704457
340.215480681
978.47730989
619.940742188
145.577539036
750.791953235
386.567068845
418.094030231
137.655721291
256.017339304
452.395873442
751.425230679
743.922527032
323.264444355
23.0054150411
417.01469705
503.124190462
811.574160359
926.786195683
946.28549478
835.320687255
901.428064759
627.704251216
639.894716724
978.351802457
770.322479632
503.020987925
587.519165355
15.4954812474
77.5442757174
376.048026887
369.517372951
222.593972649
658.003738844
978.880746888
419.624699246
110.224850335
116.496509052
507.582896591
347.91312027
75.5751688731
610.659038015
193.378723157
837.207719674
300.589602889
294.59326528
150.997049564
581.893382531
616.705185778
377.521216722
626.847719142
847.996640832
786.39560467
233.667037488
374.469976996
367.940844187
895.115295999
8.2995448143
744.303017911
537.260563273
382.66813463
228.030182562
796.246956266
343.24817118
530.539947916
798.96039191
580.314783204
362.942383988
686.296766041
387.199254999
990.49691623
871.530659544
307.483769008
796.511786931
55.2182266271
122.179321062
823.163195076
276.796678055
369.541411399
248.045498357
760.476031614
514.665531114
455.297649735
230.293452035
731.855222159
306.110735958
941.058188184
865.93673169
377.019904333
822.748605082
398.24190637
756.638996542
647.349334002
105.983084013
325.363889611
154.523409566
470.504714872
650.01357919
359.613541716
744.586018503
806.468373838
348.479256192
487.90513936
850.015680042
543.742787283
460.611846254
677.642131382
118.663141197
14.8621498257
413.266734324
631.313029784
458.442180181
569.59052736
814.207983686
91.3064787104
80.465004813
20.0963867813
331.671815537
2.59883600263
949.427553227
41.1632529808
334.569282621
633.536199909
569.835992636
841.249887375
582.123625104
385.854418387
974.248118634
515.870239737
438.796340409
737.504583665
159.879223035
130.893397946
735.260687658
311.021967623
435.896892733
111.174077265
257.10054278
860.239008393
833.349056109
872.290650798
584.396127861
826.295518824
104.07676275
217.122023327
219.647784447
305.675697845
677.262397689
775.686074148
139.189573555
504.937517241
412.93408699
59.9545189645
67.0410835555
967.157949651
210.340213599
896.089943602
641.439551323
978.030113405
624.223773401
521.044769238
300.816438945
177.22525036
519.842419099
486.138236871
115.599035187
89.476435582
551.570037842
328.847897747
79.4998058991
272.646775241
907.222592656
30.8091796472
998.434911718
385.588905069
971.107377975
451.565699763
498.481784992
126.976580408
409.646398139
214.477899518
400.109459436
333.350315354
