387.049326085
539.844085367
959.662055234
268.326764316
745.37764552
367.373481121
439.956932412
11.9789127419
741.44258298
537.339280939
294.775089625
721.749471015
951.252261873
542.008325273
98.7352608413
474.200964089
871.934474208
870.988340732
144.994405942
827.188944467
186.872336689
369.512802722
746.658008722
312.57341348
768.11647596
279.368471531
37.8306900098
522.164596034
342.567457518
400.046406568
940.29769636
571.085609467
622.218632728
695.121322617
361.024275745
158.317543488
183.859638687
110.684296857
856.213947235
257.627015453
655.154329855
213.130525405
976.71412583
725.209343436
265.386303112
536.088193058
406.792111293
834.187299106
435.364551634
632.369607847
631.214906427
840.10187507
198.990344402
160.448727272
469.02266679
618.523887331
631.101893409
582.378074827
42.9127940882
388.265862843
427.444958743
576.675102388
338.949825698
658.094760375
646.930708599
142.035969282
862.982100749
590.668902359
504.988857143
744.407161793
72.0988467788
532.329807985
619.65617761
799.924654212
490.747361572
606.295680891
638.183365239
627.340550225
556.505672865
665.899036025
650.617801053
869.791109398
411.344958916
861.952756877
186.789258683
860.529278042
921.841999825
724.463588919
925.449350248
363.910913326
402.486023344
931.60512214
276.294699977
5.21232533428
78.4961834586
869.069884748
272.564345364
591.616322826
884.739575427
11.9399660717
646.765047776
547.344579804
328.826203949
835.96216271
159.830927069
520.951415653
182.743657469
973.576764509
881.633964578
569.451635398
790.370869179
969.251033908
735.259500039
401.210654338
657.623037654
190.536563194
933.771851445
367.179779517
8.15761560349
333.849457812
220.866685851
819.85322343
662.019315176
493.891609419
557.619063074
358.152621812
771.275473909
582.669388788
889.274135472
291.184673592
511.505169387
455.633653624
635.089486816
685.210589092
84.425241439
692.17657185
124.173679612
669.948351292
854.598187339
250.068256552
772.140658037
838.220010692
659.707549952
329.441257041
308.855974291
459.860292958
930.94522817
765.245010014
102.110821127
61.8495714645
313.347724326
471.844000677
875.031599927
642.719383467
349.692358784
122.01156121
295.579859323
20.5953723706
24.4288248139
558.932564291
174.139324073
521.073324464
273.710284702
908.226599268
358.561404819
374.388713133
415.968480102
465.546388662
54.0300564622
675.185480825
931.721071561
222.016549037
528.889446891
981.725796394
369.875788521
177.553047645
298.431622176
718.067362203
492.145560955
161.732405633
48.9545444486
881.633781826
356.108757187
61.2543335512
400.586045512
164.435697824
278.101395856
502.968438801
19.2023860218
829.009751642
876.499522017
237.942935495
482.390233621
445.484730238
311.183738615
746.616964487
702.047635269
804.871026005
372.420017599
65.211458064
493.614260264
847.652785684
668.782832393
482.595275707
617.258368885
85.8705988266
837.890991927
336.790890401
566.617268105
259.53267208
917.08101427
752.686804317
271.479743931
246.868264562
417.378655551
130.394312404
736.880781991
355.848102942
168.988794198
754.452104657
653.854005406
415.468946564
769.221082866
174.525439365
268.315794733
485.568134445
263.969573532
49.3471554682
264.851033979
589.667993756
420.233355736
909.26189939
550.162304717
636.919225421
43.5115169096
837.837301508
975.422708102
541.617780089
745.205783549
954.906189225
194.729134941
449.171594311
951.073124567
756.421251135
417.044393756
537.476069549
467.806728443
687.434611453
376.848538049
91.9685972872
248.305726168
505.666117988
49.6203414425
707.140370299
745.937190706
632.076645654
819.135750906
285.822898932
179.233282149
756.162398747
345.099905179
487.938003377
185.23750192
951.669621022
221.910234704
835.712573562
216.279650241
623.565771153
663.019383286
652.792174584
587.279099716
459.539523317
728.678703831
440.796332351
524.359418679
496.375051977
621.92007077
927.822371286
539.840294454
957.637657999
499.777829444
605.209836588
149.755798069
368.819383029
287.25330499
785.505764551
33.0787690556
623.05986445
189.559745086
875.527573693
276.778587741
629.980174757
637.628961549
833.81710857
840.259210929
75.3811114061
623.590337749
540.426588626
774.865679623
13.1426326319
737.945301872
511.367259644
800.704555297
377.067947698
28.741994701
835.950726201
503.10424426
246.249323743
53.9534300171
572.707043584
756.395299316
481.385870576
579.276455278
606.919214948
646.335172149
914.743952002
856.722602498
121.658590797
375.575150112
539.685314718
221.618853353
151.377011286
281.75226522
941.484164756
192.787176178
254.225860438
398.460099954
961.739988353
32.9649748204
820.669061956
474.510538645
210.524685487
365.164532423
623.204284279
790.73327009
530.360258413
517.074531765
270.418721325
595.257556135
510.480669111
362.294297859
247.997948682
650.610413576
769.256388396
790.587640573
171.412674744
354.088244023
483.804014529
943.63269776
76.7985376341
149.782756197
769.262968941
967.253448329
728.072918675
134.152806632
372.042440786
692.157816971
237.828955801
715.470337469
180.850438135
657.206183559
883.9201249
61.2105234903
773.750282815
655.078703621
2.52903056638
265.449294072
623.273116543
939.872038025
775.779693891
224.490512042
905.868025218
13.8705166004
943.814276978
901.438683504
528.820650304
732.404278614
445.12454346
328.885905574
494.027307147
813.147957196
938.874714113
36.0044822152
922.881684012
914.387000049
282.551174082
35.3198674198
186.223928755
674.092542896
573.164911651
406.933593523
576.030824519
453.243928033
96.6552636002
870.682373182
647.404059803
381.150278195
481.190511167
256.47194837
666.905440785
0.70765594841
834.474233785
98.2928884728
823.853051054
590.951744577
412.305525959
746.951320303
749.382100782
304.948248651
65.9685120446
579.419666954
378.857609877
443.678916736
401.119542141
320.596910796
799.544893543
694.954548173
83.6526641807
43.8006476885
408.6607616
33.5762146919
924.209060026
321.242948156
690.259843359
970.544566952
856.559034064
827.396743548
555.987387926
710.452779584
612.832751066
389.8293113
923.76894956
619.014151549
555.054642174
806.994014106
651.759975649
37.2499569087
110.510276988
304.763316108
34.3765591795
938.472079747
735.323047257
466.82286288
220.957981804
278.160894082
309.732337836
512.671634602
817.635312525
403.774744315
260.426252579
639.122878318
948.829843582
988.03880575
750.50446476
926.651289214
804.926187411
962.374919882
295.264652127
458.73845708
2.10469588313
636.3793833
983.335485758
362.282825042
807.342487657
172.737310223
760.238281596
197.854414235
834.19403769
95.5717740434
679.826417341
663.030657306
202.125091819
196.234225058
934.895961086
2.80799722283
551.655079718
585.176061367
773.469993113
345.512893701
563.223150974
911.801875897
839.796514652
591.817575864
152.617670198
564.486107727
346.98894977
309.406364866
739.671099066
71.8539931985
126.430819163
70.2069029917
617.296601619
3.88897461194
964.267012553
409.928650944
519.282527219
280.214232446
712.595698293
696.144656118
976.904925557
686.537455446
326.012792999
398.69923203
323.891254583
341.338248619
116.770570263
577.028405335
877.074589197
52.2334476309
260.665297835
633.487891383
35.55273095
685.926381078
489.240366972
288.155971979
904.467620512
509.2328749
611.466834201
541.905931969
974.322797064
695.931168729
211.935744782
171.89298996
795.658893359
565.35871159
790.891220621
674.648381905
446.833490776
315.590691645
630.458284787
693.411730832
411.811673786
400.378343118
350.676450227
859.239874806
895.225976057
139.215347018
665.818891669
939.020057646
291.839069723
107.032046006
132.694421392
695.009392709
885.771283032
583.780199111
227.782055976
836.601668602
649.132870189
763.151334186
815.54455938
93.0524106096
483.661412648
11.5545663297
778.520437258
584.357051132
757.77383253
973.342609126
384.163730168
241.39412629
534.75890898
591.874937365
347.180728574
62.1408801416
87.922393962
913.693862564
447.382563618
341.412184049
453.666100264
854.277462866
364.181544438
539.172047978
405.293143148
347.551266534
531.468040522
350.394075892
465.900265417
804.430775968
718.305523909
654.688204236
240.390007763
884.269343043
117.345972678
630.820707576
82.1238864458
940.352795636
229.122465139
340.878363987
353.049177218
809.997220712
667.429928437
700.362643207
109.660619513
167.20585297
778.797093136
124.15891778
143.102674592
336.849661337
159.177899868
106.022235056
990.933274048
668.348294101
861.842273261
558.645868172
679.922420668
578.076518873
865.613470052
899.133524901
221.039853983
173.836113616
877.648529599
983.535128938
641.106659737
278.202556683
85.9085105175
293.078051376
838.20959701
259.760828929
269.342191843
294.494320691
470.641063527
128.545464862
498.704424811
834.321261786
860.087372782
202.700165558
857.646889993
208.213671571
562.324839708
870.951178144
613.327559784
366.239785626
623.796794597
278.682542076
371.472081762
243.209867497
169.120109236
529.630964113
637.927396074
533.387339049
700.282140241
255.616670024
498.315956826
363.493127759
127.802288503
94.6355892382
594.849382738
205.132528719
461.890058535
8.82508404154
463.977614535
561.958856834
955.252157599
410.91305617
451.84615819
938.469700936
274.946834985
240.489471044
244.552984829
298.37890747
656.069453613
714.322617058
111.471315717
396.446916678
639.844847774
232.616375864
765.219214918
165.162410396
967.353320602
285.039933328
533.761197885
202.327788283
479.217766289
200.173254163
528.528743075
802.130218803
162.872683226
494.505657002
877.561493089
658.248771683
654.506008577
261.742851636
957.547632675
673.109377915
282.005592621
115.562601935
741.608200762
289.437562166
439.843247253
40.7134394282
464.772612137
672.007164946
202.183793944
367.145220677
572.601688632
26.3614472042
191.669079637
0.0325615466311
886.481174227
378.773307005
930.279594375
901.064317207
968.116473914
361.714741487
604.169212462
0.0412733957618
238.142456169
253.293808557
157.991724871
6.87450488536
893.151111712
135.735751239
283.874394658
297.008011131
799.610480515
264.499345183
6.49237753664
137.10684271
899.175775512
460.619539357
704.730808224
87.8445548656
670.222841748
659.744224642
744.55887462
160.423366163
390.107958612
225.691582166
535.844115317
394.525050644
215.10832925
905.74445534
302.721287512
855.143959586
246.008369729
579.991466627
987.857541438
2.73302336121
645.026430218
144.986650879
509.899143994
861.627074228
592.568773857
486.64287384
865.57967326
874.604061603
789.098335331
72.9187150775
69.1990634142
58.2836339478
511.938983504
311.29153978
195.174105599
273.981011647
797.842914752
653.801452239
758.637710906
465.497507203
959.916678848
465.737029896
891.606142457
526.475722948
73.0279285968
165.965098498
601.750037801
698.797860161
762.738814951
414.501388739
409.901992452
344.76654599
445.452412763
317.912998122
605.011002652
201.664019587
197.824287926
15.1415344692
127.727984531
882.442566677
661.663709499
447.435592906
85.3530801409
224.930725147
292.838486781
205.787798099
848.965480956
318.059818109
884.199139398
241.850853652
644.115574379
40.2361058591
941.060122633
750.056591123
477.240252474
217.916828375
368.325964713
117.472297698
618.657645829
70.1257321878
304.712640643
923.308548981
928.240847296
726.374774427
957.962074053
335.140223424
334.340779182
404.353299302
902.882827361
875.975930207
959.781750919
491.684853373
938.753702457
791.618029733
418.925250477
376.003448276
922.031527797
778.716452952
968.453743247
6.74742013719
352.050818051
835.485309532
248.636235825
797.612426135
801.735091054
547.454963652
833.214604146
812.289628117
632.262821237
603.937320106
678.470302077
723.496731102
401.813057884
531.156490928
529.776764708
596.518016429
60.0266933883
708.472615483
194.199815113
165.040897756
730.513614463
815.996217593
117.311517498
17.5357816848
819.439370604
945.274096018
361.405947113
722.075552385
379.367599536
690.622845886
708.680301058
644.272325387
649.481901057
98.6620671463
957.933760973
931.911449164
993.131411372
322.675057197
715.072760064
892.301327561
81.4276081438
738.171290497
126.887381281
86.2781502319
621.748708669
214.595769465
887.19269901
289.456697907
789.792768835
252.067043165
152.209773283
103.569355265
141.532086985
961.789064164
366.731650793
467.064842626
33.084394161
529.953833026
328.555767755
87.2753984566
519.991024848
253.598573162
410.417012342
66.154707038
255.102061094
481.193481575
814.727698991
538.124431057
680.256642548
745.452853769
866.65257537
683.441981821
219.102382339
450.673582205
41.741511851
863.532757321
734.902934722
327.342184662
734.932773164
962.000250055
882.532719569
686.689478173
194.039739983
907.088930025
721.977998275
550.658152466
912.637094462
141.301988144
205.701803859
633.099868197
922.364763786
130.189265413
643.014179352
173.83822717
297.95211895
851.44660444
7.29429647227
837.753724813
396.925967592
655.762216057
557.042848857
816.217773661
401.58193801
723.575373386
905.689845872
0.0713068707539
827.914062058
782.683121179
994.358644428
122.085443828
962.82319491
740.040567357
280.943590592
3.62617946441
318.859424187
36.19720787
285.386179327
698.963600002
191.329688082
482.742474986
882.439013972
343.555725658
260.029929428
757.267481474
300.226478989
72.9850445045
392.123307407
305.818664851
638.068968837
733.438717932
209.907876793
439.402844176
917.925657311
778.182466406
126.484576738
563.755399343
117.525703213
662.594988391
636.54720942
837.354187194
411.954283878
70.6370817311
242.831387565
35.3373239548
989.924757177
284.669096331
159.989045864
150.107843895
521.541041995
891.240420686
921.688864433
847.153239625
461.598219518
60.3623077151
183.16872112
454.383911452
370.212513345
117.448960157
940.538256542
126.485362992
10.6038846841
469.547665283
370.477671575
118.219330994
627.803903934
147.062679188
746.023473117
673.431800224
401.1286439
886.628065381
699.794774024
704.82412515
870.295040235
881.524728764
950.259698193
384.126775421
699.110364495
372.578190623
482.015832709
66.282479036
721.628706705
569.92416688
652.210778178
