853.098678856
735.941780816
347.622879936
912.894975075
996.748471281
823.174189196
626.734699007
176.895290472
536.447830831
253.973756241
813.886405153
169.307204621
990.462891998
238.834472655
414.602785736
924.879671406
681.420741637
419.995728594
873.152997436
959.182506777
70.271762763
817.394863023
191.239164208
154.880652268
569.238243679
382.391682983
97.8090347008
932.22705052
31.1250773736
768.959895611
136.755386692
692.640927801
553.742698337
299.240464029
206.464495012
365.055371858
585.414702624
886.155045345
755.984509771
384.064392138
224.050658166
7.34542921003
780.491694743
361.22117558
242.291335496
435.711093893
445.09093287
720.773397875
480.885300123
150.906672448
398.303564032
938.807342941
26.0999856795
17.7425125138
761.736198169
108.307762303
191.002331366
669.575783391
969.926779471
845.323085622
698.858317789
543.197256034
536.052485636
10.3860695185
177.413604478
38.6199069679
862.628553433
128.720946225
513.786792015
189.960763883
748.723688136
207.087355768
334.146122243
36.1939025224
139.473669382
82.9978162475
835.299616234
91.2010264567
783.654706109
50.816782201
333.771567571
509.971285662
991.973813543
329.568476135
507.083644086
335.502789043
385.639427104
319.265275886
361.344828445
195.218047998
388.457269177
501.022270854
97.3749578726
23.015534569
402.506298507
926.870135353
171.779020895
807.705602984
321.972402859
471.195736865
734.815966161
741.712957912
586.740420058
496.120918723
415.783907177
418.070300537
662.901129394
225.053873725
262.382971335
956.585301258
866.552837161
242.489598041
35.5770288225
280.67668134
883.604386023
291.570558624
737.163358327
495.668546478
547.784810378
279.233915361
773.801216727
635.189736972
853.504263665
641.673717466
323.148467613
951.690422905
621.291923602
650.744255601
333.184308682
422.478259349
876.074614473
455.776300226
66.9138579894
589.846518899
489.009236522
533.060936948
389.42027946
651.772064302
355.758046124
824.427541909
823.183889589
131.645742482
150.761568992
293.591355292
680.048614209
333.885574454
245.996815659
101.504297872
30.8690653312
677.720248161
1000.44295637
952.12800593
939.940530851
94.897226888
932.250395077
151.949296507
202.737574885
302.124311045
863.115620815
6.04565704114
241.097263949
60.8571232028
456.269488332
985.49013811
629.538742022
582.694054116
955.693044444
821.907962266
200.908961831
845.406556019
434.78748649
874.232238179
523.853570931
621.682727519
379.819733729
705.6277343
561.87862439
912.378539755
616.462220756
410.921610487
671.386287936
289.453661517
567.37418157
212.504493382
281.167683281
775.103770218
37.4615043195
13.9996581538
945.251393252
467.448850298
998.357269762
71.9815991888
711.419229917
939.472303649
567.357371896
375.283441345
405.621350622
853.795516599
860.031748869
736.477990737
510.408490079
533.473124844
736.504962626
839.991401946
1.54374248063
884.222903891
203.227841434
972.493080557
325.786927955
896.738782293
575.76312828
54.1055145268
610.906485017
59.0185897727
277.016487948
438.633158749
198.493927349
64.4396863822
422.673602474
846.218748935
617.077309028
263.694002854
423.951583721
953.531872836
110.108360567
87.5675827567
279.744921196
806.057267758
979.43057937
873.992764639
710.630283016
167.127280818
438.25591059
967.71760099
633.298489601
844.431523963
193.411800791
712.416317712
24.0949291868
245.548756809
202.267038806
512.750427859
785.655045991
614.755974898
52.8240536166
34.3856394702
816.366543217
991.268425675
779.868723945
915.715506261
306.544278595
78.2344895787
703.49034579
61.7613008255
495.864104116
142.472083652
686.768372784
856.837700564
149.515614026
524.924402131
846.391628127
535.481919316
508.074249537
653.714778597
179.28026331
545.961085642
779.568751884
427.126962449
34.3234552932
580.820357746
1000.83855545
517.934714582
626.599833072
324.986959265
839.592272668
912.304328007
842.79845947
797.761714857
214.974392067
229.860246902
978.131546147
174.688542672
988.781973901
370.589480985
119.814610195
474.441059261
228.485490823
726.561686542
255.498625784
392.903047233
98.2890741107
180.961206107
325.222982937
377.884409231
132.679260355
644.396319253
806.998031564
714.270882691
713.779253072
47.5304756775
39.5066899913
673.652232981
269.668986062
972.31144327
138.755302137
299.68743627
916.710179825
965.540031077
645.203758781
642.441198229
389.365095934
152.707787692
788.661666028
690.222742677
402.183045363
756.036471248
853.579966458
617.51736799
894.523170798
837.512467291
374.978433266
268.797613895
853.751490374
971.211575547
990.389006656
438.527244973
770.448353849
178.329398258
393.479665771
596.096279713
673.650324935
589.841338913
321.359320379
782.985772723
741.127977313
501.261407314
249.754806185
752.596359599
603.142620943
942.06026503
81.828972106
862.135454214
451.020745035
809.114650114
64.4056666659
504.579444709
835.396606847
506.044792307
392.851520059
923.486150532
154.780572965
686.071021258
787.370829778
642.802560073
350.072321236
423.600185196
149.096223392
695.170999956
23.4964051992
950.581816131
125.940067067
980.212903823
639.148795348
145.717365028
340.192781297
772.080576948
247.554532692
283.633167822
398.957428079
441.639159098
654.504614346
624.635756644
477.217846583
163.706762634
740.415985577
500.443217331
664.391816006
279.561129508
62.02205669
913.529444966
281.796876964
988.557653734
299.930874442
431.592158784
944.028033825
96.0867469139
398.773341994
436.261666596
859.720865519
343.576652785
597.110461686
49.7584189337
420.382947226
31.3041851713
559.69267467
479.802894406
551.60852304
548.503533416
131.080971881
954.277765189
908.856717755
745.401363812
942.01874185
48.1234954206
941.455880116
297.29667624
142.804940179
470.90523119
306.590280346
733.470778956
680.122377932
422.061770179
713.336139671
382.114928342
285.878655249
783.763769513
815.6962504
507.750336583
163.575945728
637.550924982
884.190885544
835.408402873
709.465443293
357.441369761
165.259326071
66.1246502434
683.316137993
982.727519777
873.809526337
12.7983952939
484.744102699
827.639431026
937.503508975
90.199324782
576.84231426
208.449863642
882.124055061
105.336546406
703.599036274
972.908469361
280.838813755
885.406151847
419.625516951
904.689003931
306.205543737
984.531419825
141.877768391
319.180770989
431.730142716
852.211735366
344.522730762
179.986716406
373.068073213
339.101362382
385.871910512
738.406563476
205.430103244
42.0585394591
325.635614122
523.397494104
365.446529014
638.999998578
708.087638105
155.083737593
702.073105263
217.519015996
606.266460432
346.816620449
881.105232494
428.69975102
171.704965975
807.942874945
905.075207556
815.434772441
892.23008295
4.28709094893
211.117276932
379.657412599
383.124407215
374.926368866
22.0641227227
484.965465765
623.92180268
856.245637435
688.218119586
827.005699806
542.008493567
277.299321446
172.774450712
135.046026864
556.480932741
324.254207139
137.012383547
41.329713574
760.115820314
42.5856263596
151.797901634
593.209603367
291.269474742
526.211151244
249.937612078
150.2382864
172.31160241
580.746507144
593.196683343
487.678638767
175.302332572
676.2559338
279.550381779
707.464626051
163.21022879
377.317247854
550.25846871
326.121694365
609.008996098
326.811551615
887.604270314
119.343544678
486.219080947
97.5358429967
308.884065332
516.74610038
281.886209815
34.6647405784
920.247883794
288.156735756
974.802712198
138.172135782
410.013964
721.626784962
18.3902062761
37.8826279473
481.120997957
765.36725811
744.176138501
342.587337737
842.297984353
566.420702504
142.964150378
560.494683873
515.465082666
437.909510982
386.76767739
322.872813436
675.473364153
91.527629966
951.267100924
352.39266285
84.5237711421
195.650299465
388.37248229
520.865873369
222.592621876
406.80974445
740.028921013
946.4768827
852.366455107
701.649725222
520.373031415
40.4578997884
778.618040898
10.729607098
956.667089345
925.568047877
983.085345185
304.07690371
53.8362070958
56.0046914785
722.844957681
763.682904703
829.91404172
94.5018615147
121.729648681
398.929853334
42.6133970117
12.7816391185
894.713503395
795.099109307
407.491126822
499.148843948
60.9504819256
373.048852087
53.5822179286
713.323729172
746.137974642
237.884555024
493.51390707
911.207843356
537.099156845
241.564449701
536.811296355
693.7358193
937.169750525
152.569385944
871.950235974
916.859358224
275.665114462
597.280008906
175.131081225
577.78046262
200.359893849
350.251804444
215.389417742
668.642519782
342.114563171
245.160140149
614.658039753
646.280706075
867.874458195
160.720827795
72.2778062214
268.10396443
713.404686079
433.670451898
606.190933449
233.035080986
909.426352765
842.75770697
930.766134901
760.276315343
793.128986665
147.329626612
394.039278316
610.334732105
827.53063645
86.6759838215
658.548180986
775.759556911
476.791836894
455.868628362
590.044333921
493.021165258
694.796704563
591.034169147
227.57237651
239.263872903
124.176991147
113.200524056
530.695783003
347.624598587
866.457866194
722.167947765
61.8152695484
660.97200065
62.9527506411
556.311086946
607.148619645
793.683961112
971.230373967
103.668915924
457.658576942
614.980508937
249.049617894
383.258807751
283.538124825
786.696184991
444.913198054
786.145624045
729.101722843
362.669261613
555.135413562
689.168929319
176.006574819
594.654942619
755.28561202
954.02272716
906.405617828
527.510582377
32.1124837581
230.7881087
390.165953259
870.451269001
896.581418534
399.180412252
362.38398258
306.059658462
145.815353337
142.428023052
789.015351577
195.593764942
636.608283112
757.533951595
15.358533988
814.061313563
464.779313763
869.949737492
761.478353132
604.166082176
161.676581099
162.788501478
569.378959125
817.409588688
934.599931295
488.63565768
870.672514843
63.8215377845
837.704142709
256.604613367
901.116150334
995.855026049
123.047637951
974.534888541
299.289645133
867.180819936
946.165624003
466.379460641
434.228513329
361.499716876
966.64454316
730.782092209
942.99105289
989.693501671
337.708789142
92.8334277723
88.5612819271
246.442003665
948.809700429
725.391344863
814.230737979
956.349468758
994.075684711
750.545209923
442.424377354
343.209886149
583.613193343
881.937602622
56.6887937429
835.410272907
993.347711224
859.476774614
266.271732279
787.128630706
957.929797834
589.994275807
316.006497825
951.041319178
433.85040461
83.9573453725
94.530811753
521.91313556
436.003969532
656.906594353
859.407608068
673.099697211
128.174810258
943.869626918
67.92466921
940.435026359
861.22424948
950.325557184
354.88391537
569.617722049
949.619045791
761.225345478
290.13939394
302.543770701
441.695011602
739.001276911
329.992293511
25.1689064648
629.61226303
977.480501486
559.803269671
926.515130866
815.445874363
452.885941048
670.031576486
713.322759662
822.308110518
189.055819063
641.569949682
922.170920702
714.066654871
115.444477135
164.861075207
943.894037832
146.229298695
35.6362338457
604.441100898
366.928509467
703.632011982
171.111483285
542.426992368
243.501367331
668.746664561
379.906020436
446.532097323
438.287750238
65.7844255448
71.7703003412
630.517097435
395.060462384
194.523376292
348.826214253
497.521440705
633.494544485
707.86829986
494.969800941
121.198336322
292.817774491
747.404795014
690.612752694
41.6654696575
171.897169696
171.879594936
283.38645107
668.065581248
232.569085264
579.563241231
681.765681522
710.377918895
593.1447545
934.58202419
210.941521136
846.646616405
607.674248202
892.677386585
191.478201197
834.341416203
544.393394206
60.5934915343
198.983759932
259.434962889
258.380889375
667.224943014
193.662970894
219.432457369
600.836205123
816.989714796
153.477011869
993.042622197
809.426692115
702.648649953
780.290154017
779.176239578
505.958611564
480.901327692
218.324065459
542.838378122
593.016040722
568.922367414
726.598768798
863.412891839
843.739688264
656.159030759
810.304837351
253.523532486
213.646531658
14.3293346191
639.330591874
788.757317816
202.749467406
168.541951314
173.346101573
53.898290516
880.022605352
34.0891540355
830.405680805
637.419218616
101.987614442
499.559177508
43.4111041885
383.621302775
646.185934641
765.953788035
531.821975681
843.457066003
69.0699571264
813.181180178
469.267829071
846.875231057
990.814925933
692.27978385
82.9316636597
95.6810174371
241.871152251
564.835793473
592.144811394
49.7294499626
811.003601283
408.093458931
930.028013371
538.511457663
86.7072190852
10.1109561693
820.682797931
741.22374097
559.178349604
741.735192221
706.553112441
292.481653882
577.262397615
102.314343347
998.267054139
998.012161701
623.841014453
204.604481306
484.813190421
294.908218279
471.595697252
428.175662395
108.387752376
958.160686816
139.255823176
350.10996533
376.504638628
776.749999184
399.510305859
753.821629998
507.319373162
172.393102569
73.5669857843
52.8920654132
848.667850155
540.875661205
695.714697462
35.5811825298
383.418682307
365.182172926
193.51248477
650.531377033
369.986244507
423.50076416
183.448011375
336.534271063
929.815574144
963.400104128
669.222659932
985.801198466
232.646892486
446.844404646
818.799860898
25.6865796862
276.282017822
611.04284717
251.977045981
369.774019182
746.012849138
881.252925358
417.053739451
739.682944737
559.266393389
60.3629575676
291.767487298
935.071409943
465.278864347
178.373060213
292.006285
281.600273126
438.955397796
531.565230495
156.479911449
534.157124866
220.996010451
942.546281485
730.785871882
805.705255862
634.955090776
903.086982721
158.313715696
859.681509622
633.811189539
402.80791752
666.04404741
816.061984488
265.456573864
657.470219888
956.40598429
366.205750127
764.800258054
291.418199783
862.29007583
410.143574517
960.092320322
104.151942859
327.388364492
331.272715637
271.174629944
66.8739379331
961.096734946
730.230437202
157.850568406
367.721059845
408.441295933
966.164385087
77.0708873825
988.020259567
768.875510459
149.574064053
929.899127559
192.692400262
357.040507791
768.063663771
804.642987255
26.5949009631
634.187146903
963.484026779
898.586824021
407.792608744
819.695127245
