899.166244927
859.987376041
795.777659129
858.84996297
897.798935336
139.663461241
298.459213481
76.4513670152
925.372199301
550.225740469
422.62652789
8.77110724798
470.75617151
374.536411988
528.102300646
906.706994489
631.248793585
53.0351806141
924.564364235
629.453053618
814.496640931
453.721604818
490.403350845
188.690797222
912.997735909
55.8504592447
780.05132281
584.448345231
176.317923342
240.254939893
719.398292146
447.076356154
63.1055163299
872.465599254
976.988818546
431.65026369
61.2524757391
558.521306583
701.154398649
355.599085121
277.733276529
998.335207503
780.085141105
902.813940685
696.844876249
336.206549218
912.323512788
668.644723079
676.973947242
39.5361051832
845.153297924
394.489160083
56.1147009645
62.7195542601
322.981188551
437.26326868
181.70665093
22.4357060156
91.9944287721
34.1604001616
415.369929049
81.1566617519
626.918020048
507.277633007
67.8464483759
53.8604578894
639.570413446
358.845416193
508.318759279
537.490962127
465.008350608
962.457896951
881.532441841
671.369390314
961.468275585
80.5658985875
799.887806982
223.848647946
481.324264565
659.319183675
408.401785361
959.699498682
720.348371542
256.95215148
796.22491466
190.010602461
851.806336672
725.950175502
845.852879637
556.303093821
884.742385253
84.841853897
807.913744974
35.9537054648
856.544860638
799.777344673
73.6043998826
752.72015043
873.718663729
369.014472001
506.94823844
291.515058097
711.023789975
704.688613132
517.540454042
99.7139860776
555.681092629
529.882351894
986.814766718
22.3302606336
837.218208374
17.5263431113
216.618327796
914.230772026
315.954781679
187.556653507
556.425875146
465.323239439
874.549481222
497.873966253
700.244184204
494.289673915
413.718460789
924.45623139
565.549283606
260.903129358
712.356583163
246.523431581
377.892592493
667.677770634
852.176372963
64.2071822585
405.378288815
710.593465045
920.855589951
115.554087653
325.988476698
744.449330265
2.30197583887
370.894351988
601.19185881
591.095884662
301.680453282
811.60571953
607.562429008
20.2782443065
117.642292317
211.494670357
79.9508821357
688.724973632
588.278008472
447.276948873
615.036576338
471.553891915
727.601441903
718.199776596
44.0856680148
61.1085163083
84.7888451434
853.543602982
444.982061532
422.6624585
834.525550689
637.843605191
251.661314392
225.470593896
458.378964861
903.86787207
99.5686040404
334.505400066
124.719288236
919.594353844
570.341166029
938.073377039
299.264683677
965.222618163
398.16499982
194.063608244
360.101166208
206.625063518
838.724832073
245.655751524
15.7501296871
963.723860573
288.614064751
317.053789076
34.4935089467
380.970068228
362.248268673
361.757443619
54.2935092545
737.567360717
879.102773877
324.320932084
285.528228544
904.513906422
875.495264021
324.148685977
413.998920033
652.337796097
534.058438471
388.023949415
959.466183244
372.194351114
937.81493526
989.498754935
777.898695745
555.45843066
630.732712494
59.8664604451
276.825057257
820.762860785
443.828184581
231.763331447
48.7662970894
221.345191992
414.737731025
447.603708108
783.741112678
884.48222247
693.125583011
27.6830933245
41.0337836991
467.986279968
324.41237885
485.318738407
259.171237774
356.23779631
147.328777024
931.271130587
813.238592018
74.6566942048
878.430831268
620.203699837
794.808529673
93.6579816649
531.730480634
335.810907908
154.406816613
143.371910648
245.26637364
637.459575012
488.906085689
380.076613481
353.233194875
945.977592906
398.0168488
540.94891636
191.977913777
911.915916497
683.716022481
250.94210812
643.50965882
166.271725251
255.88616156
244.885041585
748.460529928
234.272311903
272.963901025
988.14730105
236.821221344
694.067161129
614.615907852
784.903252684
967.606811265
177.961857505
399.046018114
45.849873662
886.299549587
789.327812158
651.816648006
501.010390761
707.360963808
581.6454705
375.263493688
970.528302013
37.4602763681
148.062878063
695.136370866
944.951077684
612.651841188
553.931051979
647.24091041
465.218317469
882.092595742
207.229541006
276.624793942
586.313326461
750.693750751
261.856847762
994.729663995
912.510542402
773.669669795
249.762410288
353.397606276
711.682914553
767.312668398
7.73194771464
472.113114039
468.316843559
503.321614258
523.855184275
613.43229853
528.648970473
239.351072328
597.773749478
27.0087294501
102.891655437
223.319021371
680.343168913
983.024989538
769.403858297
328.835575845
197.205510971
342.660278191
508.171460824
278.816326151
649.048965444
527.743685961
98.3392187467
253.815886873
273.172371918
659.675665489
349.451930539
942.830237124
642.651424742
607.48325069
363.50052664
848.984165385
730.882104463
895.936611714
540.413168368
899.663848532
935.702279415
18.0253047932
583.584534699
115.102351848
994.146048426
317.391428199
888.59582702
651.446003567
366.135751225
397.558830402
636.356740558
448.658650817
564.698932608
363.679464625
221.460066748
709.191609264
299.72569427
938.974813851
506.230089805
64.6735731745
592.290256809
509.34003738
783.92575127
920.236254474
869.889716715
539.90653671
752.019416223
253.641909904
613.625113039
333.093943057
13.1379661515
650.907792324
353.321874621
529.278981059
722.664342294
896.092491209
665.456202128
353.176983995
394.343449732
592.595119555
860.390199781
687.184100306
586.174099443
818.805113555
775.532798109
33.7024043414
248.812905161
425.266169703
530.236312048
251.761352181
905.796672958
302.465518226
229.218233637
911.590674739
522.770278343
700.45407927
576.085127225
327.571211882
245.462281228
752.358655474
401.402875005
323.069100861
180.620019518
27.5445351223
402.555702731
992.415182978
786.541014293
810.232255126
188.557244942
86.6743236105
429.171172885
878.126753337
458.112122169
676.29817176
152.804791933
820.612682531
679.568518314
107.987478207
606.015405466
595.100416294
195.980483876
381.15448665
969.437428741
824.046426006
325.475992249
15.3140148681
274.115275003
882.339004466
905.979036981
500.900793934
386.114370579
661.289872526
434.642790675
637.419007064
676.806331825
503.326157776
479.880768861
230.583431037
153.61556221
657.422380171
280.724253712
315.263565586
122.264428847
336.272845292
806.840455128
6.46539624187
658.98393073
532.633928477
768.89660731
114.288117887
328.677558796
511.976777566
47.4032444261
739.051787645
667.035971851
251.515428462
968.211546611
827.969914368
932.173427199
277.118515615
73.1138081573
760.190272064
889.655882332
225.988148928
542.83044447
601.822267105
127.117809235
724.308016039
867.415271951
762.074699551
54.7783401366
211.878286923
357.781692768
442.246491589
1000.38915264
873.989884092
716.784233287
487.809920026
90.2158026925
26.1501141246
71.8454090335
475.357510207
896.965725187
160.89164504
579.576588443
71.7085541428
23.8784295661
372.172604744
565.838822206
767.607926031
94.5336478168
479.467847864
43.5659036714
866.587646854
48.9387894822
54.3654015001
529.372196435
237.149188685
366.571960762
769.535534977
526.253883682
837.475656292
567.637902121
401.709379338
424.805166987
111.284057398
575.134241631
493.636000242
429.280791302
937.531057514
490.995839778
503.339873838
942.004616752
111.315084233
12.0217178562
241.592987909
207.823855496
923.20201895
141.790109736
613.24672423
124.512909001
141.296869368
502.513019791
1.40801509834
405.115822398
257.746232797
857.750289172
65.9337877884
981.717047604
858.098511719
981.475243836
306.795904133
771.0491418
784.906150471
173.915998656
501.147511025
841.013128355
880.017637288
439.277739583
900.844184044
654.984980766
81.3006218376
920.747448324
695.125324979
757.868866344
839.21325478
805.92090325
985.252300011
297.871318237
874.678854708
450.036235523
912.901284941
222.771337879
610.491571308
862.483802063
144.723650686
934.657624421
655.772342952
757.112516483
969.146348763
722.977062627
148.75627187
719.403831113
985.273968244
745.113504123
856.7573422
775.797789411
832.137462799
309.342567556
715.011702081
278.676965133
51.4006629671
114.335263663
975.072448847
429.946834289
701.458434328
152.688759341
804.544747125
817.493727518
840.369033463
978.958974241
743.731992337
51.0773889077
717.555721293
299.511472502
986.40001877
954.117620142
50.3005808742
268.809499636
455.096478766
258.367307743
365.721723719
865.00715577
798.986882998
583.704811553
611.680006428
995.192654694
820.188330259
516.562928325
637.280828321
391.130810223
90.4099598981
263.589165921
992.352650574
955.738484347
702.036299051
978.511195075
325.65760914
707.045662824
159.103425235
484.560871613
888.662164989
689.509711913
50.5631080865
698.175047719
980.005634046
374.532948124
276.002256051
274.831392373
212.769752636
162.590672422
364.417463232
250.837026319
612.257669619
998.014157692
493.708374053
467.877706103
995.305635993
286.764954105
118.259789951
261.841587997
66.8195706217
133.75370752
419.48903247
517.488988066
721.380401388
140.858293282
302.19055346
801.838082874
373.202181999
756.538474859
936.643138088
561.058410755
327.889145243
678.807135824
413.084955964
832.818646168
682.041164461
804.498432401
75.1877767265
699.878593799
547.833424468
840.994593589
210.736180692
414.161216779
184.994730646
480.1259927
811.093659295
804.256335832
85.0725940302
509.271106084
399.258219822
147.425976662
303.997865841
578.530050767
351.15455386
966.256461968
794.550744604
481.190253621
553.421850465
525.238056071
893.817507124
910.945669727
953.744371848
723.915993784
721.782464191
796.234451595
991.866076699
915.035174621
441.546026893
245.950566416
516.490678736
27.1482383499
178.534212347
70.3084876128
893.705439812
626.34563106
537.727388475
73.4812257716
442.994363618
901.942610386
307.749172343
701.093548108
389.699447771
844.161515565
705.025484661
254.127558929
814.133731714
497.03266592
553.889290012
958.559877896
474.821545444
974.393294311
268.861290921
650.173170296
46.5402958245
49.8861632886
669.383747064
978.14585172
915.521334849
269.875542254
143.925067802
258.734147812
501.414294471
459.853406652
582.828507442
90.0716495608
232.018898402
878.964103601
426.39457777
19.8362862136
881.213879774
980.106180432
914.826372456
781.519413528
838.31860862
925.989302993
378.120518576
544.864828272
535.545036046
988.945916067
11.5561665297
197.372133019
837.503492382
423.196271164
904.480155931
485.965377397
723.310849232
439.634280007
423.152510843
648.828866065
157.960773957
472.451895295
327.938744477
558.999234268
626.013556383
859.72320104
504.222833738
471.43153527
321.937984254
18.7740900787
179.209077788
352.105317805
689.011855645
88.769823179
482.883556865
596.835851807
115.610056261
794.319621231
364.046119883
503.562150639
966.439934813
867.724423429
162.643748934
889.51993678
264.694608939
954.117652972
0.890424601125
77.4659694325
43.4410640327
983.174033134
258.828312575
464.17530625
930.981803666
342.353022664
148.585570399
350.386756335
750.873628619
156.044196948
168.180726571
540.694914364
43.6974575143
393.155888958
52.0815011388
127.79002501
854.505451296
947.672332329
432.162763356
382.319558365
76.0525839944
381.557711987
908.387716001
736.876311712
855.401666408
45.5097024236
722.639888801
133.595465912
724.046360028
770.119430429
229.61101909
996.525162355
632.799801577
859.740302273
74.5618167192
233.870251915
298.109948903
218.770727595
765.179992826
94.2736838157
397.715733106
18.3103106377
6.13118291759
487.056091051
235.70716364
276.186244539
231.679797861
498.464143804
816.84974489
895.406519171
589.619478682
584.193973835
726.416182015
821.359257217
937.037556351
633.588185892
522.233425881
770.113871734
261.671194628
745.650677378
579.92962297
125.573859619
781.912171468
258.806480113
300.940720415
824.061724134
845.344369606
87.4946382848
606.593638514
627.020794327
923.981977435
32.9042743715
997.06766042
60.030288358
311.138494537
606.579969981
81.5899368777
410.27469904
346.767117196
550.60708961
292.337838367
208.517360013
314.002669752
722.593967614
199.722318428
323.917791504
695.486189355
55.6817688406
847.610555274
738.953416333
546.87068306
65.8831387145
767.2874619
388.844062092
752.88061254
732.350072244
17.3102982794
903.799604262
167.337199942
904.884978102
769.605693266
265.40529885
195.429367803
980.742507436
187.45632123
315.561381033
93.1748045466
895.16932633
947.200572935
384.442650237
872.815859479
370.212899522
740.138267921
395.648673091
19.7744995934
238.112452214
908.11423557
605.681465763
627.111237183
313.224889078
246.705036186
340.162466187
262.601539832
156.23474375
88.8362277395
150.892283927
910.973412
178.882934749
779.564183868
443.93477909
90.0988188915
109.605044393
114.445718831
376.74718556
639.762894788
593.312899451
968.745289066
358.615454857
136.410659709
869.797737067
860.655876693
640.068758497
879.724576519
380.121011339
538.660970131
253.212945638
178.14200597
656.636209098
216.560158482
549.468123373
370.376438729
156.60182997
592.768133302
124.987421365
826.698747804
817.499414326
799.739503108
449.14589981
362.545125685
10.4856850305
447.125279898
356.173594987
958.006832578
360.462724286
768.148830049
348.597558991
440.304262435
721.041534775
59.388634124
192.543792953
717.452759299
288.652469063
152.863078814
465.880648309
643.615925838
742.415936278
809.653309984
984.063040671
343.723936253
602.197370684
13.5431975751
111.906059237
599.896036985
598.791536277
402.364397952
441.087382924
631.440280745
410.334100936
586.518374928
844.662333964
613.653504879
722.452133182
299.396780907
739.345329649
639.424315032
757.715966885
607.79259818
480.234232082
71.2274223175
7.16691906147
94.4942441553
884.386477806
6.54646498405
555.03053643
171.166109402
385.778649483
231.600434354
22.75356064
845.296441317
630.406176417
388.382258933
569.911860276
335.265592248
611.393853383
448.690162081
721.702958071
618.969731275
48.4357003795
724.278739983
912.967193804
369.625350845
896.046319981
37.7374078573
49.4691446704
914.935979551
794.176246381
245.125314247
938.421282426
842.424367729
233.04003944
431.491722361
519.209177312
843.472460877
154.715026749
384.750791552
660.073314518
990.059160146
808.484566882
