573.642288354
177.085393844
306.47997564
705.537301545
184.41068027
802.529604791
848.350084433
494.979676286
940.605528808
984.061571855
932.922622235
700.468994605
830.288238658
852.756903523
653.775604223
543.201275774
477.751592455
66.4012334798
250.065608287
38.759544466
697.011045911
932.018583138
372.903147492
612.252325115
933.000617478
357.062454222
754.175489543
9.49543970798
927.369383306
5.78595641026
439.627545337
447.402558367
606.153629578
715.032422264
821.566662423
598.981738818
543.797043404
186.980800437
638.561345433
150.057860139
249.152843478
695.818615304
555.938637988
927.031403192
509.964422775
17.8560814422
887.57584415
450.663342476
123.181963967
558.770323698
61.2017369294
471.834512023
365.747449117
92.6626077925
386.229244574
501.327042764
794.989632083
340.136952413
447.757591326
763.865989895
21.4015658349
344.612496411
55.4867871235
373.029501991
512.551058095
387.456076303
272.975413663
521.536000297
306.074915462
740.988267065
321.559808456
997.574583743
828.639132972
369.874044304
949.856887905
712.491466547
869.804113702
691.839991281
483.16628594
293.846225593
98.3980156855
361.539647856
671.53094462
860.088959442
93.8173008924
432.29473098
165.998814458
543.07931725
301.413111757
631.360505905
578.286118851
35.6216384833
264.247007939
350.969373715
983.591970307
705.293511173
248.902670668
716.321457988
616.937271715
896.767201879
815.386365595
184.752230186
900.659375964
887.503471192
545.24252122
791.23640301
106.559204565
128.336058929
516.32936868
787.652309586
779.245999776
686.219902327
774.435153127
465.774302532
96.2297271138
303.312747145
226.803996671
229.326252472
316.818878691
897.356780324
650.581974444
67.4391117224
763.918733494
496.508712041
756.10086083
525.748415251
759.256359461
324.155622333
942.956178323
178.6551799
790.904757867
170.002915474
338.342323128
102.559443227
661.650355696
942.28400866
385.178463811
325.310862396
968.240603327
207.982503802
151.675067667
67.5522876176
187.569733766
438.532995358
554.457091702
95.6717026927
850.46112644
562.047250537
956.399886142
19.5562856517
876.698727452
246.553326719
300.780592355
147.344475358
940.993642464
953.027986271
405.125873583
512.170140394
696.036410694
38.8265971222
162.323561574
578.344395318
969.844036704
195.749348392
179.938109299
963.526171816
348.893315103
207.885499425
902.061353826
517.149938528
217.782549513
588.418331305
12.7255287747
482.038717078
861.419554801
62.9359052681
573.271316085
169.413556328
164.222841715
305.966609082
865.113071681
742.376623692
744.214939229
730.669088159
820.389940708
559.288495728
219.907158631
607.997588462
914.744456007
98.4223148287
276.6856927
914.894201005
248.229986872
997.067110565
70.1784071612
59.0360824887
279.670862214
835.256753119
676.302467824
45.6943305329
144.027925775
450.304911538
591.244493366
301.794175419
501.343727266
883.79577128
773.62764635
272.588014444
169.318575048
257.824471235
988.076927565
837.983348802
626.802098355
224.402498708
120.85489807
371.309246896
197.620695382
580.800607274
583.372245652
509.102443985
803.797011042
764.087247437
859.644716853
438.843154444
237.675499091
500.520851419
961.664918917
532.129114114
259.361799518
628.292013801
58.812053184
413.577384333
142.600957139
663.161984033
323.64152437
994.863815234
272.041700026
283.716165518
885.703896624
360.806627002
310.100081094
340.541506005
789.654380352
357.861918516
567.718780125
196.695164982
167.130876944
630.625780167
978.877211372
970.012519242
49.4881170205
697.628945976
952.382433432
489.608281878
200.235469363
470.236227714
551.301396585
452.11813791
757.468801864
237.626009361
345.688908589
189.217815012
664.912344434
882.248960866
750.307067842
67.0081796613
979.442594097
703.723902344
620.316467228
19.2202760475
970.08821967
764.983442839
626.921966945
604.149261416
407.581652124
896.673520805
528.679680986
396.3549608
706.011440039
27.2196703197
464.074044912
680.90349637
894.237738548
939.19508134
131.949194413
195.62930324
481.036245935
292.591927829
196.848051519
859.189846328
379.366259822
818.093220416
628.351251976
385.598382829
264.010540346
423.128921394
410.462624247
592.869580684
127.075777356
609.333917166
381.291224688
890.201418828
661.394839303
469.569212125
881.41558317
688.566604441
522.509831125
565.727678661
318.220968058
92.9850204048
845.653125388
89.6856946261
864.136954248
86.2038360241
436.182896369
800.387771351
560.707839552
127.916007205
877.149308631
847.274553763
770.095041636
586.081450517
726.555802727
137.291833056
993.227773257
718.338775258
616.533469115
305.055585984
371.103009644
573.668389603
499.731623452
657.992539383
152.943368224
381.210528556
871.858112077
426.917315398
692.691272827
239.506698378
363.585711224
615.70529923
310.325525792
455.614655114
472.389319216
133.766545979
119.585351445
613.074158982
171.961480929
66.20413204
461.769544239
959.614810085
523.086840649
779.014048906
56.0554521419
567.605342182
107.335955747
946.463946498
57.4157070871
94.3908489606
797.017500526
985.388224102
688.925015743
265.774359703
38.9194858429
349.392293253
89.6852897318
635.536583152
596.349229187
633.158284686
73.5417350771
518.093787297
738.772099091
744.879744183
708.554471377
222.234919461
369.03573617
436.523956957
197.113557389
1.87019634936
414.026052318
277.221059899
871.203569193
744.648021935
379.044004233
969.39904928
96.9646144315
439.881573025
848.311257833
623.730131959
979.308625746
761.707876095
404.594464939
389.623637091
450.710693332
18.1997702543
486.332269094
266.737691379
340.941382769
54.9484265572
285.297802327
378.121799319
978.388170541
210.224085884
610.455206037
396.323233374
519.309149208
612.211272623
9.17620536242
685.395983556
776.721498316
187.555786228
980.651781101
951.306331191
60.2467564524
314.083299268
787.366350714
231.399672449
766.58058882
602.451344983
691.214107907
521.023441584
563.092969143
625.710527828
50.5407007136
101.321037464
472.134140151
159.777557008
833.381516442
3.16901776855
219.698380014
26.492121259
183.15224487
346.473512905
749.252518326
277.485735593
218.460155225
507.920080783
598.239946031
608.848423118
61.57401943
214.202930646
783.683108806
313.950674516
973.102572822
183.435797005
202.64465933
292.214486963
736.741574008
499.536884758
891.636624397
334.882440037
842.750102583
878.606168493
691.975979504
112.574638952
506.014593503
452.626003709
242.462494321
227.58767429
842.233204327
35.2418802534
451.459907312
298.018471071
30.1627164864
980.097260858
615.65347345
664.659953457
658.438669811
467.287013521
417.546592949
475.077202831
773.673608995
288.730307132
434.704713671
598.221735712
748.77378907
329.043350275
57.2725296746
929.779918019
862.114158318
344.065387592
292.5307586
679.133181964
1000.818841
542.002002109
469.079904487
379.801157885
841.444431101
589.246965821
742.435186292
143.793207864
591.16750844
45.4783274781
827.491831689
721.573243874
840.459588895
16.5164658766
846.352326615
175.003724106
180.863059881
335.08461739
670.896922222
885.750629386
632.910166459
728.67443034
684.637256491
991.991710041
801.128880976
530.120398992
916.724730332
357.775090136
621.129091015
803.884527901
229.767765535
598.522935287
1000.49089417
377.48811777
546.568756376
983.718569043
997.735806941
172.426417652
740.731873001
534.18125852
672.963815972
643.206438505
714.282851902
2.62518118234
642.459989215
737.219026788
110.41793458
489.914395243
797.441008462
868.461225094
852.634233703
530.430316945
974.695075281
437.809349622
76.4647553641
71.8744616455
330.545378581
510.547486147
849.958978766
965.028593636
340.50630808
793.008949101
562.526611896
111.450145092
907.555050099
289.197508048
754.472121395
485.965390412
724.532232041
735.375176968
910.931064501
699.606794403
179.699906607
701.459713702
239.986254236
674.864577243
417.894350567
451.325618311
613.143359811
679.831660421
736.470162243
49.1585064413
977.493019149
690.944253231
464.57001636
743.241175436
320.86847097
647.849045466
354.501305137
129.879932908
757.127506533
144.102114793
84.0311578401
845.005208128
560.647568675
777.135681761
498.349744491
329.693872393
434.263119895
219.608137257
648.256565279
189.496321106
6.82764557014
1000.76839528
708.753511129
461.277487994
815.47036077
655.847892334
150.873713036
832.027750066
650.371546204
199.47573407
590.679433162
111.053605494
769.32779416
731.673022315
25.312977013
99.4163323905
670.848071177
376.550756832
854.865541936
933.469696502
575.611306221
31.9898754895
511.06401891
846.51709109
224.816779989
325.486662758
276.215931546
983.074436828
141.443250486
515.391592274
261.264503236
193.127569796
55.5019874802
965.688340908
382.801400423
138.381926812
914.863171707
269.656824326
526.675651476
649.976460612
460.11794895
687.156454938
659.649335813
236.751314658
324.071472532
472.41510912
465.49646746
324.794632037
606.124197411
900.856917852
501.541876021
29.3365021451
462.597261368
253.399278162
149.655534426
680.186139388
778.031114856
467.1158906
174.691348184
65.9669223458
974.180948261
901.320789746
776.631677878
417.013621757
744.763742987
842.413881306
791.337131313
362.794528564
510.880742704
342.93577094
872.968095528
995.77875262
89.3350072076
950.876714139
29.4236581283
527.101422624
940.589975671
755.338688563
346.268948023
575.217404208
694.030264006
838.802780485
842.012562073
986.024815708
427.182436322
258.443168508
356.125002381
820.140529364
178.830066794
820.532379197
123.115221039
856.752690759
86.1927344919
313.237029943
642.183223269
127.957860734
628.348211839
897.234762049
714.156091567
775.6714491
386.699494156
98.1074836951
836.662072159
655.804519027
430.277936007
417.637201715
795.460404674
896.977872879
876.746950956
67.7383625732
600.843984917
243.413106903
603.997930939
865.078770608
277.011049113
960.338556663
766.260722005
938.183468473
492.457131106
711.596396032
704.617244141
352.943783772
392.305154273
121.064919734
974.110862675
310.063938313
359.61540759
324.906530741
561.325153765
104.321922436
7.25421400964
463.413355237
900.433040898
359.1224498
607.853243095
869.580882643
738.918885555
18.0309235406
126.128023217
732.059371577
957.225342689
979.264065388
501.558362982
985.125145625
194.695758468
582.043496367
382.490078373
168.441121458
487.586693595
382.612721671
125.082927338
58.563087856
701.747765194
309.345540136
142.771970346
575.919748506
561.333071965
638.503598903
274.608707553
634.470221543
970.06014481
82.9943258805
244.615814652
681.796982116
282.365082459
247.203837692
283.135449703
85.9163706981
133.738350101
487.566225002
316.824736075
790.309569957
91.1916515293
363.709367788
906.125172443
653.091905202
385.680636594
200.084548968
151.823015511
814.24190221
257.283807465
867.620447701
740.450569497
158.798417428
252.308043843
822.596413647
205.186672554
788.960844801
948.003392238
154.852156873
791.897132062
240.185815889
425.607656615
670.505094229
456.901757895
40.6588674492
824.619058494
289.017954233
969.349469257
833.423661696
567.480570562
467.035569186
224.516079166
172.426478186
532.499839076
143.287912693
412.653416501
868.764566471
477.58207752
404.502258631
986.733897619
193.257904257
501.806444988
18.4413289042
860.3205006
853.76367319
404.244089819
411.055039476
849.325326316
874.484939324
324.552575927
216.497389843
5.54721496338
51.3738519606
192.928414211
75.0349604334
198.842020787
657.346286164
146.67391566
58.1135696508
240.844491496
872.476355204
735.965230648
323.365430241
421.707420868
81.9162175194
179.740049547
73.8282608752
582.09227353
559.757667158
189.573995895
674.569090233
175.009431589
762.031195809
97.3080349462
592.833447764
966.412936149
491.536714447
949.964347635
508.011034019
306.723774105
67.2670530662
144.681910259
39.5273110825
121.718248768
261.354622868
706.50022328
288.982974315
163.600175495
500.392600265
133.835787766
81.6802779514
837.045937367
31.0769280183
954.543546171
756.77280943
297.872236087
954.154200677
236.174507998
604.976206709
580.876976312
319.470637233
989.805165933
74.8651993269
189.398156407
795.319192263
518.131236389
403.60807402
27.5880015373
610.309119242
848.847782066
119.118575724
705.931346072
142.03129145
864.13846193
357.282597811
879.026012159
714.150079377
225.992176947
690.543220335
329.029851989
278.015508977
577.258281297
357.749920037
188.259745822
700.11436982
915.723057412
962.234850391
321.238999591
441.260643471
728.796995551
615.855301353
668.706293628
6.30576259495
346.51580886
561.083834729
903.411742692
910.165821565
839.428267564
809.80756711
964.601726061
760.286511517
853.550891083
213.417235346
204.487003757
774.815104349
228.155155056
701.326347108
490.218782192
15.0681779198
432.863825898
724.677431826
227.068720326
29.4150475324
42.3814750744
259.333240024
859.483461985
954.016328519
570.030750365
530.894977165
959.727672022
19.0821207558
993.615925653
493.3287787
866.115941395
951.211767826
103.329433501
969.339207138
292.389948669
17.06360784
134.746247769
69.9802898144
648.768065176
78.4305681905
676.910512637
734.085891608
863.852054568
925.815650894
608.708249151
150.875606008
103.088718869
507.944459272
144.155093691
841.031883918
792.804535317
250.522057692
761.099476547
312.609213392
558.429940389
436.449279331
33.005492075
23.8564904921
711.210081149
601.24687506
661.550239427
309.708554798
151.120903041
824.06981735
113.162115498
713.00303687
955.834530447
931.135305064
367.551483845
369.670398273
226.034277934
579.624440387
176.830376642
850.303634122
283.831698269
281.338735013
110.214621752
33.4181018937
629.378154509
188.045625195
967.472208386
410.449554967
315.354797395
640.231006372
979.868948529
230.399123286
620.666165554
983.248730555
358.608103742
710.941522946
413.444302503
777.040835316
803.483107096
814.837219646
463.707377521
538.496246543
667.304323074
517.063596432
52.2810513158
213.222840251
769.222461295
112.949857347
829.595035267
575.94316716
939.692857977
905.951365393
406.545180283
615.969390683
464.522739012
663.377022324
23.0915309114
833.475998848
