965.823788096
902.669875436
292.230597535
400.429128833
548.84154578
907.98143394
84.2049858477
833.510355383
770.772630218
907.754070438
367.976913804
859.262883383
69.6378532513
585.453422142
897.796180823
537.982305254
763.399662069
280.102878898
623.135654805
572.8880661
592.232745295
619.397302133
895.0622479
258.745824493
93.9228490254
312.295218454
168.507328977
355.529436424
902.120718755
450.331800389
128.607468497
394.621880624
125.051226609
891.708927923
330.286714189
676.207007265
539.001201136
651.812320718
763.005335773
180.770515118
395.534253082
457.294660974
969.39291058
709.171700391
991.735099833
767.838883358
900.619894266
182.034725676
41.4789707623
655.154134363
457.583446923
484.916124993
525.946650079
229.588474559
608.304551198
759.738110891
532.760851909
413.799390821
462.543583791
399.71179997
458.974407877
910.291505419
488.717937798
946.308249651
614.006596825
206.887568804
35.1131830379
861.788107319
990.305207028
2.04872023678
114.020274507
872.26643829
965.707209739
508.695882816
937.354486777
363.056158083
254.619277945
815.599899343
432.735780013
326.866634312
196.816715151
38.9375364518
938.071276098
857.370400035
30.2984975464
189.282292016
815.586825451
53.6016949618
40.6185678029
50.3380453908
189.887739048
39.6380838502
764.674555901
25.7400940909
415.303006861
780.314652766
476.713800875
1000.37810226
395.673329026
323.313051224
928.351038248
607.933601775
487.347962849
957.174394359
729.31724177
396.498336607
380.216578278
247.343078457
146.583664705
90.8827217432
277.310300916
710.02612773
876.811212674
555.597623933
465.692152062
770.489721425
102.577249605
174.345638369
52.8461752879
748.437016095
602.39597155
878.233968101
327.108895779
821.460190012
928.049122217
569.311557315
268.981247855
277.89438939
474.335393018
153.868160159
27.219853745
614.193997447
795.65353525
68.6904728863
431.482449089
347.105958018
58.6972508564
3.9356545174
845.172687277
576.909578261
460.606109976
74.0817440612
43.3948104068
266.836834361
393.959266736
223.873905983
307.283848942
18.1549394602
286.408327022
916.505131812
941.54243661
800.178708286
566.41001286
927.302429627
61.11780306
641.910600435
430.95677339
603.878888478
679.305656874
597.395260721
720.000975343
537.902416091
4.65549929612
865.980492166
745.632806684
171.389870062
885.800556187
740.219827975
242.655969679
907.725599506
812.977392582
608.684577696
672.031316941
319.567323878
429.026102166
563.559081728
2.71833694011
859.657441646
230.615962919
42.6780084578
413.732486862
148.820475566
870.342695236
486.018969741
630.05582752
36.6257940468
843.524612657
425.266129711
487.819573437
544.518296854
635.34847646
497.555112828
911.151915892
408.92407244
2.99778231882
529.549564431
681.809001715
140.403551255
561.658308205
136.525733324
468.14253432
529.55523074
951.569115136
700.547272241
978.557713873
163.153168242
968.681447988
65.3381394975
15.6121139256
504.483109139
858.530547207
481.03371214
604.546541028
853.98320877
739.661682104
753.288328383
905.46009237
213.416020029
474.967882544
451.580293223
740.352389757
139.789022076
919.489571523
637.795398313
2.77309609652
936.800824092
972.479646181
309.80806248
620.405855722
291.718397832
423.261633889
8.94195624911
145.57922841
863.490241089
493.840028548
973.895916275
392.824603546
29.3118057577
814.862203076
855.561217378
404.189800394
463.658770108
382.599917841
750.831750616
731.820594315
653.735812166
105.732477021
13.6521519152
151.163090599
953.896137309
784.237930984
445.529425423
809.169626905
768.537525387
115.1773597
141.812547148
398.64820489
883.666057748
280.286069531
627.720044835
380.063891105
166.302436251
569.900761402
13.4458752612
953.674382308
672.124728132
900.673275189
281.18914791
624.804055804
290.308819566
840.881715586
486.074556394
909.98215333
886.565389006
206.838847572
442.950704302
223.303918333
318.963972444
569.27213079
39.7059614998
120.474188998
477.19570867
982.478375234
641.370229462
70.4235316271
747.632981341
518.067142718
924.943455559
102.274494155
50.7045335537
645.152441468
76.4928732965
108.847131958
237.675992697
793.018461231
977.932197341
661.101802925
372.753243027
931.536517027
701.204496534
297.139085799
347.24633868
452.846017495
20.9002885748
686.605849052
406.964245413
121.493784868
458.480003452
689.799400709
627.708413542
294.733187733
177.743245073
179.043874156
374.026007116
935.463406336
672.499724223
232.33549033
255.908475191
532.262816184
173.63669146
369.047705644
726.696208645
852.408314937
575.704054839
481.452332374
700.991146987
375.356400185
88.4915795779
868.827098921
741.738079476
448.688550899
953.403086725
554.440828343
853.409510957
820.043338842
110.101106797
917.018762666
353.263818366
229.948863457
359.193314409
835.382667977
565.626660698
419.982416755
428.897390814
101.198721772
390.346887595
913.003352598
987.115098632
172.93585257
727.335379846
513.741623696
391.300142083
846.841383273
284.121896431
25.7505444319
825.827461179
779.407157652
713.323655463
54.915236373
211.645705793
221.91781577
424.724013867
615.155000013
610.380606052
668.209720297
232.191740585
632.74667075
196.243197605
73.5257196724
588.371532101
446.579014846
885.051777845
845.420265226
178.462273548
183.453713964
404.367985218
80.2727274351
482.440089585
544.993017126
763.596170129
958.162033643
919.387832598
584.429280299
141.20999915
158.149564443
858.850925615
174.856311169
334.083375494
530.03632594
432.958188296
571.056343096
160.539254293
707.151883147
456.302758528
398.113606645
764.232909601
128.079699325
947.394626977
335.858606019
94.4742936829
1.15212977706
98.6655155356
908.630567749
661.462317513
121.075090342
232.803162522
581.851661202
637.316457153
749.678854167
486.140390985
325.915535482
870.320797706
631.889868982
821.155093055
244.031657299
544.164876138
961.062724218
532.428988637
17.7703516803
713.462469104
532.693516005
846.273502564
324.180507655
890.420601674
982.477698497
123.262654984
35.1469090592
396.371711171
218.643642012
566.95919826
705.12023575
959.640459261
997.634219413
797.653165006
541.21255286
70.1174337177
509.095674082
787.893010945
67.8056794039
134.537187928
205.020908323
442.222807335
386.070056925
163.629525116
200.18957251
185.880198716
176.338310658
243.105253728
265.695694135
988.22755315
354.843206717
318.042052479
698.462844366
49.466999577
839.251608272
599.112543585
803.21894452
727.698984804
227.858369737
167.496921726
994.627205271
380.81517038
76.7101634179
971.930282554
719.990687703
439.206511831
256.802881834
977.363604025
955.568492005
593.382590478
410.565946426
105.074814202
60.0138880613
942.335527145
382.340863067
266.634240437
609.781832294
994.421851967
577.820851879
540.583160895
868.903173142
83.9016202326
1000.69579971
28.6454863029
371.759937992
108.684664241
690.515343901
134.736781201
571.706449231
850.119734401
675.810318012
213.157885901
835.521380774
846.983700644
952.172201466
627.942217099
611.176546977
418.015224259
129.001617297
901.990136915
701.960327135
739.420837603
259.871263538
94.631530418
431.664086121
563.12342987
34.1212530701
483.456655934
854.184389539
729.181540066
455.947758483
746.898921298
954.371654924
875.218038453
329.841223388
892.66148466
219.369595457
260.146179742
618.608351087
405.449000359
319.668946991
376.630962087
852.059803188
51.3060827091
777.236595332
72.6453762383
631.834433843
665.437703101
347.40764388
979.573331424
563.793244608
772.666006952
401.249243376
802.747982185
135.079835413
388.242045732
301.076600865
185.515164608
860.922412773
755.301462632
432.663537122
350.172380339
407.860799192
194.063122695
797.5194174
264.003556857
749.509962097
529.248098024
448.42433363
247.370156858
997.040785909
475.019563168
434.96251957
546.870225078
317.047102656
413.706457818
677.815456173
503.97990065
775.891657111
275.767284882
940.38275775
507.647989106
557.401422873
668.44144924
0.725185561812
290.837329649
934.655539545
676.781502979
584.666365099
338.941001404
423.232068665
566.136882329
67.0066055994
782.791622758
856.885259627
330.010824727
977.488451074
68.4198610638
279.675268472
504.2398553
575.757096254
579.468791725
887.027706144
435.283242492
105.256015576
780.686683374
405.150214827
577.010827221
777.109835181
672.933293723
632.092482191
725.135865133
364.283483968
44.6913448255
449.232599662
881.660836903
198.515329562
637.206436893
456.826737374
914.183118064
782.021551011
884.992373914
528.716938157
33.683774292
112.079607375
871.219180552
880.805715708
715.240763995
546.704384718
196.867231976
481.746749828
204.436642685
900.748360971
765.862622929
657.987394915
899.588888556
997.764255673
877.238243535
868.228328904
498.841204909
866.682923538
334.19765813
629.792913654
616.37158228
839.976043559
753.895695094
776.67995704
699.545763509
516.961874125
507.669272095
904.491878733
324.57988732
725.663920631
623.528712262
292.021276172
138.889682877
938.193968411
140.866499413
163.501119494
858.827965282
827.527847138
230.32428132
729.390178771
374.244876932
535.903666882
875.509328896
213.442032621
657.260806495
52.5007990171
167.381227219
519.050170671
823.775749976
187.139325098
418.020071539
194.759184788
579.333219283
558.104640965
258.545737967
969.555177057
84.9376043742
225.436697342
655.289759962
245.976445167
273.364659166
217.371338041
421.226903947
839.655436466
210.927674082
376.839854093
420.333056228
674.091732532
228.490940412
53.6989446768
562.084967978
570.495459918
892.883217135
486.500167134
465.390551004
410.186770803
956.715449615
865.517519811
507.182810779
359.806963316
574.433888098
350.503824923
56.5930468121
308.616026804
676.431683074
134.849679223
36.7098686761
173.353906263
312.971091109
932.220454805
267.86799398
534.602894336
402.195148551
477.51746038
489.344945275
310.659035263
786.266676765
993.294914824
732.900447564
409.141945293
389.543624481
61.9818736686
695.349207179
365.202071579
336.927118452
729.613622715
16.8680440378
671.596738729
382.822256411
940.333456476
994.580442481
549.017178472
326.776538826
457.308377627
266.261703179
809.291646991
524.250883372
550.360849377
262.426670601
321.942971026
695.586639867
266.20117521
36.6299389896
542.662551897
478.699335319
770.256998995
652.106170878
768.164062808
102.892999567
447.927568278
230.527404286
305.790789602
812.93312628
824.630490589
878.81658155
536.898523674
615.855112538
236.762265015
870.665530289
23.3406165439
878.515386217
486.526956728
866.446620676
295.879595987
766.710911444
274.049559879
648.381003063
603.997488372
831.174715263
976.423386772
322.46868517
870.998641103
625.513506432
687.29733085
764.833666949
324.378145386
379.243050359
343.579012209
943.075439833
984.324297549
351.538829241
627.587079879
400.1030635
642.404529513
735.926441607
52.1978488138
254.111606892
665.565147151
496.416402938
233.321758845
980.240542909
159.934965498
958.674449072
420.735514179
44.4127849466
144.591963173
990.742582171
645.206138862
551.803747323
707.636611213
662.859676052
492.485965337
567.662695487
798.06265278
406.312977184
75.7701828358
202.095907743
816.575232561
693.509824065
525.91980301
218.259593311
819.225283974
112.941527454
717.660219838
36.8143904694
533.591191365
1000.91513555
535.641935141
750.690517563
584.202507087
343.865629282
446.294630533
328.648549938
735.384124196
162.599085317
858.940321482
456.931236646
720.076501853
991.646997382
529.987269918
730.698252585
341.67029839
273.918017159
652.925116548
611.354304615
227.121413993
567.013670203
762.01220897
949.852766884
572.431138951
915.650704921
747.503811139
845.45622344
780.756665507
633.96703405
2.67548876067
79.8231044207
347.471463826
82.4028840512
741.105950167
138.843285135
318.142154665
696.170356205
533.947559418
33.4445764233
661.281428399
113.393982197
635.402568392
238.312113089
430.040662299
21.5835125855
624.063753418
217.657268005
654.292904255
353.008545606
361.062902437
501.123148841
956.928652079
67.7025864546
675.453321666
664.279749401
514.417339495
15.7762385207
733.721754009
126.767273089
269.704416692
437.573435434
134.071346365
421.487969671
155.950690297
507.303738988
113.595010898
512.550120535
439.65709517
423.50325714
89.1736182904
318.448160617
677.37083926
760.606531835
674.27066553
622.208535498
569.78608278
455.414589371
758.055854966
265.198430786
499.621946174
331.37716713
681.631600505
572.448591573
957.904279625
15.1159238864
429.10963553
205.61955563
257.894373621
808.80596231
167.416606657
620.130050859
882.864602967
476.189673669
985.809422779
635.786232738
557.656953963
727.191484053
625.176973069
426.014346725
54.6413321154
734.719676997
969.220446237
787.798356321
375.707263238
954.497703368
934.137523302
526.951885853
714.050869516
22.2146501407
290.803601772
801.604032167
632.307642806
211.981732303
366.846139443
871.948079639
654.536330026
440.341686178
345.35914235
11.3463028684
129.392043831
137.420530747
5.97115512864
328.445770753
609.768247231
41.3313376272
102.346744929
612.159887006
828.572756043
840.237592176
485.135444601
745.5233341
332.585127893
646.553511437
502.038723276
454.345001018
539.694741503
834.16436106
416.526270911
472.081670666
557.885496083
549.676818721
53.2235578549
52.8005866989
107.31889373
267.16653175
382.844097247
545.909365169
637.115285388
683.212061375
386.822823025
301.145252013
763.623830916
23.3839029481
704.595042746
936.34198968
143.283570124
217.326085113
182.670793104
693.891838892
381.448962667
479.507918061
512.435232931
761.438727198
344.75025676
218.223179768
47.8080597591
144.868687912
361.051444225
520.855535297
911.000159995
229.151147592
223.101944104
886.869116997
272.143144581
845.703368905
718.132969173
827.808127289
428.658806306
908.874013891
683.051091465
311.779288506
308.220208096
146.98335652
501.905226688
479.954258372
216.67105999
251.118183601
458.894429752
514.344306226
120.400279964
341.993960293
311.620755039
286.348590009
410.314563217
398.137227174
521.793624092
210.724104235
247.253829515
787.577053984
944.623959897
820.485174716
