762.443877318
836.115169535
307.820682459
428.093126546
111.926723891
898.963410246
323.055995267
553.209091725
537.496327681
405.043605145
781.936721101
62.2953868286
241.501932598
482.078639374
628.819128086
806.428201692
195.502759945
476.05451294
784.078810994
430.798834854
166.800830085
446.212692435
923.976082049
20.1762960583
430.901211957
768.079541543
45.0176851619
23.3000508009
808.05827408
200.40659347
843.88068462
642.092610783
420.274825786
831.280612409
121.567767184
262.39077833
328.020428784
423.017228581
867.393629469
720.868116621
221.135531228
636.614899706
968.901045097
465.808203767
992.877329675
876.276453959
533.344681256
758.994468375
434.555542865
739.006329988
378.552712087
536.013481059
569.730207998
720.348411871
511.153997562
902.546668322
231.36727925
10.6328001988
545.145291188
422.607234976
234.373057281
290.037579533
567.562087984
589.090446018
927.757484099
351.835259997
424.777907523
897.03493219
720.56976141
181.454716721
339.47857447
865.942616585
838.288572159
215.531800786
58.2606205354
754.386425836
367.335505068
601.2724238
320.260765505
135.481165858
362.822129518
38.9920468628
129.308800498
720.711880963
185.599279551
576.96900521
188.223672767
148.662494038
976.431226843
816.733547256
316.591372599
412.950415363
560.098030853
630.500378235
580.933331712
833.41155251
806.356276653
538.757944416
915.576754872
755.95638875
951.706522735
693.937468383
115.775402324
198.650423209
571.320883662
965.83938254
824.849613211
656.708813945
84.9303141459
956.315806519
719.738168857
429.715105513
82.2887387004
576.057766085
855.586875594
42.9327002015
587.651084744
685.475978986
248.213153344
668.079468291
138.982881463
510.838413099
975.854467414
388.936465211
811.562456982
615.594011238
988.329032607
370.709829845
731.509597377
364.762216555
929.702623914
762.23813858
309.153935151
507.476689421
567.771633273
420.983191488
350.352290336
978.678368479
312.822853007
785.474000639
42.6604856259
378.316259006
680.647184291
638.761509047
365.000836876
67.1222623273
360.206041697
294.830516204
650.367828226
847.151349401
894.977392655
87.3068283193
568.103100448
995.227153997
808.526879936
328.632094584
486.431610829
691.861866988
304.101221931
787.098717292
984.061256149
299.146269951
120.93346554
338.723446878
921.926581979
754.753590993
926.943579357
754.471177491
51.9838088437
763.270745842
451.549460472
496.316939742
596.809446941
909.529770331
516.858007128
215.424973345
319.045020761
980.57141556
483.079356138
980.191706371
587.298376672
344.974560874
431.01110851
669.569476339
346.186547453
721.481679532
953.219074649
437.072598809
874.468891424
883.336710024
645.336678088
865.440142681
940.871637017
911.205759643
716.960698861
210.219289765
475.073585212
843.459749862
16.9381524752
208.678431771
160.982376195
799.533276161
638.060977734
993.841183344
727.684349157
272.401178796
595.630095646
34.3835095771
594.647834146
114.124602921
356.342855121
184.806247041
72.7535786543
776.09412527
45.2398314001
844.047047242
659.001559234
543.059292094
433.164825811
144.683633976
432.188376918
682.162361022
165.849336832
657.809451387
424.852445414
665.132064398
933.370676166
618.500929135
984.586720635
462.193392496
235.964822264
824.255153937
599.373705322
727.840281645
997.291495329
344.374738504
420.160014841
709.93943448
261.422964057
277.733089807
831.550530615
233.333889086
900.523796237
389.217639735
437.483601499
122.93341005
713.963027545
942.386995095
227.438863597
672.789877596
283.400452202
58.6645551196
61.1867158554
891.51264015
567.418751787
13.6499876934
843.959468975
184.897092241
293.121285035
759.145192041
606.405017624
738.584621703
399.844917662
585.327597077
539.109146991
491.352791787
682.964621951
873.910184173
713.099282511
346.610289833
757.30362539
317.787301695
861.187336892
454.564445793
589.232662594
958.454218137
813.998114307
804.704633049
795.250528036
576.360764433
130.170895677
1000.00850169
426.191211225
693.80966784
169.738449151
160.995357738
766.312124201
942.39584789
691.612999247
344.849843915
119.212042275
766.935426613
690.173987114
683.112282046
396.089319766
645.360433809
398.822340456
119.327343286
657.068619766
336.126644113
784.558892045
722.286912296
429.590355425
805.911739825
750.072656284
403.101879819
468.738376806
369.667090999
888.747043492
756.70464049
497.485791008
913.727196862
904.143857351
502.027433392
363.247365924
10.1578958696
453.261148977
187.815076899
137.95265606
995.938924623
617.755894897
218.266376646
987.502776549
784.69544972
465.603741309
563.655933667
242.66678982
800.253180984
547.414268129
44.4645639401
778.301581252
637.639523955
147.453201292
250.267501666
380.743195022
186.644208596
250.963300326
723.247339187
612.710003
969.744934503
933.979868115
666.275155156
253.957706787
994.895406074
174.695760567
276.508709368
345.407773414
717.379423042
892.203563614
694.48267824
358.015547129
266.29210359
702.800685636
361.094343543
137.410929671
375.029233933
838.700270998
61.68977537
886.264931081
599.886677007
909.165951142
251.233064407
444.403113963
737.83455461
50.0522468449
906.106460018
987.577069906
879.693780514
63.4131168724
906.261689944
739.987228884
644.499294954
523.806448727
916.348303599
703.362765831
85.3511950511
686.257077585
731.970706572
930.490927995
837.188081733
228.122715257
316.543904812
916.887831242
920.357261522
473.329362938
611.970910884
54.7470616997
284.333748694
861.326737108
228.418063511
19.202999845
765.907619581
881.615838696
477.208405867
827.789596143
105.892633423
106.483545947
447.683114595
276.682663943
273.012489974
421.352425841
648.882957137
19.7347932363
837.012061232
372.521222973
888.764168847
826.564186401
531.20702323
503.020611012
587.908966661
458.913434085
848.509014952
123.631965372
888.578896568
734.100740679
744.074133776
30.9054752396
325.626944385
63.5695190918
38.5881062693
215.254964565
852.975082039
352.793152643
290.289520431
980.582902187
233.458448255
863.56272369
570.117714797
648.625089693
821.242745736
330.56062898
421.876403947
278.717898961
675.923064273
430.784698858
1.44439336333
634.350821019
401.009209892
354.071325482
908.401134117
137.187681481
756.8968449
35.6591116013
758.697456171
42.0407600403
75.3583121726
28.0717157226
468.520316975
106.269741995
884.131896941
722.289631956
914.109538537
573.44604104
734.60584632
446.510016367
535.829769922
10.0135576479
259.143187018
863.604898782
650.35224327
210.004283314
81.9490441754
427.532370841
828.92092038
685.052610278
555.6129032
492.770844556
286.159546721
232.743790335
140.086545928
404.696967862
111.174190917
354.468893405
555.477930265
684.170582693
387.434363544
489.980655103
161.373191998
9.0359716801
178.382462475
315.974493029
620.827658964
670.572285059
586.430408659
839.137613502
781.285370443
976.250784384
65.6659868825
406.066567098
637.842916925
171.132515864
484.437133734
495.729652419
853.82259811
766.683404948
101.474814921
50.0152825251
462.697036054
317.19444441
928.483518717
898.696695498
713.323483437
808.207828766
682.757115637
555.35977996
266.594239528
114.082236019
367.012528305
11.742661617
698.561629386
420.190922455
890.588659834
185.664824509
274.485701748
579.065705844
643.535172765
416.397078759
750.733482067
116.441889131
765.661892205
897.987997305
592.575038862
49.5588140986
121.559276088
750.854655806
95.7663453779
632.876304069
117.010868186
271.672612426
713.405442682
340.032841925
401.440152019
808.764323633
807.497569244
191.884814431
779.01848648
115.813851648
235.04922108
474.308858847
352.994240734
898.212439876
383.965188281
587.100061996
635.719156765
332.405111581
70.7041680895
325.917551362
507.22436038
728.195168834
458.609794968
831.65226898
610.03115493
417.204251547
454.525690676
600.542424537
754.441937595
180.204488926
364.280752356
43.0029292473
567.382437135
921.6017419
167.636727605
460.718275317
933.701353772
139.050133959
163.298167895
149.56549942
286.959223748
727.216765862
123.1620051
223.789267632
22.12576151
361.661455098
449.984953495
570.085965344
950.814473316
939.711079167
965.390755741
99.9500525159
117.764206976
413.349010896
344.431441501
490.216213319
780.498274131
744.462848484
589.534526401
388.645210932
905.699070426
795.502632531
398.356377873
857.2373481
735.292207398
746.680637988
640.464786015
490.490974807
220.481894341
897.033441071
289.303217122
268.331918178
515.918663195
476.467497395
91.0698141557
414.567774001
51.3603826652
206.832351821
559.585371314
978.302272273
376.142143865
770.018002008
498.849455917
777.348051704
93.3549818393
40.9528940862
291.690907555
480.628385188
792.067935984
961.764665895
478.882784472
378.692249739
597.175517558
666.427003805
478.974676957
784.771792621
377.511879748
424.895680338
160.615587129
884.300615389
910.329409301
18.5954845135
134.024673783
609.41763516
99.9375037541
608.671325595
717.141936941
768.221088685
27.2250114049
743.270642237
412.392640724
59.7125604308
824.856635678
962.979112785
595.603028307
869.354237703
279.917541779
838.689305934
343.589540972
331.397787568
372.477804766
537.769282641
910.572688519
545.231071838
907.213666173
483.016558868
722.347883818
136.664969227
808.469092859
510.869463837
725.767268881
424.004252221
418.148559154
304.090257277
594.923911168
944.441766953
298.620908173
36.7215813748
561.532838752
1.84876587423
453.720782257
828.14309196
103.044432602
972.966456786
805.88853876
144.498478489
11.1628054371
283.69304562
748.867927845
222.311427548
559.985747503
351.815021087
32.4665899368
826.594135785
941.788936256
135.434736158
4.74992332208
790.820771393
472.597629351
709.470144105
741.757745024
639.676014187
780.86195004
451.318991135
275.080060314
472.663276841
381.603024033
222.029476636
378.27708756
818.720508594
92.8035418001
570.19233907
696.962960781
849.532009444
301.051619847
536.928470146
973.849571073
122.854675564
528.685904111
110.55877878
799.365888367
908.755169119
611.611011186
685.578653147
606.808364016
279.781264659
317.13531039
929.166670692
168.799124757
584.723188912
849.081740198
623.391944402
796.892123814
611.88787929
610.865370323
735.964766061
303.902825624
203.822285661
507.33403457
765.186149686
748.490142216
965.261996884
991.600515046
163.769668619
227.43884335
654.943972998
154.122754436
699.724602545
624.039721475
202.528592949
730.99728293
146.379307628
299.920956129
895.052014496
231.121702933
914.800234796
352.565222052
898.375095235
563.574274995
89.4957797927
3.42316592514
50.2104308485
160.670889125
993.916685592
604.831174973
644.930036059
760.585954597
517.583543826
271.577135554
604.613816753
397.83051404
168.839556826
472.505535514
442.986854557
549.057138013
299.156408252
377.360015234
869.608992507
853.290586644
828.034583849
386.585373269
795.742501719
49.2639266273
891.396318068
443.127558403
641.257625818
751.947664538
172.13091896
270.990918884
278.987069069
108.230200054
932.288875948
202.682000895
572.992423958
852.187163388
142.703941727
148.544129058
787.126682863
772.866545029
472.245589196
190.997858812
498.495753025
962.437913337
115.368162845
885.33402972
798.292510147
329.856970066
450.802320623
565.053121486
846.25211142
355.757529006
956.321104311
99.0858238322
189.262905607
951.605100869
28.8086853737
895.25519178
734.496184239
748.10431681
583.368837936
459.636416607
708.479974248
529.153770703
749.556898321
265.743810874
883.02372728
885.530049869
561.954668864
85.4709716758
236.568913741
531.939960538
327.695106011
468.118077759
711.334593265
531.459851627
426.165250916
489.469725154
286.395365566
176.251742401
160.289697096
138.2819983
245.83547899
370.089279115
154.765871489
551.82000441
952.787164451
364.476742915
297.957539853
64.2354876465
928.422025609
84.2015533948
168.592632367
55.4047873592
803.499084971
426.97241986
505.374788398
75.425522267
585.494881107
555.541463597
296.898659716
23.9708480742
564.979369127
381.018799299
372.906196522
131.516056311
158.111164508
981.473207257
666.428991928
545.444454245
338.185867001
996.233770213
237.549170868
75.3226832514
23.9041256366
378.772628039
854.556881297
593.092699129
479.15513869
492.463718408
132.684381384
824.929537941
379.306901269
205.600422376
377.379010413
422.674521527
189.16602848
142.347545464
390.364747426
638.312060226
565.832544469
232.466515901
356.347745673
384.006307912
823.999494803
304.171006957
925.792457439
644.889533751
860.339487719
801.000167674
591.917471895
838.040867783
46.853622736
201.806504776
897.452384892
68.4474508492
637.499174572
636.645195782
522.151052817
200.525417384
855.932273783
208.450213002
104.787503764
830.701373829
902.225827339
816.724891318
15.0684237368
147.857600169
106.141601586
167.75819749
916.724788199
818.179428509
280.146690996
208.361355863
893.472593534
947.024957519
155.13967
936.545174911
890.182671281
870.46234312
901.509025471
864.262837755
660.583477258
556.095970872
655.327831743
464.408111509
470.877258608
196.133677949
383.860697147
65.0758783715
525.687768431
544.305461683
729.7358697
197.36718349
937.203821292
727.218004943
302.11858585
283.764378941
28.9024846128
216.559178245
444.090478964
313.842979503
587.598345047
644.076647532
135.52302497
981.716022706
704.50846172
661.302633957
666.159133178
503.040317849
611.690046013
218.319559499
968.936326655
485.498773193
422.759138762
737.332287981
380.259557537
195.365479046
628.288541313
251.467529026
649.808200666
934.359257513
173.913584115
678.929619943
767.656215548
646.406007464
866.177733894
433.625211255
980.067895383
322.640550752
879.163278688
389.059092108
364.900655879
202.408943602
974.045982626
700.761870004
56.2350731549
379.927173335
57.1484553033
575.1603532
470.137490336
903.231464231
227.337702723
665.962591149
388.806925556
401.497560265
741.643730329
472.138590346
920.052350971
439.003713064
483.629194448
561.963511568
796.947839477
551.818858802
415.562969717
628.831683084
942.11772021
734.257852021
911.04616153
762.332035252
835.156176226
313.041255035
737.114691061
747.112678239
