938.854
820.953603844
806.650613966
401.68148361
571.19682178
676.056327484
348.265110419
883.619588654
551.896401166
41.6971344858
34.8667489603
845.287178494
560.17641572
59.0005236835
94.1093775175
552.535645297
333.626694986
361.449410643
662.239773422
669.993122475
104.192313225
229.911260131
375.626515533
518.847036968
258.694803284
518.004087465
367.492735832
164.802719275
300.848176994
761.496185211
777.439158604
195.711623122
252.094089227
217.468130806
890.898182648
99.2950710347
345.3183527
661.67473882
81.9075857431
332.26563025
301.179233103
901.139552379
833.172503135
19.5397149479
646.891831105
815.485101813
867.385615727
278.12882854
83.4367650147
20.6996146497
122.937949748
128.007025229
271.459014145
801.848544966
349.266053729
977.488024281
538.471670638
238.732266964
748.377190762
570.534105392
694.547955994
63.6740517039
982.451553348
908.313755905
742.791008813
982.058184595
865.165323087
425.177272745
404.707279745
389.042538812
909.645570203
577.804738096
571.742097111
151.212694736
605.886854044
946.876986449
496.136124614
34.8410745047
794.033419816
201.674557473
218.300374327
248.605079185
804.799875983
413.039270012
564.267103359
516.861050603
928.996095082
132.730166913
6.12060467753
441.817935478
902.70139239
565.206066952
645.118139941
147.619562693
930.172493377
906.115191725
902.067508768
712.626405662
367.414898813
50.5832476162
603.599823893
90.3927884166
467.281410695
708.614428659
648.595580797
839.189389868
184.286915101
21.7779420192
719.705941743
614.373254562
407.557361128
774.499132279
471.873574858
646.934210508
360.337352743
756.335193974
21.1496118687
483.533328339
185.079321735
635.641260544
989.691523002
377.041719162
998.775425266
333.360384112
796.887087849
363.896082055
646.399649281
927.643761572
488.891580241
453.938340727
903.165825584
987.990582534
806.463945615
697.91651186
772.912465795
586.18988209
764.681069651
674.776500307
837.420194385
867.553667536
810.889984252
387.767926843
395.802133651
496.095923358
148.036531678
134.127699845
518.274271578
747.230435433
456.669680459
678.870894333
694.882376944
24.410061445
797.671309422
59.8142175192
748.015510912
670.557200493
983.384627456
431.329059737
967.880922024
673.196811623
981.956467327
538.623896896
587.300018922
354.456196818
793.530717846
67.3344850722
526.03539787
280.243154842
474.535281201
730.995508551
203.498934194
758.848833386
159.911336045
187.985049819
672.825193272
681.451290317
282.892869239
636.547137082
295.354786179
318.984860709
930.065185951
124.298885206
630.598896072
756.974849975
228.712322147
176.095209638
790.920830596
97.9882247602
262.844948399
555.549968076
573.767308128
163.77731774
719.824988299
416.299206724
168.56874282
967.541866475
354.433707236
523.002111455
918.124717719
420.264956793
127.859342222
940.318626476
420.181765178
552.859806839
207.496974449
587.013050018
213.974207892
620.575485256
843.921481799
889.337967903
504.928563432
987.230374716
442.947733397
610.695281769
173.927885593
741.379770429
124.213653582
868.313351455
461.374908027
326.377193099
24.6496912773
964.321736238
330.068159915
426.429745587
874.228664281
269.882908484
280.708921582
191.714440631
550.231758693
300.009062611
950.962178483
330.303651024
662.682063593
21.5772644664
110.335763868
604.783362821
527.279493705
499.588738928
522.696385829
917.708897744
452.717600864
785.490291675
179.965416024
266.937505775
698.772956936
513.077818592
301.252860262
775.018398
175.959879034
505.779228728
465.021419193
596.212138634
0.224174426952
638.621807296
605.096935643
309.139273437
832.412354029
200.905789403
729.687324671
697.608648173
924.477866828
132.177973116
303.644489198
104.736331156
225.44806281
722.790830145
945.122203038
529.97430452
71.3487460587
816.647962507
482.774193014
248.911898554
849.611605671
666.863829377
429.953063772
605.990774275
507.815113714
987.919643498
954.329780313
988.291722193
837.30024519
263.817232198
66.0271135027
408.969183825
931.205004761
951.499327238
140.395380823
100.438599226
54.6211804176
116.272012565
56.8799922048
920.18358625
978.589007166
366.716243872
40.4727243762
643.120685779
678.332014187
502.003620388
88.428358128
722.049858498
301.849468222
64.9800032722
184.344376016
337.938409135
911.868475061
272.623946577
899.883352287
304.821756965
769.1060582
63.1414182421
475.814230577
553.069404869
666.929714991
195.043736421
658.397270488
998.651086672
85.4790202378
105.525028779
259.787677619
585.747597645
839.266679297
940.846734144
885.934788551
490.451834565
929.497635408
170.446175469
991.165007425
667.761219769
52.0523603951
78.12825863
253.814104517
824.879156919
881.440402738
532.04688533
214.711610631
851.907953943
780.72310315
647.230182533
535.023411642
514.645103809
906.17759837
806.773347868
802.729723938
382.973643369
80.7426481292
117.429100144
905.282964925
374.286304262
593.954532124
890.730580018
600.686622455
392.015338564
425.430145903
427.293359564
886.347058478
425.04071168
281.919178944
446.305268282
987.755179293
213.995423901
832.454668108
929.809615919
984.421690526
683.550706069
439.641450463
223.810350997
154.349775694
795.800833274
12.3819104778
235.297777693
280.347871665
381.923378679
574.56613471
373.024393756
204.791441737
7.71128583877
839.818581846
863.78797337
801.429516074
862.411844706
146.793657487
916.948728448
42.5780957362
969.586388427
461.889079399
882.568841051
38.0065707861
541.934095076
404.078972771
628.688234377
688.336883465
333.328954655
502.268761518
564.421533221
352.826193326
41.13980029
32.9144980346
669.82087577
58.4932892263
304.000087347
16.5373901809
279.068344038
343.98552213
758.132721299
783.944767562
79.143284101
562.993832832
304.409908024
434.17796394
135.615402991
945.149704234
486.944173109
120.270069567
890.356050898
759.64305196
862.300514512
213.362035147
610.340971271
211.101946226
486.096918745
700.912818036
330.563393802
484.416003077
600.80155601
194.984626735
914.67986162
530.961722233
886.100755017
288.006661046
564.689259495
545.271934368
394.018495301
211.703866375
530.424050449
228.049205332
708.034595751
878.423600588
495.889946008
566.477815365
405.831831706
83.0333050815
527.83502326
837.946158312
112.973859215
653.186127661
241.646761045
111.159684945
417.46447804
754.295078509
54.4590134609
182.178331751
930.340967201
976.856817589
139.913987887
515.108253154
245.336462115
774.203882319
508.819224318
167.890762411
152.064680626
273.449447913
691.803506124
635.237459353
956.758394554
81.0290885464
229.243121185
408.771668583
123.894477874
97.1415190008
952.273331245
363.912790386
203.617327568
995.408345514
739.372762667
152.633546291
807.390545665
813.205735645
136.426383951
817.87376997
668.696124506
197.912772861
181.177056906
824.548409633
75.5672053036
121.103733847
243.180827272
58.5917007304
159.424160149
480.347397493
683.028650895
476.473146646
315.320414882
719.170735292
576.29524964
392.731681724
400.776697319
630.504720473
507.984266907
436.42785006
973.20069644
883.66316407
35.971652742
87.6282855215
354.005556184
218.188860023
634.834577874
431.256870679
470.859382868
31.7776992213
621.976785604
325.95104175
404.220589328
810.559886414
234.969955866
489.71206208
972.510078674
156.594584254
775.259011071
715.512307525
447.967300209
25.0876480753
80.7227955549
498.362055428
122.061441649
430.237518933
111.680935991
865.769011172
7.31779311279
298.595197425
445.295976711
199.881794622
342.095204556
560.107488127
990.257216621
361.336934886
613.12279834
415.863624012
87.2184350055
680.45324118
412.268514892
287.774674752
689.208652402
647.136820582
672.424929992
688.332127053
669.726306368
13.588427241
513.351688173
462.897163793
358.499899141
905.77487043
962.215341835
247.602854737
715.085419909
40.8068407606
361.765879671
388.491043631
32.8559854419
115.947024886
508.510821286
337.159815411
877.664688479
408.201038789
494.812808951
64.9226895233
415.835076055
974.19814493
671.046878628
10.0426630624
918.805532476
455.894390519
771.030022726
492.781391876
168.683963715
386.942360876
565.237852955
603.652300492
872.171476362
927.710887047
146.420307404
440.019174263
738.242164747
951.713203352
986.308818375
286.43499623
435.767464672
695.079687939
776.644606916
952.546640251
187.311654538
447.768391422
282.962365368
921.426782188
261.325089895
545.125966704
391.589651021
193.25560744
829.278395922
558.369778059
168.298186698
585.501464067
886.396085562
147.804223832
255.789527472
102.267517265
878.922069737
472.652775006
898.852273766
824.000675667
61.4445742617
884.716470635
519.990214512
471.512006437
513.091516874
535.398859788
919.642008434
728.063828569
982.92108756
451.928739662
928.761765089
251.530694691
395.241043452
47.7543144105
381.738978333
120.297972903
145.397254581
592.230802544
465.247511019
829.079512043
770.298596597
805.649481816
228.023648796
465.762295943
452.27389437
895.999261709
355.336361924
77.8623551058
313.547184888
470.250930065
332.218464395
721.568949307
12.9613764682
221.26924461
669.14291446
717.850278915
412.883074509
549.716038219
839.398429479
960.921179966
436.992393001
387.164292461
972.863625778
518.980679438
940.614500576
895.974023498
729.778677024
694.048356441
104.709737777
698.048142139
134.561900233
434.264117557
877.365088409
683.847515285
951.661838804
393.825705436
398.158635234
750.91649927
242.837504125
354.011371354
809.224469758
673.582667841
177.318374146
93.2774757871
261.489489307
733.098198351
193.134487062
621.81505847
971.438739129
204.029028267
284.718500402
314.256049137
4.5355468696
622.152444594
137.966006922
507.397613225
901.90839518
621.753315676
697.362956849
248.038949634
829.402894778
933.302177935
358.130885508
684.658439947
88.6821325047
487.959717916
966.901194671
520.031425767
246.723811347
172.499168852
813.708437303
274.93048473
47.8768253857
390.924096507
278.455622319
9.23196686508
204.36531211
62.3368034583
201.82088666
572.93602584
225.296614687
433.360794347
740.824118497
353.386358896
616.425823901
157.47211813
124.254962156
318.746018282
326.796616985
651.482838398
438.757955547
620.459687228
151.456764761
135.776904811
772.995383933
896.906191264
693.958983739
835.978088719
758.731049033
300.548385284
50.8374133075
783.159876165
776.909254326
665.427775523
428.986160722
601.38115374
966.940246338
340.922094427
815.058368285
586.063281771
211.558787683
466.200180932
361.69619044
462.31743055
26.4078504916
745.560684472
589.127559982
404.483085239
98.6392306719
83.1011004352
623.386566994
340.006381643
157.762900686
589.506900895
243.185939367
358.600882464
768.555563586
726.495498051
510.076983876
455.351898257
806.857230347
344.467475255
86.9087917011
289.085058994
834.531299382
534.811154848
983.709540418
265.013832184
340.444938321
70.6691566967
363.472336162
805.540627978
360.320491287
302.982858463
195.683018368
768.848350122
945.513204939
835.575002208
377.124039632
67.6056528241
797.873848035
391.836188565
647.718823567
992.615828341
196.06047605
563.540333517
193.44946206
598.54618125
525.297991549
84.9520992264
723.019070232
257.96508835
328.68315573
500.111349618
91.9302739564
711.267964178
651.145960947
790.881975856
391.091966074
65.4714293017
925.814728255
817.729134939
500.1222369
43.7995389713
645.325535311
944.554123069
941.527136895
614.939110569
852.591134617
381.969206127
955.658821524
922.25288138
699.869498652
747.13168437
333.492500538
119.722395573
590.477822647
464.03676875
107.547193129
10.2290475596
306.688709884
465.198291042
549.315687056
532.458459893
724.495864838
704.070304638
502.037561831
207.003309255
401.487122383
370.978764037
663.907818183
44.7868983055
259.890366283
315.024517327
398.686736497
663.451965308
395.9528632
601.954263054
732.264941924
188.738865209
545.425524226
293.261801619
225.207888151
777.661884766
380.395762682
641.814806242
94.8579481855
978.476585964
320.115236447
367.675283695
843.634149343
340.486001273
98.4847483603
36.5929176185
4.5973886687
483.397026288
232.282475059
861.734408693
179.577892437
927.111099593
473.353506155
483.539813853
153.029258977
382.263200448
995.653868651
167.339525808
457.154159367
537.334185549
369.993304795
434.200055021
580.298189128
499.57434183
180.160471382
297.489479631
969.726270387
453.768843069
313.868108063
791.562809061
419.337887714
677.159682164
94.4207889077
958.420017731
177.00119633
432.923060293
336.767691661
419.621207488
53.5521753562
155.089410968
312.940109252
211.606368161
866.400932644
239.349350117
482.039907456
159.922025935
160.347356615
329.192574946
700.651962913
568.842249842
211.16693407
236.340472353
42.1692095327
972.939571986
322.022099796
712.885678157
692.372670172
638.531807103
453.784758872
737.630253711
218.656267529
624.854844355
353.042832176
702.86519508
434.396196906
377.927472558
336.625177485
860.132101779
450.172171502
4.24715556595
585.861408202
440.810489661
716.495323746
835.985035378
444.275316797
185.474594538
76.6910828708
326.073996308
509.224412969
660.998718123
396.173543654
201.609471121
121.58135837
799.187671338
780.949389819
676.364910441
18.8909946803
796.248225313
272.058212853
128.01046778
135.667323604
476.615256855
370.238888212
0.472859697661
259.350825733
999.261528357
545.876933089
797.01165419
225.318556914
912.369228446
183.621202064
61.3469451968
176.22266049
542.446529268
477.893213345
787.928078973
886.184849736
16.3272407294
710.096822982
697.262908672
19.5831575512
306.090555061
369.606459908
611.582690619
17.0550305603
284.360259292
643.400749658
216.334704682
25.5076270804
134.111256562
46.5368621842
218.325549211
440.899086259
526.60327313
150.312679363
542.687932634
636.340444457
481.659223026
198.805735764
468.262127203
485.731084151
972.846772949
266.878188761
401.599101576
627.022638016
305.095739697
671.08455934
722.17322053
175.438905058
786.098104908
562.24391003
608.906725188
982.197083919
940.493699045
171.241681733
512.603435862
842.376622357
338.834624981
627.44330813
466.289013015
808.689563227
121.424520394
992.569099647
