652.896580727
151.352377637
3.13228229192
547.48841736
871.792238325
503.590896598
495.996061162
963.043937898
885.264894357
577.22788662
568.852324402
534.812083917
51.257003426
392.075264823
193.871447548
119.6786687
293.523982648
857.31226723
392.778972789
293.73714443
543.381364207
267.368895221
670.550752177
384.015665174
2.75624424928
24.537858277
729.011485523
321.369810436
525.543562294
444.288117525
244.542355295
851.122508275
626.161582949
828.872071637
966.033275777
766.69922964
232.9964478
130.451081346
976.788493846
841.28998698
574.223787819
520.042756537
35.519606129
765.538933714
454.267030422
99.371114179
335.30328784
549.170275767
646.031792706
508.799836926
21.2652399644
82.4980999226
868.563784842
204.859929589
683.293532903
176.135325479
18.1852723723
954.220794436
779.85712814
987.183078998
549.118196099
724.903411975
702.360250661
198.177419675
612.532132847
770.487409538
423.544084427
88.7059450946
968.514498703
436.878211999
970.391083469
386.573116928
207.120987822
384.679247379
638.903435345
374.567419233
297.9818227
619.540050468
644.556256226
703.704855261
28.2438103405
678.700019943
405.738280191
846.104981768
554.980641024
683.659638085
888.619779219
34.440471228
143.971433243
601.02566117
457.834952865
840.497821262
796.521161851
602.890247514
397.195832456
266.867216518
367.261097968
528.577101771
15.1234639752
101.13008902
665.496821256
97.0320437769
626.531496595
59.8946139182
773.722255543
116.923882574
482.543954602
358.360743353
6.03636108079
122.093391026
356.835046388
663.718769986
934.705604481
948.647847501
736.690351492
374.003150717
551.77974955
377.255601229
539.363941318
373.304820819
310.675857374
776.180315815
489.928979953
389.265295086
179.885319406
921.93979575
474.52003747
151.42714489
921.908374362
539.417136293
223.470750896
385.595812458
29.9650908401
871.034436407
28.6970221939
424.854794074
381.557861867
839.655748653
397.523530843
675.240306593
212.007013079
758.478679904
601.419427147
336.825360908
247.352104613
341.572590528
992.520520323
943.876837415
350.826821406
218.32893111
965.733007869
359.370024327
611.056500185
878.160639357
323.051565646
572.990999763
954.236274257
805.0878746
138.41368126
563.836906059
580.521219841
883.467461254
706.093513709
201.850428383
225.759233892
69.8556023509
609.943386149
986.667824991
934.604879876
963.29320639
577.984961856
115.871541526
142.168920327
460.183904194
879.913206873
878.015084478
339.22158
103.978876171
726.256878059
470.154638156
191.222609028
42.1906144343
150.881475342
916.471271901
100.847170174
4.22239774265
461.436757945
662.783847915
137.031237113
993.400355876
675.802463993
385.611870541
976.469016934
440.047802796
728.763018193
424.893956551
392.881755441
677.636955681
662.037812344
285.219700101
134.647257547
244.408723745
741.391737805
512.481265838
135.492129546
49.0334220469
959.417888634
221.028882506
522.577019973
832.294547108
741.741784574
160.981954343
463.541523005
733.814100226
747.539954037
535.396648749
797.601390138
145.516658694
775.051161832
789.433493559
289.180493147
2.02143260557
640.422690053
863.714849771
818.277373529
455.499470589
226.566716364
831.925646116
618.814381823
920.493754412
745.720009343
957.238498894
981.132243764
901.958170639
567.588457774
456.521220403
863.472894954
985.566893947
649.158838714
101.20531525
775.692416935
626.997425197
149.026387972
633.146114519
91.5130765451
218.618951967
104.132968824
429.899987037
908.212337522
529.858347419
514.733166196
741.925339593
722.717340002
982.630850115
437.822686291
829.587929531
770.832568559
652.124683482
466.140255193
436.848244473
891.334516495
803.576803815
589.840194977
827.942981169
470.867027127
49.5232759845
275.903406612
583.935179779
905.801662106
622.09592924
882.023380849
824.771590625
30.4859022262
447.954913969
336.638775549
750.281504411
419.704322947
731.936524451
201.474823935
599.679740819
258.549851623
170.031272951
285.29909448
80.4584454484
291.9277082
634.918254523
468.380163311
356.744940024
769.106110678
525.065913248
791.686320428
896.916293537
810.125669401
818.927354159
606.111130476
884.121742856
112.168267607
525.704538489
796.16406654
638.303948317
282.827264978
636.70214245
543.519372601
293.735827298
992.338629128
909.370447425
325.373168237
840.400135123
849.08736586
693.088690025
974.695485507
404.238512527
37.6503615949
807.472622846
387.363098448
178.46844247
499.606823624
515.587360166
836.208677248
435.515150201
746.147514363
699.336539605
799.713445301
841.456113943
896.492628054
391.073954585
391.308887693
670.596784345
957.197686431
51.265135747
541.60017411
929.391390643
650.893721401
667.939870418
253.322289557
712.066178749
322.425075854
662.320815872
768.281142178
563.007205352
410.834778459
382.841018303
886.211999083
761.639669025
380.253668467
99.32424712
614.520068638
462.966610882
545.357232924
866.647685908
172.610621825
396.002013208
693.7201979
796.584376926
366.840240934
335.955577728
724.954303763
62.9928817619
950.012727333
62.1851891202
418.435288902
464.184191181
195.280432932
356.499973516
592.945032098
438.688294645
389.564435828
479.517389475
78.5288485511
888.524110879
23.7559437293
672.011160238
784.885761955
821.945859459
158.985797224
364.291216603
647.161359928
879.36720774
958.250402917
168.670502939
329.91662619
404.552572658
132.91071534
736.37190871
991.040869421
817.022833839
484.01790162
789.357330216
73.0914982191
973.178007229
727.195814704
205.686948463
578.52052585
224.208550483
905.689448208
792.939665935
771.600736157
858.472738164
986.631605943
768.049290587
216.92152831
549.296988655
393.527847172
221.717191154
259.630820417
685.105675183
484.923721336
693.726028242
687.175014416
554.847742427
449.574255882
419.763056666
685.787987651
100.187341215
377.012358344
574.527315993
60.8180109895
130.220150905
177.740056002
600.104653363
167.31042112
619.159984721
686.965291067
519.133950683
333.141486486
352.834276764
661.686401986
570.101622268
253.089852467
457.288669703
533.050014122
162.193717776
17.6718618156
210.610791578
945.047907714
561.244924665
213.430860832
201.313367754
119.042796371
786.036766848
958.132888758
467.333151727
234.036881318
620.356877659
104.769046531
161.656366576
62.0720683452
174.353827809
598.273608793
774.180905151
46.9554838437
604.337348447
526.06229011
734.42592804
647.656108157
503.147897615
452.419019422
589.029610159
945.738604446
242.266966226
840.812200453
118.955649501
870.241865852
731.220977711
661.983726903
610.796787274
304.113569107
215.253770693
931.198220612
692.27425253
107.933048256
25.8107507823
919.504510716
730.049146211
451.967126853
34.0948365365
984.203750045
338.032703645
236.151168422
501.06159301
422.056962289
163.269686588
323.111726387
371.54274432
695.730253406
85.9099121855
96.7321469362
686.826577967
993.005827064
108.255570133
101.853194802
781.702239813
13.3048843109
247.785538853
696.935563254
734.847574713
639.086928947
561.124769406
699.73716714
355.531697563
428.915312631
794.169360337
37.8544529078
38.2643841571
109.762732568
469.315534838
248.898467688
1000.29737101
540.53141113
653.171341039
774.046856762
287.825554981
866.879625391
279.806805645
897.419037535
171.813167793
873.575005563
173.353339948
854.845021177
258.395845464
791.152692732
747.200319446
737.410621056
720.238989759
231.949287348
153.37371252
576.902206031
740.525299874
208.314698875
743.185622676
427.113966978
926.696624466
351.743134046
95.6668067263
529.679213806
792.749224825
462.113399488
883.871269008
596.045276174
449.033425883
463.683403185
30.7979226649
741.842319568
84.4539087532
39.9773734931
581.861366168
175.4387614
178.623301679
357.403398271
329.002237825
313.081987447
60.2483213328
926.148515115
411.36833661
271.353246702
269.485546062
176.103416034
564.510586998
977.143777546
163.604059097
131.560067444
614.98390216
97.8450836756
505.888916114
948.605881364
711.917566461
210.507708431
460.433846887
972.009579234
533.63048334
331.28192183
107.256032039
795.671456431
673.941487299
693.283690084
671.582153103
142.210100963
392.944066008
408.537916243
304.412975604
835.358741763
635.986009658
995.893121292
891.800712904
2.56439336723
589.300250506
703.526740974
357.754390108
660.248916083
373.293921791
784.647787783
259.143150185
20.4360153349
362.601421476
973.193728717
247.058583425
703.322955174
384.388923919
969.96848776
590.622631319
397.678946345
761.745127565
851.650476991
821.660518269
769.960413031
23.9183211287
600.661133612
968.840840759
376.417262414
299.300041402
747.644506934
264.516682784
30.6450199738
167.093828296
894.338360951
488.548707983
815.185156044
749.09622383
938.242397754
183.102839424
838.132927927
746.30879468
715.315500916
435.436307819
195.054748239
19.6226046628
510.968181416
28.2455519632
383.805013289
996.163006543
79.0551705116
765.244487038
205.902546471
407.300271306
166.070088192
726.304949532
174.927642344
227.754094497
426.608957623
290.883930189
629.76490392
813.588124256
566.676430525
293.915505186
389.696612356
20.7942943353
458.350217905
268.187559556
971.647831246
108.983463592
132.552678821
337.736497076
708.207004057
380.17670169
603.527901762
25.9378705882
477.750065409
755.093583216
668.553778478
384.481341479
395.588498129
863.04032593
530.222928153
334.704651868
603.767828492
701.888125022
133.404521075
278.939237035
401.774728581
744.705256762
18.4464039344
44.2957726401
662.695564852
767.028405995
351.723947176
859.957151565
201.578029173
293.049543841
683.620309544
25.5008777434
26.3127042191
627.706625463
880.244159652
976.576279181
207.207995955
690.813960981
495.810158221
223.309531199
601.833989179
827.181789336
219.574966965
1.05864124327
770.061303216
647.132353324
979.061458331
673.391674929
781.982571917
2.72084836976
263.834310435
882.698400135
164.711328581
193.113787176
268.737028469
832.028308501
160.289893443
61.9146836738
114.158483631
685.142022849
278.300716599
539.673187777
837.152920812
671.087514657
10.7423858231
599.334788181
572.820484694
219.805690869
166.83059671
124.026479742
210.834572007
15.3567072676
287.735100049
624.695761979
724.506510669
377.382311884
952.979040392
156.735333479
643.63526968
104.368311069
280.76764317
676.798845841
534.821163833
574.512030269
775.949791801
687.899555062
431.160274505
497.707515747
517.880162469
109.320548462
27.0548484489
936.777438074
575.539593362
804.97483954
742.434735085
696.407955271
637.379337658
142.024226967
730.605917852
507.818993579
297.268321786
691.974537267
97.8542701378
256.603205147
510.759714385
792.501344068
545.322430616
982.394821907
959.047618104
628.739818171
707.124643751
493.873495023
373.831558409
314.989226958
803.666736955
628.526085156
326.538844062
398.592623355
855.473275944
67.0537646425
61.5495660319
350.964451263
11.8448292106
187.739298881
978.659337689
31.0874419969
2.77791072137
665.747522098
935.042396942
580.056012751
75.1470059635
587.355827533
481.307375064
341.011666131
275.845113537
161.317416168
149.161117976
233.432506472
438.207899707
186.739065832
643.691180828
904.67175705
539.723434048
782.327540039
833.861595849
384.996987121
81.2240380323
14.9252470656
316.148511774
90.0440442512
495.559880278
629.196925666
710.302939673
302.064357486
416.212708386
316.471140042
296.333621633
332.781559546
742.037889161
929.410664636
305.942809041
171.66765025
748.253150981
466.627196435
977.326948
612.586252297
82.5948727308
788.105124338
941.166891199
466.939586957
987.857433361
177.300928865
811.927038584
998.497817305
575.590970912
829.105612278
325.463353021
980.618112151
409.85368753
595.803002391
377.337638669
115.801140385
167.827754683
573.334064846
59.1579543468
812.083265199
253.535226169
126.965240828
425.093377364
113.073304007
585.104737788
686.892940394
254.973231707
846.762848215
41.8915895339
647.527232831
169.974133813
486.332161791
997.881016839
218.860714243
646.146679354
409.068214617
921.158169471
681.27832454
908.321200518
28.1999357048
841.238871226
650.320209165
260.556224215
729.441457371
381.854870121
595.663549145
339.325685126
218.370662731
385.258829202
264.523507548
532.78923969
835.131845992
84.2035671554
902.296495271
339.30875802
241.293178793
289.327532449
100.862037619
613.113213698
10.6476504645
271.876483714
751.085785164
285.166179338
605.817492144
501.819124945
822.091602792
66.1473702412
824.936799525
647.607821807
852.184507013
716.499219336
800.013309417
144.966169749
979.24947713
661.739171348
109.994952141
649.953084377
431.93876428
560.447090214
257.20585197
995.69959385
670.377409524
692.00372706
695.77371217
111.024390394
175.00542559
863.66748776
227.960614248
816.047680046
139.96228235
145.127714208
853.289035261
921.671018488
326.001697761
738.712088157
329.632681571
512.619015247
753.122325273
402.32676362
247.557285599
562.736048251
109.645518319
656.572644577
492.762389432
965.737944252
367.150652727
570.536949244
464.141178707
486.077224187
163.952876727
485.221038637
650.79816168
399.241344518
529.60421302
633.247517536
468.142375874
810.170767524
570.506881571
0.415352643257
868.613481952
943.213409073
579.885800636
212.476748025
825.776067419
248.063891702
456.246746259
192.847945873
413.643129703
338.630838719
38.9985641929
491.323963446
820.792637601
993.545432492
167.736159615
644.912377945
615.701096419
192.861058326
785.438342711
176.405523846
804.17184526
880.236412284
696.915531532
639.163814009
447.544479439
113.476970946
482.526209925
119.745850561
949.493882672
63.3215820412
533.615782995
824.521429164
358.344031472
9.96012371799
233.518916433
934.019497173
732.007679584
623.617220063
668.976007254
740.613878992
472.768196749
880.307180504
644.311777575
903.056078034
262.923679547
328.917448078
482.175384745
776.078086859
431.726259568
362.652392331
111.559863036
374.623527207
800.564219598
738.084671068
23.0557786037
92.2800609719
783.774368531
731.126664151
694.233941428
268.361789773
769.197277684
34.262070661
304.923916717
465.286100122
77.6388283598
19.1067601034
924.677959253
