110.618159685
974.308415577
541.488163772
752.061373376
873.002804374
920.397500785
182.378355777
284.151701763
375.158078597
674.691107599
997.055389374
855.227851804
636.85348493
797.782033338
403.677849818
474.523393935
647.979611978
893.424563625
820.463150773
611.586445458
555.535878615
263.141734667
622.24240069
518.08257326
235.436600588
384.467715737
749.179768445
25.338647547
213.547347583
718.166589252
430.142394126
726.440607018
402.208013007
879.046226003
821.603351602
966.564006289
824.411402472
771.684511872
39.6194669948
167.56254311
502.976723315
778.158399594
139.844753217
445.441255295
984.201121666
621.930127288
427.010962282
14.6509468653
491.711735473
575.134262876
574.650279113
933.204965274
551.008575024
828.301630291
75.293858397
215.959399874
672.164500156
186.234243488
218.941951952
308.231259901
791.563309211
620.584190759
569.391992032
407.410691408
182.98300747
612.88435671
241.011955742
984.246754625
142.862087126
980.459990254
985.518313142
462.600337912
237.664307139
457.402485482
624.228666884
103.814239127
271.978484368
923.105793793
352.134777385
599.235405224
169.963961802
881.92780912
407.348744499
406.756191696
905.210177579
547.62415265
546.543104556
99.5826491071
60.3244216043
729.00998432
834.238819045
699.95817033
4.57456393556
407.742556691
207.18569433
516.072151709
102.353596394
233.615746447
456.876895361
165.954672341
398.626370177
139.368744328
213.635965228
841.082029844
370.878449549
485.185514645
982.493457104
671.036203955
688.033264133
43.3088233481
841.640906945
533.392998784
707.806750254
299.315408195
604.057085046
443.689450207
84.1966163519
122.968659997
21.3364911404
857.538295295
884.235600597
236.264595995
145.785978239
497.347903925
131.32398047
647.299689077
191.509201312
614.392805974
629.36512079
261.416826024
268.610895227
886.967338277
729.395289595
196.215973661
765.816399458
215.456719852
809.53193016
961.36467509
847.707661627
921.836530688
669.212941737
552.72019744
727.325081482
690.123369878
199.680598883
547.642372885
655.187840016
952.938255916
894.887742359
610.492694022
956.050422018
649.910703495
288.188796012
51.0345474013
146.044402888
128.525128689
223.310862562
882.455102952
60.6631571629
491.541097689
327.120933685
157.67271446
356.934989494
543.264690302
65.8987567512
511.538192575
952.041498565
55.9726366627
978.83702904
166.108010513
402.758619111
412.367906781
888.265586308
804.129587682
176.782856479
465.691671984
280.699737731
581.42154338
198.869534124
667.171637106
499.462755434
954.643664676
750.029716932
62.8099388347
650.711378758
560.838669779
620.108414979
856.038593199
919.692712677
221.101294248
7.09314783286
402.568308503
541.379024233
548.422051511
652.257125847
96.8224066896
271.464269862
186.79685111
737.875138887
871.526140763
417.53239294
344.42783668
274.597904461
398.516564023
735.189273333
611.150336899
725.26706531
37.4848718599
843.680557562
900.788610315
508.263535895
431.924232921
535.533045251
487.232986645
574.461718094
548.048418479
607.655837068
789.050365969
370.287915381
617.669603945
397.925294837
550.477750466
135.792576228
639.929459973
692.943604558
426.289215881
314.780490517
769.411436207
93.9254000446
562.503517711
131.246762041
674.021508617
73.7052559585
336.225099407
532.924822068
642.01744773
398.276946801
561.171844739
125.151390531
963.835250767
404.483880815
815.692496213
22.0649774242
525.647485682
925.351334689
717.255505495
446.518637265
979.205938043
983.827851986
333.548251675
536.087264703
857.935802121
55.1843406527
268.377588448
932.067719393
173.452476357
956.6182458
412.486119877
847.276821665
908.963668236
645.709107188
423.386301334
228.465145775
168.612956347
263.859904563
362.340413429
825.990636434
986.304983348
886.852388442
156.939573661
972.559055755
1.98087642492
696.131851806
893.5561949
441.467023077
151.486582273
220.284081256
505.236283088
21.968020856
90.4245588169
211.93975933
596.251349288
256.365662738
407.811252647
984.984976357
950.664366309
837.463164351
775.773046647
94.7678107103
151.597270106
519.672090329
387.517321517
94.4382247504
941.98505827
584.868036394
623.630623743
625.185812526
411.412272965
190.163502335
898.787173374
480.145101532
752.302700296
956.880620531
96.0696673513
371.133928566
632.544078653
63.4579792558
391.289869885
499.099464202
396.33135553
378.209550101
598.994209811
570.317142184
395.446187112
745.564196613
3.60218788588
131.319996019
670.330004741
114.757473623
932.627621729
531.275215923
946.009677235
342.807570914
581.214641277
282.205283755
381.934247539
688.289341658
186.47438815
761.715582012
195.082265348
198.670182142
651.501169558
821.719065248
55.28180492
930.080069266
874.442060409
445.336346257
873.147638414
359.048829225
905.765971564
549.536267883
519.360386688
61.178564965
700.101452407
190.890911635
519.910598459
559.947706258
707.66178639
566.244472396
415.360722366
263.643442578
346.180701137
509.393415659
94.4363784782
907.798792304
187.955547296
439.059982515
180.290855616
914.463539881
972.375912741
63.8277416255
943.083003315
518.981597606
981.476903206
758.402967685
317.223204669
740.0613753
875.895822917
484.841228175
42.5214563463
549.103231221
759.274084042
157.676956549
593.886637276
425.905640323
766.900651928
415.480628058
451.616459616
87.7475294066
420.032903689
365.413135647
695.515958604
46.5512458541
821.125051934
734.151235555
741.351436275
843.566953197
680.296702159
488.029597685
961.225928545
837.972994499
244.716940526
824.293494038
783.539349599
389.999971206
957.036687918
990.406869937
951.126316177
919.310489511
223.980066091
992.172310283
594.038283484
347.445136642
450.527283667
910.801777496
739.169878618
284.997825018
29.289637808
742.037500335
74.893916955
139.397387914
99.9579643484
732.472855835
147.10787695
833.648963296
197.642986972
740.754920526
799.553978533
298.777765691
170.899526931
907.137837368
982.287796334
366.674626324
510.861321865
310.223948718
161.245294341
877.115821976
623.472815801
675.966636545
475.788918825
222.113525187
877.550889029
140.000566031
398.811107399
881.223065168
274.569294099
835.212149708
838.269586436
200.483616156
286.781710739
713.144386814
293.272196152
17.924780757
786.352465064
808.889129391
230.622713225
891.075616541
574.941252205
309.53072273
598.652232247
347.02804971
774.899034652
620.47857267
370.343399474
477.077832721
893.778097182
309.773827356
501.966999598
909.386991287
436.095216465
199.70359228
200.324122237
232.624364408
510.69656657
351.775345584
250.687185971
974.475677529
412.870446973
744.919776606
94.1489679975
32.8695013984
841.140969041
655.491312632
226.720074743
458.410091264
326.140834087
76.1672680691
432.693252302
142.085075002
799.602852309
218.018078477
614.593828966
667.620265705
964.551892108
523.807683031
951.657119118
791.532412737
966.344124802
411.173102352
777.89222213
182.125758323
513.0173563
595.571726596
181.856250115
549.548645002
102.370910725
418.10395393
308.189688405
444.395769592
42.7399759168
669.98024224
70.080112927
327.239462355
0.975265739954
416.653964947
996.257490095
650.88020104
701.884910624
577.901813384
345.282896802
773.874438421
609.035030976
269.906140219
674.122709046
957.105358626
871.125436546
801.816866484
830.477312202
469.76575906
153.242321801
554.653431463
179.979001694
829.93933064
567.941456053
173.609886252
231.704476824
92.2550109505
936.384379017
810.833233706
29.1251222093
311.785221534
806.389845362
113.407354771
807.130565272
201.370984189
800.215593751
49.8020553494
545.911485553
71.1614188997
235.068666345
93.3544937732
837.108822766
957.672648747
365.002254525
898.42630495
505.859831111
625.244597213
590.964312192
763.27878208
421.927751078
553.351119172
678.623796389
332.194060301
216.31441637
598.806060241
427.468134589
667.353039973
926.902611095
566.18928119
663.252164856
885.524270276
316.396518671
247.151966852
736.452280438
455.663834464
685.743169982
277.972967927
806.047956572
449.74525389
94.4665752299
46.7920388786
909.285177784
59.5490384387
611.219362556
545.837515538
607.644626068
631.014201368
582.899111841
46.3762859227
552.915579754
232.620982106
786.276499753
816.613046984
324.947059318
352.141154541
857.543319562
841.897020907
32.4775272654
745.423840427
428.65080739
812.937623635
607.343696805
336.769320285
479.172603221
223.188529909
290.169702351
928.722964882
804.2806221
519.863087677
256.464423694
908.540606854
708.430992527
445.632179513
465.951000319
28.3381587859
775.800039629
401.272496512
212.971373802
128.059389205
368.605346449
292.809592185
602.389609846
649.83282764
785.130787025
22.8669110286
70.721854424
468.605823123
347.860165614
966.502177756
428.566506108
557.729942498
362.021133588
417.596316254
915.556785254
266.95365007
144.338953766
484.892443181
487.289367815
676.460520829
483.601296444
469.331702837
71.2254663157
448.212079192
71.594589088
792.363227303
442.935179717
309.736220363
587.471676417
447.588079378
917.153932128
230.13156691
619.503830552
215.183614054
993.604009611
802.516111092
976.659917423
285.336417398
327.161779664
108.669073306
97.0617537637
167.587058971
2.80025871984
843.079586873
339.788719719
615.525968561
749.96432893
14.4166689473
161.833703417
218.728586375
617.311780234
27.6338622517
522.938759871
697.196727127
943.722437188
584.303072452
402.596966789
323.955350448
385.135207969
186.774328451
361.455583335
620.60620678
645.107576419
818.877651167
749.589759055
753.975548832
599.352794349
838.255386501
738.555405407
94.9451848561
108.267156448
398.770043535
136.955121081
439.860008298
612.239455909
144.371673894
695.546112161
497.901575335
124.030229267
591.897986729
791.508071339
120.981162128
162.321064476
621.709465553
814.631894725
193.314537323
990.216621263
314.534282369
104.299891839
623.857476123
593.373108243
203.128605325
744.5893465
601.63231686
230.608808878
857.752363638
534.153863238
951.017366998
756.506144635
319.539501302
163.636404156
27.3773878762
982.601323121
520.300382271
34.9269438317
357.338206056
40.2996335811
863.442146128
170.583584816
870.070225268
869.278799356
458.042327651
737.841432789
561.88891232
503.964015859
592.36737144
120.751450191
135.205509106
787.698103805
862.915722517
434.360148908
565.60093201
648.614085357
306.567856961
426.759598547
836.413508084
53.282809605
862.342046037
798.558379094
842.180252976
387.116673953
266.719123527
418.801812131
800.616299716
412.783952307
719.572994352
326.513307093
780.306153448
898.669127358
140.846760294
429.636054058
389.911840259
709.817006036
782.084043048
674.663324859
662.368494014
781.031445547
337.320979938
431.834896293
207.022967738
558.751035669
355.265070514
875.524234886
885.7742676
976.592438151
976.369140622
342.175167757
187.331149632
160.181668053
885.004899319
615.521435272
584.02626715
511.078108744
291.814674129
935.890553346
373.037479577
816.59097774
971.688628454
364.060230494
786.356873893
998.855778543
828.109073566
638.326997431
235.801217625
690.429575928
666.451124415
384.831613325
843.734782508
785.051100339
149.617107857
980.031596307
454.177269576
457.246080121
117.916158116
182.566403275
324.290829223
118.363661108
495.205755162
654.715466759
974.029111318
631.672964413
533.056546681
578.200094182
855.76440377
243.032779169
195.035014685
309.473844982
480.168320066
72.1666743246
650.18159242
292.35695326
115.540152731
429.513516356
42.9247440445
217.693716002
963.066893537
920.101184804
363.937266514
625.121794224
30.9899724545
780.101710481
632.57372609
770.60955945
537.068239789
661.129303588
906.740102458
200.198605013
108.350641151
150.912248792
331.437971152
882.436615244
371.737241227
468.49081228
137.137008931
723.965713195
323.627925229
331.438814623
668.036260197
257.366666107
94.9505523434
613.07749014
81.9892206019
324.405254352
890.813923276
407.604419196
806.77501365
935.512162938
596.863322023
19.6642415126
276.081573614
354.384599651
24.6862139698
611.747408208
917.334415681
195.107291519
220.654638934
548.446952055
88.9372550822
43.1952989849
127.266795471
209.551893981
144.25761617
840.704139276
342.390989721
444.096497982
488.518455104
840.439287348
313.185270749
471.679735326
679.278085404
156.484495893
884.124078955
833.208399818
325.798105064
414.744788691
98.1173745872
484.412158556
40.4349441814
210.067508296
780.624756333
789.692151921
722.972654895
469.123896457
769.909176726
348.656215664
773.274024373
434.293712056
129.50652522
454.031876144
8.60414320317
362.143574002
622.682849748
342.886981046
60.0852661265
900.337920503
488.322730782
155.965246123
514.597633683
245.482196532
805.360822526
78.1555538877
474.029415732
615.864789206
448.958617274
8.15714198125
728.865707529
313.22153161
137.248092523
150.750387505
810.061805999
867.137037875
748.258758033
889.128465209
914.129024708
743.877873955
191.542306708
95.9533362288
276.347124372
743.822930543
948.209955998
173.392224025
237.935626845
104.039150054
922.049641866
577.920554978
43.6028200633
833.540983635
650.129004107
235.785281528
586.704283173
278.788610661
354.998964276
288.503061014
961.371668503
339.874376039
741.999041325
682.94293059
854.024991488
761.762624332
465.705447381
390.757024002
320.78350613
245.042605519
45.4296153873
385.166677797
815.82487812
508.783776374
979.404675869
662.086635405
701.663873262
855.446268604
661.515191091
366.100496905
176.268294093
658.136685805
810.11282549
779.901515146
39.9880522428
962.770846523
294.707268159
41.8430286966
334.646573912
288.317842244
802.528472101
367.700588526
1.02419215261
312.790353617
158.585504933
833.057576432
709.246448073
100.875790405
639.664860665
72.6379677047
148.349741141
985.667362066
786.451449714
525.445053344
531.891671912
91.0294231403
115.033104145
702.97499318
856.13606064
331.106342523
547.878741875
413.769011455
25.79625591
628.449020135
677.29432894
858.040491848
668.266075202
203.219500578
671.823249027
861.429647903
620.709741447
336.210657613
48.8228740627
875.233486395
171.113992378
820.20228451
766.299514521
48.2313159618
