391.92206162
859.223197241
964.598317173
398.778892142
106.426701845
478.30296818
488.572473267
473.931205336
730.268635861
335.009994329
135.571641554
174.898630938
121.028253853
812.990356889
407.495735166
970.117427052
495.336061123
606.516408071
765.479700091
648.991442127
684.655794221
563.349933335
274.067038942
45.2203140107
513.524361516
655.991389245
843.82527543
533.878872879
756.861168876
934.809927945
476.055985388
609.648889067
571.463212875
479.406385957
773.86780439
867.627763588
771.158904974
713.547443513
888.987812397
637.668505862
362.066283504
869.599166926
725.115651304
648.1503247
555.019761263
413.218894646
518.43137935
436.354259112
533.536665026
450.456824147
366.701213981
38.4150526045
506.824817093
434.60610414
731.745418478
943.399492894
301.396732832
518.629441484
311.858268434
322.714129573
855.037348588
904.36755779
133.895555578
512.52836151
749.460250065
728.566474204
566.209928628
899.774080993
909.570842353
235.713450376
404.391943524
877.190159625
408.211559694
146.742909119
40.7679286102
249.622729749
403.827169926
17.9606081868
596.841077037
646.957262382
852.776267039
786.951227621
635.70339813
230.043594931
73.8270548477
697.654276102
660.967827531
385.293823095
108.091296832
292.711856011
275.199080475
426.884273906
580.578729377
739.138288584
229.509441024
739.864538867
801.408854112
867.845017869
283.585378595
410.683220547
302.956612324
573.517866703
451.781446958
475.102586587
965.271611879
395.905302267
660.324102219
256.312545096
417.578445754
494.188566041
108.571582619
269.817621081
708.818659532
276.622863252
805.080841239
475.531009864
931.793199021
516.150780232
615.548990844
114.455318144
766.209674168
759.981732757
55.1367517477
302.795182733
579.379864541
909.817008258
155.337867463
944.868443312
291.21043017
92.9030074784
138.991181631
598.933174067
10.5547544773
775.579059114
545.387854508
246.198124864
214.966811807
64.3751269883
242.064128108
686.649691341
866.520672471
768.523875162
65.0342102564
982.529036254
411.361733243
466.629205128
549.067454194
977.035421153
37.1982092415
62.833307415
809.796587602
475.103772067
516.908649753
696.873126356
871.43164649
49.0652898435
814.63794732
873.563619871
185.100466155
645.934181655
772.714579064
601.630288564
488.000715718
870.714742832
365.369827954
995.676700593
424.597653371
274.928872019
402.60495769
73.9402351979
576.891550454
201.23614749
967.9715627
959.978556364
741.227496313
562.340740027
457.825171827
799.851967698
491.298514401
402.540568387
404.850504413
58.9581936064
615.188447698
968.1141195
278.156193563
751.491298633
363.972824061
700.875833018
669.91832747
220.672117896
820.634276264
443.705640019
330.672406537
975.783835466
915.278725735
148.734698585
128.081017185
87.7309033401
123.952274437
960.827728815
611.549801333
841.932217992
104.268174599
103.566956876
382.067282056
979.230025525
287.831066093
14.6342338654
405.175789293
503.757621595
534.995163626
122.36091526
723.826533919
560.681673298
648.621035584
625.461898206
846.259770846
106.325829542
61.0064254166
938.529366214
740.843374657
772.733878314
481.626878365
485.491133162
884.471152431
276.212855443
328.910368387
345.227760888
285.706559264
278.901361691
189.493362817
355.565345688
34.4626717916
630.814619988
103.830442661
115.362470081
25.7097505414
285.18808196
670.270776875
466.683513601
166.885218512
696.106851637
116.399690387
691.547231802
404.350904048
280.126816666
984.902346679
567.891939188
439.157519539
147.46445964
420.247069459
880.781819479
131.501999371
968.537855154
40.7387081676
418.491066685
889.431456488
815.256641037
81.3968298855
904.382350721
517.860305211
725.086252899
930.287069955
358.929451096
796.220416885
759.671636045
41.0708403489
711.816111522
233.724242806
928.037432196
811.510303816
65.1305054326
556.197047482
93.9764408012
53.7244998296
327.608235844
462.739045994
747.299841412
381.199630831
15.7196782794
313.318636102
313.627369709
757.800322222
972.04692705
620.595863879
730.820102539
188.873270679
800.888924415
51.5844606907
723.707510414
645.713180015
308.977421561
981.581998096
147.345196034
755.582097533
280.249318632
342.448676269
378.8088155
665.773226983
71.6294132941
804.76931269
954.042867789
831.241944628
694.793682615
702.96041289
506.681829698
654.157885841
939.50227643
823.819481036
257.684911168
794.877512134
884.653051108
841.645785253
728.92195429
393.334601249
712.997260592
76.9061465299
529.84885698
646.576943247
53.5728948545
726.613845441
87.6766439847
802.834481437
381.21281585
19.5808041742
475.783378689
226.020631816
399.575671255
859.284491844
887.444034785
389.921230314
943.964401945
65.571512302
640.511989465
680.905594002
572.372776405
43.7693735708
1000.34220987
523.482059117
800.213805495
341.09261144
797.732532565
747.407126445
197.548497665
560.234394279
333.591768238
200.554352209
330.860214014
346.650579582
55.3151869679
936.217777375
100.864290533
655.192875727
714.107256952
508.203269565
708.302783708
580.13436315
710.932689594
332.201640437
240.363503714
758.132229222
527.085028134
311.1045477
788.930422499
576.95649496
311.003632165
224.36731572
0.620290533871
236.505524047
209.363710163
463.780461929
867.813699987
941.905604446
340.832307277
910.242101303
284.84661259
842.064474396
624.413964223
654.12612465
208.642706618
195.425042593
385.858840687
740.92920792
988.017067212
479.7680678
729.733821359
466.31830011
880.857125852
284.751993834
474.731734073
302.028064852
314.660327619
168.73146382
583.105618612
631.447403804
631.538990898
428.614903729
102.963062019
276.151673087
604.713274464
10.6833263887
921.119184634
408.551079014
499.937069709
293.566225143
96.3395310916
919.597188545
708.137968529
242.288139996
311.899400858
863.043166969
290.925194996
382.117108039
337.757763934
497.233735159
891.525248286
748.249164875
348.311445251
353.993947702
276.898190892
800.756094026
889.936860596
384.500540234
951.485344902
398.174206063
62.4907123118
478.621145262
997.270429385
314.198530991
510.429449779
577.481911393
426.349136068
19.8445793293
946.237024892
85.2416859394
243.768245979
370.150508335
287.607080377
227.312752852
404.227501002
550.536971857
115.062231191
989.589442915
148.544209583
785.001564203
152.344344253
4.47259238262
77.3983682426
414.099676837
231.005542837
7.88939636851
480.485515153
182.960704698
777.704599532
589.648362087
328.816746711
381.534136923
343.60070652
811.924299916
835.846417231
281.458207558
36.6178801457
217.070161701
473.00863506
946.153878967
711.829393971
91.9564995681
417.218364058
855.247243174
641.46605676
342.766221833
72.8107249257
3.01394578495
593.649774947
929.004970526
871.01995301
564.720485841
107.411628086
741.879086801
244.611378348
213.187113316
192.281718896
668.590705768
497.175320139
620.542267165
175.925115426
263.872712253
225.697598699
745.579989341
128.606561001
896.779651454
134.645498445
415.269370288
106.301418451
563.551635173
819.410901896
427.661813287
485.176556237
685.806853577
733.935740376
929.918804004
493.614221134
6.64685260002
344.00072103
617.667509138
255.99711305
256.072394946
332.531813168
632.101176916
958.528591453
728.257265313
186.284288068
52.4386974392
527.182273727
818.339069766
875.557166048
226.252508734
257.575669607
822.515274428
955.46408445
641.662437924
649.395949821
801.327464587
968.27128122
38.1841811962
373.155042408
914.299679966
310.275853199
776.187806768
724.569447852
765.004515541
92.6404406601
712.712787454
668.318068767
600.788445246
867.783925239
816.253758032
999.524137889
803.061331106
1000.96538561
213.081532337
21.6576634552
544.555592829
328.619463845
268.029974727
233.024767069
456.422027381
487.741949155
673.316574975
330.273189381
182.693528968
207.041071956
608.936262474
424.594653057
944.045084958
569.771065796
218.479813424
520.684154176
711.134748199
913.335053982
758.574460025
246.105320814
232.575149408
223.869609063
642.84253574
363.86228309
584.194122035
31.5282295963
1000.39806343
90.5629778839
751.044048736
288.50555423
508.704039038
407.762376674
580.896376298
279.022851045
190.921182759
273.140823175
623.206785577
225.59852881
806.599781037
92.3317423366
271.017780687
194.08668418
608.774736881
236.998414375
403.597549885
38.4182446732
691.501138955
278.456066779
803.013291373
469.738222539
966.417299914
603.852072854
967.337719854
748.69615698
463.374109894
714.585004552
94.2048797112
756.405556649
555.511861113
495.610407412
124.870214322
263.542652696
118.394008363
422.108387243
658.859111424
112.532079497
621.872526391
830.048637868
644.051018973
670.481693834
179.721221355
392.051141386
324.166009664
857.764282418
293.933628162
733.952600285
215.652583574
521.235671055
434.821441031
731.244784674
373.657317232
723.4757499
274.268126014
585.562627328
193.243511233
376.639412165
628.941205764
701.246140915
243.106137937
994.765978397
301.70424818
671.568221717
106.485000537
627.331331296
500.763311946
917.47042854
787.375287741
280.765579431
497.992305219
129.850879632
839.068925087
831.792696966
782.988571124
195.427237324
746.357517109
353.383545791
471.584099846
650.365055605
184.418935212
482.990270504
19.4465158897
77.8401084704
275.596903219
810.585657759
388.492821978
908.296918442
352.124954707
829.752851799
960.522952841
571.826300029
165.294255326
347.737688003
186.415973442
388.105650899
608.178044689
505.792293263
334.434663649
579.903145861
442.41300433
200.188214516
385.373979442
793.681206823
929.622941804
288.40856612
74.7080235135
596.002496061
547.211617593
469.134563608
419.17314626
720.757628805
254.444509747
806.198039866
123.099565223
376.096429177
888.146444653
519.576211973
692.917225065
935.769379218
245.917369398
144.837358013
947.507873453
750.451192196
818.616249225
5.69690990668
285.050999639
104.364993578
741.844029281
324.516156418
278.935339143
563.212569616
512.411491401
165.094232754
180.197197187
696.43650004
70.5777701682
913.961285716
116.945502764
297.258591638
135.902712657
643.260685637
785.755043485
396.382725032
123.873225328
712.033361144
694.532148743
722.251671521
589.836436669
49.7947312995
248.907046143
462.937167787
24.3546563731
99.5034771632
974.917153127
976.961640248
548.093222021
874.949610407
206.653873592
805.364558088
716.332743322
859.888310557
313.352856452
634.802622156
55.5107268045
987.895661023
921.764846575
778.798887492
762.596264951
575.338792824
991.951044115
121.588802576
829.827081701
66.6753104605
912.550622272
580.64972519
534.777821581
579.008123224
207.886864734
626.197834244
26.3754778639
399.135065164
287.073938254
58.6894512082
767.54165979
974.971189981
188.553598838
122.185381367
779.29277546
183.372312112
812.908113614
457.543406085
140.879995209
730.633458046
517.625233257
352.926355909
45.9544397942
420.796203917
945.713260331
213.531799328
865.802986267
868.328651747
753.893328071
671.175402624
932.603321297
766.542573463
70.5906526533
710.238536602
266.765547151
270.307850182
146.322466672
889.442258654
835.991741025
768.613926127
891.724158766
951.727922246
692.301600647
534.54922686
404.154150521
412.192962154
135.738858678
954.388491966
864.73040754
400.818071844
644.985611231
232.693721084
589.857578806
296.662080824
454.852835709
677.86664348
746.461790112
660.07490576
847.02784576
764.079157167
529.666460258
978.5825097
114.595591333
918.112427462
742.664270783
353.773514702
263.211398568
990.829956028
984.971900092
217.939998803
596.306854198
887.448127498
444.462682364
910.818409018
968.447301893
449.118206268
600.279890553
822.180723256
164.930513783
655.592110337
766.060839926
94.6255809707
250.536513515
595.503452142
623.672664587
277.972816358
640.351907061
743.829671685
1.12507788224
759.13353092
885.473741219
843.354284502
848.487484824
421.155882341
812.271299353
362.440923772
263.093204863
312.259802708
772.699570851
398.491349116
166.978597439
275.576375568
350.182600856
222.101263932
361.889994804
65.3676545717
290.388524079
298.634356037
19.7572164087
971.886325454
843.997638498
260.821780744
246.819146292
657.06435001
945.138383783
697.872007115
252.351271243
986.95876441
693.956817386
590.005811288
702.075834964
46.3474843418
414.186106882
763.872688852
946.597738672
109.46527859
694.968978717
411.1908307
797.99961229
911.44240368
116.791908437
642.713902261
721.848069938
617.037133505
59.9560169037
459.531796728
381.285588084
683.434032316
514.252809728
373.05907568
137.900105817
474.878768454
864.667778961
11.3013572013
815.665833112
116.919662929
222.663461426
400.475864904
903.495307148
872.086451585
235.260038112
882.435359333
22.5760200116
997.99683524
32.8828106596
196.398900624
406.447924533
806.556005419
431.821017826
214.977627687
407.732816431
743.725622724
187.770985551
133.010765268
898.161982581
68.0059377847
952.525125192
627.172845274
748.545853591
960.896175133
625.061272062
137.488858303
744.120479005
157.03682114
235.905020494
83.337187686
556.530144024
11.2642157183
209.136365499
392.861843796
829.810256728
220.918389525
205.455790835
963.605000667
162.108095697
484.491395643
561.804280198
814.863149317
583.39955288
294.698276739
208.078780964
307.120814271
840.303873214
9.69014701618
86.8315566694
442.874673091
661.412362593
596.643852875
949.052788743
743.850838508
35.559010509
969.708021785
756.983824132
933.612494935
300.654798863
914.301494026
354.858531833
913.504554344
785.131679415
18.7457849311
565.682901826
302.66627369
947.55403808
492.135229026
956.325399346
393.498746785
269.369702274
936.872466582
428.757005934
702.877936175
724.189344661
425.931864114
754.981017364
598.849429473
438.967035485
97.1166640681
579.203875733
285.072330553
280.320590792
48.8653477867
937.001946539
442.822936426
851.068708432
274.983087435
268.040229974
491.70252111
817.308327161
587.09732435
996.734815726
771.034577248
357.751343249
526.464583621
126.573716229
377.744059694
320.853017528
991.759369166
938.339902659
683.401328007
262.057466111
689.256445074
749.561313345
270.441921046
328.335291435
981.354466406
378.36216227
975.530935511
