202.200952803
34.6080158175
837.988031902
572.373580395
438.936267896
562.597498992
542.818761556
723.476323163
961.294965831
527.584132443
35.3177647568
206.404708117
262.10362501
190.778333162
916.499047227
124.58128116
671.261667052
559.142266707
30.6678627992
34.9793893002
933.678061893
285.574569679
696.902115507
488.57144322
128.766194028
200.086261911
996.574344428
922.865264519
797.16273575
806.591827913
54.9397911159
446.427037063
255.669999078
534.130392834
470.559826335
374.237805319
876.608994792
54.5407497019
396.709753412
153.851899188
162.255365399
883.101285488
893.968791958
940.778931894
966.604252146
186.714720599
407.970088911
737.249476831
997.524054821
185.460927474
45.6416453113
938.041821869
64.6641693709
892.598626742
114.084740423
261.577786088
186.276259186
390.11952302
538.296897734
529.60747528
545.495874221
657.46472131
281.250362762
833.583726505
961.064289004
519.858152423
729.898424151
262.342507396
85.9694135646
69.3872810838
698.113467154
282.012883223
786.769612425
673.541115865
703.548135674
353.792811858
203.460820098
319.158801855
393.37374851
4.857916523
274.056358775
314.961671702
426.05884775
304.64248036
731.928756579
213.547862123
184.356228789
448.136393641
209.318365527
204.001032095
390.233946696
248.312189665
35.9106694879
529.209175734
655.32238927
73.5983448015
207.192292582
19.8298176603
931.377154899
250.647028216
441.310033374
320.839811218
142.889387287
392.458186566
296.737364336
894.872794561
505.344249532
652.56041678
687.060668699
760.258867328
137.508657453
545.884016889
878.637625793
124.047367573
762.52067308
533.212969118
657.941860714
716.153819099
979.324361452
581.580527431
546.413109687
982.276913046
222.282014641
244.15022329
729.559121477
502.04674442
304.77844164
295.735175907
370.914160088
78.1422339937
803.217131778
190.500022572
493.933938021
123.870020581
326.57440207
637.521099381
390.623309329
879.565014794
145.783858377
714.447436549
103.221125305
381.993050223
910.624405271
174.389820428
835.153559285
165.826649807
17.0460925691
864.42277269
983.106734909
777.816670687
434.589942144
778.791393613
599.784892569
904.886891983
3.73760252365
791.330506085
299.340355764
461.32825681
215.788577971
53.8211064961
0.679139874994
983.686024681
286.844133992
447.403872473
122.951885729
884.268118811
498.93720129
532.931966554
685.214704046
698.112965519
49.3107415931
523.07470006
124.858414669
879.61707111
74.4891190226
634.763460448
547.821439775
717.711144608
422.080948089
643.89086368
312.90437891
53.5969400171
501.039261817
345.490981641
949.269200674
660.95195037
493.553225105
296.050450119
222.350247054
927.891224673
909.845931297
294.871687551
3.19098229737
721.817426601
90.5694426841
941.709649526
792.47391865
842.769691538
752.245349303
40.6746101833
259.841713639
478.043594969
960.494083267
139.486206706
745.529835613
779.117001729
902.152196739
131.86620606
704.200961931
224.191605647
722.075691402
46.2478823783
420.73545029
471.596881001
351.607085091
416.51898001
761.083018093
447.630975789
692.117464567
564.387700235
499.796569167
992.047087552
359.612596246
298.304124499
11.9817655181
988.891058523
640.246998475
896.116618643
261.891697541
934.437209391
438.005532492
774.39185245
279.842628626
56.3052413783
287.779186295
327.630671758
302.930254045
618.809176698
411.082865678
285.38662346
370.002538768
997.125185064
953.206927411
148.869814934
429.461673879
488.73192303
116.195734375
656.663120348
627.859844665
685.170432218
779.663703505
150.334425295
450.685211883
132.158577802
678.597050603
229.221675416
684.207965708
470.835233545
86.0233758694
859.942883735
189.639134768
559.491756764
82.5685780332
561.242592803
879.835837384
702.639163514
787.707605758
893.864446668
504.184844274
421.637393172
707.161537676
807.818804756
173.497663443
848.976861644
580.085813256
27.3905793037
172.522990599
74.0094296579
914.103714611
1.21652878306
204.721084829
843.877692126
178.1904092
916.231764277
571.056101505
701.241407973
974.100971794
748.521312757
343.073864877
380.785577116
559.397569971
909.982852862
743.505068924
681.769928965
141.133896963
284.675255453
443.997817922
709.081491219
303.204506566
957.349530666
539.810385071
896.955073078
657.011943049
211.109193762
868.651268215
428.6551996
890.191991102
521.809859111
337.531367076
250.436748197
588.442383601
922.877511671
778.908807011
423.823784527
327.324989638
778.566942217
574.804158109
994.975556754
339.383445092
41.0702607952
979.471298939
667.873770942
683.378737979
10.189322668
78.3617736106
901.025105782
979.653872107
689.113462281
140.327834589
555.905101362
290.498685409
823.313861511
539.919956757
383.129802244
55.2992151511
144.332493846
68.4539997106
98.9687645009
709.567799624
589.621741498
947.240857515
353.805923172
419.464693247
61.4516082203
565.516703374
181.743722275
47.996244541
223.442136409
78.3105841479
799.929857904
62.7031244723
169.073990068
166.362487223
378.98973626
973.746377295
591.33698479
505.594836832
617.06550968
870.724669449
756.79774364
495.961266676
666.064717307
503.755966188
169.79389378
454.537785371
852.715092064
863.172261805
401.970112524
541.198000275
650.793314236
624.269819668
160.507108396
276.940857711
857.293803612
73.1371273374
563.649856056
791.5135812
809.755820541
384.72991967
599.990614785
160.444184879
539.379450286
938.654737501
855.989220773
580.816517422
384.619948062
435.28373744
994.913975278
327.594415859
309.377472566
595.262436064
653.056465831
931.786032677
987.167036439
531.626185268
456.445890149
969.445984247
70.5157139628
573.290327807
649.098275738
437.898119584
375.185479545
485.053221578
271.870887511
990.383718864
897.26151818
426.538508006
196.636454537
122.082214108
275.60708794
175.328186805
33.3804018195
15.601562739
462.441731235
257.951876932
218.339591123
8.87175616037
440.478213034
387.091193826
867.729916592
368.264699946
667.710990773
591.481595441
732.761425322
73.1587908328
237.42406036
270.011660473
575.673955026
121.054179363
732.799843016
962.368583106
256.220698689
570.266411724
756.784668348
944.174446862
531.360983979
736.325606883
619.204899155
93.3675997104
947.73174963
337.812742301
399.89536153
144.318778521
624.399380155
261.640294661
675.238257237
63.5684556437
630.223640408
636.024911464
765.771584296
63.15748223
329.23451399
128.558851337
126.250128613
518.924729919
333.212519618
8.97106769631
867.44956404
732.894675204
132.606525043
938.427806541
526.322067035
125.452113559
951.313932478
8.45090358212
157.156362451
671.959666012
683.692837593
573.819641595
614.490899119
44.6451085481
282.930914167
859.731929022
360.644856293
325.306103664
423.41385803
989.94353635
720.395771014
122.695203081
232.452607394
435.823478959
119.387984075
271.270533457
879.431101244
66.9017241826
861.955762838
528.963974713
479.923801568
524.450341446
49.8899345271
675.449827392
765.134277093
251.848057064
594.039781169
892.552784737
57.6535532708
776.485197881
317.67064998
466.757589712
31.1833515685
925.584271585
168.552781097
329.664284862
752.454837768
101.51462979
827.077985537
6.90780925817
46.215166636
1000.48200372
699.89957705
434.185255878
121.158979279
418.90020424
250.681009146
629.436530708
499.440548372
309.433820151
99.0440984366
661.762514273
734.923743625
522.03914645
456.773861794
15.188268648
325.874751874
351.244090083
245.169626868
745.06290515
886.150999604
432.6791787
631.592622406
658.791351882
573.970682941
880.830760656
366.080453918
310.773123078
526.964313949
42.5590154388
551.468362861
772.192234657
333.160122749
167.148983517
352.775142847
0.577712501364
506.08210296
720.009135832
409.162796983
389.652524206
194.097239982
440.842214716
421.513975029
319.726461769
89.3878895143
264.001344293
920.641211096
974.278841853
953.892589731
844.003809392
469.483617583
115.572403066
62.8275863013
786.345507029
304.883409468
777.848510257
700.636262565
933.127912974
2.00353006223
875.724551279
397.05857851
593.155484513
221.730917931
813.102941289
57.0710597787
600.161369004
542.940168961
416.223015786
820.193833959
751.343844013
310.999970551
95.1677123621
594.16360897
368.74856088
709.952874354
527.529493799
769.761465336
66.5113382248
164.728968197
470.029300807
601.556090022
461.35201319
348.957653123
718.685139079
160.51612721
392.706003384
852.475614877
227.854167667
740.908128137
540.06792351
978.120419335
183.399004286
48.2468190497
679.211320699
590.914222486
709.097535912
742.631414373
673.563525959
284.156833144
210.509833719
331.527776896
333.555211477
867.335230913
248.985375994
389.578457816
377.887415358
642.532724141
415.717410329
28.6383353071
400.351217257
607.433373922
543.090253918
490.276419416
100.176195357
622.664649286
412.648352626
604.23599274
353.766739681
573.29479807
917.755214506
651.904267746
823.134355279
521.993720411
349.594313913
535.075885492
898.712090309
159.621288422
623.701384884
637.92296774
935.273498077
374.080028398
258.810295714
331.395040387
742.344831059
469.337638545
667.283853096
734.363021255
461.076729407
403.287338374
430.949804316
416.785512792
35.0908465981
34.3584131691
682.662543035
78.9604160127
564.193768884
429.535408953
641.924187221
672.375041733
426.784662559
405.775381993
592.445607851
187.164769785
17.2494513458
260.262215374
917.032440298
79.8443852265
124.858893077
624.190836165
424.45842885
783.118605448
334.61002309
864.837267302
767.510963692
0.434424476126
566.342240322
24.145638409
727.465050263
59.6096042096
417.674880413
610.375143375
909.816554856
17.0904517047
129.991704683
801.286888428
730.32623724
136.865055636
509.168163844
127.501157478
699.454417534
82.5711546418
610.072234421
726.172423474
984.847245786
147.361924685
561.021246497
673.182923718
457.589809157
175.440005895
340.312760052
86.0973012641
671.833872887
303.679003553
578.259600857
365.964782237
633.832031194
424.265937702
219.911505707
814.431375856
550.604912663
70.8135072853
408.533302172
890.42218463
303.248899822
215.212877563
619.476060024
844.367235686
536.320197508
580.399223641
225.015647337
215.83237791
388.783890494
345.213305727
928.166995617
249.886961187
423.043398342
604.035757759
700.889505406
938.374594849
900.53457825
710.247109416
84.9860354913
305.726602032
62.0955833208
17.4074777443
881.390237966
212.571940239
622.503086743
593.671223376
859.368390338
899.194891581
485.157086924
659.327995569
7.04199269561
914.471887082
312.62781503
547.052401596
605.284572932
544.108631844
479.683077583
182.443125268
885.491196678
862.563992251
35.193215102
261.240737964
365.450307975
377.578904987
198.714649827
896.976706109
351.88637881
338.930776564
366.629808566
494.315345073
812.529003794
787.5631038
521.955890465
86.4995125805
370.354567902
480.776297077
295.596765845
714.651071228
495.659483579
642.834392896
190.719530724
522.694544257
382.566312311
232.744687472
354.615507644
852.5644577
693.205720195
385.166328055
463.150278538
446.81487415
647.872613227
681.268140322
657.558739986
352.908649075
856.891442646
918.093745138
957.236756644
569.047454629
428.30386985
183.470669369
42.9885236619
324.207991704
311.435415506
104.440978398
100.958633026
846.694284468
864.848178663
180.249577505
548.912568194
633.120255149
28.2498229595
607.748263227
964.825907865
676.249353002
630.844444299
738.508113249
318.04835041
452.835756341
75.2963803605
666.853028593
153.93031127
941.728202737
855.612124914
45.1282526736
77.8645406663
478.147358968
528.297902893
457.213277117
974.036254915
635.139161208
55.8573077917
19.9449447961
492.025265236
845.525376159
670.897008481
913.430678929
736.148452148
286.913477924
805.72092234
496.899373209
647.359900506
5.50449643161
663.705137483
97.610036663
74.9151736603
133.383367016
578.01635953
288.577128622
177.469724346
970.970717228
523.034770546
382.13618702
188.59392841
796.856918583
639.566905589
362.778501448
261.368769774
544.247667993
753.937993594
295.595298024
254.183371206
113.712500342
875.148220885
300.220315521
357.001795006
585.161890898
635.808079182
861.788247229
133.603549621
525.673601614
298.402512826
79.3681161831
468.406643608
394.012086869
29.8677342379
6.88133313529
181.854806716
25.6802417926
380.788851027
497.67957569
247.238783308
6.62363793766
605.207669097
928.005639693
868.108878411
81.1102185223
1.00289155434
612.151168624
365.99050716
677.110988565
980.486729133
657.688061519
149.137957914
15.8153092847
196.153610119
863.64970462
283.400508242
37.3464458185
310.113571195
849.991631398
431.187244457
976.709353198
810.206449294
412.846795602
1000.2616484
196.720726271
453.923403263
815.945599084
442.79299905
671.350453296
310.232640477
248.081712209
945.810062903
688.943975906
510.336715602
507.348783939
247.64473031
910.80810139
346.803373798
697.20197769
526.290830001
526.398984308
789.845942515
668.077830626
74.9556424011
525.509589525
992.268020303
352.950420092
429.974682151
670.763403104
23.5393607207
667.436442248
16.072111754
562.855176538
693.826971528
352.57148213
195.134433942
186.70616974
614.394876861
718.523001271
852.418246416
578.810943406
224.703377892
292.267926091
230.136537
962.443080408
465.531979797
522.948012209
793.207239896
373.975555892
468.885721694
906.459185162
354.813775689
632.054183343
877.433808133
359.308778781
144.169385637
91.8985628719
75.3659814654
875.100189204
616.529162179
568.608003016
235.449690209
685.01806775
154.662561839
657.552019869
154.354910412
665.731640432
931.395899709
507.586808612
817.145342095
120.299649217
918.086337484
261.555243278
480.006407539
383.600123949
343.669349352
94.3007800874
906.053434032
226.248891185
821.856648497
130.00444064
488.496282796
949.177849514
370.310527046
206.483230816
622.271328674
193.60233415
966.010094052
723.255284826
707.598900266
350.177696699
901.935214184
638.786505368
435.010367105
718.362027202
753.292971586
61.9282569843
665.915729821
6.76400501755
416.416243278
222.766730316
717.945054222
414.246713697
650.412475285
504.714294324
916.223345971
54.5334914164
648.758186081
610.098943982
