542.614176744
652.812949077
815.637906264
53.7489615693
229.211817762
582.401460638
47.4732103893
539.970011733
124.334772778
875.920409148
374.847512438
728.182416047
618.935808168
368.914793743
959.950562689
333.633762968
601.377780177
679.939190953
936.915387333
254.576228391
779.273392321
900.632023863
187.107460431
659.957922621
934.024704067
363.736639574
675.098493735
398.334542177
567.78244261
329.600205965
28.0256352925
284.92242632
864.294593138
32.2950547995
91.2278390448
827.797521931
955.244913378
735.489726251
755.187675645
79.3295977032
352.287198626
46.5171109147
470.247311539
502.220928839
734.476156029
247.306267383
917.651444223
396.365317916
308.474456612
80.4725856695
724.6066665
382.279024371
722.476329871
826.984426876
691.505452791
916.636534359
746.781615607
399.274703473
82.8711176401
994.242371738
267.373654828
976.826785
722.587447987
504.550826183
121.301793427
52.2435743264
193.234055889
692.542248344
10.4579685037
460.903343255
623.461664261
453.705481254
298.254209815
268.821344797
854.452873003
85.124209236
123.595982516
36.3771950798
908.291516078
27.3862043699
246.395470607
810.518592694
81.5189066465
989.974117942
850.132888828
85.139363692
807.806187929
219.338144679
999.260743794
31.4156396596
652.895428229
345.876686087
233.483701984
332.848114997
124.49391675
509.12800114
336.445459382
774.783508446
337.429177518
678.752682533
935.702509158
428.230890275
7.69270324953
523.063209077
223.408889917
552.849492454
547.380673906
356.680520624
565.467077006
912.527270496
893.908403952
783.07352801
884.96756151
160.722055808
741.065187925
476.753787036
661.319602025
444.116292128
833.937109133
664.980858553
931.067823328
356.557529832
60.3683589653
299.150309138
261.51136629
4.85244083091
412.978053571
949.246754695
981.314002284
932.882324776
666.026657046
999.825238717
767.692929025
686.705278628
292.557258372
957.32362428
482.751398721
529.890181266
496.829205497
137.756122949
228.109037741
53.3733595979
537.069173955
102.437898003
368.845646283
532.998551138
162.841090297
957.524924696
18.7293215273
421.123900953
350.440553961
21.6695917301
724.827184823
555.884893917
536.439715273
864.941125145
818.726879453
975.324952865
53.6200683118
557.591874324
673.469580158
376.590180718
503.498760799
706.637181528
425.553560311
371.857940554
625.826647975
379.045348596
555.687175587
347.762889854
419.195488334
809.156636909
338.64031304
22.1570306667
274.289606612
816.119109446
907.567189244
955.788404489
176.737376912
320.392862961
907.806136022
668.105552384
492.934030996
151.771668689
167.183074514
530.668206247
782.031520923
137.674171483
366.449634454
124.337385899
888.676356105
827.05873834
722.572101513
412.775255601
955.542355717
756.752892503
240.722381572
448.578254699
54.3140734357
177.32553074
329.825905515
705.713999296
670.732468807
314.980155083
890.73710612
907.472841767
643.812029253
729.30840675
683.468231498
739.113423725
859.181670258
587.049870559
404.736390871
68.5600974398
511.086398203
202.568895222
748.535650817
124.007041814
690.68494898
109.711740686
161.483645622
531.671265691
950.101925471
462.944954985
265.948522167
965.393757745
244.389709545
882.312658854
173.216591063
895.161526186
5.57462652571
343.517079206
989.100309249
111.397229162
149.80122745
28.400300852
646.383896021
544.69586325
450.821472683
710.307218795
143.505578141
416.355468361
560.561147008
859.589964091
157.459292236
311.934745602
764.383604246
297.664354359
846.407476797
10.8470407435
304.445440468
573.446182792
179.398890905
436.198578065
659.257368254
587.091280875
781.220324653
937.958371154
689.087571949
496.390345204
675.461447607
878.328125235
684.283695193
116.171003945
937.293148409
31.1140519305
373.332746695
476.720683919
387.647332393
646.513281352
832.527040741
313.448785433
820.416900776
253.66281138
269.513219972
454.834300732
703.276603728
943.629955637
947.167575612
945.265300784
66.9424310594
314.951444779
281.630230799
709.684899989
510.94418486
100.823233332
908.024310843
919.949310911
490.099108292
227.477847111
493.441596371
196.941886207
721.880530886
260.605064709
987.402119772
56.2713965369
935.377988002
31.1241126146
892.636001998
839.288095256
688.716526731
648.972125297
770.661880685
543.199707178
332.8448973
898.394255365
752.087143671
278.01556651
284.023672519
883.501645845
163.8800178
206.928799629
670.084374007
305.474245559
855.763232201
216.276468348
571.444071014
343.239269629
51.9966931432
120.937693972
418.826317291
214.046385404
136.045807912
743.181231952
864.055596855
375.377039312
274.092935542
239.234617148
908.770741137
79.5615940168
123.159239769
554.065282619
518.214772721
487.934911321
512.925328183
962.994170481
253.547464343
900.923882587
625.472986828
229.310412097
202.898080397
447.665884135
543.418986434
833.261521501
999.473427361
385.858630178
377.270913621
666.537374345
790.163290957
788.515936592
585.783568165
899.978315702
864.524457481
732.696802431
673.016345303
997.668756335
247.571361616
842.999661375
254.909049709
906.039179947
53.4022348891
381.887525959
800.603649314
337.356208293
623.778703227
936.643448876
84.9976758426
569.594798747
321.440520191
530.115278193
246.831047274
484.976166422
581.323025003
400.382865419
751.53676929
476.547032003
798.703551861
547.706479279
49.8137783023
530.646872655
995.142943132
885.421813645
983.227877168
523.824090916
540.62450559
370.297707995
472.846332141
956.885343233
900.232697354
199.334739177
308.931541981
392.468958009
341.269185366
589.776165152
405.669484611
223.653193105
50.8046104945
63.5581680184
264.595010791
851.441820373
396.069217184
213.689925544
472.62731322
248.246093813
396.517295437
301.552597843
676.520056498
44.9161890116
876.484316572
493.988499167
565.483357516
496.076734233
421.346565835
376.45656748
798.107512823
962.311994858
190.187187874
377.81765197
593.570213005
396.657087645
846.760476262
367.248769498
911.815571457
639.364035187
958.938475738
252.717264319
721.072928314
214.372549456
97.4513233057
574.667661809
470.145621722
254.062166131
315.434033361
410.524827371
363.265958575
395.335681399
952.241115903
212.350934587
348.389105109
65.2076972562
365.990561524
829.778636226
105.064437519
316.943852565
69.0767818091
774.198427498
289.610907031
153.145993873
626.262280127
575.083600504
254.044466395
432.435460847
142.66694217
18.2335872021
701.673096196
937.248457773
887.054470606
736.939816925
92.3773327123
503.268574919
376.824658418
987.780294737
751.411893307
509.208809799
393.080238452
931.290118368
256.453448062
645.096132237
653.14606152
695.515455237
781.205038175
478.670775195
153.080821087
628.673522964
535.609244296
134.094692509
334.32437787
769.919038383
182.823105896
153.676725208
604.581444826
371.127471943
378.297699349
72.9615123162
550.334197795
782.587188556
356.215322916
650.81741398
682.884511527
803.28793044
100.397573912
446.039108942
633.186000387
239.675683531
941.883890565
734.90640362
745.560326256
821.094435733
577.999434945
652.878494932
187.320390976
728.450451165
209.848004427
578.400596007
54.9711637318
693.959420364
921.811468358
195.819356964
378.733499735
826.938018946
889.204594251
591.318074912
771.124523436
964.365081469
195.138605314
522.65492265
795.129382189
673.434719712
100.914624405
451.333906783
559.263017474
773.342732266
288.758119405
604.656309251
59.1431400489
337.535734907
37.9173912086
277.978299934
63.7874350056
121.165520688
391.310849657
377.832310754
836.728646239
877.957170249
483.363354335
504.392678116
204.104599494
237.443146668
439.780271994
105.048552649
619.937690502
601.603125764
874.77660948
329.802112188
234.375614375
660.348071591
881.952673817
514.632110787
962.349735895
238.636690056
625.622282893
154.484566401
763.814554244
674.060122115
91.0612218444
364.87389952
578.047501231
393.571786057
91.2030975577
270.978029072
789.265033327
409.37150097
525.822764041
21.0918856978
428.384789851
54.686316698
782.648098683
273.676983172
107.765955248
717.67873751
463.742730203
209.806886431
63.127582482
618.340612784
930.875877952
97.3426181465
116.443185047
18.6974711718
95.2698241538
486.019361462
557.736830961
526.411570844
413.403112128
111.592085981
791.83740386
158.430065466
211.861931405
943.719540591
18.0029178025
371.658565827
377.122205153
351.515348975
351.180708788
618.894980674
806.428192279
572.891551164
913.620359032
321.205402867
721.373902598
51.9803512997
289.873221046
751.833122601
825.946089574
25.4785514401
338.757635516
687.701427838
738.569298381
327.109499873
678.117467452
244.308025056
827.775408106
345.674493796
50.7898445674
676.242524479
934.592619185
278.694509113
421.29338096
818.472392388
627.760070592
555.103863395
918.507541103
41.7405105916
227.646563366
927.472515758
144.46049438
802.54555669
276.469210582
754.137630214
393.065439976
13.8063655955
885.852267905
553.711904619
565.83538338
719.437323357
233.329155443
302.419476227
980.755546119
107.962305213
826.667278988
867.750445721
627.440562322
681.498568746
384.947086924
609.408274345
93.4972083292
979.509548001
338.900048903
719.832132848
473.699938338
114.466478759
328.806826424
907.178010533
170.340352337
314.547113429
236.222597601
872.501386281
998.633088839
249.586622141
844.550532975
676.19788643
49.0095506616
923.892169939
304.522008016
466.89740754
864.564875197
629.974286075
962.042872751
487.969739883
613.71224
720.491264513
888.396239146
924.71325957
261.372106105
161.804187486
190.067909263
741.052444209
277.066448275
326.543290184
780.830309207
788.24203445
835.7812315
965.637917998
257.545539563
441.756272988
998.308509085
462.058155826
29.6226751081
983.613974553
626.292391354
160.847161887
432.038440964
948.823321317
687.602328777
594.229255875
624.645111748
344.947039229
301.319625058
901.42835544
128.372443988
300.019049695
130.097686701
100.406784453
732.936735138
701.80314263
171.385027136
119.378252131
989.475304503
319.870096471
374.965460827
643.467068024
335.238748337
438.683828504
641.624618751
109.675446367
154.379877994
937.743793237
897.629180037
269.593210228
849.15229209
362.066418032
116.841760478
425.186107933
535.228845899
980.953661947
462.879234405
799.307172751
591.396309983
890.20966048
195.488008984
180.124415363
193.068500343
731.291640715
597.25842182
621.925567252
525.27873986
957.07645041
655.061254348
598.374116651
150.584550041
511.337555893
985.550450272
17.2330374028
919.582782624
90.8811516567
383.882850536
279.858341903
625.542459976
947.043765879
862.11384511
432.190982064
515.893221879
771.001071782
60.5573028503
646.020119329
804.801377816
62.8279646332
382.177781155
224.389434181
593.661539787
411.981126509
2.11815916989
542.107110146
475.852707182
448.248632235
24.148965308
344.291587359
979.816722865
482.052520604
420.811896831
588.892567545
157.149922312
562.921775906
339.319585211
396.143245143
802.087021708
250.976349354
399.124741009
681.22123324
341.686972605
835.18189762
450.163632459
46.8061577251
390.261035686
765.085990305
342.518930507
389.852673686
688.554743279
873.528144438
417.796767233
54.0443312435
441.347104986
205.21231113
18.6818513971
406.30475139
869.575799578
325.785608137
756.752016745
887.947392723
651.154197439
353.561240108
266.511041258
1000.15884217
924.373244053
909.87166644
54.4085156813
875.062594035
972.080516533
497.995428141
500.556462131
301.394212115
785.230815622
223.368056941
743.609246247
238.744053346
360.403232151
916.370950337
537.038312507
345.985485717
951.494321702
220.349622964
922.228160784
613.393274027
141.510512996
75.6206420417
629.856659582
321.981186859
692.403073477
375.885665829
89.2334501193
863.446234232
0.764099263294
832.348533677
717.074476137
67.7326320524
608.902644105
735.989851674
354.6760144
883.564009668
673.792686224
699.406524613
851.89493529
864.994904981
160.19644221
850.576884829
335.116895173
671.729040144
126.966337973
606.616880486
589.690621964
570.172590053
18.0032036287
541.944811426
523.330825398
569.734509359
896.783128035
15.4732943287
744.675793357
240.641869896
506.057296326
968.413487411
327.80708814
149.797600273
949.056076972
262.942040591
407.776362291
861.6248787
401.582096156
530.829100487
448.09222763
711.590499259
905.400912694
53.5392989924
521.444644868
194.113300026
646.725374627
820.270870045
763.974248404
129.23941581
118.771256875
361.531209504
975.859412524
732.509791261
828.013982145
4.51012597365
412.627951901
993.514152244
942.178930677
224.176319244
465.779314622
20.2863918326
716.920799643
958.905663309
789.838400803
618.175516042
28.3146053881
619.206914193
301.322772188
733.6854337
543.11822783
31.6026724895
907.502538516
549.236198281
153.69370466
467.260185679
208.912943414
220.449939675
104.611747733
927.852493802
826.381952453
220.889581429
113.167378978
103.560734845
207.6224858
811.306234711
258.153939715
624.190867603
74.2589605933
85.3465852373
381.890118498
543.177284883
857.449341762
523.434540538
611.406031097
136.580115727
683.823480231
448.987284806
240.808313158
75.5068695476
17.304627467
141.862689414
66.938000091
336.807425801
727.211342392
533.520741875
828.442634307
211.837027529
482.961415789
338.530735948
153.965277241
693.025184971
755.613546157
350.497428321
807.86961255
515.769887071
769.364501121
287.21196245
319.607759939
63.9938353128
444.264469202
350.578688091
23.2948034813
73.6823145862
203.679750721
44.5458864185
978.873007549
759.998367915
212.902085463
595.216949807
541.02014796
73.4269620983
331.532678994
235.219152387
954.998855391
790.063093737
953.287237558
871.389004548
289.190311086
682.65192239
131.381358871
241.730017615
317.88716442
302.488229251
318.560479239
838.379207952
881.43770238
309.708436728
747.113775323
94.8381745914
521.859329414
820.054325031
820.131412253
724.346052792
650.238117093
984.489986775
601.950937233
960.281986795
766.941532131
869.808282671
493.539636166
929.973052001
468.369842955
942.485614238
743.981909141
256.015571718
942.064525961
658.308815097
319.241485788
25.6579185789
691.016829678
595.133250545
