335.164784408
767.40814979
703.750696725
624.567406547
917.346186233
83.7540362029
893.832724612
266.700633299
110.322668174
846.42784812
649.240358841
204.102032918
136.525039988
851.680753498
267.233105234
273.142045371
896.759788826
299.802095176
899.812151217
862.745652659
97.1498454719
87.9902856915
512.040134021
893.802529661
894.329397465
812.485938262
125.857143359
507.764623493
69.6664916127
643.174031529
627.91161888
292.246726124
774.394392381
967.567358846
101.653418671
957.749016746
846.639905821
309.515276506
315.672853976
601.234557954
611.001881305
776.096216584
381.604564078
954.414281876
640.378506396
601.728528075
717.992569922
640.431459243
815.34146362
430.10069335
138.657930215
197.136165234
251.340812799
171.519301036
524.973374026
510.798848739
848.247897039
906.179434847
806.177136338
688.513583624
792.365904086
835.958609223
204.527625714
434.111066588
270.160756895
395.811908472
473.550557006
705.380713483
234.236407274
322.847791947
246.405978622
215.366939127
242.22447823
621.659312442
863.658751492
694.17364517
65.5213277654
2.66472652378
309.156393206
992.650823222
378.941595796
162.179972406
232.267387649
338.49448604
146.272808268
804.123393361
119.331057366
975.799540829
148.894503323
532.179194256
716.072366996
72.7668942116
366.077045183
441.463589337
566.692750177
340.321125983
610.887911499
938.446589367
136.794498605
155.564450695
854.971013563
933.306490133
590.186459809
454.839123156
477.262375168
530.339412867
809.182571275
299.326443104
735.721376098
93.380367238
561.1712973
882.089893455
848.769294282
648.022966985
161.315617048
518.39508142
396.593321152
470.53761794
965.274068224
267.811486467
155.922299554
852.787025365
729.487084636
288.453667641
145.750782978
4.87176732888
516.690634224
144.005833571
190.349209708
195.19672025
732.311692867
900.471037531
805.386427843
327.862995863
959.685750602
858.578376005
85.8496913004
1000.16060173
142.196348005
20.4241757268
224.717256904
748.357798166
429.03936422
911.296102333
466.889265754
44.7888267841
5.71991403875
442.213069206
731.974484509
749.606056554
479.847246111
825.786040758
198.772146805
144.31573228
153.749531204
132.226197459
775.58913397
892.73787714
570.98756239
919.599014033
92.5241870541
859.65117886
387.108856539
38.386279107
241.900070632
217.926326345
681.871292099
19.5617606797
991.851036606
682.590619237
964.212874528
863.689699466
797.359195352
127.535088175
692.940321842
757.331847731
33.499763748
393.294797459
101.686675057
540.450030999
730.250727218
7.10378819248
901.289442641
76.7945094758
880.418422547
446.353579913
2.42588046024
565.137990574
91.5441533971
489.167186675
828.563480121
869.350044893
909.888750199
436.863072901
500.656351179
33.7922199521
53.6810231289
741.873131023
171.554673045
508.651741629
5.34666509239
709.656721811
346.659090855
218.018132768
567.788311554
314.474181196
135.442539938
67.2334374013
212.339199292
189.418564837
162.223420542
838.830508283
556.836509629
871.211160147
950.188086728
652.787094501
535.037148633
168.937965455
314.342469687
845.481970302
963.223193815
529.455154985
644.207201484
700.993300964
433.014254464
397.964678345
146.985642821
334.143757323
329.081727031
137.220018332
590.604925282
843.84594719
201.187540664
72.8700009876
30.2410963277
252.738287834
494.061817035
63.1519727061
886.273903605
379.955345036
738.16948903
40.6045374738
286.580730478
592.239644538
341.700641665
585.77958767
398.917052844
63.7617576002
917.700784046
892.557659068
885.456565724
363.241455584
786.548577412
258.565969764
69.8820458761
734.443751343
833.888559889
340.789161472
463.857071663
737.594165594
950.615982484
343.560849556
371.766269011
114.768772977
484.467579886
540.817746056
816.909719834
805.233842441
289.485084823
427.612964292
828.103014168
346.446937251
448.281089594
205.618942818
242.147059013
527.227667389
774.32123746
665.079396634
296.532664387
213.041099047
559.054221051
716.453137487
903.752249868
830.195437405
133.344134598
145.924945466
32.2625917678
5.44149138086
770.573548147
859.61635534
309.939761385
220.896043125
385.311042251
836.382469131
125.48781204
693.44602549
535.557484552
310.39893382
641.101402095
813.992290643
43.1156543778
572.253708886
135.38901735
40.9720525498
638.427936882
908.999246582
725.677314119
874.14275482
968.213317218
392.359510507
389.767679256
332.867128875
970.341302557
243.397271574
638.149034402
485.302122789
903.34937559
461.516978825
444.914804569
843.461360428
715.241508674
914.69229862
312.188647944
866.199670539
78.7823708301
161.374900975
500.231913314
882.789596488
774.169743816
354.539123427
384.22106618
418.016473398
235.16391807
769.116783398
960.771130731
967.513087347
236.136514149
824.864938091
212.862097445
365.631282234
779.328372964
446.384566029
725.653524699
1000.51474444
495.759568668
182.339289724
162.525989563
492.152136889
417.005878913
70.0431000751
643.050977842
234.454217567
694.340190689
800.085093548
101.879455166
459.157652737
483.055763416
800.530100241
606.748762196
39.4337103829
289.351591996
156.024255481
909.346388458
774.469844025
761.048568324
77.6474499772
413.85982703
406.545579923
560.391808351
717.687955616
921.972048316
286.306079294
397.050984836
464.053725039
157.293868511
291.627479677
861.607234687
248.523738526
787.534116364
330.217289718
569.937779703
656.042919262
794.864382867
259.901498947
903.185527126
896.438732349
538.037211503
257.755194098
877.050504054
941.594507617
333.24741366
528.428599538
548.506018957
267.525166686
80.3697412483
413.337351392
495.783680801
382.007214905
164.327391476
204.570708217
665.75871468
852.15789415
113.265071269
544.487526393
446.589531104
967.566594675
659.307927298
140.048087825
513.502308831
965.719873795
664.330068925
350.473279068
200.710867738
813.127757243
709.430074041
706.282954024
672.228623992
35.3337761415
241.730551906
93.6186189311
229.223394451
775.6785035
890.998550565
839.982546816
166.307153496
297.609795218
852.040017209
454.814927154
394.611677865
280.259072735
929.584428424
449.794065257
813.697132112
211.640396019
265.254676859
192.83322293
563.197054664
437.157921614
434.105509026
64.9015037521
554.761231457
775.404237569
766.512498199
188.606550353
988.334155969
852.665532682
662.44911417
552.411021934
879.282854201
621.761162911
850.980908692
618.903768717
932.696665298
347.258907742
966.033045254
792.339659154
704.762748749
161.011079304
192.073368978
564.788670301
700.332199223
553.037945086
505.896143864
591.035406712
585.173426387
144.576508922
289.594910195
153.078618309
688.379652034
436.791305353
658.830984652
849.073885133
729.20483018
548.125661158
551.532799677
106.841313557
40.829820663
641.154757972
786.529976893
35.4580078459
148.134234225
534.624391913
179.214686613
466.445836133
654.861936285
498.860026644
639.624147129
331.501179733
613.134269469
141.778177614
810.606201995
567.206617563
288.434749368
213.785266411
212.417324452
144.784225502
831.565869206
137.265195573
413.900653179
135.695075614
874.404344984
794.080817934
969.508161181
415.283568543
238.988566604
606.015029031
229.165640352
234.72676296
576.833239671
665.451042894
635.202133253
602.158876182
150.016129622
466.262871735
35.4815561771
840.556597866
331.586627524
197.620561043
828.090795929
170.624337548
919.316369167
356.708235472
513.248023912
980.590069038
839.254427324
856.84119207
379.141782962
919.764898819
589.680604494
2.37888066618
621.429423105
176.01406039
341.456691114
989.514119817
611.234468539
632.076360361
613.351617601
727.414994591
927.614608887
792.561788032
360.805874558
506.416468119
367.631967449
810.763163676
603.010459295
451.982081127
229.913237878
538.890087807
238.102237787
713.000622189
729.587128737
459.814062832
495.446302821
45.8381447413
640.664712058
654.769235895
784.382373524
790.711746611
226.112783258
597.437464712
744.026127408
486.667971022
612.921495333
411.414297639
69.0155251445
768.408418178
193.019034871
284.484066325
750.272381233
699.045217655
436.132890687
188.919167145
460.359005357
38.4594041308
315.688270212
95.0393698031
374.669838684
488.411506414
229.27306816
425.773063636
959.56567674
196.724798723
337.734287265
430.242710924
472.734854453
38.0327455993
633.623881683
553.805930791
913.735019442
914.015420138
490.605417129
84.3687385878
294.533398644
365.243281412
470.260983912
856.271637014
900.436283422
79.1353823925
639.630691734
455.934747183
988.795899993
823.213830824
951.62520962
943.954591519
193.219565731
926.714234376
582.794144197
546.163257225
600.531458311
638.210203844
779.304736998
638.462783938
172.655595097
649.919704655
38.7005376307
255.173687494
475.674920389
124.547936303
200.088385006
608.43946902
407.743559076
719.746682214
202.113203526
925.290435606
490.771874491
504.488035515
157.914492274
674.820386791
94.8451840292
692.904958267
533.995792453
798.789950578
546.44575213
635.391119787
278.734318975
970.025690757
903.216160862
131.738882471
888.902944758
28.0505973444
22.5883561088
208.493700388
723.701602604
180.368781216
123.290685788
989.192653704
247.739687098
371.536261104
629.74098251
584.741481761
847.147373557
291.010974512
156.89568845
770.311180115
963.631262979
981.258934183
455.968419963
549.307390305
512.176192416
460.298311387
37.1077698523
462.70550891
128.362062374
487.212402055
462.825608599
419.183004524
393.119606127
333.360164971
781.545830789
190.865804635
865.458166729
446.591012417
655.849750638
26.5208937638
77.3198361262
706.238529942
19.5888245284
2.81229764425
176.671929464
188.967260064
395.127889166
199.157247892
938.218408671
325.840803546
332.752927273
63.5833476178
513.937784822
65.9122030247
856.796222834
651.452457129
284.95877375
590.760245959
418.559273131
112.377839577
817.165864999
949.502873991
853.670750494
300.00022421
739.304026606
29.3670798376
654.295510135
967.654394852
424.835962591
277.48433437
527.614572476
597.119460386
62.806431426
550.08715245
128.207822265
106.057446102
818.988103768
589.097040542
888.102627876
70.8911409331
329.046793405
837.703782345
867.661744691
183.037046427
678.352464089
130.329222091
272.990681438
719.035804293
663.750691793
11.2679415692
188.738653976
243.738956399
761.08410062
955.884641629
298.886285223
872.084505306
354.835798308
539.183032463
648.634301916
362.949648981
973.479756627
899.89106328
109.404662935
709.785140883
340.908609631
315.987901173
681.182430187
510.528541158
16.517703817
62.3092249597
522.111258198
286.103809325
464.294165898
720.610229236
241.285849056
589.6476839
587.20352967
894.848971095
863.162970881
886.17891895
439.851447583
625.078594626
198.274371881
746.343686294
476.302470515
42.0707448248
157.409462816
530.730651778
574.804558237
106.270578959
637.449495267
773.126441591
963.360921439
720.26857432
317.4553549
333.18480908
999.593983627
157.963372257
501.032949284
422.280945088
883.803616291
918.393632271
139.908590096
730.446759054
765.627894987
288.76674771
456.915815357
781.871801797
522.654539104
34.610593771
185.05002021
898.637586749
140.735007987
681.793031374
9.17249024849
659.247331232
281.903867451
874.91827452
178.126829663
346.892220567
502.453999197
987.892811338
259.026636836
65.0080262339
325.868155965
194.994988644
806.047281327
718.2847142
661.545969019
156.241441824
683.948858724
100.161468423
844.576541288
711.6145218
93.2271346094
992.931120402
194.778889838
542.614690696
536.237042572
698.102656017
317.180685838
803.480368233
54.2017356347
207.390940565
49.9902729522
624.499454857
491.012898002
42.4623145168
589.615263662
495.457891519
307.709553135
184.8882422
508.371049816
159.943485251
162.586617144
42.940134139
841.234384471
379.705603575
520.293298922
892.285352997
466.668221532
37.9239633264
906.645936244
347.24143848
221.131826333
58.8527678863
592.974696916
234.646042582
739.947069306
648.275006937
281.14605955
9.59639764996
149.941322183
203.034136978
824.882869195
850.372707977
690.420883656
233.293145204
320.904095854
51.376875294
633.519473375
419.134789441
25.753334024
247.698357226
311.429895405
77.3044683115
833.295476659
801.688388717
512.122457385
825.673950973
695.922604266
710.18012242
335.455123888
118.688681824
181.999903508
606.745014005
914.710244891
941.901196029
959.831530053
559.163960499
919.474140353
219.219632349
514.346180106
45.0400813574
709.244532806
18.9302569924
729.126290982
667.905322949
394.33908758
84.1515659687
129.53297079
631.77453184
416.531690232
469.077072846
862.39320496
50.9248018534
261.023035854
619.453612404
921.91508573
616.309386837
432.902554796
701.23433686
231.954297206
314.208764276
28.8356491269
387.452720205
146.997737971
607.477372595
720.747647998
146.165208202
44.2863224092
219.859725609
867.171094026
349.170710251
278.003882522
617.757788372
385.619982964
496.592308517
760.275024999
801.466722147
308.272615293
475.626021937
669.684952688
392.975220888
391.516255138
278.993408704
677.227668615
285.895686022
456.501921847
7.34065197002
197.497961405
600.439628093
890.706609481
752.819837443
886.339823021
43.4761424064
377.279014214
459.723672494
69.7248702898
38.6539019909
208.527645186
209.936082437
874.933525462
61.3528062393
134.697169522
367.284281047
557.278220999
962.182341785
546.540769847
342.278895208
460.956132929
267.898616476
35.3757751168
734.350183678
346.179599883
981.446153649
709.493820715
77.3367537792
671.850945271
0.31293774505
471.603331107
912.556273467
541.699764556
515.467174094
793.103745079
898.114777119
732.435961652
879.093751942
351.779913975
281.89879842
466.204256874
405.065013922
224.83656799
978.057103568
426.951896768
568.094969616
146.690791079
337.696842387
899.187355556
752.36962235
624.587454861
184.804503014
271.82470602
386.722244416
830.647047453
865.719168726
226.12688749
639.726506086
438.494729133
52.0530262718
606.114889001
568.95300813
749.336525963
804.16389402
199.229662221
593.307227734
869.296022741
558.066767281
443.539344591
545.945926031
992.514637225
140.263781106
700.964989538
728.127547666
708.613399149
498.0099876
