121.527782544
48.1358598562
708.851855904
352.847311696
582.049869132
886.622112914
59.0923896442
479.033734158
950.616567564
977.543348679
368.226316472
556.941003768
232.455645378
859.482479775
672.192822687
570.297930654
208.480679797
424.73049216
827.506480707
432.18207939
974.552534767
759.323966385
853.114308787
414.710661453
962.534933788
785.180476433
689.454194745
840.077577856
620.690896004
107.424253872
863.956227699
305.836127321
618.863689131
289.085244763
788.045061494
198.800424067
962.390065777
345.199661503
893.266030677
300.658752648
52.2484257146
331.210508668
945.814621024
284.731190173
91.4311425616
277.898796936
303.215987245
27.6918083763
318.217832018
55.5936400536
486.612586791
484.750581957
378.890567267
97.7586207215
151.37660183
34.5586703976
729.738111922
940.791980446
479.748494214
456.248375238
772.468663701
938.185630935
936.767479403
438.045477343
516.636957979
919.523364688
310.777725576
245.19275909
813.540341582
200.042580919
797.954229759
557.058890591
762.593076533
895.382942833
675.57193456
25.0663205111
556.620205398
89.7392673873
443.937750774
494.692344831
350.530501951
345.726600172
862.601134097
550.108791362
394.054642409
870.157665227
728.411873903
677.003107012
324.734723094
406.53348216
814.494485847
600.945825334
288.746743041
532.299669402
791.037089747
440.35842284
790.593437097
635.268657911
699.617748457
2.6293018481
811.629315399
666.608675403
942.819206381
681.865024195
346.857577971
47.1467882008
78.3540793369
71.7245930357
384.442592449
943.115355987
485.212054544
136.77890636
213.880150694
821.231880907
375.942361989
114.367735672
485.774583733
915.229576315
168.575390884
59.6123275356
210.850639743
743.003589568
425.394736648
162.286788204
367.673843073
170.003010798
265.380868171
993.613016528
34.3256172324
107.364203422
108.038151979
303.547005331
701.992016578
973.151125775
71.7531029865
449.638287819
476.979716046
396.574627044
6.52484122624
486.348095733
678.855800348
175.930324192
809.693448192
149.99696924
955.676229809
38.1798243082
124.625293581
621.627957404
900.970033215
222.871832483
246.595186505
313.987889485
399.782937923
154.622446985
210.541802343
511.901487765
100.994477308
103.003668485
348.558370501
388.81666771
698.586477526
979.821576585
469.364166771
931.306140531
765.60812336
217.986697169
736.846690386
315.226297251
688.156701963
252.116916367
136.571637627
136.126226428
474.222802857
376.617112247
44.3115436225
597.959924829
345.342515457
746.378043153
585.044059914
649.41276319
728.319821075
719.592700137
923.866444541
403.387421566
698.765693852
642.517360986
101.127786738
174.537792289
558.347144269
787.700609392
150.46331698
52.4160558163
611.166849062
422.758704803
351.163563844
797.047080996
114.895759348
636.32092961
709.632289857
127.411086555
232.283254316
308.568924001
330.901117819
514.163763082
881.371035157
303.606186223
966.704499124
303.382201346
174.838148181
625.895663971
147.767863072
428.665379838
692.805930367
75.7824635998
746.64122418
93.9347700039
671.436753924
745.589264685
853.100305228
900.558436301
865.621058539
415.288806033
176.437105134
953.85936946
97.8429376557
11.4596970769
746.982118745
573.485882675
14.0809996355
811.399821487
196.990265925
704.401289115
467.441575483
911.059686022
573.598910691
149.31410276
802.608403112
105.7315741
283.280944485
642.114393574
727.166947397
362.498733805
676.261486665
110.54354361
50.4987829266
676.886553386
4.4406710197
461.786549377
981.87402904
854.706583819
903.943694597
735.389229552
462.981741091
773.161325057
280.332206574
257.214983701
565.130847009
894.039790621
348.007708989
266.033290474
139.753464507
857.012301785
909.222132767
577.32742285
61.7782390933
126.519213299
831.987315779
620.971401604
43.7264401326
440.203896433
433.677498411
527.385070364
575.822238544
905.492574483
768.847225095
680.129182919
233.003149567
294.655323761
585.473836517
658.699986091
129.233475887
361.754521955
124.38943572
573.155024695
514.086339585
929.031503443
803.247759322
856.537242588
717.675364486
178.4305162
277.030236431
524.277528043
705.480729248
62.0555255216
745.348278466
529.802857956
951.887954098
17.4446503483
982.2538376
643.743097338
370.982647903
781.223952201
402.560471421
651.29648048
996.973537969
492.844529685
17.120109111
793.85991881
886.177964726
642.771674509
103.46110367
997.927730952
408.385281268
527.553285044
392.581222527
930.226153709
374.070980038
833.685716553
425.935869789
148.793680155
752.562628086
251.3182179
414.523418613
305.733127774
436.934564954
431.347382603
237.649743103
621.196532411
234.398001713
125.96827557
772.193246558
336.726273819
44.318984722
848.133723514
782.834229436
197.78639089
730.511698015
906.813699154
157.910560591
135.360876935
650.40123043
478.275996648
68.385095479
374.235883927
945.117277982
791.69716117
360.095671766
467.984153903
331.222836846
32.642317906
626.506309252
281.8454638
671.029697419
206.230310079
890.606719231
819.810444026
18.7987900202
493.001147538
647.063984216
789.019363192
309.116835983
747.554020823
985.056782912
725.310184958
70.6664734966
815.783878899
634.41961449
27.6196647522
718.084429628
750.538694996
897.891039187
948.823521946
927.567167911
464.456693703
285.675674804
107.984531259
594.21540801
114.147142689
234.678448679
584.868043688
895.949746024
513.709120987
650.193715245
238.341907933
427.828265295
837.095421826
954.375349193
18.6442138139
355.090569904
385.636067086
271.602286965
977.131753708
239.397349834
877.651286608
344.64112352
575.472342553
909.79045143
762.14313854
783.235518823
750.597667903
455.118734794
178.225487959
749.438444221
875.630005462
350.07232742
212.585610185
801.161590981
614.615040646
357.425142715
846.762746554
261.600172522
646.045724163
993.555772253
315.692195751
64.8359966199
552.612109517
479.459396762
911.928130952
462.645455705
216.275152368
791.209666394
259.814946455
498.939458883
535.918562952
292.31624288
745.273863739
38.5257075731
790.413993476
618.173301182
189.347486742
705.872000156
966.622502926
573.508162443
604.26917842
883.587272396
646.131065658
62.9044162031
402.000120613
214.222034624
119.453908366
420.697276202
416.986959463
863.803372644
50.2700136353
306.396035246
464.036519456
655.470481754
999.693466813
317.977695204
186.570526223
94.3585442269
54.5164725946
204.699348407
309.906389309
147.681245818
445.828889191
667.388291531
208.458487284
268.488195383
730.353044695
282.118567556
828.477030809
603.308367418
450.237075067
95.3601130255
398.064635646
872.240264141
301.395681261
550.980227299
971.621531052
417.788344553
7.76683291815
434.84287346
232.338653446
455.882829527
648.014746611
348.96557572
968.17473439
275.502800035
600.758451389
161.848946214
569.472169852
617.798551093
542.612843445
624.696650043
827.893568624
304.912762432
220.416196219
346.401851961
847.835432285
793.949336005
372.038414392
643.70977039
286.100516057
688.660084192
151.131591458
732.597552889
756.614282575
160.382001542
244.813481168
74.8337196732
184.444039687
305.947442226
435.933899667
293.392175262
144.55405537
856.675590632
527.538144209
951.347869426
560.90160286
618.396434931
180.861613104
396.683424767
598.092620665
865.768780765
827.509221821
913.828145196
401.865920359
956.804956255
441.113591567
640.795239472
1000.62130931
237.216622503
346.182854052
615.358606469
406.238061023
495.137252694
113.325943402
339.374969044
697.148683302
621.863821682
852.515961238
834.580226912
126.546083895
463.166663758
572.209677684
817.998654423
715.243474228
43.6611297876
146.831087467
824.392771179
780.539130557
317.124886758
812.597315407
68.5893495887
544.992644696
728.253708515
208.99093391
51.5926053506
696.151051933
545.966297334
790.770508872
319.986846727
662.791420487
359.543085905
975.458317962
568.208665684
945.183947563
801.177179484
599.582150988
462.488434494
984.933585615
913.585768351
16.0706488553
518.081069743
908.459207927
542.904310624
10.0729471691
730.158758313
756.542721375
148.475213745
343.679207983
564.345500727
361.808196006
644.46287364
486.811528351
389.25823826
324.377909161
109.70365874
658.924980296
463.073484011
930.321595263
274.381704511
207.217401591
247.17062348
298.55355909
1.94652821992
553.905458592
248.091827967
989.256130164
285.166187246
754.686637699
165.201682039
72.6652615337
906.702201302
93.7314173049
591.441259093
767.202086832
625.992224327
862.5343211
773.605207738
975.606963894
180.411372623
625.857734096
765.739496023
153.308032954
15.6744931906
275.004928381
972.111337452
298.765375432
748.778396549
499.535117442
786.20319533
439.484077918
236.704420029
495.86616731
667.709158498
341.765395241
954.170906884
279.110787148
687.289087469
667.632503501
946.268343298
634.246587539
209.850720543
588.064727979
503.980437315
786.730993727
948.140454289
600.412652176
317.897671084
487.168911269
973.464379262
248.45761759
366.715893184
438.662155312
322.576844468
309.432277514
854.572246291
474.803806191
3.08612816983
477.581845364
452.409301703
113.549825172
690.703127046
511.668166302
279.938698263
907.015236298
923.51174337
32.4455878682
839.473656973
446.578362399
189.345749906
971.068000234
70.2246410239
904.776694259
458.084941725
860.627504412
753.21246336
329.855990463
359.805473332
46.9026390657
238.705554231
837.692901389
331.026990722
619.404280181
400.777153401
29.9643198914
233.671309161
750.999346813
175.351124097
767.054797825
800.878952415
997.194793502
819.762766173
139.92123217
973.907289489
653.189660885
56.6597515078
577.426433497
746.122446228
309.021475923
173.586492587
637.297114053
789.574966486
473.688457115
893.479832648
796.244240653
67.9123429492
829.293017965
655.212200065
807.661608295
774.612130234
983.401483841
995.457278467
251.594507145
187.35126934
241.162814004
612.104061383
107.903354348
696.835596218
142.362031421
680.271585433
698.009256828
325.855597691
855.840969505
453.569740272
650.19485879
447.926446515
710.963814626
756.6504557
580.429729539
8.89300049468
274.42244053
67.5922787765
155.169556678
398.862664655
62.1061815186
453.143528895
216.679452822
275.370915791
338.732584149
719.058072012
10.7890521581
905.776401915
838.412442671
854.020751542
698.133581144
320.546187714
807.871700985
563.201484796
965.858540635
966.827558887
135.30358175
734.339391797
52.9049646959
925.977887933
32.0756959953
899.138373672
34.4919975854
419.897941172
928.462988226
611.448731968
458.947826182
592.83265474
540.532391138
544.688768288
156.889311537
794.726458249
794.456249543
669.884385795
418.263158956
436.910891717
449.502235263
305.431885308
190.589243065
232.772481973
880.070295028
24.9662149776
498.469917488
119.656033413
450.042957388
174.279849733
976.043094224
72.8265649447
922.837434864
279.822130715
418.692175218
862.204434561
485.979500466
451.711050005
214.350291886
983.279288202
724.934729163
905.674628453
566.940623448
982.995501358
744.815707674
984.174441425
238.716465838
617.528713936
736.496801997
388.005112051
590.624947551
536.525881944
216.207764741
796.724081098
815.948950118
714.240142539
912.335061075
98.2838057224
108.844112982
679.192717695
270.183023163
994.01760469
474.227839837
837.335482368
226.376716334
919.262831737
354.849402341
94.7026526539
958.260108791
574.670635994
694.809293822
550.771353603
878.859507404
415.831501258
645.988501911
715.715543647
711.869371935
947.885363818
740.890879541
868.478704411
35.9875413723
289.854103138
662.630251421
582.374112842
652.467926783
607.882957697
853.673660232
298.576830549
670.813982495
501.67105525
762.882754322
81.0874064808
248.443231627
276.216290931
123.457723991
342.874092249
141.27396123
154.591548113
792.122166297
651.665495332
552.062464185
636.9681109
780.931044536
959.875070067
590.820589469
666.289470336
256.873172042
335.269747828
204.566315683
158.41123195
878.596402469
646.568725619
326.432059726
269.609420531
265.802199078
491.472268511
37.1666267113
217.4566774
763.115601652
442.874178955
144.65554701
1.9155486441
813.372270136
867.850991524
210.691975158
601.915629508
423.615315157
743.563680298
92.8387882305
150.324428629
717.718836705
426.788265966
821.732991407
387.891802177
24.503694722
167.641454686
772.102529986
464.463597993
431.605606629
913.620250808
674.776334246
354.34959591
639.333373826
769.78677728
345.803662932
495.339698932
896.131609066
267.177238692
20.7993685378
538.958677668
683.300307755
544.96255256
368.136625227
461.329327832
478.513248802
582.893059825
806.129426488
575.231281345
19.7180481727
577.446043961
346.957821551
889.772932179
79.0928430579
553.669359016
709.828093643
90.8697970961
754.99371453
733.20428969
301.454723952
481.444197275
346.700743108
615.230387826
20.5763561386
592.098864079
10.3063998864
402.360590415
887.53597993
172.675411933
865.856051332
418.712858445
521.15985713
853.092275593
997.463222638
74.057040264
443.831965573
823.837748416
578.789137047
859.6277677
112.62782737
432.320769364
866.118972843
485.096247025
145.348593977
687.442580984
222.864690823
126.919621517
953.135620932
78.4426483695
764.487164788
898.861616972
679.445017201
601.73074939
77.1484119414
266.376837055
169.226678793
720.890750965
37.5754468845
564.200431056
532.273260046
103.175882486
661.120524234
374.587306779
39.2634267832
687.456147571
158.853168656
774.995402374
86.3781139712
433.936728826
819.618887339
395.383413352
930.31992771
204.412267359
1.40374815623
661.270329516
454.567625274
898.176112764
160.468785071
236.041756907
39.9097715395
114.676376898
978.628301275
361.875546293
359.286848823
966.463041281
122.106688883
512.77796825
760.253474667
111.214263957
887.090464316
476.863706424
647.859865231
571.434784225
122.213678894
273.921708069
98.3805650857
617.630271741
912.968864417
457.181620826
742.618106296
453.392804732
848.616186556
758.113463815
700.241867278
794.364439986
393.074500877
927.70894506
279.821524369
237.967928778
672.860146278
131.144274359
172.810705022
632.348516277
62.6851760706
344.927551444
367.884396278
259.400503187
743.330366072
