349.739871
65.8755510031
667.376588834
532.572446852
183.893577141
721.78989066
34.1417518723
725.634982004
308.006259369
174.020055544
983.089659382
905.472625892
179.954407364
10.2720317078
442.519064294
40.3464063238
593.304185531
251.895666818
164.051875868
217.834660756
371.514982842
145.949174946
777.780576579
566.073778206
139.714722094
175.713900814
269.57332406
191.171880446
874.887631103
698.874092872
315.781155202
449.149247976
953.011388277
165.003088875
708.326197288
289.530234026
99.5517407279
130.717794533
990.310010142
371.10391421
941.452983817
273.973512137
672.842476371
675.170571597
742.415568117
327.995347636
884.353470496
363.9689738
616.950861571
875.750854358
168.727154714
734.179778925
228.033238283
790.331241791
644.50455098
767.052506268
306.774598058
524.799192681
201.878486064
485.83326395
354.249826788
452.506076238
879.460300397
195.310442802
244.570008012
854.29276423
134.626593503
722.847165206
649.79838838
745.202957634
432.732905895
394.271140579
316.37813867
801.560747592
561.591026756
793.538557703
729.835005675
793.01120515
804.200584191
437.036698727
709.083670031
799.963215163
495.601160475
79.9139036051
792.934162734
646.621032759
963.44644651
953.565590847
948.280928369
35.4878895158
307.114805809
891.774468411
305.14429721
434.096997716
575.435839478
836.279584425
141.896700106
530.741754922
644.938565476
622.666041094
317.356927433
957.837913491
542.662112769
233.34011927
486.207706912
948.87340891
977.915532179
868.652619137
915.277334134
286.696597289
926.979051525
663.575925561
664.484943215
62.544522598
565.561091175
147.611991756
49.2554015767
223.059446963
247.265902613
630.416498238
860.37389708
933.048477773
899.804009806
571.499298109
81.9954119255
217.456669576
560.701056979
913.863587051
782.962652828
175.998496658
942.850663432
211.320342729
334.897531853
625.780708851
575.690761962
381.408090734
989.723375622
298.477720365
28.0763987244
471.546004578
186.963774473
293.539910658
420.363573679
51.065317798
240.531055325
162.918259403
431.189684522
182.180519849
509.205531224
270.312857197
626.324083052
65.9849292987
938.842897448
176.515793191
855.720191722
563.891206045
803.67583634
529.234184368
418.269099268
279.820123058
15.0518225901
955.080689563
716.155724379
544.069170326
434.704049882
291.066109464
501.646203069
110.516452366
362.462275318
845.188743829
145.206742028
208.95125775
346.018047957
989.570133056
492.599198569
697.375121289
805.603280504
245.970280382
38.9444559058
502.6227068
503.510975323
672.566584602
73.7741571555
596.727798763
9.00719953288
115.11782681
883.09851511
884.007123837
392.711367201
428.103821457
524.690307605
363.1424901
867.210928554
376.80657691
815.305448848
121.911220447
154.309726304
59.3944140478
746.488433164
607.363823917
848.571806394
31.5596506346
704.896607469
615.557030783
384.349468201
473.477534349
288.496658019
239.816774419
270.546969413
563.833671303
101.119969393
78.4097153566
202.525387632
321.328656882
413.227386248
102.76723179
359.803893501
452.63170527
520.635863597
865.278641624
69.3866279611
538.624003802
292.011010087
24.0406753496
222.479375423
329.945814163
48.1839929901
519.485747223
808.283685898
482.751040061
100.998970078
563.300553384
518.830714164
753.080955566
356.848293958
643.076277405
509.340823825
805.207449623
901.635994891
68.0294438779
237.282330615
240.979326378
214.809180975
493.707158998
519.328903942
980.169782072
561.356843703
541.07857361
718.423023255
700.895986436
262.791016054
154.876858169
1000.77244605
993.13811003
286.948982681
561.898891179
938.090322649
627.395191236
760.410759385
719.937087013
409.613255315
487.516767905
768.747654722
60.7528442304
750.536728225
246.516554306
466.885592033
525.114004979
18.1469033862
319.31803435
270.346626604
245.100486844
121.222586551
6.7285412726
488.916423536
593.425547583
276.824718766
47.5070105737
708.781975136
190.933821658
69.9313016498
613.030507586
736.813894404
99.8378141932
323.798526731
999.802228326
313.572318062
551.952606004
733.970203651
874.605196132
73.9336432934
421.582913869
928.409831421
436.846339874
509.066439318
580.768794444
887.264087411
503.016090289
535.179928353
44.9093190319
528.172052407
972.041736624
906.744026306
723.644417679
410.84550283
275.183995604
182.337404412
184.72208048
266.050430867
363.002752291
970.223706994
318.42580426
947.599405021
131.729592058
298.456765369
610.599298135
976.753244963
188.678865444
918.367442427
787.035228939
884.903184846
8.04160940355
596.632776689
77.0867096817
985.760861407
281.424530962
978.578800891
659.753213583
121.664549216
908.040967574
553.914188105
788.293106523
481.744846731
835.662267765
116.456579984
592.956927013
592.152856179
134.380154799
544.967352321
418.352408883
772.175497604
786.31674751
972.088962852
453.469085966
298.992539956
326.855806215
442.347298367
23.0733336091
407.014033255
249.326910845
20.425800265
728.069651634
656.269689782
163.133553486
961.187600198
203.949672339
260.636039549
125.732240595
115.941730192
747.143891788
499.80037873
920.739497272
768.749638802
634.219930487
68.4198516962
628.652211691
579.411701799
372.740122508
25.2575968347
576.495435931
836.57005285
133.967550579
647.339105922
198.425997531
549.866155359
595.452309446
894.652805089
422.369499061
648.628669122
606.256257665
642.969776414
707.262606228
308.960222904
517.948931496
185.459331474
861.330776852
621.226335104
160.002539279
739.912130466
651.889874955
68.7984718794
822.069923772
144.595312646
220.305746291
919.500138454
917.594528919
463.443027727
143.923780379
169.135483873
238.694715562
772.120445539
525.771115868
172.058777413
205.319831744
45.5369611331
10.9787221629
512.993851245
59.253638505
460.721121764
822.277957095
402.176173371
685.500839338
471.908563434
719.03005617
689.237924847
83.5569578639
838.079409553
18.9102055234
364.01048134
590.014436133
372.147921788
25.3728268726
226.57008266
977.432517125
252.006728143
280.827614569
219.774508137
721.848278671
280.16461874
898.13382559
232.528087368
412.731750981
532.546186683
834.393775636
632.50796909
133.536361266
771.238463928
255.299895599
994.366821273
732.054842231
149.889407221
797.724658025
220.816678834
414.694484563
152.837894544
279.555737969
423.893271294
274.913214248
414.65810432
269.308420519
211.320313054
385.100379236
900.876341262
315.315654572
37.0079369493
123.943972058
775.331829068
614.455281018
154.179693724
645.248473618
27.0417967344
720.895176686
191.666040552
930.583273021
128.304007365
643.378022081
476.32252348
352.920544873
878.445375913
732.052833538
191.039598135
33.5568360804
280.411453701
255.073137958
365.985459826
583.931135004
804.769314224
465.492952005
480.787557449
973.417519766
582.261937784
809.970207239
954.231906314
361.990423509
752.714950348
177.94144025
679.378022961
394.000752269
867.15376143
476.460779119
554.085470841
120.004808805
926.534646232
640.373645379
877.483046802
80.4333064236
871.078096913
492.533140921
89.9709890092
151.970539711
738.146363904
693.508799872
155.393665647
933.340859717
53.8648863288
24.2764325425
97.8839390677
142.088385562
945.334422451
323.059520639
371.526767735
394.827084457
140.395610082
420.309816442
205.910864225
867.594691976
976.367762219
118.723211529
522.634584703
606.827143792
969.346950015
969.149179098
894.370093894
625.007319723
120.56898937
273.455414645
622.990267962
783.638879696
912.153495062
429.74067528
801.627835061
176.758983276
866.987531088
50.3248394913
597.058318699
534.164954922
22.7816903224
779.876452996
704.329975853
662.129979489
679.843734504
732.843217876
732.352602236
362.281878386
839.316659514
9.14486197974
667.026745472
642.250001108
49.1285093092
317.118239289
252.820923375
216.126291939
254.932314983
956.239968753
838.105606949
87.5610274065
658.892495252
856.000785887
469.837207922
940.636721597
424.748024822
813.433183762
519.979811242
762.761233254
528.30760558
445.703177908
859.264259436
203.715248346
84.1111951296
716.022799452
954.074667872
371.121499463
505.984615434
833.977511176
424.432681114
866.573446895
869.002567954
619.064342654
934.449890872
163.472696727
883.608533379
599.891143295
826.780701408
547.719387275
423.677782944
767.102678173
368.323486487
911.823575404
248.420535515
223.387643422
132.055552643
25.1065669518
456.206247341
860.24920601
162.340093089
943.178764995
147.033913484
343.302866777
438.949464555
370.888124489
353.70611094
118.375711086
798.247401009
213.386657183
950.526238795
353.577605906
536.992383176
786.028753884
923.754694739
611.404267279
673.072040955
286.067719975
718.896009738
592.042846414
313.571548824
705.692831913
727.997303875
404.856922636
677.061528915
410.68435645
552.561609123
999.997559754
359.777823057
616.70146527
305.849722006
130.217751041
773.221748315
888.763727407
730.523051366
450.10031881
440.740979796
590.303262446
259.464431529
63.1631215445
295.651896782
193.748897219
765.91368771
251.266282684
857.782844004
775.402467262
140.996608603
459.776091724
861.044899997
612.134667431
609.476365598
808.262794664
437.447507582
89.0388649259
826.692997902
375.496336953
915.546535307
32.481240173
245.759825808
936.481020435
78.0068029939
668.73918273
351.204591451
379.750161341
417.477328894
472.038539008
284.097653458
954.848150118
14.8448005735
202.431186872
220.882064161
851.779714545
5.37379542725
946.462484209
362.205768165
600.840812744
785.084686624
598.952856986
698.82867499
226.222736733
497.70420444
80.7724953546
107.22852809
912.179950059
825.414113175
465.370940437
224.112639143
215.39759553
809.916721573
734.956718549
75.4786310149
8.74930168765
682.81511829
288.941664733
17.1260128965
718.889341093
397.131328142
564.22980334
500.027555804
472.755980984
942.576846925
931.915911864
974.045970854
14.0338388277
41.3795251612
681.270493506
399.273945244
564.111407845
955.774356023
292.911982697
479.45274149
477.155955977
827.56145381
108.994142037
487.760366607
715.48691925
831.680122406
622.859393204
846.553494077
780.156815036
126.402135492
87.4490942017
734.753116617
673.923199902
890.184056606
215.941872852
500.739072177
633.717896508
602.858040772
712.424435417
962.257538333
20.118306364
965.027102492
687.085117193
346.037577982
255.66502683
27.6151993595
236.406302975
226.482309798
934.780103956
854.766811341
520.368630573
711.467152424
403.1197288
256.357007681
502.180773887
424.401545426
870.686691686
872.877771279
772.463355539
31.503223163
492.197112038
870.777649326
219.84377401
488.633318603
886.111537399
821.386336304
663.225799002
99.3340300795
896.30255884
323.202350005
637.207374492
139.862116689
234.727132893
979.700533594
577.024861031
287.858597617
539.994477559
94.9087595263
101.606737296
75.56121437
852.525155278
774.933249887
326.787393585
494.914501604
715.089326394
207.399423601
856.259011675
499.092547148
394.693146626
215.701817785
55.3386975206
68.6496241014
148.303540522
380.792260682
741.611124541
403.855990323
827.028168907
36.063673408
685.320553207
880.46812656
836.774744524
66.7110386571
300.943652544
533.131393617
103.156810105
587.963366248
919.947242739
787.946084727
530.39143292
472.480665584
277.146994283
414.884627508
395.976131653
823.268866285
589.552283364
301.153802984
839.041809345
504.917790481
712.772304762
609.158862294
221.794661796
605.204706984
616.015874199
1000.66463244
578.94334978
141.736033324
111.560291221
685.825624251
375.874624003
926.146090615
687.77030922
779.600365524
328.000887251
422.183247134
685.485099469
18.0601991723
786.379097114
564.977520671
215.344498041
949.878049019
456.86518031
191.796282617
162.401026707
485.149143987
963.695404213
698.131570406
354.963190763
549.442547077
776.256242689
493.293959694
425.929464789
863.573267848
536.923813783
715.824942191
546.478667963
115.07714773
147.519397715
743.144011798
923.31208709
144.818572508
104.61424416
700.887733672
825.930862851
398.897741959
574.694501846
791.107881835
685.138517067
345.660420135
812.868545201
791.301701539
288.71873562
361.875395167
882.044171316
1000.40102771
322.893255107
798.422807518
218.831643175
786.786430495
142.550509342
146.487462636
127.480791988
359.337172004
182.69633569
838.276186429
956.183855082
128.355463454
736.275781172
639.302249918
493.053541534
408.83062173
812.465471561
749.960346006
258.452591937
104.611836186
316.001057784
800.658547386
714.508983514
440.388338979
617.393293522
247.275675775
935.71647171
678.325973714
931.356636468
546.223362033
748.032756524
228.042151789
137.994018321
333.931130694
280.981311568
139.126203137
311.04358908
684.990472678
814.883405443
750.310238551
549.069419859
250.982066279
261.056201778
456.477985673
899.766391979
557.372254279
725.144978877
915.822738715
543.827316856
382.362943808
523.461920264
785.830502381
546.567905113
684.824299839
235.123672933
653.493042431
246.525111889
184.511569703
542.762968823
822.242829895
513.3044819
937.209457179
678.364848813
651.1533348
712.724877841
943.458340671
643.095680065
595.82443345
367.407882069
271.88195301
145.937432362
437.871048953
118.734507112
134.24409429
136.64954955
792.733441994
39.2172973548
443.404154818
698.730737163
282.731841675
604.908355368
584.039822259
758.290228413
541.565622084
742.249226015
65.7119588882
784.264138677
156.362732527
725.989681398
145.506613007
750.742085508
580.688773112
894.846567697
714.347173761
566.073213869
364.019410546
780.560207778
573.974789275
852.22412014
416.305277948
361.767128643
491.829060347
335.876295679
84.6872077096
356.320275599
545.614072857
945.542150236
982.11356091
317.082828077
669.78019993
157.385574877
769.352576438
279.115102186
813.979247068
185.995674089
828.94407034
607.138384151
574.540208792
897.00701621
671.296236403
328.38915161
626.255416277
603.889024314
269.495831729
252.171128924
547.254471006
196.771176421
72.3808012212
998.031797849
833.770618082
801.800096436
850.456559401
637.834418179
352.493540563
491.608290551
268.04448746
653.84410709
629.005997144
722.393013887
112.747766324
24.5044843521
