574.458930669
297.850913702
236.578938663
625.683019893
135.763506886
789.279824338
161.274271023
577.31388796
692.958500399
614.203629851
182.823683689
828.054250669
185.196905542
517.004482387
60.3533580674
976.40668319
615.273156567
854.636857836
615.220241803
400.020168707
600.181850138
1000.04458448
959.775850297
176.406942583
323.113195636
490.934700785
815.145737509
293.556593865
323.676921064
242.742016632
376.724420751
402.20190252
883.228533151
895.448548867
569.133910996
836.122655099
825.710758171
978.969784382
255.973954198
152.894718924
775.990364196
916.880025459
333.599089322
401.818949995
951.63308158
258.709675673
845.673183506
873.466027289
680.829316997
799.951637518
710.856411627
336.96810073
374.844740136
327.248940034
91.614320816
594.074792938
423.671791154
725.571802891
215.627460787
107.03332174
307.346170156
202.111269864
323.608164122
662.726112625
390.047057636
437.721183956
809.926084597
901.131493708
235.878429254
549.460686616
717.92739263
333.668886233
944.697488968
576.166693826
25.1249086985
662.558500291
181.139815821
102.744095088
636.677359274
359.838720902
76.1660819301
208.738741341
759.533092662
245.929603928
505.055347556
668.861156999
615.683574064
633.808480573
100.406017679
157.832911298
437.928140952
124.795619127
233.46792754
321.478983557
671.35399383
800.385159972
706.523204153
580.377620168
750.399247357
237.53771467
612.632447442
878.889585639
901.916740466
314.603418833
810.727595712
761.682101045
783.515589854
166.716571285
148.534382604
166.307338209
31.5013598788
502.780170377
266.565782491
743.718444407
299.683239872
652.565672478
737.926231067
36.0947109014
968.815336336
148.970802973
539.198232126
833.571266506
612.306231913
455.37281441
956.820752148
915.792728257
403.521630022
119.542978003
515.832261488
217.372654789
606.246690722
682.061597063
800.470305579
141.057087069
314.580357799
438.624570085
742.942048296
261.670313567
32.7469433251
160.992605865
84.3717512722
749.778081604
266.573176555
529.307019867
690.967654658
581.207195783
795.67036705
194.304392507
92.9842681451
801.867508574
249.686338051
765.481838582
872.451195974
936.159975476
301.914771855
914.324024656
757.184512165
486.968745682
36.0671580852
677.12917184
591.179835452
541.931128071
826.548041922
486.587861923
779.251963291
554.255612787
463.160536625
296.438813227
821.342894642
7.36897540537
462.680725018
99.8843463782
660.331067864
204.925349728
576.106117013
541.22140105
280.823260986
342.673853365
565.364544422
234.622301069
264.571744856
429.979033946
431.909106326
203.801665647
15.761779537
183.414168902
801.319676575
700.499200111
401.436925736
610.425617371
609.531154615
662.292471152
506.036052984
431.325545887
791.014938616
202.197970714
595.556311869
608.410834197
248.789482171
140.711107576
720.365146752
196.691553157
640.671798798
558.454976102
964.987493294
512.405737152
276.70862781
323.305327338
174.731561132
692.331996574
921.096504688
982.877278853
233.365792124
902.439995186
306.762311347
969.239368004
279.783757099
162.623225553
969.908394911
842.122013265
183.697428486
398.350838409
757.688802727
117.003210354
207.422437168
490.072130449
493.564318444
977.620912612
366.06105575
535.631009563
982.838554581
778.373081592
468.283125694
537.939567597
546.73420602
818.881615106
444.17510369
645.04388709
101.666204862
891.439475793
18.434443631
770.326878352
678.036311241
267.172689152
135.960604092
278.994839246
988.207723239
219.184281909
908.108728642
697.15186114
18.0378898204
304.53185583
923.805507782
397.063439448
54.6971388291
144.922036455
704.195052849
318.840109029
243.91123634
563.488847103
345.761230841
211.665785881
366.428880858
673.891282024
483.808579288
204.535588878
16.3525112575
22.5632792673
875.729827464
465.871524641
141.534777489
399.902207951
441.174363169
70.0537898094
272.350877329
462.89521516
397.777410655
202.654556815
602.821666855
771.660643373
398.754759678
435.328777388
447.781121852
99.0111832145
671.905334442
976.408850712
687.664617233
288.973216325
95.335066499
809.291297758
67.5554924412
727.725654883
133.163462805
893.442942882
961.354119557
413.349056022
894.577490782
696.744795169
555.138024253
127.802029922
863.055715232
521.004606338
875.902777567
411.43521044
990.850441916
372.959445564
903.239109585
542.954993998
605.724321538
812.932379393
775.51750562
278.724607325
131.04690138
618.555705637
44.5298752548
10.2374984552
493.480798853
202.772038549
472.607680467
579.948168304
297.149855938
88.4115505695
360.445683779
52.0266634549
571.607725631
1.01886196702
510.927425309
73.9584636948
203.49355238
679.321111919
500.541444612
334.908865482
810.678423785
961.804816254
465.598713495
160.369912516
932.051357406
595.206469163
303.538974618
807.565371671
439.445273995
497.69166762
442.230198595
20.4787267596
147.705421711
324.330548571
91.0220439355
389.517198098
252.955125962
335.776377436
448.215189581
777.905902826
447.52967296
391.630937788
146.639528788
496.969626862
624.670059662
118.182056665
338.256225532
520.647211656
366.794428037
236.124150646
647.64325164
124.177266898
691.209894215
630.221701238
587.686606263
46.7037215813
988.270351028
145.474507079
724.037345662
816.105240472
598.598264985
896.042089563
510.827016246
600.570938917
410.34277953
809.085925518
507.77712995
286.003508071
348.538489528
910.113951884
628.70956661
477.256514335
765.603267383
107.185122444
602.504123538
364.199545946
258.576284293
545.589378334
974.732021369
889.882544321
119.841280528
205.753935714
977.763162324
407.991045877
85.1625394284
991.191393094
170.363306299
828.830807325
578.387361095
571.509232908
84.6331944865
789.007789748
644.484161477
437.23983395
115.314156557
578.734441468
6.14891156506
276.97338072
602.38630971
35.9366415749
390.892154604
102.090077473
432.029558882
877.208017096
503.410846706
182.765318339
598.972755392
261.586367485
446.249233881
569.655644747
243.259402922
402.509457621
782.908057651
764.378095394
680.562857956
256.350508144
686.85158781
782.1627759
885.789416098
798.779752982
69.4961237075
888.870276343
456.736379167
192.19544894
291.233642062
264.157113888
307.003046839
11.5899733507
795.905996976
494.419576489
596.766769815
538.85256462
803.958255072
427.142150715
738.048240953
39.8233832057
998.562687145
648.588027662
464.75244649
727.443770738
417.899928293
505.887450732
256.469373332
213.826142618
754.12611157
452.73677983
374.520305598
698.36306563
803.338337741
917.820326059
892.932885908
255.053361184
604.562153174
191.867091561
976.005435549
500.716161785
216.270670204
425.481377982
762.951570256
146.641438093
890.47896579
315.480315948
413.995167018
940.567100651
823.251588428
181.991201661
592.234259117
355.249475427
320.506004551
36.3346513064
697.066423244
934.580463335
415.50449756
634.888176082
784.984872397
730.702605189
555.603740037
146.134052303
723.28609336
0.211522208128
23.8727911727
556.552409229
58.2881386762
9.71244448618
242.056494329
311.991149392
772.90661081
666.108177475
399.692711981
141.665398358
888.590769481
965.437326041
282.279330713
210.094400109
120.8833562
554.002117115
199.450189162
824.347464727
350.702734434
593.217785279
135.016874318
662.016919105
463.684973386
609.449873159
564.950495357
87.0154217341
35.8590685502
952.694925593
412.740315512
203.847668564
617.33934159
538.355496869
610.7335954
692.655101169
718.625145523
464.285165945
699.800530273
362.351948294
26.1112381962
477.691031893
495.342903476
400.867881688
874.445003317
423.81002092
742.242516119
109.993914969
77.4079798739
1000.49781813
769.830087498
466.075282784
856.176914562
781.870961378
754.621710225
607.608536961
868.721961392
128.266246397
390.335250369
34.5683595344
360.495108927
579.267444288
459.584130547
944.277816042
737.309774209
608.459309079
380.032523444
106.746701714
62.1084884181
770.473178627
688.81689553
986.591224123
62.0456042941
166.003914982
667.55394503
230.032789293
503.096532896
96.6273908132
730.977034287
623.00463973
76.1168651617
206.867131399
411.455279875
248.792533107
575.225330358
361.80816796
460.831516036
893.821918982
580.535996762
658.952584361
5.8833103537
905.741207695
166.669870884
571.211964276
69.4646298464
487.496281752
217.445573948
834.884497841
226.791146374
670.287999103
327.701583046
822.811197586
804.193350153
327.362001446
479.984644594
304.330579476
656.420780933
712.976554805
344.439972223
64.7750236956
776.554928813
987.336548276
882.416091991
827.595628084
694.258529971
316.908767735
704.299055257
799.533540653
406.373156713
93.7849155472
808.076831863
206.784378677
729.119984958
63.3478118989
869.179460826
968.658404737
317.110832754
132.069999089
540.04210351
772.275138917
282.337435821
757.549769193
445.691818475
961.025585339
802.327178283
219.482689803
693.10628268
455.446518576
20.6429784033
284.101143115
701.823464459
42.7686745203
841.869291041
265.71923673
289.751227887
394.932385829
31.5176734734
208.142418345
971.801047479
5.78729945012
532.027568736
244.317534306
98.540937722
29.2228114111
348.712870214
496.580640208
326.466077138
618.554293853
817.121210205
363.550883037
985.025935868
146.27251464
124.454336331
545.353759074
313.620520452
724.185297462
762.0084395
815.409684787
398.818980772
511.953750678
716.080208142
607.033671663
842.058498999
655.598530938
95.8967468019
109.501070858
679.263583105
97.022728868
337.980827854
709.697266303
723.522698557
773.998112411
628.764664512
968.354357062
416.042324357
346.673046803
771.652303283
505.876228958
124.651515255
45.7557670487
173.099521359
945.479567487
339.747739973
231.281552499
179.411477542
916.092184107
793.704415446
934.745132107
636.146271459
834.674122806
496.864910839
34.3387159311
351.104092114
21.4170938137
861.624097601
679.059202558
624.574390026
45.6977875012
728.343494889
775.736865571
522.195304023
683.176058794
709.255778703
517.340334332
985.290062211
773.538486819
690.901290589
196.759955163
280.079024146
141.357299121
708.381131858
617.939110688
799.949778889
895.631353483
575.016436503
659.951789063
243.974277674
667.312563624
259.288178627
504.524770781
215.643333579
933.967513575
755.316009905
908.812917445
328.169103121
934.66801416
366.376657336
933.145754398
526.270135138
138.852176696
614.080350978
613.046697638
707.001712877
341.643447543
284.993857932
59.1006369466
182.779291593
549.191179061
965.918712475
302.620890419
415.029184498
372.759377743
506.728645363
100.77458547
33.1900432842
847.714085388
285.613593281
354.116625737
292.033915434
291.666280395
610.126890287
869.916841921
936.521194919
312.613261526
50.0995632001
317.612048549
923.621330104
802.851643257
166.019070661
714.597770759
172.00012264
643.549825275
218.122414243
613.198668178
908.423272724
727.6932166
632.64500614
532.921236587
159.904348141
736.083023709
279.578217195
360.74158661
654.410734799
753.701457559
915.438341468
808.669132497
582.085560162
638.943979627
132.235253998
16.8499366014
64.1655010153
504.922780646
558.399894842
378.568970573
857.389709521
788.577424065
496.772940475
340.692797245
540.46069478
386.024270907
179.139263986
551.324254032
445.808504181
387.061963853
982.251243478
317.189518836
771.699272917
302.648636882
23.9829964014
913.913741055
352.144351124
522.440149471
15.6736070898
753.039315106
648.212754597
700.569508353
516.295660605
35.0968153343
649.510965651
343.246368693
293.649802791
759.388816296
697.244052235
8.12583292907
609.578019286
522.881683531
215.737191247
676.268544362
255.565731773
840.487134587
534.901388664
411.536669216
174.616347718
5.17347614931
547.217450309
587.368623312
304.584655506
222.241657091
465.305380145
134.000547127
134.130654844
137.198462779
478.118575388
208.423189926
29.6979314827
928.385918266
608.850626037
520.868695356
161.303923355
633.994911089
777.675306837
964.524622591
26.840049683
1.06229456305
287.986469976
552.651232895
106.485330612
513.474250527
232.127995233
413.751785927
246.453528702
488.53542168
9.67928653161
518.84727298
307.665870846
370.726676457
403.709831274
964.64754732
63.1113813126
804.268462338
68.0123467615
902.972869443
552.471315984
489.95042969
168.825526334
108.369314165
116.362126374
77.5473819407
744.343479117
905.073611778
965.561589011
9.8204606759
681.409333353
46.6018425818
133.069005638
614.169995502
807.196152845
755.601929505
836.649758328
640.066489661
669.507112267
193.12266999
788.208211874
243.848529881
360.330182013
404.481803221
506.743105366
201.645366069
174.004355649
291.547493866
781.545288005
993.242008816
632.682604288
138.662291106
203.748426231
289.560035736
780.600026303
562.811457458
790.741255281
528.695291178
544.99508222
491.290698177
433.185127562
71.8589315167
984.372703321
862.588761451
39.5621954211
935.915487979
427.837317938
693.554450415
885.078804841
973.271903586
903.703020721
483.872880072
562.461871584
241.80226476
1000.42739116
482.905024868
123.596387092
216.742461483
510.944160449
81.7208102555
294.050378546
914.932458039
456.920318066
81.3121261839
923.904667123
752.545960094
762.522492396
200.778762657
455.149290494
329.118143012
9.73116546072
684.305787958
903.095203733
453.419158043
951.189361642
244.792342507
313.097825041
101.839949149
35.3043049568
529.098503826
201.19612875
640.587984589
886.548050121
160.31414403
50.7286771254
114.740250638
233.078305372
424.208391004
645.983489669
673.056809587
973.561539589
104.447622743
147.388566256
293.363598629
463.311598116
473.052513288
562.010113586
885.638141107
180.978449028
609.242872466
723.253822
134.29094236
911.147343885
916.682997817
985.381792788
818.346821745
766.499798702
596.441805649
425.67144478
396.475027078
197.446810237
167.623913003
967.445011852
498.945880454
457.450462117
63.0906327681
267.279732397
0.78121251739
527.994778418
621.990951347
18.4189250265
671.979902512
1000.21100572
332.18734254
781.698433796
656.793626803
432.436710455
201.060726282
391.022997342
920.414951023
704.710027872
338.650939663
888.386084225
980.644352948
547.653913375
691.227497501
210.103412297
858.230694483
