853.980099073
138.668442282
505.78860569
151.340822795
698.542079983
645.370833758
617.496382133
994.159288983
245.435676805
784.57654021
595.987601999
386.266513348
451.459785808
218.241246008
806.456604251
368.784468351
282.353241066
584.961353192
695.954391384
831.122406886
901.073884118
303.578206482
385.553569561
860.546048184
840.041045509
941.51640042
440.903311294
999.805683495
702.629538891
832.45687638
848.437712801
358.105920138
573.120350177
662.010257697
221.421931339
832.594175486
172.17494804
91.8707637034
169.328168381
745.853059248
36.4735042082
108.356850645
7.78011532543
614.51612937
726.164032189
424.82202235
984.713552136
324.100638884
871.6600525
842.252828182
817.089984768
211.722023306
748.797935837
767.055181401
950.51733905
943.605408853
440.118439863
704.508670951
923.04440552
920.189838148
926.196535225
656.20670304
744.181671544
242.164859581
926.554168081
752.182657555
657.005160541
340.499675052
667.914471248
253.969113831
754.60283641
754.820282053
521.738199276
501.954627467
719.181199857
394.645900622
736.123629975
975.0225254
784.868456949
808.76911372
232.891957301
472.479106092
289.036878358
806.507771408
336.276993982
385.904727523
885.565093002
914.554678548
137.99056352
35.5339713736
673.45187806
129.771246833
735.63407209
881.520754695
200.429032199
529.073241442
363.362537494
536.037347063
546.457409321
221.6251726
464.350620981
148.014552376
340.927448001
965.201037246
908.480248481
428.276328479
736.778616891
329.178055322
758.932872685
419.067618136
60.4148091425
151.947604743
979.059521852
762.857815508
152.257940074
481.976068031
9.61442143094
725.362701253
22.8747498544
746.358099343
197.486268624
813.744837878
360.601446251
722.366575342
444.040836417
124.939852665
77.6698166764
968.16065089
209.781220351
913.735174314
15.7238552131
707.580648752
851.292678467
873.995738129
849.622945333
830.635799057
778.796144922
947.306187973
713.507571583
804.883205247
317.163344565
13.9440574831
571.155479022
788.351299728
619.265271831
289.607782734
420.676647172
751.18949488
898.416231375
163.169134593
56.4121384119
966.022233829
230.629780066
9.75034931601
389.589648561
774.170597234
174.22174253
520.512717428
795.415609762
319.097330982
234.001408454
794.371345893
841.862893077
675.69561736
822.550061152
719.691909515
308.046216383
792.841256358
164.872078016
301.16562049
788.617666723
292.704062806
336.604507398
443.464918883
272.885157097
72.1456198517
646.016577741
638.132292698
295.370866691
83.1518853723
743.879810605
865.470497391
317.697922056
391.911196631
181.630211426
326.50678893
583.930581709
218.225174466
118.314402555
405.537832563
700.025289835
399.60728477
82.8127077779
768.661276982
760.029529745
194.406276613
992.43095112
731.525368219
338.740233181
458.253561625
770.609911007
92.2528428342
762.095510274
519.130062242
673.29819887
290.050009313
13.5745124193
575.184681337
988.247639294
808.301203278
767.532725487
40.634392192
778.601755463
8.16795441611
879.140417243
226.332632639
154.410030631
205.999600676
811.945613817
323.333286246
538.864225658
833.597272149
13.0243067802
470.06814085
508.406217703
623.962891193
459.092880337
338.299437939
293.545014801
463.136294034
148.630506089
198.978477496
907.612250412
805.15284738
66.4325175261
147.710809284
757.748172909
950.52077507
168.18987046
354.246258338
535.82308074
909.289802226
822.906380191
625.525683461
34.0812287755
974.739856523
918.098326457
753.164982955
841.598995866
162.275890918
720.64863077
906.067651192
828.084330316
689.639735131
650.453299225
82.6934332336
154.802788039
904.157164695
581.070399441
379.697656801
778.697703779
457.611581456
598.369792889
267.837786336
673.979789428
416.282590226
741.741943567
723.656022744
150.616307536
184.801975049
290.230545787
738.077806147
341.230318323
180.889718826
765.871333669
920.840182229
153.713996068
5.95507340221
372.017617153
304.684269765
851.242073405
849.309701457
764.310243042
853.166000867
651.075635373
568.186801313
851.909163235
426.117695481
537.96641618
95.1505295151
205.64783789
386.572896823
331.394041326
940.349162189
790.868444333
254.827623448
10.0501532067
316.580727098
113.800277809
912.273931671
654.158071607
273.416716565
951.663266942
185.505991446
934.488769635
968.382422678
96.2669199992
239.447458888
586.352027242
218.261101862
529.646217162
605.929949438
765.563577216
754.408767999
67.4202046525
554.642546488
268.118426388
219.812722593
989.666142044
947.517467068
168.4128689
834.550590863
550.417105443
239.272160912
486.556416223
343.505137313
902.747548373
610.345526689
269.08047883
227.742523303
779.308394038
681.574160961
600.933219884
845.098885392
601.656641984
258.163508356
338.059608868
641.293946348
498.383913528
310.095122398
405.354968451
219.901608796
963.137918757
363.139075682
615.62224145
883.096382113
2.56143995556
71.8283144853
266.252007034
536.282867176
340.356120943
21.5322589955
948.624130396
903.444829338
404.301803627
99.4859138472
411.876203866
45.3022334003
703.332504397
945.900648392
397.867684849
650.746781533
221.616690851
42.8604975865
646.082512949
679.080281124
943.970023356
784.280741518
465.615830376
260.931079923
60.277149331
301.340070898
944.651644878
129.854859643
912.00674984
90.7693459518
368.7107781
349.690115501
514.575585048
909.865450289
5.13133370686
738.429792853
67.1881878797
395.548475782
459.521412658
38.4250366522
233.548602562
12.7201592806
380.503226029
481.476660155
316.670384265
293.13822525
388.566538851
579.80435724
994.480750151
841.496844597
519.452936077
963.885933548
811.903965421
156.871469039
968.04301272
597.774972603
793.065035496
577.712779285
951.168492541
483.532620646
595.971548972
634.61137673
527.750609577
520.340078538
473.252790091
462.195515097
947.660620998
142.915578985
174.955486466
489.626422109
947.446052856
956.403171449
41.6559205568
889.072478237
160.543497042
582.404414746
50.8977169521
676.147295325
630.799028149
583.553253469
333.323662673
585.812683733
428.902012227
170.361338588
939.756095858
931.043465945
124.863470963
708.190304139
431.14220575
741.627675104
530.45010985
748.949479959
716.750849097
659.3458956
60.4420299991
108.323958463
668.083047006
6.78500942602
641.722136893
421.282114839
300.156271713
963.647737516
925.20946099
938.389962011
117.626163238
807.001620755
442.069824835
199.80967464
378.686537928
605.319006354
347.399888026
670.583393063
418.728907049
745.358568968
142.243879274
566.093218884
441.60525391
771.148916647
217.805637577
270.795965541
938.26788124
293.886729433
737.11797577
794.907952095
137.903088273
734.388462372
441.005357864
1000.50299561
654.446362385
101.695194259
152.335368053
849.637145652
237.364464146
437.820244975
746.05029729
125.862884204
265.979775104
680.474137535
318.210671031
57.8305546392
92.8261976735
108.681863793
95.944766736
702.619862972
39.5102206774
261.78466265
301.133067526
193.180184758
204.023704796
667.118795883
731.912405976
954.900681099
485.653334604
870.086411789
878.526464517
429.59850053
253.782444325
938.272404918
69.0733475418
151.913855139
697.556728974
737.797451203
621.016611664
844.557430827
948.691592283
525.596536671
614.972515052
755.014812023
934.527307207
315.879721074
720.231666429
707.630213205
830.837221464
676.834134618
678.913228105
932.27395394
647.493312624
509.301134564
465.650014217
410.196579723
239.19860079
904.819950436
818.582935872
764.108742864
985.544009779
246.65562848
272.500957123
86.525340426
891.765917009
842.744823387
789.874161029
486.623929148
668.897547828
588.358904418
666.581377053
478.65267866
415.440238888
547.466798655
868.757002685
60.4903790809
85.4707424617
768.38712326
36.0971222154
911.177005472
135.958473595
397.723682712
282.842396498
818.650361456
801.988482616
80.223676131
629.331944352
53.2098808522
322.131837574
927.298558626
535.488022027
768.089693406
477.79723252
386.8359847
668.61551883
62.6512876292
480.682357467
983.257974598
474.858498885
590.843908955
541.336728465
520.669016102
244.205079387
972.104530446
987.689558275
340.59582889
780.101075963
297.932527779
138.910601971
282.686269223
509.303399177
94.1605929182
64.1658084864
785.992032002
451.538076257
451.885757112
250.608003736
703.104419847
556.044941916
822.611817136
653.201117258
533.847863982
980.630936791
244.097090384
845.24498923
747.299620342
946.684739304
9.06042104909
848.524748282
588.158064826
317.289394095
367.075362836
282.650058822
26.6765463178
597.670625834
880.913842073
932.974923318
255.456448568
873.277507349
575.98087703
470.562647879
420.74966432
818.999245814
883.095697906
108.586299184
37.6818697389
800.479743247
605.78008875
365.744235754
244.25939435
634.28453612
607.279980784
557.379306156
451.61590741
33.4472622257
209.44066814
859.344984526
27.9097452001
609.294336037
101.09436908
559.411971433
440.840606429
672.68730173
103.154976967
488.001452995
372.288238039
152.729961261
319.457214054
481.514840308
756.55782177
248.653554364
405.046177945
953.291041159
396.679076586
33.439558165
511.269028801
980.392972313
865.729374541
360.571732285
71.8501534341
516.745208245
590.026567583
804.172103571
626.898589426
741.546953282
950.278709567
850.520082173
376.077636346
915.721095125
533.138620904
808.618793137
431.045816874
802.022409184
178.840172222
349.542390142
712.268407314
61.889295314
585.309533391
789.500010774
581.39855899
126.528535058
834.279747322
832.588865305
986.884528059
586.240057034
852.039052108
744.78707079
604.154963258
791.146479789
835.682239399
268.411156896
872.345643369
40.9106358352
502.32019695
445.15455465
124.694348297
154.418698016
278.475787182
987.717164756
512.303617516
29.6625181987
964.908253221
688.768806738
168.018454677
736.748223471
740.616605151
731.795154548
888.382888933
210.466228104
448.038072263
534.824517692
495.764733467
576.745959239
307.799567002
841.389812426
691.678810885
706.496704651
816.684826336
77.7720253061
480.541888976
384.320883332
293.963254639
910.638989595
64.7118396381
18.0920044963
780.716215214
980.250605395
876.678907794
570.840036372
352.089070188
482.827701745
475.403338226
575.163291475
228.073953954
786.199566254
660.314762754
706.487488896
909.767216583
804.659114478
363.878354768
310.846152056
953.308602822
516.720305703
250.964223755
383.310781968
75.209934531
936.547145848
345.463140558
406.002471754
858.972326799
254.196808442
257.129698984
526.716954807
105.096253147
488.827696759
74.7365798508
162.865986268
976.354926276
554.94175934
693.479372518
848.646195798
702.914794876
819.212610333
101.724027332
812.051366591
579.072890549
482.397047952
896.657010968
908.875235196
285.552728679
68.892423483
913.354378245
501.495610512
714.000825329
855.175678058
930.979229459
687.799635146
311.758058616
679.62136109
245.010944046
441.338305323
59.8997244074
823.978662972
657.44072751
864.373644161
82.0650609042
834.698626035
312.044221829
235.811156651
522.901983755
471.217376566
613.66942161
746.159728904
763.636739769
630.111605554
187.758842713
167.09485896
35.1186717932
734.697767205
920.657790102
776.293776992
488.020760265
144.4052224
804.658425589
578.890042759
166.999175981
76.8897180523
771.960053719
533.036554498
993.910181652
924.490353753
946.32401131
45.9566440594
965.170128927
326.574035288
726.158829981
298.519740891
187.323677353
156.823135604
475.52990454
794.556538838
680.948243031
531.001234526
914.263174069
19.6012722302
974.403406994
145.879518379
291.157231581
609.421685499
458.135964156
369.47872502
971.327573807
935.57363298
980.967900217
854.470578181
586.522087599
454.102473107
396.649077363
466.078447747
705.714186158
837.109897888
304.238667855
338.258337388
677.398588138
711.131089727
210.18772524
494.132238047
592.741948977
861.23524716
709.904764258
951.807509607
431.191546301
222.046111948
249.105698093
349.073161226
125.40026552
913.53801529
235.329937256
216.018678748
799.480463296
461.661772236
633.378034975
999.357076268
464.92435171
655.886264153
21.4805778699
18.2581211494
233.464884448
352.360475497
52.487164564
986.332004489
202.968852756
62.6582861899
970.677942977
878.464845656
82.9114144221
919.928195749
524.623149415
874.692534452
600.421649554
613.485100659
393.847848637
993.249821113
549.044747117
428.946340925
331.397383855
919.565375886
450.966429058
564.745186724
516.25983719
313.808437894
765.665739001
670.825024648
746.862021724
774.152871801
611.443949806
157.181106035
454.27963549
435.652074841
784.991571999
53.2916587867
84.1190480286
901.593815792
860.489260682
908.001196514
985.031263839
245.804260441
777.541615345
204.388329622
684.486806426
882.009824625
176.913213944
651.301005323
281.797951301
436.979239964
807.698140053
869.060422783
104.734571446
562.905277202
431.852225866
470.995793659
541.107770139
634.766542977
468.473279512
331.561255465
747.277441565
293.985892581
187.251381484
97.5870337903
544.897614869
1000.84407844
224.960855496
737.061430038
297.603125821
383.931270906
897.489122427
764.969622536
242.797567754
87.066667207
763.337832813
989.460856295
134.533154843
519.892318474
978.970727489
702.269036752
364.998323015
540.615292583
430.567586973
85.4321314335
904.111792284
201.153629486
788.410464251
655.874956136
771.104144954
51.0464547882
543.58380611
344.402191144
90.9059757094
14.222882211
178.844423771
932.859616816
678.67182618
51.4507566138
903.249797154
861.062621397
322.882136555
434.562619382
785.835308631
79.3861124556
345.028023232
868.574941813
381.091334747
909.293589188
592.568922657
127.074778929
70.9997599283
911.596900132
657.330778307
580.584544734
946.060626214
526.231919426
262.80078351
545.220481672
531.721988183
176.735545503
592.509384625
29.8890966204
880.845578676
686.105648806
596.344148931
698.912024395
416.912334894
650.289114493
639.194021494
477.994408519
745.500190653
947.005248737
272.434733813
482.118657781
930.280459448
984.577492935
449.998872351
637.500143026
531.225573815
717.084937861
421.128001409
337.774182071
296.450947131
9.43613967702
78.0063030139
