385.777979002
75.7647752331
772.588607164
259.529527695
40.4764687534
971.133895402
251.956637994
44.2966779566
831.010551922
645.363681835
181.295571765
966.7278961
893.751965123
811.030642118
10.3002692516
977.030333652
95.6916740639
301.122546123
888.091806434
13.615927462
370.75016473
347.707891779
296.249927548
71.8992504961
954.231117091
254.490522949
981.027085915
134.749702763
987.689458834
762.507761895
390.824613578
406.354628325
669.031620568
477.998852945
445.62703149
445.31836773
887.206309217
695.093316373
121.432011771
587.855073867
971.180008449
878.770821104
56.5927576845
524.766394315
54.7898765849
255.457440806
178.753670885
961.872264101
833.523650533
669.427402888
295.303596967
828.733320132
294.901813968
327.42607839
198.983738534
788.980129897
780.299506932
493.418125259
573.123901996
763.920007153
934.596846475
345.885734929
80.2230332356
1000.90251951
495.226511019
308.582103014
359.548863991
74.7009471761
50.5624536127
698.476771438
462.865802322
778.777506635
287.607023016
688.632415663
245.980927272
186.000281761
172.868452046
775.993208348
728.461782793
269.490076586
400.596829778
27.5280426602
300.869979888
496.364655136
57.3694076438
69.5423204407
419.475656023
624.2497999
811.574493591
160.409806028
727.172298377
537.141845787
379.375911525
698.195744932
899.107111109
569.891474578
897.465710779
399.860762757
592.446406491
150.746786917
760.189669925
971.173689387
597.119532232
425.867574384
231.345492435
364.876296879
184.787602029
474.127587461
222.016541989
545.391495569
834.055239329
656.543096749
339.6535399
157.348867508
632.209700131
777.88977784
751.739310508
176.364900259
391.586635679
361.755544037
221.175622196
747.082541276
70.3991435223
160.337770845
110.281266008
950.857172423
945.947461737
160.382643123
442.584793613
666.00513825
332.213377436
388.902976483
558.379657175
177.699996127
517.638154605
181.912628625
998.040067267
148.118508915
577.367679372
141.031745967
730.550753053
632.085514289
48.220105773
604.41806924
944.391328844
405.683900353
889.909093908
641.424482635
478.098781245
19.0564628271
781.370204484
551.91117708
958.044793743
329.804369726
393.994755975
413.003988898
164.758035377
536.098367133
804.587879284
651.429569539
574.942322691
799.890598527
50.9786060342
78.3019039375
100.955628505
327.417262436
8.0823050307
469.435220046
572.10852178
440.587730942
522.819556877
847.047369805
831.682250041
529.926998236
35.4273660669
912.783727952
678.237267141
6.65232944797
29.3093310728
749.690525675
197.491685191
943.504015992
691.029512565
422.450483325
791.689979996
157.963582395
802.452513462
769.009542604
261.883614624
897.580134091
31.4924302679
511.464727187
261.920295865
494.362918304
31.256230994
160.936782569
528.772877251
663.400532694
260.461201498
126.751682814
49.988841901
421.960546595
610.794856853
290.513074296
132.246028235
271.090631831
574.188812765
156.904463407
376.192796987
740.536239648
202.333669366
487.745626878
310.18360024
326.077365619
76.251040997
561.251493982
263.370190033
754.179063469
819.355592283
630.630869856
287.224836702
209.017788618
362.320147537
476.695460447
225.053355418
306.471679047
71.9298168944
868.586465775
159.421141052
710.226284417
326.194430952
969.358062698
202.397399951
799.457895189
621.836495732
455.886252416
243.599974084
341.936971738
871.19461963
101.870231001
19.0611027824
773.285985731
207.203848867
310.697437042
295.046307235
964.065372883
709.868230309
592.703997072
127.802115501
929.096910195
534.563245352
605.240635797
525.508039037
892.348522161
457.031172141
438.092785863
433.806552165
514.116234668
348.556846969
371.746418834
751.297175579
370.687349214
285.78311257
920.674605602
955.630417485
743.081111037
723.465432171
916.796648332
695.975421793
319.201763839
294.603018409
315.898949276
472.277560347
621.405535526
710.863512386
63.5774561934
766.019532192
865.786211311
700.295143775
531.09251183
705.698726603
12.5072280869
743.734885043
193.852188636
624.766436249
671.059456451
532.559698024
866.818900006
104.033499675
791.244731576
749.190648849
829.833513665
333.849201452
635.072564201
684.892925822
841.84484354
763.608805105
515.763138172
777.793820836
154.20211706
747.779941021
920.970006053
999.062533374
7.73007375018
625.323916625
343.771336617
703.88228654
215.620398055
114.000320363
199.520828693
488.859349333
732.179626957
289.230513473
785.951532536
293.324478709
72.2346797445
367.751535438
747.179994517
682.429313868
495.087373281
408.556300054
912.956893356
497.921156465
312.100177504
582.209096034
673.7243036
189.040740294
94.1039247956
48.3923669935
78.1174719325
241.336062586
203.27378502
35.947676334
454.901924431
112.20501376
307.990562475
576.608455045
941.540330165
963.989748537
901.869306338
757.30214771
15.7947646674
928.559860461
511.058321166
596.905161233
819.532687866
789.348482419
378.80008061
384.105353521
229.740997686
814.725980484
243.969154613
26.9568545508
59.1074357112
541.707221571
638.307302361
923.694720991
336.758588626
987.643352524
574.120707858
29.4661160692
456.105238175
84.8166442915
68.5270655183
809.417725765
629.188886514
683.927651627
941.387966149
865.16926295
971.831354971
211.591672146
542.124303235
866.037949873
888.832706144
13.8984980317
234.438289955
960.368084893
195.552895166
479.625226905
768.160122329
269.950353757
113.438480314
899.445217426
410.116195698
484.805526703
843.244248661
393.802203571
929.390037948
710.69223511
263.713899158
155.705068718
914.200628216
875.89818536
926.811739426
75.4398705409
657.839122129
600.41437196
632.127204877
251.018322157
721.798280448
808.478078049
600.704891942
619.078744739
938.555683859
816.861264698
53.937576261
345.127058268
264.11098789
493.254370426
173.644746148
138.906038384
468.457703058
814.625771756
721.570092187
523.346081959
684.798100289
408.319428302
291.913130288
598.214888528
161.022327848
894.722352467
11.5080274904
555.960122694
616.14330575
406.297153716
650.37536359
157.307859245
897.477638845
340.196202689
706.672125063
992.265686542
111.635713586
991.474626665
197.994422525
949.336050295
612.543135435
711.226637809
47.252692743
296.806570212
813.487788288
132.514737924
281.949293688
656.939706819
606.442252994
174.99004694
892.921089834
721.109046091
528.81221605
327.233407118
606.508763541
953.683528628
16.6246362045
183.956259763
301.011078829
30.3642315941
991.98729303
854.097393014
248.121589081
723.988476344
67.1137095004
332.817594578
759.401564108
444.747517206
884.609608577
9.40699614282
263.823708474
265.115525528
883.018714869
412.650459581
437.970160807
315.374187672
591.532164197
519.8216327
765.987285398
361.976643656
274.012373953
734.725773894
180.306939468
697.247168199
914.752096617
292.603178943
777.831754446
661.717235167
10.829096009
114.700542562
917.847284891
684.504207675
108.06231724
102.281953335
855.962487786
983.56280428
878.689959252
348.189575683
992.594658844
881.695045135
634.808900149
341.062901322
302.650618632
369.705968017
936.430078431
303.958496821
998.781958818
107.987364485
457.989871749
165.615255602
222.690940016
242.189771555
986.763001999
815.026638363
788.376724493
873.862194944
273.073962958
701.389048708
821.542108773
501.304471033
634.880675249
97.1645690265
763.591212267
991.076987523
831.473494054
322.7786385
950.433580244
847.300720476
52.273526825
767.892448195
196.184202148
633.833946988
598.399919545
690.490489774
764.251793504
364.745611961
733.263454955
199.026048168
643.158081086
154.562087509
383.731957591
187.978138778
263.602892171
190.035075842
257.054742407
830.400691669
734.418978523
548.947220287
741.555659111
137.013934729
999.315689562
617.520853439
988.790033132
387.385671687
802.156529873
590.623052788
27.0029243275
188.80311171
240.742664906
780.722384686
909.697613048
585.166382286
83.1276009676
608.871161735
633.446020761
778.031698773
471.673448095
263.64564103
889.540922557
523.809678053
901.88017795
342.467022275
106.280637999
197.227643226
766.892671526
586.268058863
680.665354966
736.088332764
209.514033903
208.751453791
788.626177422
158.489275093
250.310860768
430.964724484
758.118053383
786.83811184
478.174068315
745.308391285
820.820008071
705.982450126
951.845374183
95.5394907292
768.780761772
200.35713742
249.158639812
759.748960225
859.790800858
294.784902246
593.125692815
802.94631423
354.665157445
469.748314758
979.052249742
133.344323993
267.671959761
711.874475486
586.751830174
864.829753662
468.172360892
949.744333435
671.573928029
142.263077706
685.854411443
47.8434906016
0.787456307532
159.771565768
790.165467379
114.156954997
399.415899555
822.063840946
233.138062627
989.46695603
714.763510783
69.2108702613
26.3106607498
120.294951991
357.071003513
560.870602295
442.864092778
393.017387466
406.693889095
60.4558516896
581.062880949
760.629021949
198.626653396
974.506024896
633.03595087
269.913093866
941.919299462
638.651287153
872.873122969
916.443200054
417.81813571
572.771839085
324.407987741
101.66536162
160.701731527
25.7884150112
126.090729452
885.573168811
549.629819483
948.545348888
71.9612119268
295.317889282
948.31331882
531.810113109
230.246688347
118.419346587
807.96129895
689.929513201
39.1800120619
865.096832152
648.603402321
441.061747092
726.937229305
558.766284726
42.3080347393
637.715424312
502.306716937
117.007827235
751.592530211
614.665900875
432.018942771
678.661662941
211.348676916
361.375655738
571.6476921
670.074553147
959.791521679
91.8752448446
178.151169694
397.399766499
627.088837232
269.527351687
197.34996358
233.270647257
182.090288589
732.60422334
367.901152256
741.413860037
940.262033521
29.6242440292
81.3616950395
640.580606119
300.622241552
618.942247787
331.490851329
568.533377333
800.752786002
146.996708187
550.486709913
303.704899261
710.970712844
425.380721602
461.897049045
571.43175032
91.6772073203
936.092465401
245.356297756
880.967280497
176.114420925
287.425634796
190.261149607
887.126321811
361.384222994
823.216514197
262.615135372
584.349897659
425.227632915
777.540441604
264.962902752
220.923428635
869.90211779
731.80356723
707.947041457
344.114497724
357.807172398
664.994028359
302.071933012
549.671415296
431.788873801
981.509762867
159.02319932
541.613441764
4.22206763795
974.146757082
661.388291945
377.34079813
464.489202409
642.494086251
513.627696482
635.729467155
669.735503908
589.766941457
941.426752745
895.032409149
304.459386658
214.405864018
117.434270702
640.231156405
156.677309254
381.148253959
724.772755262
282.807743277
411.096334235
596.025682037
32.7955165423
789.470181439
382.474991122
110.940468084
25.3914213525
503.931036067
170.215356098
643.29724087
200.683157972
278.175848542
732.021228388
595.035358678
659.690446605
878.210655
939.273635692
572.708846799
642.934090549
318.123311259
656.161054412
588.658453333
463.789010232
962.961666707
840.662314412
284.624931087
193.094104984
160.884125214
745.517773459
676.646167535
734.147305295
519.157337408
279.76366795
693.246443546
529.548320416
658.223798591
709.856161639
688.104261595
836.269928858
837.510947778
638.496745338
774.908090577
551.351623999
193.335926278
288.589993171
921.360390244
604.769940496
868.354526417
501.04701859
164.798448449
755.845875144
910.81273267
189.717320572
437.835851762
646.179730633
440.767653348
243.960085532
529.294686756
808.351840996
431.562596018
912.797562186
766.605470049
954.179381368
342.622512259
734.361129819
613.89889936
768.824749445
302.580437106
86.0329674313
383.732787421
421.944482942
366.495696233
304.378932846
470.396613022
642.107675159
410.345718484
288.528546548
367.219633383
655.39129126
99.1868644742
291.439269488
594.091207599
81.8846159537
830.939455853
509.627871709
208.789246143
598.166911875
269.136807608
170.944170251
283.318186706
898.915655845
304.423823355
80.4587539398
489.946837721
618.474245822
227.438009402
710.043562192
769.962616866
449.3451805
978.783401867
961.0568843
349.274913875
102.68043049
580.886866834
681.707131698
773.880984148
822.038874339
597.683240887
647.62498493
182.834700935
150.941910424
964.491303068
304.165455258
20.6585691047
383.979323675
598.049939641
672.979179259
312.408364593
550.038323159
997.790552939
278.667294341
787.620916745
774.828705425
393.218717916
730.925223449
214.701161117
744.581201752
690.890519522
961.553321025
941.102115953
774.779109451
52.939914426
102.38904249
344.066200894
166.064355307
132.666813164
171.413114051
240.757372053
961.536467261
818.592743527
508.392374555
202.899925219
83.2123126155
663.797172086
705.304018388
485.326375144
982.527308162
653.989565682
300.033839402
669.130967011
772.313853599
959.348292434
848.48205141
393.788478159
838.577225882
587.946592091
457.95668443
813.843649706
661.981509815
209.524224836
896.911781409
959.604823166
452.344063779
995.21703199
641.839275469
607.320348154
610.564007621
146.261205822
760.21191787
750.701985674
643.726343785
539.150823067
327.763046198
726.182306016
200.426090768
481.877418262
695.053335973
443.821481586
662.170320365
72.2097255952
242.718338208
380.154849879
533.23756583
981.380698569
654.629432457
767.201191167
123.973507125
349.125943373
432.515824122
1.54326506453
357.531086775
196.90361984
619.231847759
632.438857525
83.9455720727
796.213822465
400.480946212
930.979646876
113.90574575
828.585710317
207.505704457
382.563317046
53.5452120532
364.140704404
914.292997142
222.827078855
57.2681691515
235.882695475
33.3525673796
646.984920677
912.782849313
230.92145475
415.381362854
154.041248054
228.478657574
191.078699619
575.48593139
695.216109449
514.8537976
379.816049558
19.3719243603
721.844715987
840.800984304
83.0175692567
139.239994657
536.201875415
38.4736037263
154.227724518
445.231794994
374.820025093
209.342654098
83.0551347856
511.242068345
536.854904593
169.905951764
305.466944761
935.473323189
757.384535307
45.852802925
813.057760205
98.9819961525
363.230780206
24.7110496499
243.312715585
303.302579073
376.425303857
855.387982311
463.820598378
695.631991851
177.231149142
583.886874229
