957.552272699
350.819837475
599.41675224
525.113311221
851.120518323
960.84477129
545.587856058
131.57028138
944.839693309
281.406552169
657.131586
786.703732132
591.038219054
520.917092238
545.371591505
453.751000201
377.031677105
596.395783543
28.9977295924
219.850957215
345.041548354
652.752480918
606.705263284
191.311305149
895.322367192
14.3220667465
950.808313465
905.509987472
937.516493531
222.312002734
377.013512897
451.772770532
556.422187225
442.698067564
149.81178788
872.056961237
279.476572162
713.481932792
343.83328142
44.5112765212
669.288203582
920.453094088
614.778184522
282.480534443
258.703016932
947.395006781
169.925313709
671.549187613
47.8786090419
599.496164235
595.62800362
833.515357459
353.778254162
152.98799376
494.429302455
976.209962175
673.909905323
562.898876662
834.787955666
758.594925082
744.361984117
101.591279239
704.724588701
884.774670471
339.274066128
607.437285596
905.958638963
339.142499735
48.8804227747
76.016717461
529.717291071
991.594527997
982.773568657
506.393811897
622.723273279
686.2098771
912.5415134
848.499568987
434.628764377
581.880735744
293.521872948
224.067690362
0.529781036128
247.356213867
155.118803288
715.690336684
869.77813363
269.348335363
600.530263298
306.908417597
633.358794576
58.2161353071
310.885017179
413.054650428
947.704406464
636.499911948
921.23539258
884.772192855
863.255289876
245.147402209
920.097621673
836.119917017
479.929519889
223.018626229
343.634413382
197.015813139
484.042991499
755.876373767
734.745502407
880.469954117
185.329124207
92.3901214596
480.076516204
982.638836833
650.289863118
58.7649642618
154.442006115
236.196748497
590.396620865
635.872433753
735.875319089
900.525076131
707.517142252
887.223764078
218.472748453
982.272290157
664.34083548
874.430433718
832.293698994
110.188015646
823.024617222
513.306039908
277.843058903
410.66748209
323.351932398
128.440587739
535.227878436
4.74490312555
275.846337674
155.652936982
471.712456329
454.120753374
248.929344763
529.547012302
673.491214135
519.920925167
352.218653171
808.52954332
747.141183063
57.4242330792
159.13732913
202.75177282
575.382169944
262.997333112
771.989913239
296.408347549
547.262320967
473.489402853
246.447108956
352.4463658
798.915106738
268.087451661
922.782628071
931.096174634
717.1180128
593.988536909
408.335108834
143.064788886
802.985985206
336.144328253
281.848898257
605.441275836
284.822326889
771.806528121
410.732597373
415.460504441
254.327592848
960.253867111
979.752523737
440.477726263
383.43026169
346.447442555
542.175584619
460.73039136
622.624827693
847.841190483
975.408490294
862.996333838
867.714121844
384.198038373
211.870575321
507.056180218
829.306378165
974.698205177
186.006900872
555.247937376
746.891307808
254.871329425
836.538137177
149.032594551
119.376999364
748.676480793
380.726162033
274.460541512
922.500987322
676.054263132
469.408607669
651.203467478
70.1569500747
560.159868649
902.38618743
893.189476747
348.077200416
987.669447222
700.664555547
677.485715816
887.047422351
889.296183405
408.851079912
67.1291736754
516.116806762
972.825964415
402.487756297
602.054223457
488.842671026
813.861238948
54.8421336225
734.295750817
601.954547066
466.342317509
188.191987748
653.133259829
176.289352273
748.681931945
853.337225362
267.08520428
340.182602342
104.448391979
976.789200237
466.814957545
760.310150614
623.592076992
137.4682069
632.62316121
949.584069953
756.591428824
421.842171415
670.573780091
100.078884522
339.633737403
669.019667019
428.158823204
87.6385066846
132.199470976
878.427299881
815.682447829
299.500683437
815.862275147
717.915110348
773.826482835
12.0698706356
11.834973462
545.922799784
974.669909167
827.487752566
470.474029273
269.930094207
202.444924721
573.378776925
669.686916383
387.405245183
97.9262815812
297.89717068
432.691763711
716.14525825
576.785562382
355.217946357
981.375369153
571.583117846
855.590204693
995.675788069
246.836480812
816.227018024
285.971173826
1.88772456969
397.49979851
336.996776447
169.971130669
851.155166248
411.32885794
559.999518213
270.65322558
819.177281399
769.239110723
863.530324519
566.370799173
278.074217512
104.713568868
800.570551007
772.823208635
755.407850277
850.82623523
685.169487228
326.557425387
338.548104388
650.484214569
633.72414355
461.181476327
290.975618231
406.451596014
562.044774132
722.846553663
403.186403996
621.94472414
729.411935197
187.847771741
944.579191645
321.029857684
83.3692982266
494.527722445
714.91994943
415.535551048
279.835355911
71.4640769479
676.571686855
431.78006163
653.512102978
155.996568213
151.12881948
363.304060491
682.94859802
401.69451554
966.345592047
1.4530508217
960.778506394
730.808671881
719.943144277
108.124220425
312.115128207
430.92752583
374.166908083
598.034823433
901.736631797
358.511314635
985.099704605
248.596618141
88.9342184888
842.488268648
204.121965632
452.294099983
214.428937928
106.49267583
623.591521996
297.728039387
709.190900478
82.6554987944
952.926318136
105.698874947
483.68884629
401.181838202
249.587301788
373.49416729
261.314538863
660.097848585
630.802768052
187.844267707
390.299559203
341.325614864
804.638629415
5.68539231284
292.175486438
861.732017893
772.942616367
751.186262383
62.9414452834
220.396352459
373.88942771
447.998499859
828.44162103
155.595309752
415.406474773
867.235204636
694.829314931
905.963919824
170.369172927
638.234669267
331.112456767
239.76034796
149.414062294
976.164314004
670.644116423
870.766600266
173.705560935
476.918671989
125.420359221
873.981536832
269.02838588
89.9854540635
291.289321532
674.599936785
896.155181085
480.118810099
946.275237754
743.033733228
431.935602079
99.9638057591
633.918052446
793.324769032
389.570708208
242.435860871
446.956508851
655.529061352
731.66493544
118.868448768
878.633958932
592.70541546
453.452832895
620.165236636
35.3653169997
285.461549449
28.108982846
957.155999352
835.355108783
886.712274356
842.741108262
352.941751095
847.861894506
884.544988601
971.999290192
223.014348888
126.099706554
648.408200947
701.924933482
0.213157104285
926.457719459
813.784264633
443.880176621
86.748378547
790.061441799
537.92248038
450.09423912
636.255527727
281.710802988
692.636118313
61.8375709892
269.705859092
891.913418621
891.089876035
671.142466709
837.047775251
835.18988925
910.046738077
72.2921887704
4.30242142517
561.769170645
288.5490037
792.31913273
771.432744666
458.173269306
30.3043870145
756.770550393
930.642860348
253.230553383
132.62817475
361.545258298
822.648287285
740.941163662
467.051744914
175.190409818
131.376288672
847.846790295
591.68368186
605.111221248
378.793162505
389.64401121
588.838300961
246.868761521
502.539609811
981.835273559
81.7056013518
776.752900993
49.1051466726
570.298136715
812.390291116
770.859481591
152.547509038
761.413556242
45.0195426324
385.823317775
884.631589566
931.742067771
320.427402789
375.111658251
872.759499164
906.320647146
365.965468726
782.85936366
771.951339285
603.79435435
763.136562882
256.182354979
367.785993124
477.470452548
218.028136054
209.337491799
781.417688481
760.077956686
403.203140102
869.068496718
616.428804448
687.196337143
736.7849252
358.899798905
525.928100438
920.489504648
578.94916795
706.249287557
3.36820134065
555.588649447
783.485777183
148.706538538
83.2240877154
895.693176656
23.1063133662
548.900843749
215.637980684
896.796941841
981.601639635
391.973685262
751.366350248
598.767470386
640.77089878
943.100585587
361.358424023
569.389277563
546.906818376
83.1461941605
933.341294854
802.598162768
475.078843183
319.736382932
341.081448915
969.011640124
517.324733237
356.721387256
577.133862271
271.355679567
12.2637128599
227.661559172
415.125416775
986.116100923
267.022418832
458.907049146
474.808809347
934.759516938
276.433849027
794.999731586
905.188874622
48.2395489314
799.58483468
78.255045474
788.764851804
497.63496515
108.53067454
83.9760905814
64.4427806281
432.598765314
909.837636564
960.702688703
717.682747463
707.508443041
370.764917108
614.396186408
716.06591969
764.983962129
530.840112081
638.997744865
715.657182562
333.639041428
176.785566262
515.883125634
323.288171976
696.156083086
621.983213931
776.7265776
256.180565105
252.200055265
738.630924654
874.448324071
746.355766506
178.686462187
672.863253134
518.023440747
807.816241395
912.196293929
510.345892475
808.593858744
636.245968387
860.475327641
905.523100683
81.7792457389
854.936214415
181.438325504
939.71168953
405.543776335
324.420106488
601.971385418
152.515448316
206.947857946
314.326150656
183.785030533
361.03481016
15.0869186153
98.6429961956
712.358498618
949.455568693
915.817798188
521.254608162
576.317819885
123.289895205
557.512559307
313.057604225
219.163994807
459.915513865
577.959373911
114.850072016
867.136570092
518.791241728
244.662624895
35.9958115819
815.828750093
253.057359965
520.721788152
207.43578181
637.337446366
700.051416322
480.18196881
98.0264139415
397.682363244
387.56465129
405.116337192
479.705289811
687.958507934
251.144042196
470.203517767
315.73744618
185.569572872
114.251010803
264.074157126
439.334799413
711.913623833
483.407590738
131.619940934
571.218737112
902.811515301
102.033813602
972.083685202
635.533679856
590.691490307
891.208587099
105.648883676
968.177907624
400.650067844
422.974879188
172.777039288
806.108403154
612.35731526
562.639145597
151.084583464
526.956703147
681.091307081
620.111397972
482.638239273
0.358854302689
601.164185084
713.975248899
889.22387467
326.679007841
919.078989509
537.519339674
905.62287152
504.832009236
281.539134937
618.226645193
901.914676324
791.84916141
489.46430998
202.875230252
47.9493718226
837.635868748
26.4281982589
750.699926128
428.62389559
432.996584453
456.528741817
177.197086042
718.804809107
39.0028794703
878.928088575
339.72529115
341.579910343
501.783794685
884.54053647
976.611382043
642.70496013
521.737033096
548.477575935
441.614339697
302.880766987
15.5553128156
892.378922185
762.97749435
422.247994498
713.743480434
605.25325297
982.786403928
263.940309979
388.180979145
886.812791594
635.140768968
27.78919265
938.497773871
303.233132053
226.342468437
950.890066742
792.072057905
565.421426486
584.132336269
956.700389473
944.562054599
647.829528143
355.854109369
89.9414679421
751.22029757
336.641289203
918.885745853
518.165242519
654.733310131
642.093124213
231.456267842
419.094816111
509.249513026
414.890311743
81.3407127931
455.661266498
641.690211966
117.462490718
42.6963901199
881.54806629
51.6656208344
380.504327016
734.219239079
937.353652205
751.110883171
166.415037281
886.030811939
419.597805141
919.478964503
739.345778261
207.632498059
511.571129068
27.3472729321
678.975912124
614.121313223
857.029917594
686.518689925
969.255038707
768.224776066
4.77364378431
70.1761553525
968.828623688
587.40049542
533.774185765
589.284682611
899.803074054
700.911970489
382.501258934
283.4378902
443.532057565
343.923111714
65.1224752085
367.922288183
210.021068317
843.354419059
143.536243153
833.645798581
93.7906149008
376.710317092
278.737099501
274.368229928
435.774690322
996.138421648
770.213413288
48.1020216459
80.4713707905
746.95298174
641.757295175
432.983122986
916.115441442
348.09976589
465.787035687
127.35866114
273.616179329
334.653138179
357.0741324
615.055882355
811.022009695
571.452998553
492.618100856
871.117148753
385.177879566
956.52369884
676.007469627
745.824675175
623.735714368
289.476913417
69.5680812502
388.03446998
464.366078476
734.46492557
802.949160743
739.112216914
816.136179177
367.224284903
465.979967633
840.421430408
58.167164072
612.179106275
781.22603246
459.447944694
712.741473608
109.707931693
972.203179281
534.780492803
623.27055432
90.9584384002
666.264537888
86.7362279332
621.85364202
751.456844119
875.400306359
301.146219244
898.788843169
328.539629557
153.297371068
834.757858927
405.654326768
928.395878858
997.208690102
94.3810149842
311.60744024
439.146268533
971.72007131
752.456677797
468.066340642
330.871594607
499.740871842
898.096987821
944.293719124
679.317844398
129.611336981
203.001029984
979.155640833
384.573388137
197.672537723
975.852879678
800.534656145
397.018823401
669.318658824
826.314690371
400.442239037
921.048406372
862.732534105
80.02604009
144.037174649
825.628817866
818.763067587
474.414356066
424.857783934
92.4939735404
842.596808639
883.119440618
453.242988751
520.612801956
111.881400643
298.263840076
798.293493908
667.86561313
33.6317227534
162.005840281
15.8340000169
71.3506635329
214.245768318
22.4722261817
95.881258899
999.948926903
456.479769351
466.948127442
456.524558726
47.4231442715
533.534033434
334.465207231
345.71065949
451.952126133
451.926893138
669.823446766
234.417965533
74.5997879658
672.476513542
815.072034144
439.70989094
205.78777033
464.462552288
330.213182661
922.618804064
763.914215974
151.916567627
158.638582539
650.645758141
746.154452833
600.523213773
233.479983199
660.167891672
928.405279589
510.862600292
867.661246171
619.140293386
99.2525407222
719.016830737
922.648063716
531.536051234
558.208747615
88.7495748419
118.961124103
473.60969379
905.472313993
332.675366605
862.097050391
812.56485133
889.868561344
61.3698388316
58.3949020596
480.152287655
52.3365790688
696.395080339
159.159898354
910.572633418
421.078373417
241.118292818
994.016678967
962.997553464
439.666714846
528.525483443
808.740703206
157.991033186
432.145003562
239.693029625
245.093402449
268.52737963
293.439083808
733.752973104
481.461743271
339.104858183
416.314964437
581.083812339
373.218378485
176.753804752
717.717415821
496.992246862
820.290687513
617.122656417
707.129285048
106.346039086
678.287173046
102.218632714
258.436053502
661.128294148
130.788075552
301.800666439
574.135294185
731.25168815
624.958705465
877.991513972
753.836317529
871.665898618
301.844356679
725.125628102
453.250351353
496.393481824
10.432227992
622.443901495
514.092103908
28.0362766604
62.6188451078
522.407240333
481.589857709
940.234188123
334.539517522
274.835040788
455.509164107
