222.559766595
567.340479503
971.367117792
624.770516435
532.917090287
778.597511925
75.3083603422
245.878353269
272.873805494
575.847473646
799.769062206
615.126728363
178.967036229
311.98100824
351.611342585
216.604757447
410.217884009
414.319071598
275.541105126
143.860859086
210.83887457
723.173118025
418.328302813
485.37465088
817.239012313
525.910000354
182.799352112
259.156820912
586.351424234
969.204376559
329.451930237
740.105898968
194.311136869
973.422131185
326.351035512
379.791284543
695.567882744
444.122172341
811.642824318
471.201579571
929.944501135
630.210116663
262.421363688
388.41256365
792.489123197
215.086485811
207.235987289
235.155229557
297.574192517
372.608405248
650.367797523
143.872897121
472.792584489
725.461332887
61.0818721666
718.770163733
877.641053193
388.142640428
41.7840029143
639.217669902
633.722196154
525.893112228
897.476518574
212.482055778
746.251745974
760.297783483
213.260049353
749.003145661
972.459948124
349.743312464
450.281391997
272.598320309
727.623454616
670.964531142
474.463053117
336.641427929
509.450488788
991.141428257
391.191681419
137.603917838
509.15609416
930.320709517
930.627806433
726.888765092
993.310327136
18.7139497991
715.734045605
355.335991779
623.077747768
574.556656637
828.723742071
895.344542291
211.057668943
42.2762868924
347.882725189
311.138589155
141.833782175
699.743074248
218.06249511
112.855579573
335.995630411
850.738456176
882.518473074
649.132743263
49.9654958967
691.172779096
170.990982325
44.9096017245
319.877398763
995.880329798
827.858044446
641.191561278
277.563387633
72.0939844722
638.880120233
315.433727361
143.602173887
170.489815393
160.615603846
414.82612204
712.810553869
974.63709281
888.757974132
597.767687302
702.216961522
766.858666932
966.49878234
925.798207077
106.835380572
679.295385048
894.824497705
758.210826581
267.525251887
209.767364818
235.240424296
805.963418313
400.572585653
758.020499032
443.408418926
424.56720775
646.677347904
582.660108059
693.010501632
236.069766007
785.650457339
677.285174026
903.625218573
512.918855675
31.2626046843
938.472965382
351.121929492
940.458900192
18.142150473
353.411940548
371.258957428
41.348687382
474.91472692
898.901676987
96.5607240466
305.024293759
674.507634397
390.188665548
405.658663302
255.474040524
18.0198238988
976.016386456
1.35187584936
278.735354354
54.7804538188
369.450444698
935.68119327
329.039564068
488.500284791
433.193967293
573.665780178
982.351476203
522.470589387
636.560257073
720.565370076
749.013291454
455.60399667
570.460330285
505.048169206
511.379324913
567.047427357
288.417782427
750.698590137
394.640701836
705.008603127
164.396662258
118.236339016
691.273164927
342.564721268
118.845332319
26.9968530121
929.27959054
308.248890055
783.190145221
254.555414953
168.91316691
500.956228294
589.601423628
315.047275754
294.225355403
817.069251547
837.240668542
827.07849589
743.808793223
865.989207224
989.175257659
63.5369495789
610.981574553
979.705803873
238.459994352
36.7228857596
984.025134683
462.275151889
746.534102975
709.287458952
740.599968267
501.209749655
572.438461404
643.042721021
943.480437905
670.807028116
882.314326839
393.353278114
247.489746112
3.30873474145
140.006268646
421.608911388
349.529445748
144.799231771
612.966699049
443.458243382
503.004403169
763.859814087
314.815793693
721.6381703
824.528248101
931.4137683
94.3686322677
895.028643059
298.394351734
37.4185433563
737.997656154
64.762361614
568.113774012
765.962212976
298.782507998
634.675472535
158.398863924
220.409182486
450.748508478
209.121924553
723.523014852
401.955039959
557.361745584
115.760573996
342.558437791
889.004727703
737.221064972
232.303721859
290.210145022
611.699861579
861.434760888
669.669152437
861.718071138
39.2669188503
795.559445175
457.920778539
112.710491827
474.884029468
319.996596931
269.875446925
670.527222515
522.169292758
101.585119898
496.691391254
189.966836778
780.752826351
452.753606517
922.694223029
919.607746752
360.524341135
345.819509945
910.288583073
13.7913656163
632.479016967
804.345645614
130.359649444
85.1142267255
816.9206341
680.018704051
20.6414228527
75.2107531336
789.005956693
844.072804894
881.896968496
133.057769804
598.640705536
71.8359513686
234.411618737
356.179126139
122.009977087
649.966110476
831.197274472
969.869075643
262.570705746
979.439532442
736.644193008
133.585582116
780.100895251
894.892051467
315.374814404
614.164209954
768.099638176
122.588737997
451.83964211
973.772917656
495.321130385
185.108128624
979.16019459
410.015314652
455.13029846
0.176132861171
856.711903662
7.99761066994
350.15261037
805.759557409
352.442768922
865.145146155
167.094603199
915.324592575
236.236168912
15.8858342274
286.779610171
88.958274305
301.46018699
281.305256984
227.502955797
534.895159215
892.458342659
190.871654852
74.0993241612
65.5587891703
385.3223109
393.49194228
965.51628125
153.438172163
855.513339741
704.586826355
173.791682384
354.019900752
49.9445585522
285.358663145
15.5941850662
800.470596141
948.861201002
970.716294111
848.572047743
774.2442502
766.960803443
450.14064431
113.190800752
764.943105064
339.424821541
596.035705758
784.762083133
538.206835511
121.847718022
308.028801005
67.109490095
202.108731697
658.185581399
802.24304811
894.430918977
156.926378411
145.825955147
45.0133217041
208.423508468
940.854760234
471.035972281
888.641858917
591.499118184
522.893020631
402.482744925
787.784654102
370.631484252
245.66976043
802.404580287
628.09820128
195.722559717
309.383621728
486.138347493
944.510980219
744.400840875
452.638433557
10.6075397815
837.230664502
82.9487833305
509.43301922
755.974854111
486.32468733
279.72686131
222.74940168
225.817710997
747.188515278
730.325954805
859.159539783
712.505990014
154.37418167
820.591772564
719.178897137
357.893859361
394.855460715
38.1447479521
402.19088695
956.790939789
848.647760389
933.204927217
627.891646153
14.4793625036
704.376781883
326.864691814
274.970289423
106.45973
951.455233625
187.944407065
809.239453247
45.9204443239
436.307569993
357.79639552
622.621628487
944.056495481
435.378600567
167.239424515
428.605193154
343.718067376
347.752496682
243.07173745
952.960694651
405.102870853
552.543787387
732.215403467
945.546947761
665.284407547
797.686136463
56.5942408854
713.197293542
978.383533152
500.331236772
6.35468036773
6.39543709133
60.6204694739
155.892843199
459.707131717
995.447943
663.983285473
969.07141196
200.498726692
496.338227276
898.460781862
810.975917368
121.972382174
485.779941757
516.867157843
788.803292746
944.753786684
999.919487201
300.510416861
161.957646825
602.726005136
857.126640567
627.015973804
687.502008053
950.662962418
889.320516075
15.1961923537
380.304096322
999.263739909
938.695676531
934.830939808
585.237160857
0.098033849594
259.723180407
327.235046751
252.174652689
740.98508454
336.653386566
695.692926484
605.29978689
785.519981901
467.793348253
249.235861417
501.16415488
468.156363527
486.738212898
119.291385134
359.665462669
698.029709796
610.86612981
555.464162046
484.635002981
292.924331576
637.837093609
732.437747414
506.883534334
375.62252512
397.748341085
965.884651559
187.205349215
73.2295876654
290.085764129
488.4520157
312.907701372
677.748305193
661.794981089
396.92891253
478.658238293
868.606412616
684.258520625
709.468550336
199.722782673
943.583649379
152.756710248
518.522484088
828.934385267
443.534724239
455.134389477
633.422865969
586.175642007
522.612940102
837.572194131
944.771863058
564.245528915
747.674382684
281.703506146
698.180398596
506.16591505
24.3429235446
615.481065066
582.716438634
26.736456961
374.387841424
731.40849931
55.9169311665
499.477306681
574.539242372
962.272899901
6.13106493639
193.199468393
308.813842396
842.988914692
991.050596271
463.515612016
331.585534423
269.3147255
656.238593309
541.99471338
777.310458852
417.487387678
762.267371566
121.618964128
968.35279269
94.7916407355
449.055989514
150.874174215
769.547600869
70.1013020999
597.246601244
130.378068892
731.965591539
916.9321059
128.289884659
462.179008553
817.566113602
417.409015852
298.10427093
396.872008053
751.866780227
329.948541094
306.995194088
657.40794155
414.849455529
237.974793655
215.229883678
475.375764331
812.726458746
415.482624704
191.147762817
802.748093707
844.639738096
478.795780722
676.372446174
602.889111285
225.604485834
335.66543814
316.004177779
333.021814891
624.05661005
831.144252763
485.868889399
441.113883183
183.760120444
878.3698691
21.7896287686
217.434079809
484.082654393
896.335736036
365.248031839
623.359540197
281.50185389
160.477886257
644.730922043
869.664631111
79.2552638351
369.411187588
123.241981054
182.298422669
739.429527099
337.668120208
751.940792979
988.586371395
27.9195224348
836.448482836
691.440795208
65.4361261449
503.180735634
117.895854065
594.278701262
318.251886072
856.246171337
89.2531694191
448.266768876
910.888510596
629.722451291
347.195358068
381.353257026
768.091127176
760.387035296
782.166092242
964.070975445
499.517029591
938.462636972
542.898575918
902.892219195
17.921046086
948.476773163
535.16754763
896.127046973
368.745187411
539.900168085
198.145361098
744.30458894
166.150945062
920.002535551
906.711208642
619.3850992
366.860485512
10.2189707081
71.9094751121
627.991370202
102.449101135
591.357099246
621.171726194
167.558980342
714.044095951
637.090826519
51.7213832915
579.92381191
440.803816471
681.383507047
163.013480774
238.894399056
950.023558015
676.978536151
801.873546935
505.380804937
880.271425779
510.560342611
34.3245649441
548.248749592
979.383339332
405.839229127
504.03610136
702.588455607
582.494056087
10.1972807723
154.844564418
18.284263739
208.621779953
753.340308843
754.164554102
730.638626435
968.349911306
373.091133346
919.440187261
125.982524087
168.72544865
466.13800376
289.631888819
924.393854514
445.874318747
216.129279181
90.2056096505
809.012734169
62.5932891839
390.799608893
286.602885818
846.526603486
529.558940783
933.311223351
435.061265879
529.006141377
844.119191978
661.391689565
567.594299962
861.308643737
522.517664523
809.425242288
540.183771381
334.367662961
474.74148635
98.5537677882
135.593540493
541.102648925
886.770497559
493.351850353
96.6358338228
942.453224994
125.583297889
482.69435936
590.132692691
969.591897895
22.7614257754
655.388402379
409.698956834
703.819280488
331.500553059
340.635421366
338.30200005
989.868332428
341.068791481
113.15233745
959.761163675
410.7768933
14.671926096
291.27743297
323.571228951
110.866197818
531.271364284
882.336461768
488.139448456
286.071366757
409.886134121
620.373706823
173.425344445
717.733199182
793.503935697
181.393888447
797.662386981
127.915678435
222.43737984
83.3560303329
957.489486675
966.535804447
856.327492117
106.993517079
722.573017051
842.975190976
112.201687253
137.570950086
818.070863372
944.186698052
959.040163925
442.214165872
938.699453274
132.174318167
482.608271493
831.088666282
374.693355613
261.656190968
455.950262728
894.286748459
903.943104255
254.772719821
207.927629044
701.4099407
10.726708257
92.4168453008
828.097237324
895.039195521
594.735364365
690.045287175
761.834791332
562.725894569
267.073552915
704.887725174
339.230030681
144.718400859
682.852547563
713.731784024
42.9721635421
988.117323557
589.559634056
711.486148072
993.927527411
631.572802437
659.200147295
523.58302381
684.812033884
342.005453299
286.186038228
344.628500049
338.292902236
680.436806547
828.118801747
238.476281516
320.09306258
77.2511723421
528.967227272
537.060124204
781.586877943
624.211917663
936.03315868
122.089423008
199.568762211
503.154302248
43.1110852673
166.896053565
957.237644758
384.0179519
408.17852899
306.54384983
708.719099025
132.047832993
535.799418593
68.4994088287
753.330204335
316.836139324
155.91574085
871.829639366
451.366734912
228.143997802
521.121381034
400.615057452
121.721307553
82.138261423
980.699301402
581.429572719
203.340961997
255.489745243
970.174547205
586.977741212
697.831067031
232.210429579
902.759339825
903.368948638
161.168086247
927.364561273
159.885246554
18.6603343172
316.522287144
306.534989225
741.072154653
900.383440956
770.099317357
576.007405834
407.068848642
870.795604854
611.799104492
700.049242381
99.8785077459
190.357810606
663.059210821
353.424432462
744.619889267
603.964343439
289.487902213
897.081267959
447.759786852
896.030358453
493.42565133
228.349235577
290.639866896
478.296929906
643.074263352
29.4456375466
102.464962562
998.388954998
29.6461152585
464.864348653
462.641727747
165.222260137
956.771134524
456.688528148
810.258443003
562.084693465
208.160448254
840.737678053
50.4371524482
772.917049519
876.270800956
968.562281796
828.999276209
648.647811247
301.237318632
572.191979175
874.54846733
581.705649439
219.601181727
190.372055578
80.0900957442
576.155826297
327.472949449
332.882966066
107.373116951
131.957764428
459.623812313
166.267158018
121.909387973
504.772754204
802.170877477
761.497779781
371.944785325
174.01474902
351.467956233
825.330018133
736.80826501
743.025006092
301.46006314
237.947172125
891.052618903
205.744640278
685.346630951
477.368533221
938.349537418
148.24270042
430.517580499
146.61236338
492.212491408
171.199668255
159.159157208
733.840027362
64.5665815133
758.405558111
44.9159895659
733.24900634
710.824985493
276.043396525
734.973418616
171.876449821
835.271921712
203.883214687
901.887529746
907.88305935
296.288322625
311.441734901
145.206125226
847.915868716
525.218710752
75.1863269579
732.934706807
310.419787248
926.130768197
605.779285307
130.780465396
372.256991566
719.109656532
671.891991438
740.718093062
40.9475963547
586.347948085
587.821986091
384.151031858
107.369812849
728.746173937
307.529016181
898.87581623
58.9532950631
942.049897417
707.548353391
911.290194808
253.780276037
951.188711212
464.488050738
724.061935835
568.136910341
97.485296172
504.23526078
522.827204558
681.940114211
152.708320377
211.514420418
38.0176678131
556.645553795
861.463835542
711.652873319
60.7364567103
