769.42774548
439.42475157
244.660341156
600.623091225
48.9695431016
548.472047408
73.3040257677
797.671801106
806.489203132
443.478745509
475.643858434
77.144773521
521.002803349
761.621796419
948.662360438
25.9264853841
156.340479336
490.496372887
401.130314535
75.4925721231
531.29049797
456.647811968
60.2988179378
48.1476362722
122.471041967
171.716706818
175.474739104
654.789548077
9.64615387801
197.165304672
242.414669061
739.960950809
382.737222938
754.862795298
103.437232134
700.139490472
10.7364377492
447.742942539
144.203436547
413.786293174
522.220481089
320.175326686
428.684696788
92.7469292747
44.0910089652
131.004903961
957.44240691
521.038148456
74.515916399
590.223221502
74.1179140735
648.677433943
316.659984369
772.837661686
578.661788599
157.959227005
627.461794854
214.429587181
666.742224404
706.327741922
901.474335059
288.691823249
423.516937296
579.491362037
163.573774555
493.041370909
127.842060161
593.825646122
943.24088211
727.959751302
794.253048583
66.3169705328
652.806045722
427.33246339
480.430267256
266.931182543
165.700578172
423.241632826
506.04514777
506.009370047
682.859731489
662.862195897
286.575147074
724.418450781
939.819272872
202.978599506
197.998711255
764.367132839
771.123642859
657.389708567
175.964860524
925.747673488
782.169355362
956.809056994
982.449651629
834.153821703
283.906980113
246.423145387
597.871958075
307.610481735
748.185955941
372.485061855
356.609844886
384.279597932
192.024314822
733.30386182
781.096851798
847.376315663
827.019587138
369.011617107
443.599663481
607.672030576
602.063412427
239.255846861
613.313235873
694.223001012
629.025765798
487.243888796
727.659642642
364.622526248
912.590252437
716.024446201
906.348109989
642.696521328
988.940999866
132.612889488
747.362094234
487.228523846
652.009692238
859.411281719
184.84491738
284.195917696
422.59829518
594.427139248
653.644324769
94.0320308779
565.866449019
905.992818534
5.96392710605
545.89887283
98.1602284318
809.00246443
384.2561711
77.4846700932
420.340330849
93.6263395501
5.78804999167
505.1377649
392.936005104
149.106719193
102.546956495
10.3568710863
331.20811644
28.5035692997
719.917911806
489.179931537
99.9312090528
301.329057987
309.511002774
494.865541674
995.171929499
528.804159297
878.703092969
182.298746243
590.749676636
934.986546173
636.621108164
405.075308268
425.982382151
534.930920798
428.385748224
182.281953819
771.311834951
938.221320304
626.622607248
41.855405356
305.012348569
201.48753356
327.998826447
191.130063772
956.180412036
967.069276462
704.499457883
89.3897918238
50.4907706377
153.865876461
348.701613405
712.75770443
766.331695599
48.5775166431
760.224921989
358.353346567
29.7767326452
958.80320865
86.3912900327
325.472763126
610.002876009
630.152110529
14.6101818579
43.8184225224
836.111906595
742.427455337
225.409908937
220.141156511
896.153726055
283.07186638
448.562934716
293.106070986
884.163915673
614.916754929
116.418229198
769.92098766
791.51982793
710.015198754
168.170542467
890.2949922
102.312676166
92.9955967561
100.053635995
201.126569853
278.554682392
838.394590512
950.355143529
138.02788729
999.455181608
966.316778097
614.477274281
335.91522353
453.532537176
957.69822399
552.689674003
460.118281881
240.521134211
269.378757626
682.631746188
273.246131568
25.7329716517
539.746587912
267.673022911
31.6606075785
471.935924483
157.351236129
589.030068707
353.355025585
603.582499337
791.970722841
678.893621437
737.749238835
569.209153539
130.246347355
464.803411288
938.727655851
512.829208853
137.657230325
47.6468978505
413.410755158
872.914285383
592.855747759
122.617141443
157.699694623
66.0185793726
833.044537407
438.852369937
48.4183369768
51.3026967918
495.315748741
235.220783172
194.088416301
882.86557006
964.167394187
382.622897777
653.764143578
9.7591350051
879.233170064
616.955658946
764.30444548
444.986045576
936.835371464
519.519567793
783.609828211
439.90871631
886.097213631
471.152727517
85.7696985386
214.701143052
71.7518430746
722.587199598
916.343337834
674.453252001
563.657985132
66.356105944
917.516171033
98.158342845
474.355328001
837.207913974
341.168725909
268.586950553
455.403005618
378.092267756
623.253229323
9.15655988496
615.254188004
843.842691823
102.495530682
995.257374717
455.189639161
54.5355913581
7.81499328246
251.61410366
75.0079344021
474.845547011
76.6045558444
243.323123621
417.465261251
274.533081729
146.189992031
674.157309996
70.8516322174
793.142354101
706.87775968
526.479178844
637.514811977
782.168751455
365.143091029
806.908550121
392.60033427
45.1316449664
470.814799162
13.5320807312
445.501136642
105.872911596
996.973049504
944.563006288
683.546427109
180.480964959
836.809538713
119.010159175
754.393294238
30.6120313345
167.20578981
729.885141605
808.926436344
689.356042442
121.776322527
444.347392257
918.874658539
138.209535317
943.504867927
359.677432947
656.171015376
159.954453603
16.9033704315
19.0013068171
341.473521438
685.680843039
814.487333726
476.647018777
548.894102132
145.193322902
649.417140592
526.745147922
553.494228978
640.779534756
713.135911211
265.698212312
189.779573022
273.441678412
190.798320379
392.837895841
922.687291249
73.838992846
751.284239312
742.513938082
651.295767581
38.9876926794
138.859100279
761.547625931
964.057158103
189.838861291
10.9653939494
67.8011513134
97.9524875114
188.325694412
334.253316373
768.506466422
917.204524181
588.267619186
333.144746334
839.974738993
817.030069404
727.82476931
409.259072131
683.65333369
399.90744795
512.682492857
775.532009408
777.521764727
59.7931926945
767.872488234
617.23323566
360.024474898
982.04907334
386.339191265
232.292817932
777.502609614
161.28725945
709.356129366
598.463704576
271.678624534
310.353853897
117.561560816
756.42457532
554.843828668
260.488610956
361.175453649
765.30378108
138.225569515
346.25375581
431.47768735
855.423189316
278.366324707
331.348302151
250.331226308
284.633292274
107.128843142
871.449599759
0.75974562159
368.253766489
587.875240634
814.278455635
457.841007298
918.192230224
656.677456456
181.708974814
289.177594952
808.656155657
508.555052721
713.793242052
743.916017751
849.698725201
626.528393211
923.369819652
128.72328683
969.5167455
596.278999624
281.118306995
208.252696625
292.935942403
84.779454355
708.968895221
260.549261486
872.673282334
250.035201611
942.965713613
71.9357898632
690.833185998
69.3908770945
115.062944994
140.913638996
146.675405323
951.307213007
222.230125783
862.022615492
709.858226077
396.027371629
207.997790613
870.241953848
952.056933367
75.6551978122
200.58727731
275.636776592
32.8341135684
556.568864942
932.360054483
343.45275929
27.5848567288
844.127753678
196.657356083
501.006431587
830.011706364
666.998337727
253.845285575
641.729608813
264.339358425
795.042953925
225.208078742
231.177790677
253.248823614
185.942755895
210.321248543
261.256150414
657.77770781
604.423998329
139.515701772
814.186818961
243.293359249
566.176913019
485.820569279
203.972775941
646.168301224
382.072143683
909.329055543
423.765839073
84.001560991
417.790064604
427.019744166
461.556998796
493.019873737
219.895792642
866.469736949
992.264597086
65.8541758308
731.674399927
295.71307192
701.051105554
631.676702462
463.66428028
725.979290336
425.269179812
287.298443628
981.292595593
727.949847605
148.32906005
571.745894102
835.708415583
796.813290333
706.906038898
561.51047259
234.118378693
980.927486988
444.461058651
527.267564636
331.010288009
329.628651471
221.572921759
32.8237640243
639.979259892
869.135424293
443.656885387
493.386587234
591.694826617
281.6132106
802.462384255
716.936416561
653.182367463
242.847840666
132.65246553
434.35350305
39.4893641206
376.480612975
9.42725428848
679.274399589
389.822186558
309.438425906
734.415231536
966.51458417
354.604666581
863.889191578
658.778918434
125.898601469
736.585346844
813.348361555
81.1992025793
565.114782442
558.428950447
629.215349852
922.476852211
918.821965168
194.615874662
351.86393907
732.388422144
832.894362579
855.946640986
705.681672367
155.013322828
12.8286046401
779.87605388
152.734235744
827.880301643
955.779316298
824.246729883
219.876353162
404.316056626
42.8712492442
0.785289676538
413.961049162
43.0626422846
382.888115849
798.385641804
927.966220556
935.263838561
414.744946748
766.762298214
730.717969131
574.629088299
779.269348976
318.64708524
887.890349431
544.623016508
33.8024564242
958.366716932
533.719116556
782.51934692
676.38448733
570.358516254
493.666041355
249.449122576
369.435272229
431.522934351
937.298253425
470.660416146
992.745973635
444.019615129
42.1748700474
923.823874366
567.144983783
960.507456398
80.9237820419
952.701323191
138.625832334
357.887219293
682.00178621
77.1066113427
463.678842372
68.0637725062
949.614750379
627.187560318
276.21162883
19.3638848206
421.098400025
223.122006267
859.379894427
821.050499926
923.951762208
295.264809952
801.165944148
644.8634106
285.064367323
433.544386474
59.9734418713
63.5985312521
725.855580964
585.421936332
275.003118056
929.913095146
318.340652679
763.703110709
47.1435692693
62.4647933938
546.053102109
99.6483145982
818.110100502
347.756374813
3.9292003578
857.605275346
699.155682295
633.279594841
246.546857502
947.002230829
542.606402296
774.582572453
29.2096052223
967.90145067
87.7218670513
1000.92730681
54.1038871531
753.177070476
596.529246335
366.073764584
248.891379857
322.486139734
446.479229033
630.19256797
821.865209814
870.786281459
930.045866859
797.222296788
482.733799835
481.895074212
875.021199045
321.883866613
504.271171698
398.667481632
178.859864582
643.589260116
506.704260361
573.864185145
792.017204628
313.093837187
112.658288984
803.85106563
178.424751012
838.81510903
967.743640176
442.817199473
897.987632716
304.186477726
309.231850652
768.702192062
993.770612363
522.284437679
295.388955208
973.391359059
813.602392055
971.427486313
621.58338783
265.854398832
286.091676948
626.560956961
526.916125602
317.190051946
751.777337367
451.429805214
894.772924254
16.8745329369
820.616192714
654.226853026
498.959016738
135.003337835
958.496546423
418.423588162
855.538101763
508.968381359
274.971441661
642.428456209
864.890307135
471.71552102
463.487668389
845.829058676
264.79962101
119.304329011
910.55978005
895.960910744
56.8500657416
88.057110752
569.57036508
947.089042408
41.2100118288
293.523045175
261.798551353
795.633248842
15.5351789424
467.975776521
208.768841572
74.3480030257
356.791421619
430.613412053
317.001749277
560.389627677
347.171168527
431.986686215
514.40477819
132.811230539
187.204428033
974.891297196
498.781220411
641.465496872
910.110405441
239.016187824
276.343543562
697.236322378
696.955557662
161.526233418
464.00024846
268.13767992
174.836549333
475.159918106
941.379796182
873.584432727
798.428520148
841.929154362
186.71279508
350.507513021
231.553835317
296.543250358
957.053580207
778.144883784
292.363875734
80.9631762844
325.318094821
671.141002291
796.964373597
613.993452298
604.177200499
315.25492848
780.026954834
875.363331882
792.89124913
557.350712975
744.635234451
920.049099953
93.2409283686
990.668293602
131.525973574
905.527532691
120.995092078
27.3684845985
625.557082754
943.868102112
197.897859661
837.862832157
520.188109989
882.558048289
891.630603258
642.622846938
724.190425859
689.374988918
963.596369427
698.237546513
976.82648437
607.640131698
775.453648857
616.782575759
252.579770546
168.515784431
501.31912983
818.680373668
493.922326932
524.523129141
572.299878459
702.59745302
74.5646089038
787.244416501
757.985458699
363.977384321
74.5085442128
750.820474135
996.974147576
49.1762404895
431.280588048
953.145930059
172.485058339
13.6498937383
677.156489115
350.739327536
442.577867656
880.222789726
303.097664023
509.482423676
414.7850521
613.147746698
875.009809313
754.635933264
59.0199663447
872.590864219
922.916382271
374.29851792
883.397949544
108.976022228
939.78291741
999.053068576
279.356687772
85.0991396498
605.035433178
743.053264734
926.988913833
146.772554161
703.058545385
60.8266120905
80.0861907791
437.615415821
798.335679683
735.162105198
573.585513494
584.190809453
149.544337438
313.456803079
866.017201423
26.7702619663
930.034219609
962.971720488
285.915886852
581.415513421
368.381136421
716.567068702
786.222219721
318.296867847
342.150757762
319.405733838
620.961877739
124.129268618
320.187597045
83.8942560962
87.3191946112
158.544552642
875.85391544
560.715120101
708.031430857
363.590348379
900.666105026
671.162291499
855.923889945
974.697307863
822.794163062
137.583090442
909.547779392
963.938005996
129.372727863
550.832905768
423.830182591
743.588578251
275.855078348
66.7156582569
721.261534763
310.109580064
859.919703922
390.430277561
890.132905811
547.048506361
393.030827332
950.639944289
988.220740878
344.207436235
121.00965494
250.234517161
510.643256924
491.545773787
972.046014123
637.609799693
173.943924186
963.504402291
850.252308122
596.586416703
582.072495592
677.402907482
598.001602989
417.440650055
232.616536742
889.251923995
858.190068483
948.493232507
55.7343524583
35.9854312909
813.515610803
777.539245296
204.987541308
392.469958765
326.772152598
977.105587677
219.908286002
111.582530141
956.30034189
314.796952132
201.366614544
840.629983026
724.80021781
322.285516746
283.620862583
960.477492307
496.584915917
970.454348481
416.228676089
856.519738666
772.105118804
39.2359400609
576.110181785
550.299990231
30.4555544684
694.694251749
236.385087549
390.88851759
301.028289995
877.132784634
129.037690278
557.896404801
435.243567434
756.000892054
372.627008332
963.111059232
131.84750012
626.999048922
439.638221245
662.458618808
750.098460652
496.704319792
414.463431513
219.948986166
50.4196635373
726.711940503
298.43196
272.681359083
166.88643703
698.661677416
776.823571282
709.143609568
592.008914816
32.4891111178
858.411419212
17.2645505829
129.785902593
383.167493204
510.796739833
481.493229626
474.60200064
671.352266534
419.670232832
613.649377545
305.615792732
476.934416518
528.642262955
