545.170460444
322.93249483
566.994742301
322.899750327
570.803759359
102.16016912
364.720778291
470.624138868
448.856799168
346.417077246
281.351782173
568.731509884
620.830655845
698.961944561
130.00413709
618.092899295
138.655607513
631.586163082
241.951036263
773.395156334
906.396109599
396.958561313
739.02135428
619.031130152
229.087942662
169.564420357
899.035144283
914.788090515
400.373590547
283.286106226
497.33048281
652.441092252
204.070850362
408.839050201
830.187210607
546.055688719
412.623703106
614.540302545
966.933324808
652.156821833
881.267770969
108.647316648
676.169017189
775.405370496
614.382714401
485.339210808
161.812610507
294.317656877
650.503543956
529.707325683
362.430129822
230.03227743
920.260770252
89.0663788674
679.295083828
473.1463812
643.897692943
263.463635121
126.719087909
368.809524537
312.79754804
230.37338294
855.830711082
354.031189933
173.94766643
820.521162729
538.40214047
113.733442059
77.0476919935
992.344374116
38.7303101408
851.083732867
95.6269279714
835.609607571
615.983433451
209.029757531
358.891589249
327.290654185
639.895159084
64.1780466284
848.602511728
315.056947142
725.307602908
990.697323063
446.148325932
110.681570773
478.159019491
717.002765966
358.014204252
979.925169894
914.359725043
695.996896195
947.652119708
312.808906451
548.32965287
522.086986232
932.703171052
5.18172402531
841.410713605
840.648289638
676.188230838
780.113688346
457.163443008
79.8912268075
564.362556181
799.512167504
545.002914357
884.956433316
306.021294598
83.2583467078
893.405413268
919.667043926
455.000482279
935.158088673
607.740522626
210.642746709
129.293483449
769.64546345
423.12712293
502.860999761
232.280107021
695.31804079
807.83221428
126.10840998
482.292723465
688.815553003
84.6968921838
648.435524684
979.540007707
834.049807562
399.402695657
245.708933888
355.465027519
966.214044733
860.150315732
770.514350208
908.951920797
341.336303302
902.529345961
814.671988542
327.264886552
355.870814987
501.233219842
567.065932628
326.72408581
51.6438291463
401.1849522
984.743902422
147.259885544
581.537747341
752.248871366
653.126342712
400.356814568
296.6228411
855.329781773
411.620266781
626.608059275
296.667233391
998.289351366
127.337672747
352.79680318
175.299504312
338.17952847
846.399253798
966.645716158
390.333748631
24.384047214
426.917392349
601.963910432
601.237261118
442.713034466
99.7293350444
838.041328948
871.076490031
90.4641688642
633.662272554
804.65101864
757.999000798
471.858610859
751.744117904
488.70700085
715.915582311
749.124178568
917.670746182
313.788036224
484.49132181
426.906837252
174.213100976
482.84242786
602.575337734
946.304902369
260.219906594
492.325585223
391.687435254
6.59358011568
292.516634092
596.54752144
309.900614981
764.950840808
989.326926545
446.769992472
660.821108241
201.267185602
273.222961383
560.094770015
653.80299668
625.998742592
407.164785622
715.41372776
206.494475802
664.051939165
830.554689512
390.621972716
881.650753003
534.429682035
942.415319487
194.257055089
837.180465306
129.536005712
14.0882235332
312.89776499
136.125627109
774.91512886
442.74779053
525.231628294
784.924731395
327.521156929
6.32998002476
839.320763122
941.962796961
592.697855287
328.996347529
622.016062444
26.7117507623
117.918285849
139.686714397
329.751857623
75.1707897632
922.985740389
893.402792361
696.073484819
391.40397257
497.130416095
565.638269587
333.463188196
196.591568769
692.869039663
21.1675501711
418.104058632
971.848855455
408.982073684
300.655219971
769.309969968
84.7566449417
863.813585609
840.049426068
529.351965472
538.880990629
318.766323013
566.829832759
487.435241825
728.855869518
55.7864563409
868.946873311
125.129478662
110.606552643
710.09392453
237.861968112
919.416483476
793.99270324
948.021473787
658.819444008
172.734645495
909.363381242
571.42803816
355.194438544
330.818485337
276.534714293
275.639543982
455.55816387
640.562513701
929.560940259
612.495342596
868.565116625
489.301067343
658.862037522
818.504050924
401.469530877
367.10142539
74.3844932786
101.179876241
595.591276819
456.282186424
605.463512863
273.282885601
987.757313714
494.401530414
930.168910318
764.839670265
397.582846886
474.827606118
775.026803766
187.406167256
35.6366801455
961.745787879
906.006748976
801.641717196
898.792230472
902.949100242
693.462749175
869.566880921
505.63672387
952.577663801
954.68346839
742.224725064
194.419893693
26.5453770254
496.871850878
812.945160952
667.555809079
358.361431508
730.815598708
985.624599395
26.8643233123
271.078559782
620.719555996
286.677670608
725.484352051
99.5083747966
847.500579836
474.389416781
854.354970659
489.625797746
902.858799841
750.581147483
636.125660063
746.89379834
994.284203383
354.89651262
804.571732536
106.46807188
83.560860055
208.955828372
927.348057142
526.13774713
245.999784576
599.403786134
961.254470458
134.884583575
143.632552641
73.8996807254
432.509318356
826.954984052
103.930344175
779.522819654
980.080347711
829.744137821
545.811765166
947.750558579
498.026655196
137.777618289
187.680090605
804.577191143
185.085021427
211.238269074
179.555466156
213.105292905
26.7850498193
303.000592418
925.689089454
840.000482621
695.824852437
775.729005819
378.145175587
409.216327298
776.486673367
101.590897698
765.781517407
859.757786467
746.014390554
658.899633458
979.22893161
347.878815523
355.50022712
885.946759547
886.703008281
289.595605312
313.00927417
689.475764782
315.668766057
401.897175074
213.758518321
25.4808240973
991.543539052
576.436349389
215.416291602
312.435942482
422.721781683
898.119392379
690.891900615
99.9613179615
384.436928796
651.942543613
293.535283941
507.980837757
815.598075949
909.487551113
896.885335139
399.644408267
689.200854562
385.735965955
948.782206234
226.902616268
160.935315069
148.244472211
16.9775724667
182.606915492
37.7772093308
966.729252235
325.079433201
999.314781679
946.557072776
705.967131068
109.056597024
128.487517757
751.733475489
898.835552303
705.543470576
586.736748444
381.588183737
856.007670824
764.272933138
331.910358261
430.740455577
729.730798138
865.328091484
485.284263786
314.373060593
262.506655456
470.746861696
747.638999624
431.985603442
589.169872434
372.530832775
126.031998203
202.334626981
974.302301569
236.905642215
721.302360891
643.64726909
596.057558903
917.089894695
359.711261552
645.94931849
664.888228
622.927357344
315.31154678
569.737061388
791.017443115
515.369882523
16.5063505134
425.2581634
522.111771813
599.561579979
174.631597487
472.004068248
562.143194814
496.147973811
937.975271385
336.987087298
907.346182636
821.921079979
261.677932313
867.529796086
569.15522529
53.9896442642
15.0222560619
897.275223278
484.677401156
861.789578733
380.782579611
412.218171398
412.611100928
354.969117028
747.096172435
628.156655326
575.305112436
542.756504897
301.263023762
859.531743411
868.077452909
806.180868006
492.414568737
685.618127635
228.929858739
938.970831778
664.052622291
792.549591284
601.82404818
162.881378113
823.683856392
182.136538178
175.807251083
854.134737066
961.986714614
880.431802503
820.855307211
605.482599309
495.504655328
97.4072651417
887.578464344
563.878708084
916.834553317
849.771389497
498.445609382
238.462296022
564.363980469
910.183440477
590.294151912
737.181295456
777.305173572
942.163316623
263.23516452
873.271866209
394.857845434
18.8712739817
126.18903025
912.399615822
556.702172564
435.930774407
471.508182056
330.249324763
615.692662611
26.7777138342
72.87470331
720.803922111
368.379583655
551.871063222
369.365639253
589.357206463
731.232558247
126.572353059
438.091004695
112.625725907
26.9393495734
152.904729301
895.813444741
637.09407635
692.108934492
507.25627818
201.93510192
754.11329789
124.239430315
673.937867799
297.313148566
226.466880272
305.606139371
287.378226508
129.596595784
262.339978263
227.978833975
761.924501604
837.607340692
613.261840953
641.177991638
569.66472229
650.988790039
938.561232983
190.065976124
501.346829561
291.655556775
90.8624675579
577.617533186
660.802429927
328.65547293
775.883498705
655.768165772
340.224716658
21.6129318829
557.217504779
813.888423037
588.789834248
847.219539634
284.662679334
298.316013264
850.982958595
632.909470115
759.938947994
518.664743176
516.245940982
518.581985325
280.015744566
579.337777478
969.552234539
346.991608934
65.284226084
343.783769867
908.52648779
320.025219535
300.504463074
117.152698372
602.086855585
646.672696507
403.854481438
914.799286933
312.620448603
900.595470593
920.144750994
855.273540032
16.7637759126
533.682149174
119.040263226
666.812901182
558.899137924
917.254737137
923.506229516
538.393601499
928.642588871
184.76786059
166.951283224
607.940771453
863.89675399
417.98276661
658.094613892
670.011715302
376.710395684
452.854669051
601.920951665
727.826497133
786.999405676
910.193022306
849.118201873
208.509982015
268.346900965
117.548295119
202.199857914
626.504554093
874.938610384
802.805874105
313.543363325
839.273989643
46.576122516
259.505147448
41.2335859547
709.779619688
767.58619031
995.103157938
123.825800019
718.038267946
590.682447551
602.602813289
272.348229173
174.948779578
85.0856859706
800.51891552
350.137947095
789.143035631
862.784819553
340.439548804
498.204824094
92.3128062117
789.017891789
627.762131383
154.298566267
290.105783596
952.48267861
948.105891698
247.218369462
234.717592286
331.845273754
911.611191825
53.5932475332
479.131002825
842.016735975
736.800579254
337.232906376
541.24580931
682.835370391
738.395122197
981.595312455
862.334207164
914.938814105
139.081855283
793.142200127
93.3729308571
300.709320761
241.847359938
681.628213896
86.9641504692
271.898099822
446.871368483
784.173605951
215.029392495
360.338358612
94.953457119
479.103701056
449.786574589
908.171995901
988.715978895
24.5304207444
890.695600504
771.036460084
375.666345733
735.166630404
810.52113302
100.747620595
116.291942234
946.637040824
540.270110574
106.499354456
741.280892788
120.622146183
630.943969603
495.204652122
717.063983308
765.491802805
902.375824523
26.845795282
328.333518028
872.780376067
358.576440701
433.737884623
216.740797789
344.102944071
766.923338296
374.725097344
668.311828058
769.958034236
976.003589384
333.375218824
366.664464827
917.409553394
294.526585726
19.4178529467
888.003227971
281.668578764
638.485555275
250.587715016
777.81733863
301.291529364
584.719931126
636.763645144
312.605507383
40.3679211115
504.0641202
926.872033123
508.984727116
297.66453191
491.570074482
365.236627714
581.987553841
557.676529543
956.454903645
555.391833763
452.994820659
565.23588787
4.27593350104
711.718502121
845.774303117
903.185202482
353.90278141
500.155864658
522.009633937
847.296409705
522.804132426
842.81700879
235.655132026
328.837698563
557.418259014
234.256814069
232.900017693
640.223322218
46.9928888458
125.511597896
825.861390994
104.160929338
906.629568783
636.931992187
446.838415297
337.973682484
4.13927293829
339.848912426
113.816056841
678.533473316
356.476763334
232.004415549
445.235233692
605.068496034
471.582354798
961.746400122
21.7850539282
852.585382586
689.651635749
554.046055836
673.311431559
801.721318287
166.275311006
829.19474699
320.752915216
382.206087245
628.747205249
627.082050147
241.826000469
856.675931674
418.890159472
585.867853063
37.0574143221
534.627756427
890.687740374
323.6873459
982.793722092
585.594070809
292.804849443
254.820790658
20.3846040622
326.937595206
355.423117241
672.262407177
645.492083549
501.539807907
993.863488136
673.99401396
411.423428976
265.367450879
668.754973669
736.988789695
497.520672498
398.021975366
242.504595897
814.634075791
673.042108435
445.112370364
874.631779091
799.460327144
856.235176029
717.787099079
574.692907648
673.363987998
364.166897011
500.600586317
782.268138164
840.937277663
905.172989173
599.599376836
415.58464932
169.81408797
158.076769796
889.563890214
513.502917384
758.857043119
317.656712392
279.275977727
198.032422005
12.5318700812
266.559007238
749.773468599
191.979575952
698.391939189
738.362040778
811.028697513
237.371948456
21.0507636114
486.323678414
321.640758677
474.894940651
934.748181848
255.33863284
157.330492614
304.484213426
182.087006847
141.065767922
877.142736488
571.7955154
557.860072929
773.513752911
883.85983755
68.2887357689
692.203746063
513.795196442
173.357246472
932.879162692
544.291962407
461.66996627
814.643315786
765.493817761
731.220409715
595.038778531
308.30820299
71.2970320223
214.95990088
876.951897383
259.850385793
235.115857318
796.475982257
507.228060392
452.17697244
370.448020742
694.417013355
436.813397925
671.313403295
642.180546105
621.252762511
766.498262529
470.676233935
43.0043268887
699.067384045
101.686224787
328.979813426
820.087808763
999.190859898
869.160802926
390.575507531
822.871470687
684.161573784
277.35852733
351.730841932
671.060498135
96.0441851505
663.584054195
225.65023575
71.8948102989
30.6428136924
165.543970333
303.073296017
849.593117203
445.587166748
334.907343489
321.578262321
142.799429904
679.99834886
23.0955013931
720.339594959
26.6203487789
580.781072495
398.266050546
352.263193123
893.360249774
500.952920554
589.703670895
742.628329075
447.954768903
855.246447804
970.72507489
607.862146238
324.721617758
811.706268577
175.814590684
247.257262035
244.415201763
367.861821833
301.398282759
495.076623687
111.732266733
361.520737738
614.628396287
103.172895576
171.236288219
385.701832729
26.3499278942
660.41971473
940.005324226
692.423393762
181.417860728
832.092802351
167.864952304
474.330654801
811.157361961
553.074755659
262.641077339
336.894054204
997.612706334
835.738401122
135.882812516
804.883816634
531.496763028
332.535267585
405.559434284
142.584182187
470.311493374
626.471195879
398.779883189
710.404764662
874.455837014
743.28208197
590.35577117
764.215940929
627.807282293
727.188196035
762.089320743
345.633338306
826.173413773
122.220103576
275.590608296
611.138355154
522.714018578
951.026908261
773.378754505
517.924036477
48.4088596012
177.098367179
