180.242989168
284.073104741
968.603899924
981.151383187
561.304570348
377.033183168
594.887298982
363.533043567
636.02564236
119.579396365
178.81807309
645.492473295
829.964038689
974.241301334
349.270064384
641.283673987
449.927431349
432.323982245
814.824007258
492.053236721
116.371269918
5.10169412072
108.563164826
211.650186423
107.16302873
369.663005347
668.986118114
321.991143555
6.68704674373
757.258772636
136.377997628
692.863863927
895.767956648
105.261458781
762.723859375
480.5096313
824.048775927
215.558488123
690.92426347
934.297967027
622.620648826
718.967732959
655.163154473
599.82241821
350.957621107
487.751781875
916.233157378
42.5665177321
934.080709595
708.872658816
395.758241403
693.931905303
669.299069153
810.575309191
793.943465785
365.809631222
290.632305674
334.363745233
837.439954192
709.491938782
953.172007925
300.963891694
392.748698523
513.489986344
311.876258193
158.879062384
396.034461361
523.281872535
853.003288974
52.4984450696
908.949415276
200.824382799
398.524633845
188.370525849
169.678280285
559.677199005
234.064496035
762.068689297
516.752423424
18.187928065
49.2737883832
965.681348369
366.441717353
964.809294559
192.475054792
86.99803388
382.29355084
843.658308569
115.270643999
997.382237339
622.0416683
6.48427168726
427.581280407
764.332882134
161.60925508
207.40447541
315.143786803
2.69987545672
864.944857564
141.414819174
460.444085557
785.692243705
468.039075076
604.331628293
563.747565823
394.4439017
468.770979203
294.201830945
492.834696278
520.159262723
614.534778378
316.96157401
997.36051104
899.103687256
205.279079091
626.950741836
282.330463271
751.804051769
913.705480637
985.092374727
734.80216541
972.030931031
662.084926214
198.243045306
19.1896191107
931.544682052
804.900811706
762.971129285
493.965838585
227.072031684
551.469109844
942.687079468
381.73890399
685.852851231
616.129748564
192.698417563
896.171376921
555.709778364
56.556729453
142.380033104
909.219798311
797.006313929
740.288769324
718.171062192
753.034118148
297.158550856
558.735994907
141.996578071
906.060385489
256.639420689
807.397215834
839.334317873
811.50795986
681.369900962
442.950143231
774.199104174
54.7638829725
67.3833330784
514.069436178
654.693636697
811.01535157
779.539726758
91.2534293574
719.562459672
638.718346169
325.726335029
395.90267188
246.944027141
630.531551464
409.395045136
464.068560121
495.399027872
221.742118692
734.468178505
822.529592037
956.488402568
63.4433215718
254.990044864
733.769848652
619.283882036
363.117527343
947.866312776
509.755007813
945.3673799
660.599787912
162.154283057
921.722516423
732.951815794
266.812808901
305.273645115
983.469104054
675.322201273
437.96694484
460.27634546
632.324259107
757.054208608
874.609519719
588.589663921
201.538190761
815.124614492
451.735837468
532.851124277
765.437653453
199.29327202
798.736633759
256.623430555
219.901163566
822.562493449
87.9770268824
9.92048805574
836.719437415
296.802430547
50.1351092403
244.658932435
255.916519179
999.917378652
159.086985831
754.077119081
645.408068603
521.596493336
581.097750873
406.278061675
567.588188609
514.148630695
512.546447009
191.92607144
728.889001137
512.087190075
872.64509953
436.037773925
1000.32306697
521.317916388
406.401824564
976.003035501
18.4543100622
878.406450044
833.467317791
126.153558819
53.623059596
650.966355084
821.622848714
53.5536144895
764.522293388
143.374827483
325.942439258
567.048185813
43.2818663165
718.903781167
736.333360416
290.034244646
689.405495824
762.699168131
905.114893677
156.822270549
948.710556901
77.6430136783
497.337383812
336.183814048
323.179029801
462.076963418
580.148986697
341.083666021
854.574172656
263.456492093
181.973932008
478.353754118
81.4533296645
949.517579619
160.275415693
46.2239003025
1.6314485304
584.346075993
661.109258558
647.216858413
962.610782845
561.096891125
734.827413948
354.301705414
926.005300781
694.902084251
780.792906592
389.424382887
991.902426621
822.361202606
335.890927084
683.698119364
933.352041789
919.924833554
869.245598193
751.469294562
814.266115786
433.740041839
847.109654761
422.939239944
477.856825009
968.232210342
799.011796775
994.405796384
900.813243497
200.681658004
230.976836794
249.718563235
536.359856201
657.372033774
200.082531164
915.246916248
353.014933741
396.448632883
81.4036900194
925.581090943
173.187941664
449.743686277
652.71264561
483.608003807
850.588062435
829.410662913
522.575587169
59.284102012
431.664615115
416.91228534
67.605998706
210.97494654
422.816181615
221.590219216
395.581753874
880.768091456
281.104731934
465.382357932
441.769723741
522.303720514
876.333110231
898.96080704
851.995465234
109.992869878
150.107868762
334.225674937
667.764101798
194.282210787
812.724497625
320.658836191
518.494175913
45.2208280811
316.69866026
846.090202786
527.279075671
864.054629394
783.79507611
275.780264769
331.276625611
709.725383205
844.749130056
701.471395805
159.31859257
542.022255191
33.6246825299
212.939646913
419.672341087
144.107185645
249.742475412
880.761895577
930.673826368
712.800286869
879.636235069
799.823776603
277.011511571
815.417186593
142.332316841
946.126620029
995.847588552
131.715117771
707.094322528
21.0960198723
626.545552697
87.222171075
395.668388339
866.324279614
428.416543062
598.347887586
230.727634896
299.705997184
978.224142045
609.253969566
980.225332422
368.255539197
698.823886601
744.02121119
378.993016985
242.621659039
307.23521765
722.55092808
911.739627244
420.381993565
262.861939138
845.479294626
537.407074389
339.030022598
556.83162866
148.491184219
51.9136413139
872.079819512
784.259118801
251.901595515
860.603460614
294.592653712
526.302440924
557.289583262
126.037539284
4.23022913264
796.937341084
131.051771667
164.271372736
118.570215028
696.088978352
906.282934455
745.761480675
819.134051945
951.225091697
417.227386114
545.997085164
895.651422955
123.291012514
227.30252164
895.606444279
257.674738524
191.753249028
867.297655553
267.458458684
571.332367959
578.348216996
963.191271475
471.812430142
593.150860616
313.811172322
180.207183923
93.4253616747
102.292629772
486.885954209
416.368932934
532.53567359
467.460905821
914.002229866
925.469686823
693.19440215
418.309852023
203.332263368
168.342222512
211.647225383
523.229821525
879.767976957
521.138121468
999.428953655
403.71051196
773.821272566
430.504992359
472.635138677
258.598293699
663.727571788
647.317284985
379.443118012
306.195102589
287.215255794
216.137720273
267.376789747
322.753516784
162.926718944
131.838479138
586.931802698
389.104478978
511.352982135
588.254774941
268.53692592
360.646581099
779.563785722
932.000109344
574.726705912
277.337565046
111.753329515
525.935364604
620.27132326
529.994178328
641.499585075
196.804893434
570.278109698
115.075100146
249.680989195
714.531346563
994.292673869
463.778656737
21.4458431854
278.503339024
478.762523355
762.083452448
330.725245618
209.049007858
894.246343873
125.332140769
849.080839453
980.414306581
424.545304647
174.102627163
413.613579726
447.320443977
334.677129735
172.257859023
725.823991021
6.95793831202
524.040633017
267.270171655
899.975797971
294.942847327
676.67711513
679.199713
605.480314978
552.181966657
702.935786735
868.214364228
917.478940682
487.065794875
481.538231094
591.820434888
116.014645281
811.212501676
821.161409578
501.792770419
610.854656834
26.8338080591
532.380759855
544.423471549
786.532060025
503.938869599
881.365821144
537.792543517
311.987605526
790.432407697
131.851034187
295.097833994
459.127258883
134.919780765
865.871531721
323.313053194
966.53295759
437.522298064
874.05306524
768.709056765
358.320058961
593.452083284
463.24789446
758.002141809
121.518959294
111.833263436
650.758130772
407.323610311
694.123365919
768.756634356
974.310220707
832.084855496
806.355782942
739.323057183
901.635524791
265.124871326
730.364016425
163.744682876
434.83946605
527.651960236
544.881793144
139.89394882
877.878857752
842.274005965
472.148075549
330.040826824
3.14672403289
375.622598851
199.27585252
566.506935104
766.637827314
219.927733549
274.827883543
346.541959856
241.070449568
75.1149250909
481.017169155
480.282808222
27.7893121569
989.827577207
377.082764641
296.664477698
125.128346335
859.665122542
734.109376688
546.023837289
58.2388496059
93.1167837231
225.694221775
924.796078333
748.339872026
868.184360263
421.015157303
492.300956503
513.701498031
448.46123618
884.748532449
773.739609724
789.774380757
464.718654937
685.650024933
824.83956017
53.3729538656
761.798452274
999.359692897
9.18682309671
322.947051519
709.438794315
550.148857251
759.808666619
844.132024392
87.5810202057
240.609294989
121.03076501
83.5721370256
944.834418252
465.89114315
4.33084939066
143.794869676
10.3646022199
555.432889309
77.2869096066
359.207673745
289.321143884
635.834351912
560.412996131
789.683421015
892.725232271
595.416503723
285.749884867
592.609588207
909.278560388
375.669608917
675.080881061
791.512008534
402.590541486
270.574849405
168.906744885
666.468858986
616.80163162
562.5658073
429.871066746
149.43058055
788.110333935
109.064700457
708.138529013
864.4355611
955.586179044
632.44374589
775.153940754
255.765442543
822.871256761
184.959487901
872.59914053
365.095830455
110.310329304
164.744785099
721.178188153
567.655778102
111.599241431
162.328035585
666.415302821
523.619732774
5.3057571036
691.203694896
989.351264831
413.842834946
727.473996985
409.392910292
658.909372556
293.511716535
429.128780525
347.502571699
82.8451946372
355.389993952
277.36097769
638.889688368
335.82690704
16.9846217939
604.348149347
520.649068138
53.9800166783
702.73437407
569.430531376
321.481617699
951.975457058
108.921322564
496.736554008
990.406376247
970.545738158
302.073769128
776.512057292
701.918786113
564.0133345
81.6280146088
486.768820449
932.942945658
780.815890303
568.494785558
277.715671063
989.334389425
562.275225218
440.807630973
571.839015391
320.462440214
875.692943527
504.208047556
625.508653046
881.78041525
7.17479061164
488.421765017
493.607223842
124.197371085
489.417360806
146.902849429
468.038803139
12.5582371761
139.661659252
621.345718804
457.118862227
277.170254483
791.018683142
426.210567875
862.69786044
533.486572328
553.699347538
49.9713436642
893.510367242
813.479657073
786.40863858
127.358603799
896.385184329
510.883621006
530.350571142
131.36105537
145.2746372
568.984043286
675.188172908
590.601969896
190.678361296
21.8785790832
658.683943983
389.304650054
514.031637631
293.266988637
209.833743385
123.280712614
555.355033744
994.517051774
499.726008288
366.287228247
965.325340604
492.760004774
59.4401928649
137.037885356
262.122328593
87.8236608081
662.821701606
957.449606768
255.971995778
310.266732074
486.852017361
573.671822119
969.418488619
861.848115855
688.623897747
336.327484783
871.351306858
205.885116181
677.164689863
555.925010622
855.238796072
40.5705140429
462.797675039
829.286516994
786.72119139
154.342564553
235.66974309
329.20784863
791.687690355
846.413706065
244.62846096
368.598010583
434.939382254
0.312733521967
893.729605204
855.711286175
569.663145546
504.166103094
381.087217745
91.7864858877
241.500203196
280.510453001
478.292625096
853.227199589
586.961004212
413.758387499
132.61838778
110.823879455
318.806262319
308.369480893
559.752113379
868.900193897
560.617272806
113.621705906
388.760629783
896.023989641
115.83602403
573.829697801
987.486443272
766.693213118
455.904050776
297.105216248
713.307797005
308.142747281
999.818642797
571.175607811
849.959768474
448.578189952
569.007468247
545.581564067
186.573876221
760.199888799
619.107118199
863.093280068
609.987990209
547.095621711
529.512766417
73.7813005319
126.940097951
547.933431771
265.14938569
350.204017018
913.117777671
911.189139416
510.083152036
15.4089275332
625.931125114
888.136267746
3.42014241333
785.078474926
96.9497107116
800.942663053
182.25375896
870.958475004
276.906538342
673.014121625
124.344331536
179.557386049
535.830512039
747.131031067
972.150852449
285.131860948
385.150570985
901.273689443
166.303257553
735.313345148
915.248072145
480.446607864
589.389730468
398.662090501
192.880386284
580.731513304
129.441525984
404.801323703
668.632597912
883.127778473
532.849782075
114.469158966
800.476459253
465.073807999
967.289416661
569.128693271
864.839463456
150.674840892
1000.79894532
3.31080935585
378.313532279
92.9118022586
665.733888996
634.780535063
663.095800043
64.2348816799
876.560764753
908.969860239
471.654743112
514.831304412
546.215240495
223.404921555
744.3236367
483.092759517
776.959343298
689.366022091
49.5664535832
523.882369003
389.033961759
402.246953347
914.10859837
963.166300453
264.650582662
512.538143292
32.1186016787
933.501182152
96.1448920739
618.803899608
397.883703281
994.600199039
538.620991493
871.597028466
433.722466603
365.211875095
26.6672783592
470.596385498
754.502075218
41.4074378462
138.210360988
938.746559052
316.834365763
474.022429005
406.100392479
459.06432647
372.214408423
344.622567557
482.430805381
214.675978981
463.949487673
569.729224428
289.434186394
128.204136496
394.942443693
759.29086357
575.383442224
350.679655107
799.318831449
603.395312024
699.615981956
214.894292289
830.153215175
138.313593394
151.293571441
672.508038282
485.813323328
72.998652674
891.533209714
698.681242623
5.84993051985
878.572657917
200.832137208
594.898850087
850.263501433
145.301884332
452.878593203
951.213437082
230.01713381
343.292504084
414.227687649
898.723935768
679.957801778
409.685847673
450.251652554
821.20460782
218.885050157
994.007472121
958.48459606
392.300017291
14.9023363895
18.6169824002
197.756995829
575.662944904
816.33790869
394.528422011
973.541704446
704.555143648
219.114209836
626.269958207
620.441045033
926.100159379
736.932231534
457.870918219
639.411465883
931.302914344
617.973640148
73.8216847795
831.266163803
272.12366099
458.555911694
32.214391805
155.743943839
545.743202472
912.371868815
136.407323925
897.940571226
807.573530961
592.733584897
882.274564251
363.386573632
