677.392521542
679.208995208
211.743831527
544.47214186
332.259278631
902.027547494
796.430807215
6.32301877728
722.568852715
959.175922968
531.494098867
218.843696144
330.346015377
660.28906437
954.688769703
594.798164198
448.861707046
2.6368131776
70.1166904299
567.179706067
146.398517403
4.27758443387
686.353830671
566.518072048
113.562541469
943.413739781
503.637470636
994.647701441
298.415316203
58.4120613313
580.221101854
425.861626874
861.269082504
435.340964234
704.897771327
994.566906615
984.141082255
251.938900575
772.380308283
466.516323733
380.226900978
524.757804743
803.874346769
633.351580582
473.347043269
868.325275275
617.494375479
658.842048845
503.507841357
108.94677363
626.527401968
176.493022895
425.834053687
641.203885457
580.239988333
488.567644565
984.317196128
940.501093712
276.952880717
764.28423092
414.952015496
700.943881896
991.42414707
711.87834009
891.071806167
542.813864843
208.503238623
723.904263616
520.83802192
856.353392665
510.106811609
621.947010336
8.68568886197
689.148144636
500.803269079
721.370309063
474.385357139
990.301438743
16.0545265905
563.701592427
496.741812485
690.701787949
344.512623965
781.570345511
670.318927071
898.787660451
249.510577178
150.613407369
763.942137482
387.12270885
360.994856106
444.84753116
754.984983785
397.941785486
78.1401527375
77.7513182901
258.629844462
972.634235663
628.757010003
947.44580482
257.994337054
979.596907521
776.383097164
174.499959015
983.162947419
526.990656103
73.5833452272
743.266194681
635.268457293
564.933461701
375.390321644
574.851904475
941.114216256
967.059530943
926.023844017
415.445305558
322.87161785
116.729764879
975.845062743
36.9554856055
886.930121422
659.23636543
458.749901335
210.186092806
352.353818087
378.737042807
712.003564306
214.967953988
577.2775373
937.013604744
897.476503772
913.397387316
982.70948177
867.932564876
240.112768454
503.060517135
434.152931661
911.862663058
506.56579017
609.346280114
53.6692791227
23.213774061
653.604204407
578.58074447
441.687355294
310.464432085
174.157310684
834.257569927
974.175797558
596.179235291
731.594416836
294.578505087
983.141747221
821.713702602
111.540887987
283.176797154
552.68336304
281.717012863
827.95284715
83.4025558895
550.948481061
774.361454013
703.798583092
360.369864505
241.163299452
507.365097106
341.465180374
77.543346903
255.311066177
219.830897806
860.784439608
573.622609107
340.587478683
575.648630684
975.74589304
861.738077795
151.303028749
84.6266067936
666.831473763
632.49135005
623.072252357
198.929725534
450.743761745
346.714797935
229.262374475
335.875547747
516.688937022
82.8323848936
740.835106724
248.82486299
736.834821687
219.877992582
799.092123461
691.464647441
570.700287352
362.941405012
445.848787204
352.433692607
972.632453412
547.851631283
438.485062706
156.199303598
98.5751195382
651.224471522
13.6754800589
337.657650826
291.634217574
495.430250181
0.237906660102
213.847447051
179.696797537
220.764476911
209.585322674
71.7648458707
931.447947034
79.1376639319
315.930142738
913.923977029
832.382763955
617.099481471
566.408004726
654.361429049
0.311469516008
976.672977781
861.867510147
445.523873494
69.0143107651
825.108980547
544.337747863
184.460841177
768.019596819
718.809960295
58.3737925072
444.482881897
416.362122151
204.815127908
261.760211362
294.364872944
890.502003731
946.667747005
184.91849127
937.021767766
848.25913508
394.047398213
492.443706071
269.442332879
711.091578665
544.740023688
600.531983348
370.217799041
168.891108795
782.804033127
807.80204718
491.61669497
939.944085262
623.723388978
135.71668329
200.276592413
281.654703785
542.254209673
281.352259079
360.836064985
1.708507123
286.584703564
112.850865927
242.900847524
822.54029483
302.775547073
316.597721312
92.9113991285
454.344942275
919.189210924
302.805223028
966.827169349
10.5471681294
144.722146329
397.429993741
936.248671716
638.994182527
498.991475704
647.677537626
861.104894035
609.484710675
729.905381419
282.09491406
967.216113414
295.430950787
853.227089836
324.847325822
754.153893865
672.527805601
458.871274335
979.302484298
37.5061258076
793.828372773
10.9779155071
931.278899482
834.454975604
722.353980792
145.936989931
20.8722502262
318.840765071
73.8273864803
983.682642999
732.37384832
695.618156353
936.112471957
845.232278323
323.361096922
820.072759309
369.146989497
611.416142645
443.20831774
668.480238838
520.211256165
975.857043886
679.299027528
227.442332783
181.106479885
93.9649520168
433.940436934
250.401515811
578.090608599
264.970355003
143.961698274
617.800471159
606.694173401
193.636157788
617.794819725
560.415094288
79.4294463945
895.813015843
72.9395269779
65.5098819032
113.528256561
22.4484613523
546.597096715
828.649985467
271.319992968
385.786664733
200.792864305
749.875492588
258.167227057
515.652123175
73.4520333011
196.866612959
818.174483861
565.530867249
532.789462679
853.576124837
365.107797871
105.142961325
191.467351346
668.574775104
343.08404747
36.9890864213
783.131424195
183.109088656
379.894829054
966.892594871
96.0201016693
102.105825429
244.757486644
735.935349907
639.00676153
538.177189889
824.704960941
643.496160732
25.1174869925
745.604760073
514.274906627
294.8053578
847.980395428
749.507041389
76.2723550649
63.6539865566
901.208963495
189.598598254
180.3356088
350.361374234
974.416920289
220.020896058
790.481309277
378.059691203
744.822069556
460.385772523
982.942784295
503.737444857
794.783881371
553.240715752
647.660756869
285.596027096
387.770284984
719.388429074
516.829673746
561.134948861
910.346146291
480.863862506
726.394860973
328.642388287
50.5601942119
343.573048589
600.892786539
166.472662969
213.106899183
131.362465116
5.12147946831
280.583270504
290.679617413
759.823413891
614.876070507
806.466438771
620.050876873
974.624880573
502.242486956
391.87155333
151.631705375
193.022516731
969.889034303
113.737011772
662.756912584
277.190382975
424.082345481
488.515717787
504.529369758
720.723621747
488.324014512
891.893120036
33.4814501195
219.900415944
725.975788078
543.864314846
545.319377833
969.750267594
715.926982724
24.9736027975
796.399055366
501.680421275
153.461727756
250.553348944
179.589774915
994.198408134
400.408056618
862.221657102
502.455776455
196.845041462
181.806057691
363.424237703
991.460678198
693.059069695
50.5438588737
726.063314316
1000.81570547
402.132557018
923.480039535
101.748147973
649.460747928
41.9584775877
28.506542625
730.728771957
437.340048251
209.025876946
531.442209672
526.314011594
297.284720015
719.878920013
388.322620834
438.226549768
661.840624712
873.633948571
371.517280119
394.586703336
654.170656616
466.989849371
505.420576343
812.589396645
474.360905459
884.911506685
811.269130788
332.845747025
472.846536928
764.553513715
50.3660518526
491.955978035
520.875961907
937.27663831
175.433383179
340.296287332
956.253983191
788.937969163
324.094921247
161.807804113
969.155548238
23.6424599437
215.591495563
860.273435318
215.167608118
24.1062420295
550.234570856
707.453285861
310.419313471
686.404474104
418.103936495
385.134599371
12.0008261926
438.128018348
430.397517113
264.493935838
90.9801648873
220.43327373
979.489070944
252.327639481
791.121565233
452.230245344
69.9795145782
444.279324446
376.585421109
764.402523237
963.049012423
192.864687471
739.471917131
464.497853103
357.156272965
341.145056601
966.929293925
733.900316735
600.428354556
950.787681683
582.71376639
918.968046587
569.096626454
400.978060618
573.10269898
238.851691221
660.909202957
296.661651486
916.989257242
535.073299171
319.206849273
468.207726307
849.539020932
79.6263379237
16.2538306993
197.515230108
34.1142579737
684.988355154
148.437648755
556.08700451
709.91820012
468.870263987
426.81215983
77.6078448441
684.645047893
873.654761177
260.252345164
783.680373584
527.993342326
686.377730184
110.348763127
99.8653110191
136.102927575
691.757968467
968.263316187
625.868126729
553.252261289
985.835741452
341.737059703
911.006807967
17.5498962124
770.539640513
314.285850195
278.439428976
239.861758481
642.850902369
249.421531275
725.887969937
659.500338751
122.42827922
670.298543302
3.39883876985
146.345247609
929.934544577
216.12252801
117.643052792
200.688028946
726.045936205
994.872758025
898.131202106
672.528994987
613.53680703
519.491152116
172.404729812
968.181144431
698.811760316
818.557509484
664.488057337
866.905499817
364.638924898
803.919212112
917.36776128
803.906870403
739.576637043
776.835086577
121.022801406
751.156898258
563.326848421
309.209024868
881.236117875
468.22197484
243.016895457
32.8248973469
213.075538785
348.585443045
998.564280415
361.840937484
48.4934329788
307.560672499
943.675768727
600.42249305
6.22339880057
681.935610051
35.5353621976
993.420321679
370.73163494
551.832262797
90.5778119752
24.1075301991
753.967083471
699.001796584
951.000232774
493.114278197
606.268177068
352.241719111
330.62773892
903.229223212
161.18822604
916.218392081
964.968366457
893.488751873
633.277589821
385.62699302
668.334036865
456.894872376
473.225248172
947.677835082
863.152619057
912.927402693
218.595567741
638.269204001
871.434961753
479.435867831
605.854339139
180.73892985
365.600422007
128.711465399
716.083229787
97.4280254434
562.486649832
713.114354946
241.004994764
722.567571496
857.30722338
434.704204214
358.56873706
722.795788235
782.066090287
77.331497192
48.2892068965
577.481758596
576.288297036
23.1795564404
478.463998804
293.458551889
34.7741147379
533.926757386
698.619944437
581.20043583
824.427057347
610.816956847
862.759252253
634.631762694
249.934656127
45.678621677
374.198610446
314.241126684
847.089846586
522.023133235
527.660159772
721.048895495
683.920584277
762.606689047
26.6546474474
506.543566308
139.035947576
983.546697748
201.629055016
798.556935036
121.284406892
717.379752747
857.445798548
189.935548422
366.891730118
456.54774315
896.689378822
219.588373386
672.843288914
755.981894623
372.890311534
362.74086324
21.0641206596
223.419251471
986.065205383
822.857227378
67.6414039913
222.492008265
766.072169317
606.867452806
726.696460603
519.872632596
124.292082791
590.314323916
227.338111644
393.07179162
58.4217107515
831.204744138
672.489320599
970.710529221
604.083122196
758.330816831
788.502924573
467.374165975
871.305586613
250.080469257
249.803900492
903.904314384
215.842598197
406.04547573
3.80499766127
614.993730581
629.27976195
269.465688886
122.219351386
184.497976602
408.750074019
537.144369253
180.593450641
679.808542451
774.399989481
734.793763684
89.7760969758
942.937577497
163.616015185
807.492675694
290.72589683
65.8781977462
944.252788281
721.519695823
197.951083513
450.870896765
901.417807831
899.664359498
202.823675696
812.302884354
889.540472861
768.910173447
672.233014924
846.179459278
979.802576559
387.520066349
587.845299217
296.165801206
367.155434639
101.719486732
782.494626626
258.588541016
474.673700518
304.986577609
6.6820748463
886.977235998
498.925511861
509.125420335
705.535711863
746.900857191
749.690937776
122.22816439
935.100031302
479.194506635
5.27607044295
453.149587941
348.897112787
604.93342806
90.4886735947
718.876134893
982.343024319
966.821705442
994.778019239
641.886384291
174.090520467
243.121854664
588.756312465
62.5140658617
176.774169984
287.351201121
753.181514813
687.173486621
391.174869202
957.007679204
649.053025505
581.859687996
545.774960171
616.278647474
65.0616008351
333.390903768
809.791548078
551.687183677
53.1627774488
895.497729591
86.8246079153
438.105570722
980.7880607
735.347318351
129.214527557
64.0300306295
743.590164437
385.853658052
733.528315966
615.461494742
1.0618786622
331.847428716
168.036478147
850.525027805
747.039278827
667.601276081
880.203111791
756.784213997
136.035223361
755.577256566
689.320812344
919.96751854
517.865028556
964.893801285
956.318466198
934.186473405
443.633705737
77.2448108844
880.199998212
737.89393802
695.989110156
431.109278397
892.952050753
399.705688925
703.115001596
467.031651481
645.367444321
878.016970179
296.041978683
552.096698772
557.427093247
226.602020285
77.7343660653
700.096931507
985.169046746
889.033888435
122.395909066
974.159341451
634.618801329
336.932890282
710.322021144
222.603639435
309.822613606
957.009077394
877.798105829
570.552176614
805.721895533
172.443254931
120.317469444
20.9165389246
711.647115088
4.42257409196
218.286941328
409.074868279
509.969875988
728.681827271
56.3991795135
802.526285909
873.986200982
840.964846244
412.663964798
302.437920336
850.602222102
516.375785402
24.9857396042
661.425609863
990.775807303
815.15057922
271.263435464
197.37384519
272.377769281
287.439139015
398.045820267
683.707587402
780.311682148
616.018746708
623.913250503
98.9625305558
94.2290412667
94.2396599478
688.8340624
989.562528564
189.150610202
917.845193929
915.184286262
417.5885129
676.5110257
798.603869431
652.51802532
714.502370432
161.652538233
566.432308779
46.1786407738
783.794896011
445.380691666
940.412453008
886.215656385
918.625014951
498.15401947
812.231088438
502.554156644
599.387814201
624.210775667
780.073120717
550.007643903
939.54870131
979.170812848
847.87531679
518.179114591
226.506038222
993.385183107
826.56823667
168.409092546
534.278938432
708.834319232
20.5964297792
841.431191962
822.350972554
769.185465807
449.633864888
844.242050566
962.866713766
967.500998213
343.367598179
461.358175398
191.687892537
104.791785756
815.557123298
883.145517549
834.697059465
731.572359084
804.780408085
465.834687006
692.359340015
390.563357424
491.671521567
458.98157756
341.297954223
504.813201403
813.546527408
865.523931752
857.597625037
676.01487963
629.329972815
156.132931125
940.677671784
768.880295783
361.108065421
786.305083365
221.318586252
929.573523519
285.872133962
755.514821563
734.232247828
490.112314411
52.2711064736
30.6843952043
685.276458844
107.697541153
866.265275758
66.5284556849
30.5766481312
424.702217371
132.515041083
362.942685625
527.122156538
698.806333164
173.289640928
890.793919162
435.258202383
468.9334742
712.071593746
719.117063171
