726.864226546
834.923821483
667.140505506
735.133659832
446.461473814
4.64422486136
170.534984405
12.2910069666
771.423606676
151.019527019
11.2472324758
54.8973476664
156.36835248
903.068383008
638.871228281
892.822309213
580.16092022
96.4066801716
922.887714282
910.256502605
132.020243433
558.459746993
474.142762341
905.601569661
322.427552658
533.776646679
434.356127836
886.540464299
362.652981477
109.524723205
482.069551106
130.126836917
734.110442401
353.899169119
168.193033916
160.643756415
427.621209564
973.78960953
267.790600136
870.849526156
482.475168296
795.632130906
251.926754798
458.143869906
436.309178491
564.511109877
122.489842914
749.641786338
598.447093925
586.158528674
98.0665261153
460.893963067
430.56272621
297.691845193
565.380180014
852.700709084
658.835971413
931.405362551
850.450878518
430.806064681
699.919318359
939.0666346
616.885456153
245.520458824
802.020030315
225.17705429
326.026503059
453.217810934
875.612164256
634.159172343
251.013318588
670.313182586
862.580318915
170.754845288
862.436285993
64.0538061292
961.91608196
340.04952648
47.2673164352
588.048617025
573.817520009
892.194654482
777.20770518
340.86679264
295.062074407
398.906800666
610.792071659
995.681824505
63.230490505
454.560167853
516.995954493
321.99878406
389.712821137
225.98236105
210.678283716
642.302938744
984.492027041
122.744109849
412.999432196
57.024253839
358.841478108
216.759060715
298.866700183
397.20417732
598.101397527
740.523680224
990.361518561
197.76550049
606.973993426
182.589088781
741.403922763
806.998231518
246.383221268
936.950500645
806.893447945
264.346877284
517.36474921
558.978121337
503.637173091
187.424865764
945.121478518
125.539731208
188.791401732
348.84281368
343.013474268
477.244362102
67.6911533709
539.806798493
29.1385968432
675.858305517
439.384874788
676.584685919
587.996398231
757.455790897
418.372923242
781.066513544
109.689646984
318.803172244
882.619306107
292.829899003
939.615396897
942.54359304
142.204240053
164.499779362
920.931451217
74.6352633257
294.15373677
959.807496197
26.2706998526
247.530561647
857.601320044
93.5472611804
39.5205554105
274.881747078
983.84603333
62.5760726912
505.403221385
715.568008005
21.5940974658
850.951206361
947.509942976
456.700583544
470.38191361
845.139879105
952.569223188
967.103470641
981.33162941
443.237813572
740.069128487
550.274521087
11.4822254261
300.39403858
223.9799827
985.943368434
648.240459159
909.729631344
551.658365754
834.692077737
373.028981543
640.230030768
795.251568865
930.051055784
694.265073154
196.053265261
244.502757628
566.765479772
767.99899907
421.914674848
451.6972431
442.323008545
706.356244835
694.5453986
575.842666713
659.440932518
161.733353957
631.238854447
322.95676942
480.574547148
592.027119607
393.988831881
594.452531445
362.368045982
633.855799958
703.807319943
117.989628882
313.961311734
999.900700228
65.4566935483
729.525297626
583.394589956
520.188339801
59.3629255202
528.980596953
354.346066152
56.2901510401
274.964425064
41.9106623677
48.2123630885
248.875075137
225.609043844
415.753144796
680.290201688
978.459787666
630.464268354
154.852312334
226.01636025
511.095265534
877.40180988
978.387522607
596.573293412
988.964755118
956.794741089
120.566148316
209.43465587
762.465239762
741.627368751
953.963282402
699.596236232
558.12405727
397.074733768
804.339132668
494.902748082
384.080630966
887.193951769
763.657812539
267.694448019
65.9211204078
514.254540529
891.778040323
114.245657041
615.318285948
389.157752214
585.4463422
203.951887063
351.658921931
697.062864832
604.527336402
91.0950258585
748.096559139
1.19771362749
392.719042717
796.102664197
640.050799157
943.425613363
285.715397279
112.276550512
631.118493924
229.695475991
53.8726426034
757.094777402
900.911088139
284.164979851
709.909649058
672.898975511
123.847676801
191.289547638
180.64957473
301.190901755
64.6145024324
569.495433441
396.107177835
64.7096585869
147.903595458
703.671932227
573.326135073
325.100189697
557.939371718
487.943961158
513.145993104
881.403106286
183.423582734
181.988614304
234.737742597
366.482683558
746.389782492
299.252560077
497.6366012
941.714387356
541.16947223
492.437422237
89.6236377717
339.912109156
224.417411376
546.476206821
785.425396516
605.41162152
6.77396070025
228.883883267
388.069953333
161.941035528
748.25282018
743.315525754
228.900630457
863.068225853
724.765790107
374.889441052
752.73911963
482.010771866
25.4914452624
366.66873723
724.146571723
520.268236929
486.162785281
768.877454305
203.39304783
773.322823813
461.463229063
124.093254563
825.10018976
480.204788696
953.663132578
532.925351277
693.505478181
127.416049343
73.2220553456
715.733354036
135.876862081
449.443164846
80.7518959741
75.355164468
480.174189868
866.059725396
63.6175900073
810.873368739
725.944918201
169.61266239
594.897164748
831.385996094
353.432762462
668.530229013
286.094520019
301.137874612
773.144435429
624.904212703
280.117804277
432.534673769
756.673092154
619.018000731
147.30271467
953.157653469
232.98943109
994.429150542
263.58608481
246.107975598
3.87655603287
907.670780001
360.285932762
651.494554313
179.564359836
460.228093517
903.241505768
156.389244801
281.558584891
659.741414031
534.955599194
288.399461245
12.3822858619
188.045595801
905.150633817
385.049590714
385.907410134
506.137022404
162.356026364
728.260415301
580.235735349
899.779003243
107.456969674
490.665747847
388.781466084
924.95879271
91.6288559113
238.2465037
233.398106523
926.119431555
623.196110559
213.568861377
52.8233270902
463.34201156
659.842004254
354.263090218
167.150427431
815.94670065
230.31623868
693.481128598
413.732811862
253.078774684
661.662659217
484.950922996
125.248810472
561.381334915
796.939519912
365.494315088
897.859017646
248.675023463
309.376095714
259.729781666
850.888820725
945.154682988
284.705313413
387.690113676
221.762154591
731.384395778
109.206955663
928.512304239
362.427902064
15.5940139514
335.945759577
524.150639443
814.654843463
685.432873895
648.254797164
734.813271144
447.910335412
242.747945198
8.89518592528
236.41453353
726.930168366
486.244625149
777.621590095
273.98314697
783.590946311
213.841886689
855.19540337
686.104618486
444.623795823
817.451359702
575.327277954
640.318368769
216.380980346
358.391290886
840.191706519
52.8801226209
743.081525697
325.171640425
496.006442189
632.511656769
72.3076509241
593.451098587
439.614609711
123.732381751
546.260863855
357.410521964
554.42556567
678.575260745
513.825269264
488.130631646
259.885372423
27.4785888614
314.14200989
234.927347106
945.61386168
779.982687401
543.572526715
983.953185807
707.299945751
387.58151393
905.391209134
103.695948832
741.826788275
863.72607448
663.696473541
867.806650399
816.36960385
94.7512782653
489.347782029
642.987130212
428.953784474
260.745854672
53.7449895142
689.500091749
653.879360723
964.42598041
14.4635288623
940.685677023
301.910327423
674.129573552
271.929883348
719.463341252
154.844547723
460.997324883
796.704015777
40.2271033371
471.237339236
344.082807197
940.212908257
86.6315471484
606.247191366
50.3664582321
470.938423952
305.863805342
613.472218666
899.260529641
239.582274624
967.385635215
496.095354561
881.854804083
178.379536484
646.169979686
951.664065241
291.626416605
312.342709318
926.597822939
833.717557531
935.7842878
164.747202231
312.041404643
58.1404049936
198.556100121
483.264728965
663.359302664
63.7160273762
751.096871024
262.981723173
656.47416127
215.627112394
600.742537804
102.632505149
898.164686419
959.480585241
768.460999497
849.492338653
158.812336387
356.296961848
141.480235058
289.953926356
838.52962133
520.764573392
465.541936925
503.565797228
585.733716612
710.915894591
721.222084329
742.916938024
282.036874579
863.504310987
229.62899773
162.187224308
22.0223862998
955.893197571
567.015603232
793.748560042
556.050324064
443.59318215
249.08682272
997.518688354
882.261176535
362.581792482
360.885962673
479.186980942
619.17415068
832.160139206
166.54962504
833.764644458
360.10578463
215.413075155
144.285724492
662.098221293
426.985792249
908.798965244
464.519278593
709.313636881
862.226271327
549.351848092
527.617268154
702.616423699
611.851107326
785.227815469
808.168147748
645.857497163
686.776817468
222.057756636
834.030688332
27.5528404068
399.403319323
590.06707685
864.262961284
222.080519316
827.977491435
459.04838269
681.191344966
343.616591082
342.26274143
846.299858196
22.4809796019
244.283528697
800.053068405
509.638880279
207.257007246
776.220033859
186.73908367
118.861682379
315.156526617
149.989728845
716.248976444
950.169844739
763.768385724
425.317136967
689.850769263
681.929648225
519.206012663
155.32176751
520.125486457
793.789170742
991.147275175
435.594137741
79.6897044689
755.085612705
15.0434682847
742.710204486
62.0351371901
747.518593853
372.056248381
25.4803618909
579.737750206
185.957339449
677.05738796
770.648190935
667.804928915
598.346076748
317.572362073
357.716149946
97.7750122995
414.134592383
344.637814534
634.906287309
924.65580689
93.9470302952
73.8360520014
870.249486819
139.432734609
455.916881763
278.725735274
379.697654072
998.562872221
53.4302574892
893.094237947
983.070127576
943.687806104
880.43228032
24.7063637528
245.491442066
717.142991299
515.208806888
918.217555154
646.234798648
629.396610265
238.853967082
39.9529032147
764.763974725
532.714647976
87.8272669602
855.072738378
142.469396527
933.992481942
70.8025961528
722.820550792
68.2272237544
731.240758223
880.152764917
710.684489144
112.621217107
344.492503206
505.683191105
981.413997251
386.069855092
3.49369114014
351.227518054
921.594119956
402.441605812
540.679001411
38.11419798
324.240765972
18.00152648
24.2806107905
389.414183868
642.630517174
863.842654116
315.691239374
302.691983419
448.427186977
500.233386548
552.618646464
812.468386868
651.119516069
523.128407403
513.800497255
787.414231197
232.135740314
206.303633945
228.574443068
91.8816604133
43.6607239071
207.427125329
34.1713672577
458.96437038
775.451536749
927.035366253
399.40436249
709.66416099
119.141175932
799.256012946
840.635814143
605.753847068
754.242770142
30.42624821
110.693797674
737.554070571
685.814929768
25.5444282436
979.95013135
964.006689207
999.562009739
173.693011722
25.9616097397
777.901519391
417.554268349
772.051167814
682.073670891
379.634246886
932.606234133
249.549475347
653.658466373
898.323960694
896.323930575
477.603295279
57.2359575741
419.850777601
546.536733469
410.703220332
124.261616149
137.955189885
550.981910079
797.669889293
7.24454681081
710.487057171
879.051527649
920.465883714
691.894617208
161.446149366
805.746575962
987.202106933
710.009598712
612.005042263
942.150588278
938.573820743
879.253662195
522.431941249
990.159845882
715.671256121
293.649979343
205.211761023
219.080275938
544.35219362
839.271375001
421.566057086
729.624142838
790.144031553
761.628340603
149.118227866
417.733811987
296.648440892
247.749843496
897.442040949
845.810035359
337.645037692
468.846506543
11.9227376553
156.455932206
150.012821338
218.182560718
691.408853891
500.941659615
422.682620446
410.842097316
525.423189826
433.347129838
535.289908826
191.837604911
459.841565387
110.973083143
338.437282722
923.526656979
146.934897619
970.163551754
279.4547167
822.354557975
349.996770616
4.7571734126
756.976732411
921.701998547
514.610350517
744.668774461
54.4408061279
329.228861032
389.713540628
483.189096946
375.968931173
227.61019313
213.388982293
481.349758195
926.844747635
758.693120667
404.331585521
686.252655135
512.277958594
119.005467975
444.222457294
125.097541271
973.604697561
739.935767902
283.994921236
329.866058691
665.034317808
308.473474354
405.412797097
982.388530911
48.5636782287
897.798874177
136.835453865
343.60244092
854.334290182
237.592678176
932.434282088
356.569113594
485.588377256
975.027876971
872.633224855
183.078212649
846.170614441
814.208578478
226.467693506
476.056783659
319.192663889
832.002089405
546.874553253
580.892322288
914.033358082
188.426192105
698.50815455
649.519094157
757.0636287
720.548577933
819.710512713
626.588367299
199.92681267
479.773690071
59.9043307038
990.051467383
144.070548921
361.90177091
540.630061772
578.277580041
652.184589089
968.694439387
598.435879661
198.422467772
741.60674393
274.148012725
629.42703892
430.146951709
792.362698078
619.602357395
31.6460373313
795.479509785
54.3316359192
756.532011707
163.568306472
4.27372448316
524.012296932
977.165633642
844.565904384
461.053967361
87.9220626807
794.438550032
117.662833108
103.588048532
732.819514899
926.816871446
639.999955604
753.45956803
232.021833102
640.572229327
998.471472189
236.553262984
704.764715883
23.13925535
522.357166869
475.167867377
83.7218854365
387.071134059
678.012971834
667.406689558
860.814342185
332.793762955
153.901671451
930.329387169
277.118149539
604.181110196
80.306158102
643.93544423
834.362566435
275.604964614
969.402924521
875.624665109
761.405194144
995.950334445
381.351511141
362.747973001
382.346689348
561.155613985
809.115902154
390.321228684
401.206377574
267.570647542
241.10236732
166.38197103
163.52572229
693.801610726
21.9786715677
849.349984659
345.705735876
336.76997235
349.220388387
19.9611595405
371.222638986
963.496085896
501.674922279
707.476787855
711.923297702
279.090807813
634.510648552
106.509384191
367.030044887
89.5299201488
324.381291301
851.128919992
881.060264742
966.033015451
4.0459786508
917.700009977
536.421501523
856.013737709
321.973805682
567.611187012
629.905303408
694.979910522
366.097108545
422.785719602
946.703946309
300.127741129
789.023806319
86.8860231231
595.178559387
174.901538345
245.008651147
588.44536595
605.732642416
873.8336489
261.140017516
860.55813811
558.406118917
757.337721183
31.1389733096
618.661701601
318.699752159
831.283381976
806.990191879
130.50475222
735.893955801
226.96440181
243.882110708
211.89778926
924.039870099
230.186166814
417.903034952
665.984682269
79.6240837182
275.48533099
403.489699575
23.011927204
