626.986356729
909.815339607
519.790093849
746.24783741
898.049214188
775.126338785
150.000704773
83.9742341872
252.181056822
633.853594474
808.189544212
904.174761201
144.325641112
218.422861448
947.575192221
975.093211633
681.72432943
205.126439382
621.94679439
751.923824214
823.292431454
852.25798822
635.452363757
5.30201280393
953.809983708
583.194243276
512.521035686
804.607496834
725.737573026
909.489903278
78.9929303917
64.8681215879
982.68083955
907.825439186
793.694693188
124.211562074
995.848169625
128.582606214
726.385138681
527.063112255
283.429411265
78.4018414347
497.044772931
814.275462086
146.47819885
939.775991082
853.033686631
305.079187516
872.378406399
273.916147349
727.837561251
893.371464411
578.999446399
484.684123939
931.769418255
594.024737675
430.004812002
988.465738835
323.798934044
111.32162353
829.708916733
704.877872498
244.437341882
836.388119633
136.78684053
485.461880027
290.372838984
560.752643367
689.239733777
34.7362167117
998.439851445
996.425507378
894.014169147
89.7642015587
916.67761856
718.497873427
228.500092384
369.347979985
393.247740835
814.443124504
955.586849777
965.500106466
122.792213699
894.058754227
633.16403029
223.128465072
765.08348706
324.389147869
676.259673327
946.074994919
75.5444439893
60.5787925387
172.349043097
361.561182886
779.677829308
529.824488114
903.706468819
921.19917722
813.54544155
363.284254133
295.18539545
265.10244843
511.674814825
27.4721933093
200.267429413
133.120270827
783.675203968
157.457547972
287.614495297
646.615673221
842.502672067
757.592950302
238.454781155
384.174452276
91.4723962393
193.996487794
230.250621688
859.269285338
960.881095838
265.205378214
431.252188244
157.846570077
534.509400318
789.855240584
358.267684227
307.225145915
685.668063849
458.993861239
954.816189593
293.402606172
388.838542834
729.824930078
900.764033442
677.881419978
878.436126228
974.876073302
577.213837317
504.008109441
446.681528175
905.64329556
386.37734726
122.770439484
126.596328239
321.824132259
488.269443077
964.219177095
31.6340809818
598.776770653
378.715009667
426.908283262
191.795765683
437.879634851
471.33930617
596.258435047
308.300781469
226.67102679
515.174905406
107.097254841
923.901949127
668.674170882
846.092162319
115.637034142
655.341744085
701.54021354
387.553683242
115.75281095
543.671592417
346.64246321
400.549248149
47.1296248029
491.987538759
832.938903597
755.032070101
593.668454146
897.305537665
713.065779595
288.02169849
888.578562456
375.07188925
390.033956072
468.129121086
237.179826597
817.940386346
991.81252368
846.875277271
616.000578688
366.580561694
749.183320053
572.765772939
304.671510749
921.963264182
237.751829356
297.868391712
242.90426794
426.631247971
242.093957987
249.686391442
19.2469435787
443.749165535
689.299341799
589.896945087
676.877375645
858.207859152
555.181824585
994.904815974
786.491259374
243.378175715
213.658408704
327.281459351
683.694721147
230.221053233
580.571576957
83.8747606739
358.87035855
924.263216462
132.866017752
937.865494669
464.560371465
352.69539304
59.3347955399
580.044422777
166.431374962
377.776985405
290.208636307
155.043875148
552.888853232
657.922282352
651.761899754
347.77769297
826.104408611
596.205705229
323.751074285
971.877692207
468.356771817
141.312441096
470.062444807
692.481232733
678.186270304
195.914308895
821.336572484
749.556265819
313.406176024
398.101956205
454.607540291
759.520166006
552.108878282
836.703386985
15.0304631571
427.459454399
766.157597524
660.756889016
987.253180074
649.79827849
59.2064188768
393.114186984
571.612907586
942.077214466
736.545352064
907.935342582
763.258062994
282.484834491
732.065257343
484.333274006
561.182524946
156.802876933
265.680538805
98.7544395452
217.566551959
488.88187996
222.331417578
733.345763997
962.830617641
718.810754358
857.602997238
856.391526375
362.991494718
551.286938587
91.352290251
458.735114603
22.1735464344
74.4687721491
240.132909392
590.518471068
891.117452498
545.886128546
142.286583116
499.242388489
523.151201807
107.18910324
138.39510855
32.4155356628
445.942457196
918.707337571
482.704312246
275.91024679
555.411793868
475.872817445
37.3675877202
135.335180434
424.371530125
718.588646166
676.37047688
83.6680751412
779.206181236
788.743085152
370.279334954
36.9475818741
193.97808965
949.424332809
80.0799028248
502.963664596
413.685678649
281.727649885
387.02292396
801.30647492
178.667754091
261.776958708
383.135103664
85.6500708615
987.782877186
487.828864206
701.255354659
493.02898358
55.6981761975
280.156665074
109.547038063
128.607256081
401.756327662
198.500216392
750.916237004
51.912844357
118.733676442
36.6739069996
628.515222838
259.883801642
522.42998082
594.123721429
946.881035827
569.884568933
444.578342788
909.409436348
964.621000574
123.783692422
306.156528058
828.454279823
352.888568127
946.175180715
1.68682251037
930.455366432
534.929236967
10.8707907845
782.17659457
430.533128721
473.896615865
455.598662426
491.960364951
108.222119447
671.035540943
256.231770408
15.1970202091
798.263614639
487.120434378
350.241663363
726.710113148
698.926045903
451.205377698
384.761976433
755.664909326
673.249498443
73.0974126841
199.060313707
241.548346841
423.091512044
548.12096944
566.018569295
70.4261499251
145.311583793
678.444840712
749.047408223
971.881131363
261.551504855
657.049469799
476.257848853
281.006065161
869.269885101
979.741250763
601.428635805
650.022386823
281.46714438
162.273984547
802.881769416
840.37325009
376.146620615
624.029365092
357.785131831
553.248649226
872.461233801
636.242530246
965.512832993
777.493174817
284.520150605
538.68606541
38.7116063288
371.7907083
215.733171995
633.114431352
0.656030910244
96.1219470704
182.392232906
769.142559785
271.97491685
603.045485218
737.530232522
573.551478056
693.599542571
989.088452008
884.594463297
761.435896341
548.489948681
896.731331706
900.570921189
362.79726485
76.0857489916
714.304785944
947.388023285
269.930275131
735.459652653
53.9299412081
300.68474557
720.966484073
403.927571562
267.354593386
890.470649639
582.560779053
758.793131968
446.384893891
641.210823237
406.377928155
469.236994968
304.780898941
207.566600645
712.547160541
289.580559058
634.432976011
510.637371534
677.79116833
24.5039888837
950.459524432
211.307510587
602.342204114
974.187195351
73.6390337818
337.152942246
934.566962464
406.091217512
423.882870321
630.291318716
665.708157805
873.19263002
603.297561228
679.139538382
867.357183278
688.407470131
414.727939378
662.863091898
207.519092054
974.126139538
670.895166209
151.592284254
883.446085161
646.57109679
214.201008196
997.379729092
374.609344942
923.972688798
205.855572224
915.437822936
787.976682132
782.718145771
529.120437023
859.744090537
742.667634221
855.699581335
93.365902148
302.435544852
24.702088873
783.251223678
780.59236456
223.625217164
878.455121545
632.857376623
817.957440973
510.918548384
262.72803831
798.997807713
85.575982745
673.685393579
867.811528754
50.33518261
807.463713529
644.457262061
664.217989068
887.854746529
160.91950333
733.820207476
921.698533192
358.417759387
528.627040939
409.238653226
770.643154126
536.229334144
15.8706310746
960.430894053
662.228742143
214.109118953
270.115791865
155.858637331
381.540535884
100.969394822
784.663419108
850.777866018
735.369348455
367.535306998
285.038670817
22.0869280961
496.487863733
703.369077007
716.302515629
479.63292259
966.580261226
372.537335172
464.424674994
349.29592062
227.892383359
396.308015779
879.368709617
912.140027045
127.719903553
422.29514598
827.56645256
322.829702512
468.789798517
808.940510333
888.345308021
641.547074589
432.81466868
591.374603691
809.417923444
120.623243116
558.802031
882.034253105
221.342137624
78.1132130018
923.900218864
174.058013646
113.27388804
861.837416325
292.975386276
655.535853147
151.96530404
280.393511048
857.858227255
228.290262424
135.026541574
954.535082811
300.981422441
552.842933065
391.431509106
952.883180698
452.006796987
65.5211017103
508.870584274
3.65525772928
33.1143171845
983.926725192
647.807230524
59.3967024681
340.5095352
633.65088719
255.099953181
967.549022975
122.635181273
121.997322884
475.974851352
603.838763714
936.776874988
85.1063527146
895.051427807
741.933283803
58.507818543
985.31223825
485.061912448
702.105716666
888.152439297
665.805818622
118.394898132
825.977734551
657.283945176
587.047745439
8.96102747251
528.157242234
952.595851598
169.813741719
223.676929741
149.259250186
130.031688132
605.20307901
96.742725399
559.36123008
170.445625434
312.997309243
114.973064168
822.50549009
311.690240635
132.751411212
692.7087745
63.7898897354
947.486225053
443.804459498
717.072606205
760.887092918
241.883634375
945.359985557
334.381251158
84.2077264394
361.158025743
411.912002195
98.5461189974
130.835440835
600.991357367
317.843436888
766.039606823
895.329650508
243.319475667
885.469396748
753.327235098
349.906199518
867.78573308
16.5403147113
711.45760298
774.521176879
575.947943406
824.685540449
183.03087364
369.740619311
452.6931246
708.527870627
343.21405053
721.560779035
155.422439137
589.104643059
187.414130668
159.550724147
580.708231181
874.580698667
425.707433864
454.098675631
895.471863252
513.020700341
91.1215086269
956.033451833
399.215163693
540.414734917
743.582188798
502.957898369
249.186095084
472.036708966
663.631931116
715.220962708
57.1909695546
633.488671439
1000.19026209
555.51731959
869.274259075
202.011124419
145.668483654
291.195586232
961.452909493
261.491150512
255.751202182
610.867585123
233.368389585
855.425357852
924.336501344
170.467838973
338.115106579
671.145757367
381.261478666
407.346386652
470.936264719
935.840466945
118.197625189
25.1850194731
515.27491981
161.007912295
906.447039467
732.012631665
142.753927994
509.078643129
194.832321648
774.094985947
278.127007944
46.7608427804
840.572863574
970.137857408
704.790003001
308.67032703
987.452849082
987.582368315
710.328753302
399.425584217
337.033368048
738.018779736
796.339137872
571.067413842
457.929591552
900.055349539
924.919781835
456.465817489
743.633982649
371.913548092
614.25142145
841.329018673
815.118011723
483.774272458
737.449071213
471.17903826
849.784550179
839.048940661
235.164669151
646.174634582
767.700856529
176.138841203
168.775235059
239.028450814
415.778132305
453.593740603
974.339536232
475.68393247
687.963091806
465.329692096
646.462383585
707.039085264
851.700742806
497.898303359
76.4578397794
937.473171566
153.567741867
432.896058002
832.146466139
611.350687242
584.868311622
544.827840299
389.5389018
996.885774919
842.343041988
532.648870306
609.319700995
489.752021982
958.683151712
671.586630886
454.783666148
28.3328339082
275.847954836
153.49727048
560.859947988
610.775394333
259.811828013
24.6992007284
660.408319
583.555690493
173.306005273
355.414028296
920.213652746
425.128970818
944.677883315
683.410996294
262.453682489
457.79195571
340.121495048
162.86666587
712.780061207
134.74537785
362.882026599
667.217582334
309.933640384
286.849340122
290.18579325
485.933072872
328.365800206
907.57264708
138.414102974
964.9744838
851.402678152
499.262893798
169.224824593
889.385816957
943.223332169
778.865428395
392.229708461
769.182376982
436.135777089
102.75358781
849.506287812
508.02925583
968.356586683
637.080047112
109.629748698
425.070138841
62.0070481364
984.098555924
662.297270172
881.858731313
768.309155475
609.225360079
538.974982748
893.293272101
900.56174905
68.658276001
742.48596854
534.996811214
8.32960427237
28.8567537274
30.2993998043
59.74382193
56.1386599862
165.573377025
150.059462551
698.386811773
455.755886206
653.263409129
825.168108451
184.95053394
337.910038081
235.839783219
996.63458032
243.185676521
648.971359566
677.309086457
198.006111696
722.610469947
675.000400931
625.418417763
48.9145770116
268.339733788
771.602072631
110.82803964
795.699444055
509.937605913
343.397083834
187.310491824
44.7890722925
802.813084033
376.091994651
953.722989496
112.262111597
359.824754999
683.372070992
968.723581118
405.396370304
600.731806537
242.908933739
928.008414439
413.023704663
849.528190156
607.879878865
877.090000198
754.03107714
963.372101659
665.525057049
199.408902848
18.7869016632
747.810349394
269.839078187
72.714009128
453.328712164
933.213382632
235.810096447
253.486939416
884.393927559
851.181159488
624.132305728
688.292501124
452.228112574
868.259185644
244.200807693
882.314079578
680.439305513
676.211521554
16.7312014508
87.024307197
17.4786288584
161.985266418
211.038869594
588.368610453
330.708854722
225.978325354
7.93846358208
291.306801448
360.664798767
649.000411535
203.59407924
971.618736074
897.96886813
630.485788401
13.6142853022
970.271620537
102.075241774
114.658035041
628.768992437
204.597205143
524.015666325
395.538655386
192.413542564
598.392839548
818.881595423
457.313397271
179.243176261
214.774359386
42.7991630188
549.732866561
708.240908419
717.723286857
156.244846093
441.846006218
148.375145782
475.736972719
558.331124288
754.346542164
341.39817477
909.492871042
814.262929696
885.453292195
393.696856827
870.358590714
8.53095383678
888.547996502
169.074879564
804.464434541
147.707526726
984.765797554
319.774167662
662.732614592
53.9021074654
904.400537297
881.944232513
356.467194384
711.732861366
684.164168188
714.571977377
968.896796561
425.95680214
140.019778916
255.514166966
919.634698048
425.898590592
701.501143868
569.990641359
924.384243083
500.865603823
413.926066627
909.650356644
465.626545864
49.5975174438
752.304382651
885.561758256
978.441929042
7.00297929766
9.6521072773
325.099562888
946.381186005
949.497761283
809.185297961
978.546088129
1000.35457578
773.551805434
651.752120917
691.565984104
801.842745102
917.797225926
987.11070113
979.823423874
999.034119975
135.016759089
347.054683498
313.156075791
713.946484071
314.975001384
750.423936641
566.037106323
443.333880543
111.963139869
237.580992842
926.762939429
267.942067563
443.062360199
122.396506512
717.83475765
78.3494246076
303.840846354
