308.440107906
283.04753258
102.501252631
945.46052141
369.328386721
95.6269523892
351.613225081
618.677873145
192.121947095
4.77137201196
684.235133046
209.285191629
848.457376843
32.0463939869
436.03511685
672.718958062
180.74996774
561.506741727
670.717481588
431.176716372
397.937531437
148.931433978
233.121852243
302.382728136
202.949981805
548.223432163
109.369252881
730.80599
581.127959882
743.666014103
263.460001264
565.81661301
317.271681275
95.5595342776
913.532898863
997.937033509
861.821293476
178.992091524
532.503844518
72.5768262619
761.338238445
867.192627107
781.270262599
942.777478366
468.197421325
858.714279866
127.012960583
125.700131856
512.768706999
978.547839841
797.212495554
468.826267469
634.814944973
951.103061256
585.451819848
411.762226616
178.972688561
930.756828937
339.971534698
961.519336154
466.069759176
395.19155112
630.795721176
759.531404991
737.213077844
52.6598258263
296.553976429
464.690375956
715.183016623
402.981961223
121.057321393
430.845127709
275.162320753
310.294022796
209.309734081
40.0615462672
978.621111459
749.672737283
913.175698797
19.2553065174
549.180384574
582.227198218
199.43513194
199.465678272
678.815885479
955.091373
802.014436239
766.601553125
242.775316051
308.953798716
818.796926822
691.409072751
495.245000985
807.571683943
539.470419092
798.444146143
155.734059655
641.67510906
580.308143128
424.414805308
450.792656527
818.802547415
769.482774794
265.028831502
230.303570895
69.2708052807
485.149959852
161.796774166
861.732378786
885.636607154
841.178812979
207.228442548
868.256515863
729.208800366
693.629062382
628.6868083
591.440695208
793.008542749
834.114186018
943.856428762
97.1546435336
392.434235634
339.915378028
447.777007724
719.148252192
351.591882119
665.543405705
961.919060428
667.770203076
847.627287199
103.541405465
338.333419634
670.25236286
11.8223543343
417.999050459
909.807406392
191.419735503
14.0031393042
598.593972171
10.3641024246
469.299842595
79.0003561007
203.687482965
78.4753071585
213.463804689
243.747320938
755.105824269
896.351335247
93.0245422855
232.361948232
96.3777256474
131.838674967
622.550511873
792.194400495
11.9529938189
736.19018165
688.500632514
862.890620632
777.538305121
310.389599748
394.140739899
800.1309286
132.169864061
478.572613217
681.994922448
155.054033077
70.5382734103
658.643895499
701.12054664
367.977286175
57.7681762426
680.454467429
436.415877266
982.416450627
918.862120574
922.383426152
705.136018826
393.311665537
281.318374359
7.94419261356
283.884339204
145.103783903
507.956393179
922.415627548
457.068967171
38.1025955105
870.358910393
651.36720551
589.979829572
745.343706822
627.798804043
644.100503942
153.511200262
359.549837433
887.516356361
817.704108137
336.168189114
245.26579371
588.369033662
269.654795414
469.098521361
705.646453913
249.216953293
895.201507279
270.442011547
669.459689216
719.246136883
942.638569505
313.854589097
667.460704731
400.361428506
451.109494076
651.986109777
53.0210304281
609.159260047
414.707118334
556.883826139
357.997814522
115.922221886
774.009614274
515.534645818
395.597203054
480.93404432
372.924506366
857.006356499
148.450495622
244.72788127
870.247467461
363.780723643
999.34753298
457.032188006
769.153977286
301.926950385
227.624053583
795.049335842
965.042317267
181.379564303
422.409087116
644.817735508
248.543339452
299.195705557
736.295413835
342.207091106
604.175450987
56.1407910953
418.416619291
770.686378421
393.43913727
91.8975111944
608.458534106
423.307212333
241.689959698
813.504080617
395.839504922
367.28499999
831.901363383
59.6334244757
117.697917535
401.721474532
348.047890306
127.411851293
49.7237272043
42.2977240065
12.0687321242
787.9094669
805.791759385
112.138526613
442.072279813
589.159288307
983.839740847
203.600786338
755.502907437
88.2324751051
183.220837084
534.749406553
995.6240113
850.670009316
429.00191099
966.371932416
850.055885115
719.215348774
570.894097116
289.004537468
367.411486826
135.596359735
600.828906293
885.830812844
842.869431614
504.887138592
149.161737722
373.829052791
775.503686221
180.641843707
339.614347242
971.986443226
231.238805898
266.575476802
937.560516121
101.537502838
635.351313648
515.253317371
92.17053449
117.219991283
862.448068721
173.770818931
421.766969209
633.304864072
645.600294364
771.823823583
602.200209932
147.266919725
818.077095276
621.694859479
200.930935203
705.061098535
982.329210617
406.936374369
214.027232907
609.149464928
259.315321911
272.716415228
788.532500108
302.383101603
68.6508100658
723.922204873
121.707637437
906.824607268
139.77403177
582.868163545
986.155470802
601.820859718
795.093119661
573.05082521
174.156056271
297.310109637
586.276488051
390.637766634
829.634784682
907.119623164
30.4910839032
968.578745672
46.936645019
3.34256415168
705.337703463
549.039716935
738.984813594
921.687106873
289.882843997
977.68105068
248.974728386
942.555775069
704.900889093
580.803903531
200.181662153
883.871892199
969.854943675
874.731996571
447.882122081
383.135265019
425.431327137
503.031777011
987.97438638
484.616882008
927.517656205
598.778776683
970.805391104
958.864807488
5.9706344074
538.620121997
584.497946309
7.61410640717
934.945896964
422.862916501
334.195607005
479.54782396
347.093868457
495.848691608
195.112907303
697.061450304
7.55005716271
508.189062553
829.673001881
184.746241661
496.791171157
806.717620906
471.206043688
568.023004995
910.63864992
993.678612187
366.889425406
567.331030389
564.225150448
150.175864664
102.886020098
421.474626313
423.277585852
69.7499465019
60.1681914617
937.914118365
100.328596592
824.844030734
553.265102006
475.530794102
279.517402158
931.897735378
547.223415966
924.733880992
982.922499557
376.392981863
633.953777407
98.1997820707
753.247518055
118.108234823
123.866669561
827.274199256
801.417635029
141.625632025
91.0037372596
491.972860385
796.277384824
528.591231903
182.36001945
785.386894289
737.147908026
309.870267471
322.354906212
863.087439535
307.888560016
123.908468904
893.324252636
694.776743264
787.84968829
635.205840064
710.873919274
817.132982659
519.130738116
966.838070499
519.920343814
789.734005516
454.249133099
415.841839147
357.599615358
38.1028001967
77.3344546391
760.321783175
262.433512041
435.335723079
758.495993789
92.9266640488
907.083485263
935.831204528
39.8422916702
984.769617192
873.891264902
56.3481835993
621.231473859
528.736552382
802.744616625
571.372303426
875.496300348
308.820767377
93.0247670131
56.3483690393
620.703096573
952.842502924
974.263277267
904.965098022
510.196473867
146.376034073
97.1977050039
346.388638015
517.751183756
849.285862876
134.548329641
941.503477765
408.207250413
193.414498809
314.042767653
172.053210062
881.100642205
434.155342603
619.54163729
499.662727313
360.455637028
772.321640818
37.0633663801
559.232385643
231.814397352
621.344341431
39.6954208329
933.312778605
48.6200913936
804.432986276
392.523091006
334.095361239
27.7906312226
100.866603887
646.470625685
264.698478213
744.025442275
189.052649273
97.8157186675
225.598796871
171.332856356
395.510898861
26.2310061163
520.138229578
31.4636769562
991.859394261
624.599947887
49.0749143372
256.812574001
966.503439733
637.938379646
150.626344398
42.7154595868
984.018520174
677.045875198
915.822718739
17.8108233552
521.829407004
991.699953579
231.082433974
187.572326251
984.650430123
940.474048933
590.619371516
187.055016451
397.929162892
2.92990613226
139.893310191
936.832074098
137.25928289
201.454506765
979.00680289
859.154706385
84.8374511018
640.475639712
846.405958447
447.654017573
612.248561111
632.832341845
658.404194165
180.778221125
620.617424893
177.876128524
277.55067197
733.797858809
36.0021805668
909.801865378
386.912205102
654.05326027
741.607238408
259.546267615
203.435220522
628.180934669
248.887181029
540.818520628
839.117584483
995.436830079
773.932776215
855.803641264
992.325090414
869.5895565
441.076081629
202.873263576
490.912618633
359.181800196
721.317301216
441.935752308
468.539145707
439.143084139
61.4709550373
900.347485032
562.328739058
741.992182833
926.465145988
493.704876525
922.163168719
464.902322509
944.400348253
689.482601695
96.7410099069
392.317636075
607.687699496
826.999731508
956.655545008
619.595863529
284.839338098
984.316040429
614.924183797
659.742913373
915.343168527
142.73558962
669.951644621
629.761038519
623.937473728
535.483439232
591.375831086
134.310206513
130.094972157
306.565503886
549.554345517
998.881211007
414.867362708
731.410928501
858.76904721
656.028336829
145.509302051
480.365045163
179.258121823
191.146920313
482.094018582
646.597362819
108.087242014
452.856489178
475.175217799
441.913368619
591.043097481
114.641748988
244.557480155
287.697813836
904.202428041
2.82058252359
926.856608946
806.424139295
9.39574080046
925.438646679
495.024900885
541.441152671
702.236007554
592.747961248
174.41692855
199.195352003
221.714922709
761.241871477
598.995904777
395.248652076
521.91208624
402.199563284
370.125337452
914.26286621
99.2286241551
561.511965644
401.239936966
406.042888243
487.97702408
627.888369282
253.117136102
418.830231085
468.925049681
663.093992975
844.316477383
494.625032798
225.27134157
149.765357717
97.9792451336
974.2766393
617.414450674
926.934489611
432.123083507
489.894053345
272.294343933
641.417034111
22.4786140936
507.976794609
68.7141043295
149.359727121
733.522272611
194.410168559
881.173344787
742.943758935
232.485271653
307.743033642
249.690500513
820.62718013
366.967763648
967.835309483
851.02204937
983.151615998
988.433838203
273.683018242
808.231116163
477.904464603
114.337292223
762.247508491
796.332755013
379.266316896
173.803947509
101.408488389
581.947306893
809.408051808
157.638145863
789.904237479
617.131178545
2.56704324985
162.752785853
643.526141924
751.85493927
937.666524133
319.479138301
783.706194785
287.998998021
615.900893885
906.473551499
703.973823593
239.796043879
714.272185022
484.120179314
670.265202364
24.4326306793
35.8684976877
9.98580433616
889.41486035
54.7177487567
227.731900701
272.686561669
182.685267285
875.019278362
820.507768309
744.590551681
641.717140267
778.302749978
933.050948701
604.624231854
400.186458534
287.919030303
851.754461183
919.587700419
457.271081775
753.457328863
478.331264689
686.174565517
678.660206101
381.292440839
143.624502365
883.672940251
600.607102815
228.312249696
530.8696555
164.669294824
396.096766249
328.012671635
910.700624092
592.024382648
201.064454512
339.960206491
533.505503651
281.043432132
843.501295276
925.32192452
672.563678055
375.368207446
673.506034518
95.7399884301
212.000915369
697.724914931
668.216185285
115.4519329
341.821137754
182.619852166
861.777694677
763.022013307
999.949228723
952.264819086
599.786683684
967.132023949
650.534068485
722.279880314
28.7288895605
13.079478356
383.925849188
156.549418067
701.226305314
435.782130589
880.874011062
585.364783361
226.474324068
202.11381731
640.347171875
847.376495955
54.5953310585
589.052423437
128.086979599
631.258064762
798.579247359
544.139137035
407.851535557
353.503787881
784.05992247
967.772734437
61.6618523945
149.224722906
468.135282605
64.9513477809
730.421631815
332.609094025
263.967756885
315.185626543
980.48090987
209.980399992
887.872336307
170.101887569
505.516972553
740.756273713
373.273743157
362.75820834
808.023990384
351.078549994
214.306859112
549.156812246
34.4286586628
217.906674791
670.192789027
241.005442744
801.733547555
379.027774288
785.452108925
268.978670292
409.477745936
672.205555393
758.648946283
578.902705606
287.01304716
107.198037072
55.1853466219
496.956726959
250.282089883
60.007502568
306.916710374
652.421228731
557.548526893
735.053446021
7.37890223793
792.345946072
840.321156029
306.394988302
153.992214781
776.156086757
754.531412378
455.991397543
32.9859872392
745.96587706
465.079299615
760.954383926
525.736473619
753.777213404
655.749338757
533.370500061
188.376886563
573.326321013
662.499585333
678.494840341
454.935644456
391.404547285
67.5311712718
49.4753097229
175.165996887
300.479056859
198.893665415
41.0550561171
371.062777446
630.9894725
872.449480153
939.077693915
792.46724522
818.649092614
687.390667089
4.16335128767
336.758687677
941.795334388
482.585379252
245.912989394
988.192544591
170.992220643
533.433353344
187.288714673
441.917820754
428.580374355
209.711564642
398.391085076
407.256203028
815.274210618
231.942402725
135.157617773
259.36110247
804.265576487
0.819678120754
468.221721718
230.129199445
393.435764814
346.19474023
581.917064746
387.805509624
279.875986186
391.016208502
504.645596206
275.094494821
585.300500407
770.448799943
37.2594275104
787.607920632
848.646707831
969.763804461
394.50797046
690.950046678
681.888529334
209.751327493
508.705200672
513.543858462
608.491491592
754.328319348
955.11793617
200.690976554
989.996220731
416.496100125
944.627465002
270.919659756
39.4136545279
655.176079079
205.344129777
15.3447838707
315.056468458
463.008455131
460.342366452
36.4244253747
763.94250144
66.1487424591
462.584023735
689.312225523
636.400189781
75.1222822419
779.729214884
577.557897492
116.270297379
981.663350407
616.771702905
330.907268717
989.151393062
316.093366711
510.296816699
304.858487231
832.903738814
325.777591764
756.363522725
230.288158818
972.890368859
513.785210914
917.498148367
862.310924958
515.999580544
0.394217363925
634.560906771
257.345281693
121.496153805
709.503570053
468.768172912
543.093080252
924.687984098
193.389617769
665.472116642
938.153226801
124.695833559
737.829293481
134.436176671
737.70915681
197.734128228
399.375012654
806.07175503
185.452971415
582.383314044
851.439473601
26.3501507782
998.930866457
240.105390479
407.42588692
902.448496611
919.279266991
458.031788994
932.533895559
674.013706171
971.399603082
200.105807544
290.408168984
633.569425531
37.1301591974
506.324919747
474.906790091
276.383080024
747.396045474
87.6032065987
243.840590954
371.214886789
184.49528825
162.194097247
261.334320913
40.626308778
490.117749752
638.942861913
545.927814855
