757.126084273
481.85797664
30.1625302014
46.4358087641
639.010647281
59.6050548078
200.870783879
583.566575496
14.1496424031
532.61479876
637.468322468
771.201974041
821.738730145
272.117331369
242.517708911
497.400693238
886.682296911
678.160592627
279.634401802
658.722050175
576.030074744
798.241340702
864.622750884
135.805087879
52.9034321429
644.733388852
380.847994229
273.811503463
340.028539655
707.76111905
472.73770311
600.643581733
895.119802429
349.02410076
151.370519811
417.972653759
545.733734146
15.4637671861
25.165818748
547.897602151
979.924489956
123.029759545
526.651075411
250.412135414
386.234731214
128.765919812
973.921109945
831.584222058
542.457127011
803.088013723
945.263367676
453.901974044
453.993974242
35.8835493366
124.155323018
165.77513647
140.139994233
913.543211929
458.581061431
572.768377366
534.953353433
4.64180863439
930.89825206
57.1935864599
558.083792372
836.205654592
62.1314911087
375.751364623
135.224380253
409.052443881
487.805780153
486.681350111
187.572369938
420.284357872
805.582669808
360.53877249
278.338990543
884.335020019
555.130137366
117.619115612
617.424419046
709.630345094
772.484142976
862.648380156
814.424290485
812.154620594
555.415342644
85.8811935411
975.926726842
660.821976185
857.939925698
233.770541341
328.610700892
710.955206136
856.823115183
229.735494882
949.571364959
186.592243881
620.685712865
688.508239661
905.41658571
62.2704474929
177.447402627
77.5071028568
57.1107702986
336.605392484
95.6189493902
556.593350814
864.331415086
212.161683485
498.950443144
206.102717317
348.294918221
952.519841116
722.51959861
367.376633264
679.592375895
710.873270897
819.693264297
164.728143404
947.97003133
770.285430055
593.639409721
682.505696994
499.638205066
12.3227529197
681.462325525
52.9540483672
1.45496233204
738.272780562
542.934358821
135.595146159
511.34163451
700.377405402
1.76030596128
99.394727397
165.215666366
499.053850863
266.801440397
693.654881506
736.181472248
861.895765865
875.153832162
413.540416606
19.7665198076
50.1765274761
256.493536116
31.4616496298
782.41557478
170.798710964
2.75602301467
273.696956571
797.870593047
77.7430975523
421.394476514
403.121032749
53.3014665899
751.231623651
457.193263627
631.146073877
324.462271097
202.594289982
505.776088401
276.700359393
307.087412862
414.54702785
4.91860382513
25.9162297028
49.8287392877
359.422977216
724.9848635
387.446353998
835.452292921
800.121819843
975.492459304
464.761698182
81.9558076513
503.009601298
285.048525461
928.511034964
445.273555953
862.79813262
166.092643453
519.610198708
817.808585008
587.039597349
580.071537624
475.238245259
940.357631805
99.7487821272
287.329448079
447.686452308
382.337756482
497.216501163
313.861849704
688.40379894
19.5794730327
102.787494599
953.859853585
438.994207447
592.569773678
510.167358869
574.512332929
269.643443078
974.954322998
84.4930126011
990.141019492
40.2513892248
143.158375247
308.422315673
300.370322651
418.738604707
196.483788414
355.041609299
562.570040313
19.4888602986
309.59894718
35.6133572139
802.588610414
47.8539039449
694.755278761
405.32399043
730.600028105
79.2937757149
687.386129252
521.433168508
968.908233789
614.892715719
979.587823041
591.785804205
755.104906036
939.423698076
875.178955445
920.971650512
111.89948445
284.565470404
409.007131367
856.340312906
900.150716332
386.383062822
350.987119865
808.949175289
394.736958478
58.9191030487
449.303990264
226.481285408
397.364263151
757.651162961
699.553702763
265.475103996
489.992385967
365.952594484
88.4441001966
460.322833092
94.0826801583
749.804511799
909.607068635
660.698560133
502.177052784
571.413670769
557.164291521
191.596325645
209.602305449
524.005300508
936.777784312
499.823269104
181.092040021
781.020872714
463.442620701
846.353904872
358.354151954
182.951474829
53.6621024604
360.238269691
531.152656878
428.454043243
812.044717427
669.025526313
315.104481684
542.737134384
305.086474577
279.091415111
190.683981722
528.688286759
800.432149576
640.976260405
926.374627611
328.34702901
298.605288167
102.226181624
291.893696687
700.233755018
348.787332543
532.172640038
862.939944111
456.568998053
398.276000397
840.707657199
524.562381853
901.280514242
587.437092703
758.027705557
197.250143108
405.055060361
906.064935477
767.92170063
388.209305591
784.965583179
521.477712069
133.138043328
797.833163316
854.39575675
350.761909935
533.665001035
494.079294599
518.644089326
113.779029535
619.78197132
56.2000951724
303.442011845
953.268575711
135.847183356
38.4281169817
38.9952307223
462.232246439
975.228655059
586.906697256
675.842908469
933.390484987
577.377372401
446.906981995
24.506412322
416.758088119
610.763252313
946.415303477
400.276371191
510.00239754
814.704961507
218.006424467
619.682076746
711.456681161
984.934601775
718.957565277
590.355639699
481.901191418
208.625205003
477.281181661
208.228449975
324.878497332
957.847584364
812.406627571
894.021466899
334.839802907
330.844086819
519.337541763
848.53288656
996.997763552
634.324002256
249.916585974
896.02803262
188.92988267
865.999548618
171.156396072
343.150742888
802.250934084
705.479337278
519.608692492
396.290186935
406.901926522
275.982325534
134.86928194
930.158571257
66.1539585958
590.316314402
642.565660064
387.145856978
492.359894412
644.143697278
141.257407442
167.974820681
7.9786370154
489.751532052
219.602668588
918.021566913
213.855616766
617.984109946
813.822473873
803.303175842
529.8883187
798.354051543
338.382213258
265.902736989
126.75253476
177.260662929
285.85899999
216.485550533
119.049769536
159.971782902
694.463859417
345.42113878
625.673421352
367.922063088
722.967062058
163.918741213
521.344501447
842.234678588
45.7217174153
853.203656181
685.743364661
227.012473623
393.852410786
768.674442303
501.129972021
481.725364173
943.537819391
823.089044267
976.89447417
425.350844989
73.1470240491
408.967971645
775.113726095
828.145464446
172.120157641
11.1423730091
452.20439751
166.136287253
714.079491026
678.780354924
326.629059267
136.098729881
595.752739034
855.206813394
869.201865962
27.3603083966
129.367400295
970.574338354
526.667388898
675.885370308
313.848241965
330.688920187
8.12549481212
831.495989648
170.280205439
743.02088433
447.30167713
798.266501954
1.98268551258
664.201274991
395.764800094
609.209444643
119.558540136
908.263161658
277.821790026
159.566768274
742.875295286
922.14185199
209.081790645
335.000936426
703.481158224
332.475148443
449.385318201
460.075446485
669.347622789
10.7286047482
443.114235433
820.519310049
101.734224886
243.808405409
288.648626674
938.517455199
170.544842785
948.81683679
364.712998497
565.865999623
900.087937582
471.241294716
404.93883638
22.1884943622
160.290970352
861.252629491
6.71483000376
638.641958517
103.448190081
463.710129093
293.446595758
512.454239597
343.391758958
236.086119118
810.289247199
298.407094804
217.470121132
826.117953631
93.0885624553
497.778496777
293.830814854
843.075881852
227.262825202
891.975808725
770.437179187
833.017565941
657.360260206
621.739214319
49.7559605333
853.618734486
757.99255258
499.757574346
698.914225083
638.975393093
65.2369731772
459.49657324
22.4901765059
709.014993372
994.836085474
732.480967982
477.230829909
246.79716965
844.502798983
392.623371743
853.903296659
515.970855897
471.035674077
216.603556343
53.481391242
635.392061447
467.941896752
362.694986272
734.490516375
878.247116365
960.01636668
320.35538977
602.056587977
176.935451809
261.305392878
740.639829056
489.633771894
72.6445328161
775.090419208
599.401694627
517.77312477
82.4025995226
264.038734585
330.949624924
137.573307129
949.228588446
901.710554522
990.434809339
232.472840173
294.923315542
73.8867526142
11.4321780592
518.200172735
499.334108823
537.630144816
267.998661192
88.4400907443
527.858835118
826.220596366
330.987786207
202.584253345
739.179401176
204.250065281
399.361429064
194.352590493
671.868273687
692.113410923
131.211817472
32.73713567
960.187785233
190.773182558
392.84252573
6.55229781725
47.5195290361
796.138039861
329.876930815
26.021748464
178.806426411
36.5034691754
260.775723945
46.9798566885
974.615436567
709.897363412
926.506285869
549.710680491
594.844905588
546.28537417
427.490646825
793.797049857
939.331570617
760.956148284
736.121305709
320.988559913
759.24905491
101.948521636
267.19271182
194.343325007
336.333253234
224.480122146
332.940769015
865.76789579
757.999545722
457.654210222
633.572531997
792.781068632
157.023723318
84.9780741359
30.0373115553
490.107336666
623.581028169
799.758161302
827.293469394
677.449893505
175.385384712
141.577534608
706.043559193
48.995564215
910.084399162
873.830734953
895.054172201
90.8188124893
291.822217039
947.557817673
970.300508554
412.213901808
18.1992184346
287.208290778
159.525044417
523.007104291
57.6834457374
358.707373092
796.19477494
759.466712911
251.698415324
694.170498896
623.830537366
111.837936997
950.688422894
347.573681567
281.853410491
251.378642592
838.545851645
262.407779991
878.544238119
106.697407604
166.663556329
153.794206239
404.634525133
666.719652678
326.926997901
138.293626116
729.640736713
223.898724019
376.396542992
647.44758104
394.495930521
387.108349621
959.315132202
873.774000376
78.0096739991
357.516276353
517.959076634
577.678090533
951.397805443
970.135422598
931.506318995
870.745545205
970.600676306
108.075707623
733.080672801
934.633192512
650.219220294
291.36173382
322.258937083
104.267069221
35.3281808412
246.434304129
412.287347113
816.563860919
442.419795185
579.362297353
890.508006106
235.887056797
154.336489199
503.433105053
111.047342454
696.235459265
233.834149721
450.296041825
178.331168634
385.266760423
220.443044262
283.83835757
779.672759409
134.47426828
836.85108468
189.147744839
497.176409359
13.6797294789
237.822323832
402.36589941
567.335870074
37.5360377856
367.096181785
573.582159586
21.5824248373
984.610020534
177.194035422
917.450940512
77.1674019304
793.481109893
257.807160094
583.507437741
329.468933202
652.346751384
716.877553071
710.728508938
230.603613336
63.3942010053
605.791268867
358.996274152
104.660669252
797.659311398
530.635971676
84.0914110813
188.131963427
866.668715293
825.487250115
509.394059632
701.891559487
649.455441511
442.497217601
818.525125317
723.592631576
971.498648124
502.686939812
300.337852059
685.560300426
116.859646833
518.423775631
692.477397572
645.7330879
238.704358522
612.964716656
897.158044597
670.356024985
402.325281168
872.184754404
0.218718601162
69.1623969755
596.286136822
821.73210061
49.5985698664
770.453717011
1000.3723769
622.203075227
457.55269664
761.159227237
590.707573932
681.603327482
815.708956348
632.05945858
410.039436399
909.982956158
393.466432753
153.185729226
117.990220001
211.213151935
981.771962161
710.734686667
31.7582194815
649.706719968
401.388880174
764.25052193
443.381521239
70.5526601108
576.685547152
279.796882603
493.048104224
914.994769204
589.379245007
73.9337839231
653.046666666
262.165258196
249.120262596
935.3284521
180.505292449
854.1770189
761.794053658
987.462878143
946.161903342
595.36979283
39.9276486112
942.096855164
482.838200305
30.17120418
284.332772612
978.903079974
675.000960072
176.113500964
308.199340515
614.317798655
608.675142256
527.891367163
78.6357903241
684.358423732
111.548759519
482.668576449
799.704957124
870.977058865
169.990409
445.888636558
137.04611625
72.3205738565
118.269435028
135.828934242
765.570133035
993.925543833
930.926968885
524.362795208
521.875021793
914.783220942
490.78602903
426.52226838
685.806328762
187.43890051
48.2657954676
153.757839302
530.580017851
989.022979532
770.480234625
560.841550947
71.2908879625
300.066263151
428.016519796
205.000664565
948.50563105
155.933553639
563.527460753
736.325824045
423.632440684
441.321104145
119.830512761
247.420212549
423.72253548
745.073726437
31.3536075806
319.323752446
319.079358265
604.422826111
992.899657604
332.985561228
854.306657966
693.411324613
674.138623961
536.150179763
106.498171899
968.878468354
11.1744753506
781.022572623
969.150632528
167.674295864
152.346083693
371.699591025
573.688456873
824.512186043
534.617561249
840.037115276
983.985060579
411.516383603
645.568278234
794.240782443
521.059417384
298.61015622
189.968008125
70.6207579401
15.4306978702
610.098962032
569.880426948
383.487492438
147.397013777
406.398456785
764.284973162
232.975393475
524.719653619
558.466627496
842.391510053
607.037619059
190.03262727
901.970538938
649.223120956
711.050509941
527.420534782
444.291111511
216.201903468
963.275005902
233.314473523
854.955823801
48.1648256659
488.321952842
653.271629161
747.42385618
876.031756838
454.528536722
99.028834201
1000.07607947
517.213890781
231.835055752
230.279931321
70.6083154156
753.881300727
502.295142038
891.511233275
971.044817248
935.251744452
283.403065247
969.008031873
20.124032161
334.630225959
558.468321813
388.920637208
631.76816818
728.732289508
717.800038452
215.196059901
138.237543445
318.685677821
841.541233145
427.184253742
368.157649695
967.519634217
150.66467472
471.162428914
520.41351291
639.611176823
288.498217442
697.400918003
166.807465363
109.301316315
468.299565009
444.404229449
161.313097402
777.976389476
957.648964766
642.898585811
307.867568199
933.474206699
521.363716571
766.795957822
712.519352871
802.898362953
343.702193523
830.126975942
499.951019546
911.132369347
429.153975425
437.262066044
343.782432466
208.818806098
388.795212688
659.203212083
545.765878726
875.764046049
360.702615764
658.636048004
874.251752584
406.228748891
330.133273791
890.673591124
98.9927432071
561.030330566
862.954671334
714.350137212
64.7017912322
229.552997635
343.7140768
848.846016516
685.609963007
949.190672304
148.007576796
229.623513406
642.705340949
780.87464057
640.62512916
544.122310157
113.318604439
793.263705482
684.64486444
725.743359899
40.0081146564
588.79624525
550.161577385
497.177268164
622.165452993
677.872487093
717.362395774
759.324022439
183.08138408
373.386653197
500.074388244
667.121508262
491.223056834
