822.003394542
846.477386063
752.367309826
820.539556567
271.017200937
269.880457665
230.484873135
901.074094997
728.022661129
142.183914824
717.450201368
945.266294582
206.687248349
844.879365237
845.512692557
630.415686309
908.429255852
747.426317016
382.013894894
193.840168554
669.826709722
768.354414187
884.90315075
54.130728357
183.087876083
827.913341243
581.169508924
677.253060876
975.248782874
872.582653148
483.773103176
371.087729833
946.078109999
985.077779248
872.92640049
924.884608203
769.010370049
100.809974475
606.344744116
395.445424645
929.353172656
156.756903638
701.219889256
222.064922797
897.169406735
14.5541139077
316.392757381
265.511321355
74.8284189318
142.588251056
633.307596919
190.450477193
984.405364812
844.334748693
238.3331817
228.129064414
727.956147201
895.65862891
926.019724431
479.059100032
546.841132416
697.855005407
292.4707227
633.432739723
184.120078838
468.963633437
156.230972118
367.674000781
309.199268232
646.161496456
318.815835632
765.878324221
750.578321323
268.294441878
475.824029654
96.1135979525
211.553876723
676.196172544
964.074161974
838.016733964
886.076849514
132.351968086
45.4703279482
443.419602363
13.2939858632
770.229646814
467.823263709
542.764344707
593.886874327
647.878452851
90.3889684995
286.207330777
763.436943438
63.6377989846
486.749661069
950.885969066
925.258659572
164.941910395
224.065173587
626.573818455
661.186855701
228.511379319
427.75345571
851.402896502
827.695173896
909.659926784
28.1094165727
256.890257273
874.895598339
337.084970484
294.717633314
610.10385658
586.294889285
350.754545056
121.946288588
206.418738184
461.599016517
561.554205001
135.295223871
782.507481573
315.964404207
851.276001489
49.3117145727
526.047311604
480.751412583
818.474977189
892.245135398
316.538926922
991.428316203
247.325520151
299.719714438
43.567464164
274.446661022
57.1166556863
575.847924795
284.778327012
425.865329415
81.5584335792
123.686119717
831.417593833
238.209677016
646.128921773
640.705679596
604.502728172
189.541180528
154.121619141
34.2305326488
231.581839369
86.0767366631
44.1332524995
110.261483632
593.389980258
819.407334565
138.666705908
732.445467224
770.236990332
660.103476758
888.438858483
375.063132087
872.113547398
867.613412646
840.036020942
671.804206735
934.89088031
106.719329656
317.024026873
539.357117906
482.780022319
822.766839005
191.830067377
310.852848272
464.461851987
793.666893728
500.069712613
210.717832625
461.141841302
985.761681397
735.487848044
398.396806069
185.66764357
237.393886046
456.878667109
134.160464023
864.161939404
758.849493957
686.488841482
62.0572515659
838.249501171
676.308182535
809.794412648
651.890063865
783.781893288
650.177963331
337.395313787
866.299706952
825.176304438
369.480997121
547.16109068
112.969179051
361.932396697
953.519059676
108.768122747
497.585057825
972.697364461
238.222289991
5.11809081266
16.8535483449
587.629765963
434.758652962
638.818414981
431.541799446
701.198375175
920.404373008
299.181294994
823.265879476
36.3572108357
323.006505007
12.7203656192
892.812172
116.304246018
946.496977176
671.386944287
339.456218267
209.425320733
493.814597727
108.540825769
501.305656459
839.188613999
175.097860136
348.73806415
942.026924176
130.630981973
368.057918249
601.618561419
665.859230268
147.983924867
297.469617994
970.935161309
655.57393909
710.235429748
711.726755502
15.6002626585
694.625896202
508.686124253
341.512055862
845.392602164
35.243816637
803.924885293
270.266669182
140.566296214
437.07602597
699.51094809
948.404595716
56.932952451
640.819470611
185.350552331
322.447713678
873.420228417
747.493180448
431.342088755
267.505934966
687.894005818
384.861890584
703.601368325
49.7107703853
402.531545985
345.012771363
845.859412226
684.502200812
229.652656453
348.7282735
784.939297257
375.3021925
978.475543153
248.203623326
845.873047529
299.959472203
108.385672464
44.7623578951
841.916263658
1000.90730903
309.069481988
455.860937934
533.737235868
813.058259429
244.81872255
551.154134646
342.723646839
503.996092979
23.385218082
926.749662324
897.570177719
104.382624642
925.046713203
695.952890613
650.867793795
617.223048113
603.15551548
737.970673091
300.842747423
480.613435421
60.8015311686
434.893314343
180.870139808
419.134881755
116.336932883
908.655862995
216.688193295
921.159461438
140.626166953
772.167449301
135.725937801
757.945372861
465.551820916
851.054812482
411.931713691
320.443569957
575.964003243
94.1927839359
327.457288267
708.724464105
335.403091011
720.688450023
153.377469442
908.005050436
80.7676882622
810.676109653
733.21078521
252.923238314
605.158435902
484.443684416
423.808780491
459.614152655
94.1330846816
341.812532015
440.067605377
512.736682157
649.062154209
906.805837573
739.410696311
204.461086092
455.335560739
107.464598985
547.618590427
388.282783736
795.924667831
261.409758542
825.748141475
871.506448439
832.063553554
147.135304233
360.035154362
260.551002008
407.083706991
463.801175942
741.560544139
548.008862887
372.492268791
438.786096638
88.7337637168
308.131117937
599.18388283
992.427091919
217.737187548
797.472106826
227.892413864
763.689430752
401.395982945
720.779472062
244.686037123
909.516329307
779.282120383
352.380565344
715.255896607
925.659863689
863.888537105
453.979754565
724.533426301
547.415544168
979.853699319
387.895036732
367.212273477
844.532414877
921.814388486
941.151069631
917.952526745
92.9231345462
998.891271364
366.953975991
541.46454749
572.413127985
18.4885882477
6.0900045838
697.09961932
968.055348795
442.218150747
422.094070603
355.358758514
58.2011664871
987.566310593
773.377420699
903.694251146
165.509237365
818.733025149
203.848544982
775.738330887
935.116811602
144.115366522
403.558172438
838.719078492
493.891802763
408.571320379
682.888538083
200.032280155
124.028395282
438.00389434
211.535303021
384.160513429
284.977630783
960.659550804
471.988281895
1.098234806
965.568560684
608.231198198
750.777294633
968.528435402
611.016223195
845.725781326
507.058753021
314.249591305
181.478487218
562.310470261
912.436688338
356.495815046
842.712534423
472.91802043
158.319491743
381.388141981
114.316591076
860.967614921
759.669719461
493.073181127
450.254040906
320.538971794
242.376011062
881.981964379
461.346347633
958.536793212
927.228744242
682.59736497
639.083955247
880.078313397
814.677737779
263.730681622
760.783087787
18.6081333094
901.581323079
992.604929591
653.352947689
860.47217661
77.4787809758
939.945008575
646.588906883
202.965310857
111.177352947
303.043207697
755.563349933
199.064133321
369.037511164
479.216550977
707.099387367
912.728350728
376.260539378
262.920541708
155.896357946
496.935257173
193.071771752
260.738271294
283.625405694
316.501946062
563.871156374
36.5116163376
781.108407045
643.881876251
853.354861376
370.489485876
535.59570425
701.800340769
160.560379528
461.315828948
82.568841295
433.000910478
479.669180925
105.933244432
91.568861426
194.208961761
279.495182617
226.566593157
797.058328562
348.007633726
93.5518523008
57.9550457476
860.05635731
577.054633006
212.466810123
676.989657966
533.386191237
714.451273638
746.097878064
379.224768592
879.422355159
149.928756671
461.619850992
969.88421684
971.793696308
485.39845277
782.709956918
489.957629238
91.7347255428
775.541956453
532.70716219
574.657972891
813.396100088
27.5073144477
20.1662903968
156.668131646
411.941492454
51.8599866793
877.33545749
254.390195243
391.191088417
399.748679688
865.466610198
995.114921904
61.3655363052
446.676826109
86.9196159146
32.6669716443
766.069655993
483.88141241
555.28700728
276.352759136
368.726113838
777.286052461
317.148188048
543.57984413
578.704765389
259.908530918
604.115146101
601.421180215
700.836391169
209.109162877
984.722957196
110.799619909
218.886543015
712.101276866
206.64955557
121.403628193
697.628414207
455.725275806
338.479112364
182.179604962
792.257008128
869.354606426
753.214103246
47.1767369707
665.324811614
974.959821251
661.796721709
467.648580086
998.97942637
125.179680713
137.016125189
896.737873096
593.528980202
341.332474441
253.014030374
72.7634412424
245.508697933
635.323218591
25.4057534988
536.972457803
760.288457854
824.220359467
853.695291781
462.322534803
370.975154502
192.626198621
879.774664983
690.584792439
919.363669381
396.176509865
583.091795979
547.816305705
123.613123646
370.967910979
422.423348194
270.602514179
392.115487571
820.454290516
131.591494612
562.552057447
173.306102807
962.238021426
41.4581581297
131.650206954
940.122453935
522.365548229
107.799620924
418.323728518
378.068843243
228.180517043
842.073710894
861.591493615
797.854055765
429.182171163
802.158903841
640.667321812
607.840667913
246.150499356
787.222390756
673.193353134
541.917659389
84.2528774598
185.31764955
320.121321607
877.474093835
256.244795659
426.362863856
298.871634213
78.5679621569
624.246365417
431.280819169
145.399107321
451.852834365
191.73543494
31.0434401488
462.282328112
429.675023632
978.800986638
31.1734912907
86.2992605988
781.328724945
373.758889885
852.144996372
928.045092563
665.56450095
145.151770346
176.77163398
62.8436928541
6.4468075888
920.594388074
583.928408912
416.891301951
743.472400281
600.27711038
193.238363878
787.092824984
415.871470778
468.889113059
684.396447427
187.589107618
875.528222165
353.479937938
677.651925886
381.562033353
793.500813555
234.681960256
588.613723273
157.723815118
29.2892008672
943.86862144
551.332547742
79.8630545721
303.07004897
51.7699715556
670.920967507
129.179070537
550.268375959
44.9395493869
989.100392755
910.937353854
682.531158386
735.299665552
492.841325
571.308095336
481.378968457
868.018980677
718.76061316
18.271730927
835.546406985
862.264165202
863.120426582
907.167220079
783.886703745
563.060350861
385.037447522
341.745771976
57.3048407973
787.84902512
697.604780896
174.484609295
867.51073474
755.085877355
502.314721993
53.4358758039
599.675933845
396.172075647
292.576716469
908.773670726
430.456544157
342.772046429
769.005303826
762.488434446
951.137478289
83.4579297444
454.934974746
121.087537123
506.124150124
662.581993864
415.559365333
603.84481262
967.581071307
889.722462027
534.281605649
478.65794273
591.822041099
183.19807698
112.637061104
337.898422467
485.019816378
658.885039821
504.315941297
270.124100607
634.69720268
375.013349972
110.474135176
494.113776616
224.821900769
833.684997403
957.95467129
279.259274627
709.046435137
439.656944768
979.714931734
603.673675095
590.346120923
343.584126096
821.982327933
496.619929816
65.6186809644
767.191295381
10.2310933169
13.7415002873
817.011557226
757.387930807
24.9281582626
595.581885544
229.350278999
216.368415819
660.645906934
53.6283103388
774.031978314
451.688811292
221.613562056
719.330456554
409.428269056
397.392717157
799.681994314
796.35490513
224.575630718
901.290699803
133.74020964
974.457164556
86.8518451879
270.523653972
785.914242555
341.718126577
551.857415238
638.70128272
977.097963638
890.933098479
804.554375488
564.335605888
610.615746164
22.804071764
583.950655515
411.234865323
885.248578394
923.726332639
635.368652944
442.894815993
930.782203171
170.166421401
557.843641719
43.1709822028
221.195591963
884.027639325
145.459023111
613.142149418
220.387932828
2.38371785944
771.242974671
556.53678643
827.611122187
156.099900322
649.336100036
412.728649049
607.581831764
670.715693518
592.935228459
206.120863017
503.876374785
464.094441079
502.543602191
168.963630664
493.35269485
758.301234717
493.711695923
299.817699348
371.771684096
236.870230524
899.034045402
999.865365705
257.847094452
79.934663545
249.64901195
786.667961367
17.708657829
647.372473208
706.057565976
337.223670058
486.846398134
218.45914233
982.838497962
662.838259396
878.94363165
337.231583615
519.651970173
992.848355119
514.38711112
338.911917075
469.416179208
500.293834197
402.325517738
272.944816707
311.931829668
378.088932079
740.070956421
413.948070181
377.969094581
499.865153872
592.35428177
257.37989264
701.259151505
673.699485851
859.447286106
352.356107819
320.372327808
916.123464325
744.481485474
378.141625386
716.931765572
18.1031370152
241.04366457
227.749724365
665.592539968
88.7935252492
304.554116794
483.635613281
124.008955033
195.285598387
924.475739994
959.831328454
758.598646784
661.973451405
254.464405301
658.888213329
639.404926592
607.268045943
974.95341307
225.663219824
786.3257286
638.515215965
504.499888104
756.091514553
400.655578187
203.664302495
271.64445144
644.123182748
902.177505095
350.844241591
518.679366686
945.079845755
15.0996146444
257.095737765
745.025052432
845.967316947
251.343910133
515.566001104
509.039638213
119.325970201
983.8887471
781.025158606
818.364383223
644.053335165
422.690076163
241.380295711
26.748214175
240.090556193
892.939345859
577.704360532
704.225691029
965.166215861
567.227452619
144.511085852
133.277621432
462.346579215
4.05518389243
667.045509436
809.964545468
87.7434815887
404.784361627
578.324046351
637.10127891
118.075232584
251.191436557
933.616783395
185.226979413
418.59736562
22.6797528162
566.68530667
567.478997236
70.8903737708
124.056282507
114.702451352
207.325593008
409.384798034
698.398885755
493.594375356
616.718659471
356.918492266
373.579113602
514.797616581
334.8100753
273.233137172
420.903465028
280.70070899
743.567000321
104.297228175
963.658056819
982.486209092
888.924688952
756.16119941
990.449868077
91.9905740418
699.539892622
308.111426781
901.383199073
72.7409915762
411.442858578
288.298933127
161.258902797
751.955243098
288.934131972
456.595509869
263.324738424
822.809828701
992.566600495
706.541168933
762.403405258
464.284014313
336.517866702
287.727114615
177.921352962
190.04669153
825.587751213
542.150881109
237.364321222
59.6418924408
478.371187054
823.604352337
68.2893623161
362.483662078
897.02539362
987.595356773
798.086645602
731.461466631
817.587619924
514.957848935
806.527114438
912.910356815
840.776927937
691.03206023
569.465208397
90.2255320745
690.159065216
302.523045511
35.2082438598
109.794334434
