113.382971424
135.006041423
669.315766681
703.004751078
910.150970172
805.51308776
355.868013047
617.614713684
964.546896635
394.114111818
248.261419437
741.012846074
678.145165973
832.981363222
818.985104463
783.7364239
122.95918545
107.961477665
202.093790047
71.3090962799
573.912978209
348.631876056
174.853946648
554.404384199
282.965755272
479.465399438
604.871747422
700.323112751
215.938726473
15.8936846491
282.282013914
752.714343877
682.281940331
292.945766478
403.268812087
6.89578833621
3.64155185085
806.580846151
786.194332195
673.123092549
610.803012508
977.521995808
951.485654877
603.791869332
487.048569055
287.815294013
718.198556457
320.051409026
178.16027065
372.876208493
489.473461504
356.176820013
922.286321224
46.2962088233
874.198890875
699.325570864
646.02050018
949.691635682
633.740467372
495.511096359
396.323124188
101.885651736
83.7533620882
141.650193918
248.226864076
993.831556959
235.238126403
335.301725862
225.790545387
711.200319443
651.987707745
535.855293388
671.7025955
349.430885812
854.868364236
591.733265528
899.154695136
315.247573143
510.485914585
665.785279499
546.802986963
8.516555255
539.005331036
238.073844344
345.926139186
669.126194593
920.873177584
321.027278473
141.644468137
170.685247893
423.506444235
803.094527753
742.756602396
497.259712921
30.9740678851
843.524050034
85.8518184578
943.576464172
261.341320051
449.529362935
168.374940383
527.528619507
65.3776350221
274.88810836
255.528785561
394.977476588
984.365650294
964.970975934
190.481394129
930.09479834
832.856228816
913.755927131
924.208564749
876.665736933
513.116176022
97.897779867
181.020460986
61.7785909275
350.730289862
715.214944593
698.525769224
715.923534648
102.457817325
175.819189906
946.587768655
522.082260709
270.583373824
15.7376568607
614.561684838
491.592939875
973.398607006
481.80061869
182.973252869
246.217031231
520.026506107
825.375617813
257.624096135
512.401359279
768.913064352
622.002632396
815.096940167
475.60028293
408.968708021
211.632056278
74.5406190981
128.372260968
472.404031098
569.035986147
721.640635313
768.51441813
802.613570735
141.299727432
478.876613408
326.714970752
493.214721053
927.81666968
953.8475532
293.071931669
743.259504558
966.203790351
208.804293452
865.469205907
398.182212842
26.0152690328
323.854263443
72.3595995882
580.051808423
346.775255176
925.626213745
90.3809683898
33.3389286803
26.8336869849
740.341014459
654.929303606
800.398781111
447.147179553
711.396460797
393.169389293
469.839438692
732.22057239
297.172150155
979.996128061
844.169635013
598.862629084
3.54931508855
927.565024142
672.587757394
89.9181276984
691.215107304
218.572060269
842.28501413
219.591227614
251.226647749
988.727518749
353.996469635
386.458381814
735.845033942
123.900611634
350.850578265
102.671226989
351.026670503
585.741891751
432.383428807
438.249830052
474.939509554
358.731528388
864.527155972
64.8237494502
304.842465914
378.260581937
456.010235543
192.126755768
170.194948034
172.184217807
291.194198553
672.555322037
726.297969111
797.538987137
702.626162568
464.46552627
392.528494454
114.80231385
16.0638901683
744.851034529
148.855708514
638.858968516
650.396096164
951.293769088
343.769263555
490.258046462
323.801574386
304.147192046
256.4774415
221.518626695
470.007777968
844.483926535
863.984964899
213.755830436
692.876651265
813.82976522
604.505959234
242.786643651
222.754720555
230.400422164
8.08883351644
367.870253004
176.602441677
794.058283113
945.517111172
153.538264485
762.932029005
146.378602115
909.772174804
747.921853931
664.532873628
698.086578397
722.46653013
249.243935445
446.364684028
597.35276282
393.33569004
21.4550254454
251.238596558
164.046730614
705.232487905
327.849038874
533.829102488
321.985608019
359.769033105
6.06104325899
380.51241432
754.915610302
337.518064407
791.147884016
558.349991073
346.829810622
867.093954256
360.316259802
304.933897688
556.916245726
380.025469669
724.427314403
411.709777666
396.68665378
808.347535362
319.125225129
67.7882728696
640.256201417
202.435043953
925.698237879
901.25673052
164.033861857
592.538841027
414.419538939
565.112778979
439.957008815
576.241704046
406.364394375
464.741547528
163.558791639
798.111717948
543.135424903
589.719839017
726.836679267
521.80988998
68.177240731
850.40263928
999.416610825
957.790171636
858.873588908
998.547594112
714.964350034
857.688571242
810.455485798
729.681201518
429.423450036
480.161964156
639.070285271
187.307991398
339.927547177
182.917313422
746.61919886
108.372818894
570.812834986
200.385265419
375.716541339
852.113794314
336.313105635
907.044406379
134.691894157
869.937353781
559.65248523
904.720550696
125.763673947
253.49518025
759.362761478
432.224691521
824.438833774
530.511144675
454.821315965
177.21339056
760.049416466
821.437943012
298.358986788
637.783164145
683.560432317
442.75500269
625.982615875
344.642448699
123.18728694
550.925365559
696.040573649
730.770996445
33.2740801047
655.656344799
563.056215125
56.2041415839
797.182304798
433.712932697
878.306660911
106.234758337
308.16787574
443.851018958
951.451953292
315.165304564
815.428068699
889.82983593
462.627929782
894.544326805
376.481680546
180.499447168
173.741530883
518.363219001
973.956551384
627.657471338
389.779865567
344.457834951
512.882828477
99.7093398569
723.90858753
598.296436411
462.881603565
636.868750836
856.515178518
108.011191726
250.949577858
87.3574072506
957.480637663
457.211755643
909.640700119
424.817072382
416.519337455
968.840801443
703.610740531
161.210022172
818.314804902
561.330160576
965.001049866
821.486086962
56.8008380797
912.205955646
204.649416847
624.03716475
944.333029749
224.436903303
738.026305748
88.5080191591
414.793491411
111.258783498
736.691688015
189.496550705
779.762876241
558.896125131
618.736121281
795.587556327
326.211524661
110.96571502
888.049882697
132.581924919
610.679066175
299.221327168
962.465705549
436.467906997
125.451361693
982.143067254
846.177095246
764.048672848
455.806449414
705.183677351
657.054413704
470.80125368
43.655911937
918.582507881
10.0569286187
280.119731514
761.749846272
245.840272377
588.395240249
785.920629226
977.086630563
850.714873977
94.8161066967
363.539613067
710.057541692
121.139492454
144.033199937
863.135701252
422.968595166
976.811294005
926.325925575
456.63531251
707.407231349
142.893274573
709.888517595
300.500053686
532.620984189
176.480146835
834.870005706
2.3348025039
920.086316358
732.331117547
547.321823018
461.189477963
380.012550047
70.6953115162
614.721038875
400.154920206
764.471675877
38.7364940114
84.8660978008
792.768673295
749.735322345
963.384797428
770.445608518
434.199236097
668.764721816
220.06764585
592.044922938
333.631824282
878.008874555
446.867125112
999.208956385
700.396213521
531.945492154
974.278836117
293.549162785
158.844314534
568.47739674
827.883446134
182.018464466
83.6889914847
14.3537159573
738.636386166
200.415676753
394.146401264
676.555515057
384.835133619
641.895625766
157.81608206
253.905267748
141.233129202
305.110928539
246.202597378
470.725586972
912.918564519
981.158492639
239.957386376
607.37120453
491.877560577
132.433864566
349.475117072
675.705727076
642.288383924
596.669769109
151.816915366
22.1674991422
79.364919778
654.783831706
104.530057256
239.762205823
643.244863733
136.410093037
184.937743501
618.372753086
225.669932103
389.524902796
631.370104822
294.15740989
384.444480168
35.1282652653
511.621685057
343.493570011
322.243887211
635.94884578
579.343805377
581.745541691
229.772776314
486.706233777
39.4088654061
41.228669577
800.022706694
935.010613172
748.426866799
544.029017207
83.9040781496
476.436071862
127.025422373
686.491965849
891.491513144
101.534013646
967.613112344
66.227744711
459.114036365
981.736815914
999.892900981
531.052073618
144.955367814
868.39355334
826.610103307
663.747806135
283.659893735
371.862763365
412.538838372
573.986724796
864.458206863
402.748245364
385.780786854
415.593150019
655.845970476
587.218767437
424.999964197
104.744470648
227.830032922
898.80500281
751.11982102
839.150746774
155.735120235
256.041838076
178.613463633
164.072590293
495.617900828
180.837278809
541.214948818
558.96872561
477.706805024
643.546319076
361.757323589
223.157792095
340.492180538
149.746500005
116.266151159
316.355006729
827.463126886
566.469734325
654.242133346
615.965719143
459.382533385
993.087548481
584.148775121
867.541608928
451.411538388
447.733056787
740.25090049
592.919414217
373.562532047
733.646716955
848.235407673
197.242842652
711.110503802
536.689562307
643.740449449
534.980603311
467.835279641
198.140916703
152.118203629
482.669813834
782.500937061
499.508756483
647.673224653
2.55311685312
942.337044707
407.016979439
804.554122588
599.804790648
731.913805809
243.876989572
835.046075607
634.523610949
629.526606547
46.2274629559
210.276078601
237.939964162
240.702881496
878.608103434
114.609410743
259.946509264
509.289971824
126.475619419
763.065427246
992.881669646
371.233348423
737.248377424
894.188237474
629.37649224
477.565285299
107.221889217
87.9061709091
587.312926854
319.115732195
716.618635953
821.156366019
589.167712845
458.247365299
638.434635763
557.689517343
537.508411619
334.609209231
665.649284618
380.715541281
532.877290588
748.986433357
323.637889916
43.2933410289
303.910852118
125.309930435
635.346866173
529.613499046
253.501576957
828.209644472
898.120708327
898.250123671
596.358719171
455.326876363
287.061890054
968.71891072
463.836378398
895.781786392
820.213226966
501.806693535
475.268208503
838.143005407
488.906557522
983.621662772
64.2577891223
411.007622123
806.578662335
509.334488766
365.493934577
646.907364851
819.882707626
519.084350201
481.812576626
638.587199186
762.603365003
24.543342303
74.9112713871
893.819779
231.026268334
360.13757121
756.460287478
434.413961342
237.200339178
968.743433866
989.984902602
393.645712445
796.760400188
966.110675408
977.450555862
983.348957476
783.289421195
553.319933104
794.050231643
898.16449223
513.547748561
518.172114866
38.8943809151
553.704847577
943.553525003
760.058244294
854.095671926
666.226388635
993.501542166
898.893521243
720.657213083
452.775034568
841.262218143
905.402798825
637.706952555
723.756061217
403.099569765
317.381897137
569.831300332
536.613267538
210.321340423
333.608482275
559.509146447
231.134245041
919.502532783
271.616503894
228.884177781
983.163394032
92.8130698271
471.344013044
457.838584235
675.932109688
729.594482888
708.540614037
112.130974359
917.354485481
646.521038884
82.9920570496
13.7937155881
801.042732729
65.187762311
964.787234465
509.03306972
675.178376945
614.137587835
675.669805193
998.506307718
934.415145649
921.103628455
298.481174583
692.068720854
214.074643488
856.540857786
181.798707757
578.758968505
164.446171192
610.771307557
493.824537423
285.829219007
184.094864077
667.733930778
874.493082809
877.909413034
593.413614449
22.9916073389
153.765541587
551.403877946
747.662982117
362.305124534
462.529423853
310.841813228
901.533027499
439.777765012
528.10217883
673.200764388
772.312988373
109.009328959
62.5606855749
56.2534559128
401.378715306
865.076492443
562.279934451
418.155069343
697.874487183
174.762193854
82.1489897367
12.4026578571
844.940044171
109.345762383
909.910331988
54.2574009831
43.3288545904
745.476686146
391.138788592
219.046601448
850.053666476
457.010739033
667.607298997
41.361147555
24.185321178
895.370879809
425.721340485
250.632540006
727.341108597
427.161659795
649.92965807
698.64180313
990.860519935
484.514378692
486.0479059
29.2596013717
577.35936875
328.703703541
684.459593178
870.409965289
758.645585876
443.995604278
219.821497761
443.249213197
367.033559043
75.0080832617
826.694446366
229.985889035
127.633940042
181.304720652
393.416655355
15.4304805742
102.625471187
970.229312384
693.433419584
913.079491766
47.7481648903
864.427054233
995.80245727
472.033634156
556.406418572
210.22096067
149.277736783
931.215763835
765.266570678
54.1979320045
902.985549832
871.671217869
68.4263519879
860.867664673
441.968793308
967.758142766
132.643097266
285.687363303
608.029483494
183.312695476
30.8533899697
314.695656083
509.914943543
533.225165084
59.1528310639
808.97276682
796.870411672
31.683396226
843.77252751
885.024341181
264.164711588
874.283706636
672.073972774
1.41171994634
446.600461772
594.664809436
896.363832793
516.230165915
664.606346272
568.596138817
20.6262726994
764.923098667
981.880968419
120.723871589
856.722519304
547.269698073
267.499700746
312.225188718
378.61635134
620.699780649
499.756797027
277.838502107
429.806469526
761.815529225
227.34441158
674.247426191
599.246340485
499.251166414
826.009930356
223.22160128
854.005069236
467.977874092
814.991014155
538.705760527
602.382997094
190.097117227
569.892054235
599.781144674
902.425279588
156.924704295
47.5648503817
579.443374377
945.59292785
77.8990472111
70.1959002606
631.772948744
335.76601569
826.360523239
773.688840596
425.937667509
236.9527732
683.678034337
208.226814474
247.287740244
741.637397414
911.038401224
435.317797822
569.291396775
474.603351445
661.191818569
799.770262335
140.910743513
182.724256828
900.516235533
976.715919017
758.143150685
777.257845387
855.04925073
557.645065291
514.58597921
183.294316237
277.218089136
314.736078045
203.057852767
602.233644222
257.767566947
452.998858579
821.528690271
19.5064722957
862.601238151
748.984701516
426.778565898
854.227797599
424.613323603
890.79155171
597.401584235
586.603382039
802.656781305
90.3451695174
503.685716187
445.089797712
181.005708321
553.457754661
652.907391812
506.40301915
501.187824008
405.230219135
918.776769829
132.484757607
518.83025507
31.7090110155
453.455089733
267.352773429
2.08188026331
768.8514807
637.474458718
464.958985343
786.295695724
320.069536753
707.689446961
263.877939459
193.18022703
17.0655466875
428.48685924
655.6387419
942.178056273
406.998219155
360.670245553
170.860335714
454.985398436
474.651485809
234.258121001
541.236356783
573.529066841
824.993956079
667.427904025
