236.89291354
929.729239459
97.6437025685
481.447607553
809.953414551
683.2537233
301.971596443
807.233027141
229.245940472
891.623075882
685.669213263
958.825571622
622.05900594
947.855739247
939.887607467
888.697943283
864.949962118
941.240575803
771.32410961
68.763483475
510.020851181
126.830924611
971.168333296
616.918351507
443.754717135
804.999764571
133.803917984
495.097975052
739.689298076
542.754491352
265.926220563
673.3585985
457.826552614
34.78775226
236.108996753
54.1383214819
737.090491529
114.102680572
805.720743657
362.302410535
143.79858919
952.995958696
684.340222207
595.501322825
988.976986914
351.717730621
86.8086824523
420.740921501
565.560808528
377.960329246
736.315383617
661.594293951
971.343355504
606.288427131
770.663817542
613.00685974
54.9545990075
14.8583998606
695.550341199
854.099835445
74.3714861238
357.843438643
636.600244356
507.823492272
390.19367274
851.55784783
210.95887751
602.344039399
318.151381628
790.045514669
806.785386904
726.961702976
630.884475194
696.486687064
777.64974566
664.628983218
28.5736599363
797.71193407
827.346964587
529.194830135
906.447646557
592.820248639
113.664698784
481.684871094
268.649651209
140.176182058
216.20408286
46.8198522582
107.763362651
262.442479849
429.830696472
47.0664366661
333.963484217
901.071669126
198.626081246
453.918987017
407.515130992
90.5272038965
921.087355829
151.54367438
348.702333935
938.040445065
512.197688184
401.486159661
732.693947215
805.042687722
62.2751877743
48.1401037333
925.858246773
608.019714564
38.3978632053
515.083124962
676.129331722
148.4117165
177.292188132
501.114700242
81.9847666901
717.684287316
384.744765119
417.317800846
279.728508472
536.15907996
825.57308951
64.8952300598
431.400502456
384.910023312
143.552008797
771.128467582
600.848773982
715.865857057
600.136295659
405.516022048
965.511649904
85.2191692983
631.411101307
347.81837495
119.355793509
168.3138088
902.907206657
887.125609445
1.53046172941
150.695818652
804.60459116
143.003552076
148.892506026
660.393436123
497.649690391
896.908841593
662.45707471
348.928124439
676.58390597
271.309284209
468.910576212
382.855195623
496.551000701
10.3199429338
119.175661144
190.924927363
356.312308061
720.805949262
940.761992621
42.9782814908
929.720688574
729.831952177
449.430196137
527.185600696
593.282149072
302.814648949
61.2130750754
723.414317918
543.377278692
948.291938917
933.073758604
63.2021329835
90.5137148575
469.222908757
832.444582861
246.516790024
897.431485927
335.667935366
923.503487622
535.643449615
782.125997592
205.984335368
638.006383777
614.436447672
268.784803874
761.846943012
290.23641431
799.797494647
355.476406953
309.776813267
494.057167582
459.107730277
105.054979736
750.00688487
170.645750419
933.922196613
927.590408753
178.112988662
359.860311326
258.514085449
353.813671352
775.673777175
830.99792156
679.748368165
459.755843067
234.119981164
972.958222658
172.584078627
31.1599779084
726.825937587
689.310382561
461.763146715
526.9830985
645.272666923
100.038888158
806.409453131
998.052861347
382.534485558
534.246427864
245.598673597
697.771876752
39.5122394742
192.779548278
755.062609924
730.018300345
167.111440533
359.775256183
466.585157059
263.900403347
132.019611989
215.856413532
835.997319039
974.357987849
14.4160778423
616.467083917
352.274380379
715.466476168
156.213210526
381.341310433
468.768959065
847.061349195
326.265952151
433.291754689
674.0829941
935.6924776
593.677319512
875.909243975
20.3029719802
444.899160774
991.915717983
311.201062029
52.1993099768
620.527898424
380.384382088
157.49739424
520.642425215
661.392041859
71.499787321
590.623801337
485.84021335
873.854451733
426.609882445
527.805718871
724.904457595
227.227391718
604.32138417
632.171171425
802.211430634
435.686708836
101.582048648
497.689326764
648.243022142
121.447322995
498.458574785
472.991839513
508.208211954
428.161237307
103.053964667
14.500927178
662.148588744
851.439252431
363.367002154
836.372126321
938.61526329
55.2725645595
173.487642451
469.905489509
662.156122508
438.445398609
670.224481288
636.952789678
253.050566947
809.586649116
769.85569578
64.0807751925
977.096758805
443.260597167
621.858126472
438.669978007
777.945993548
433.483367535
368.35522692
902.358439229
967.260802642
771.64853988
854.521997285
535.706198625
319.654709668
684.9901691
478.678402727
397.235428682
733.12632225
229.497485985
770.861437215
747.612508678
866.512085997
751.531029896
28.4881639556
980.132217973
157.094458722
878.046861048
182.9839103
343.769113393
416.630947013
748.837466489
988.98911811
348.871248745
732.259961656
905.591525236
698.459986051
225.758345171
231.824695329
660.238785229
752.613503841
284.689141366
97.495561391
441.927297341
659.921115206
779.102562534
513.96091399
271.183154319
163.271231102
350.180613781
303.100210629
966.433314524
469.282691702
581.321689617
748.860300487
49.4542175074
335.297292516
744.264028339
882.13320755
141.777283703
111.410770712
951.013004908
687.259078874
240.925872517
38.6316408944
253.13839
57.0568754088
67.3904524683
500.112524398
744.535288731
976.724186391
698.903095646
741.96416747
548.500848423
167.345314899
941.703170446
708.665406292
85.1566721131
642.21896321
389.036499757
502.102182022
863.350693746
177.662090126
734.732957392
486.832960544
340.850095713
348.196996189
544.962994458
534.976743053
942.809006658
225.12181587
404.244870596
636.737070881
379.9421633
934.127273967
746.78836001
98.7279163463
861.123177663
840.284314456
842.802645825
235.447607496
700.718006401
176.991112391
730.047437081
904.349764233
198.940610583
352.735653855
181.057539914
599.021525739
367.12455896
184.270321702
185.330326427
554.732257191
582.869805694
587.934441229
281.509195802
485.435051951
131.188169171
993.111124004
253.306404593
285.669749334
401.09120674
630.769241073
588.091148044
185.510506812
645.15423934
732.71202824
477.018820809
399.566630938
805.874975207
119.287400109
914.534052094
454.777331569
949.167194691
95.5481570212
494.61857579
20.3251029682
377.412345445
43.2050881052
835.277985746
677.29325418
40.0953383962
482.807962591
779.830564644
115.054903711
842.282848039
91.7182168793
685.907153207
612.812202602
900.31948524
696.711046039
538.491933498
772.205823968
140.818788097
277.803504276
230.530207114
167.931044572
883.640225023
683.152311642
393.717875866
234.154478737
447.584971147
445.390322747
803.46217158
248.207087742
887.393761981
105.665385612
863.376291165
843.163461167
918.028264753
999.815760853
109.860214271
12.1238918833
811.555506689
77.5443810474
96.7051311132
979.362769598
434.962758605
426.873369835
349.021511235
6.61347488682
864.697075878
252.3773513
982.761422524
494.163644423
878.917186799
859.942125519
225.692917284
731.099676511
515.478534094
408.120260693
20.8445426727
851.966116389
835.362850314
997.084363681
51.0635315151
209.768033654
635.590466416
234.386008442
256.312302995
910.534176794
168.783855019
315.965927616
830.88261969
643.406925694
17.5780598279
66.0198412637
982.571150487
168.575892736
9.20648490307
622.185437882
961.545660467
77.4732716197
977.980280269
39.1374372369
483.195136049
774.594913194
672.747974637
777.610841561
180.551618601
552.102653181
788.850088062
185.497812895
679.958841006
379.184260844
672.383334875
824.509657323
665.772946116
780.254929593
284.235051215
162.45282245
764.696239583
479.752420364
434.615939713
398.291514372
586.375069402
729.574984075
590.955320389
236.728675106
269.940731758
948.675430073
902.701211942
639.763755975
312.61872573
451.497713214
703.019175528
858.733675893
877.386696903
862.639842983
230.77391721
225.037326709
2.2325655677
960.488338129
598.134093372
408.5632115
789.068379854
508.510820419
926.812302293
572.943043548
490.864008185
703.692561804
539.123425963
440.930134703
312.904442592
287.271012537
843.15988591
22.3205916026
132.420464804
543.895311745
201.081800879
989.192603758
672.066270682
467.158282263
583.832815384
130.404021273
105.820677546
745.295902133
589.484377839
170.18042036
965.01068452
969.432456416
393.984664227
682.817618834
244.380086261
161.541193302
675.696999594
802.90139176
319.597239528
944.656747078
979.192972387
633.448393732
753.474073479
829.058073557
808.947649801
833.87620756
776.473543832
280.275774476
871.821839969
45.816144654
347.904680043
648.954010988
498.306116293
381.445345712
61.0399589819
940.808563839
335.313694411
417.634948613
478.615910324
40.8334162784
413.521439347
748.957931536
156.840715398
973.47325618
430.231997375
608.091310557
197.413226495
817.999847567
859.653508477
885.907007473
95.3499107023
654.295860287
762.252368413
249.200777887
532.30762528
1.31893355666
327.443212389
407.917037461
643.480396477
627.126857202
299.96887377
892.506941047
434.743000137
779.188349328
159.837962879
196.313144848
903.471140621
495.466353464
816.953478054
199.145489214
722.477701488
8.17983985975
866.467386731
995.541229699
455.764052718
141.862864928
793.917890587
199.043405974
877.13374178
273.155680872
565.615809646
559.367224885
115.286129349
696.051941929
773.680161896
574.683829579
579.653450618
364.638251504
506.353381617
602.775411797
102.676749009
998.054168569
852.93350258
715.99574613
876.15064899
6.66760824195
954.906852506
26.8027801806
418.642647165
13.2189952994
386.932196731
412.748118876
828.290864977
865.237849698
456.809801109
626.089769019
1000.20163353
167.426208002
670.623841366
643.616536086
978.76965191
489.796362165
718.014432866
132.170935995
665.560375404
180.034513257
173.464054942
975.893736025
51.3303485675
990.760501058
671.834223417
606.092439914
431.895799367
587.541710342
41.0841428755
764.474399084
198.052362098
2.8690692209
489.062540207
980.446060166
433.836165635
96.6751724222
207.96064236
585.743096821
32.0088736549
908.420070924
557.28384629
762.749372371
475.749275199
152.133015522
629.629402179
494.102420788
789.291294412
682.697504662
967.840185386
13.5405493659
559.074279725
591.310129088
931.055109253
573.46183022
262.882877271
412.013485457
152.872249614
553.764598898
563.465890967
706.194742724
486.192635172
601.260722012
132.326699725
69.6976162381
618.886404064
523.303575237
662.47869107
5.40195270805
266.92026932
580.469320232
619.237207776
283.931014977
169.013351047
980.308489912
518.510570119
439.376267541
732.522276013
802.803062059
294.863384675
716.915204054
15.8573613768
565.234699916
466.597316721
938.954586465
870.462873175
320.096174093
4.20212255084
694.014791454
596.601082221
62.5843088815
3.1252326484
121.591168121
528.457423213
782.750795122
491.323511095
157.29934964
572.169476409
268.05697978
612.704948994
828.684241976
416.22838201
76.2070662067
874.262352546
144.059238936
306.886388582
191.832556882
104.499728759
771.599626023
356.82909088
198.720198728
441.223199487
600.191523971
153.957150391
870.754739591
509.913707687
512.048860129
303.067365834
988.22224897
764.649569267
401.544014596
474.602634396
601.296855143
385.219190558
857.786386486
923.089011805
741.592713633
97.454062188
935.027620265
335.074546696
753.02590538
216.623180097
360.990934115
540.16170231
662.364340774
877.458671702
153.462401755
97.2791381063
348.298139456
29.2424673282
632.207280633
314.503451608
486.046268961
167.92913723
898.271617789
529.635332254
657.736156157
522.855761108
0.557258586836
178.348917906
521.89963397
251.570854753
1.74920369453
421.751493837
935.589103863
57.047300881
199.162792494
151.438275642
234.728303411
260.903889889
268.301484404
237.569999025
512.97896432
987.586862382
938.422068681
363.097689021
604.384871801
498.720223496
821.165530038
42.9701950338
335.917703734
642.983685587
861.162892057
989.665605087
132.177652633
361.766929178
766.547738831
623.494195326
441.731189884
415.313247098
935.395316971
700.724577044
330.494104768
831.628852197
966.268426927
410.571970639
578.824401183
410.233929238
237.957163934
193.618238131
204.359420912
489.778276403
812.122109837
528.735785616
129.373127085
375.775657522
611.876202261
426.434553652
83.5131365916
450.210536713
12.4081884286
704.891901612
759.621326701
232.414186982
376.121153723
596.970314941
265.59881025
359.676952458
670.368176351
796.873715618
193.606915958
349.710057233
664.950901941
343.864596309
383.121987139
221.475352248
996.791957117
6.2061795869
907.146955537
998.847426361
365.939798461
771.562953513
973.515075347
194.21787468
626.858831858
735.000159122
762.865302882
792.768889889
470.384580689
887.354640459
215.938856111
105.916085793
280.200161697
495.30790841
683.628205972
729.85761227
297.571677395
436.325453415
773.212439342
330.215580392
137.863331949
228.960814895
766.641432685
485.884585723
298.450437696
721.598408846
240.351823497
646.542782393
903.250688387
892.25628381
923.474884496
193.277461221
878.284319414
194.724081491
891.959744836
542.756581541
916.33728084
929.885112642
798.030530228
913.672055948
390.746698138
558.248260317
68.2574323766
76.3175964267
60.8009016418
361.447043941
492.609069025
956.590555283
417.327557006
706.968210279
598.767673163
546.338103657
931.966485214
895.463606899
628.973757169
690.979138736
995.736152176
980.313514345
858.374469392
664.918273253
46.5856589222
553.666953645
686.304867387
556.519112501
680.736367518
680.448435939
201.462111072
224.282136977
579.918955027
503.616806804
514.280296331
449.226796385
445.067647291
362.042281951
258.675271526
27.8073527036
996.332458004
409.453378601
347.735442991
489.240324854
801.535580502
125.726614891
311.153280923
458.16312323
525.985483012
878.722608167
522.278045828
519.628404689
871.235262546
874.831129888
317.226207053
784.709245341
871.865385568
331.592559523
527.670050423
720.553618699
104.340543101
61.2918996514
548.608524011
426.5153516
122.308028143
910.89472694
453.789008078
795.213485586
366.593334361
461.909403938
839.783485972
227.986454344
866.195611971
516.81704612
640.178325404
220.722141148
859.230806362
465.23045587
157.102532808
603.534506632
2.76608515882
786.899745579
149.694577722
691.240599637
83.4672463911
