604.584907257
152.504660457
182.332236173
721.751479018
29.4358604154
386.453585238
636.906707655
403.844099048
88.5054296841
449.381990573
437.804770457
981.809430417
201.898717418
329.264282926
514.847557107
635.313461962
932.291338651
82.4624857165
476.830116302
125.437629312
843.595337738
608.293686173
254.924441824
494.782836528
733.510843804
417.188199846
89.2192576752
466.587051278
200.024343193
153.314027219
552.912214388
414.843306017
546.646997834
848.727895845
979.630096804
896.358112132
921.234758674
603.640580045
17.1457601134
945.326528744
367.507359407
137.102351002
373.684580981
176.032830751
554.29992006
362.092196332
119.02405026
535.650989432
854.983355114
550.682746015
722.593038638
508.87977455
822.041081199
302.724709818
461.380592556
324.479533326
778.588741559
893.270769737
933.541135796
279.104012656
855.039950733
535.446629637
750.453487783
152.180604234
490.541938905
103.4546046
295.190222612
876.955500974
248.581060994
854.479230213
260.901102028
330.840474687
289.228864187
440.806778561
485.555188103
660.082975107
951.531027713
272.919891082
615.367665828
872.355312074
784.527091649
142.498922648
887.355996591
360.088264963
255.386852866
339.479822305
788.662029394
0.642306157189
574.056586152
280.231277021
553.018591258
94.7058160113
66.6750389008
49.3882573193
650.623937495
391.69787739
194.931092816
557.493232335
322.186667488
966.820172534
476.27145981
27.1899986053
679.03696992
278.614997515
747.748678959
610.724122543
559.625528377
2.65541803163
265.59912507
39.9477468689
10.081957673
552.572249885
163.25413382
633.519376852
538.65396583
473.19577758
747.904453098
753.960388711
186.728173609
740.044852738
331.982805473
633.346660793
642.381093203
194.262580008
152.303578297
523.178710259
529.626183935
250.47565993
512.580907633
158.052720415
370.10040194
753.174778087
571.170674637
16.9643901791
481.048188658
610.72069921
423.285499259
483.34329416
348.044574028
494.270172003
904.222860131
548.954234941
222.152205925
947.85584512
668.151588703
419.395079005
910.911816389
909.992487354
32.0305002476
286.955284921
556.397575797
70.0894515687
469.076824009
65.6931834373
86.5887452342
676.580142822
246.833014722
405.272537716
101.80771021
490.148834224
610.013747914
526.372292423
319.86531017
875.319234208
879.783503104
914.823779223
735.725383393
506.683879022
448.49623626
496.2250747
782.438646637
826.642272334
510.868266808
375.202708731
399.350625501
534.167057252
979.071952673
950.654136947
968.512431187
942.742847751
755.143250183
835.934065773
725.532707099
260.023359072
759.096550989
98.1450929246
345.863741729
543.22620992
239.455367065
586.526061309
855.653693991
6.21063873158
2.44235216019
344.629826179
177.618234779
533.602296124
839.11082483
119.387946966
626.337011412
409.382603719
960.184144231
34.8788492794
639.788767699
206.56100243
429.275976075
216.177032348
8.61438145373
358.581815585
892.749833639
765.083522827
535.515050222
337.90181562
799.794060158
53.4996057162
540.01209103
261.616245858
822.414958294
995.833450901
713.51096877
103.019301043
121.018203558
940.186952498
124.2777265
171.80458316
727.274256562
825.839057245
726.467397158
97.4348094213
854.718537805
434.333728259
352.893487009
673.577759378
871.394033018
330.358127454
602.885030264
456.67479828
833.702080396
745.941653928
894.433325678
883.132694559
723.955223752
116.954200058
904.370661809
110.088653795
599.121876141
171.163407308
234.423092592
42.8076711742
330.058391948
980.91551145
904.5827736
274.404337728
533.151675233
700.367898649
515.836212883
593.448812572
948.374634134
678.098119163
609.098111983
782.393719358
714.792363112
929.252972858
638.442277904
962.568532974
658.604325718
376.931360488
702.134143921
287.340325383
616.19886568
993.501968465
550.915964564
576.977801616
865.825298843
925.892932462
999.981445483
584.838919575
914.73919733
815.153854412
514.824584603
755.220633892
382.476719624
18.565829246
205.259202061
493.970400327
260.837794365
62.1023594552
97.8888011083
213.198252559
822.376501772
632.841413724
73.6389407456
998.64727044
800.326453566
758.430104761
879.102173863
451.85742185
517.833989755
334.567234661
811.509447243
498.665189304
998.396152965
843.880927296
995.301131716
617.915195493
178.014279162
362.06152649
273.088282374
124.54029625
544.686068811
446.036958035
767.146343331
950.12812309
242.015204113
142.399320669
351.727823999
170.198788892
61.9195443058
849.250271524
128.353208329
396.919984638
764.230684703
701.914787539
280.058411884
308.383019563
779.326842687
965.123987289
696.350836443
903.49964543
985.458875767
821.702012291
805.663222101
36.3915256335
701.932642231
472.767945249
504.15360196
120.948049371
894.80108156
505.827304996
189.613120788
148.602724925
907.182243652
937.022662158
376.512002272
512.526419317
345.141070371
819.916890222
749.891324916
623.574044796
384.03283905
773.766895647
765.116526749
443.707667216
179.239729211
46.682438833
457.611734375
603.514651226
296.555272787
493.656867567
616.86766632
77.3721144267
887.05222737
345.276677825
455.407747559
567.999599689
962.045115334
646.125093491
948.068543551
258.026090639
675.221288473
220.594399854
958.718406287
615.590099163
442.535612026
626.186651158
436.807919773
877.018328697
695.63251858
864.374223661
30.0662269574
797.746685657
994.516828094
378.199604962
739.611051872
307.293766558
264.181681959
251.5173693
839.445295219
707.486765883
861.073668611
341.246764245
590.135212975
210.3423241
270.15612546
151.550696969
159.988309445
805.50531434
235.827255465
528.983440298
401.388656598
883.449812404
96.5398018523
57.7598798715
148.7086322
658.472854124
111.26577084
298.974506932
162.28276281
886.372337934
403.966427033
634.197805109
628.357310053
28.7339460937
965.652556419
340.665552631
894.151702931
48.0185251933
508.233717671
553.768763053
136.647934427
829.69265959
257.033333751
444.297441451
465.058200813
322.525680081
905.410815126
250.840230686
166.013790839
824.668650095
659.182620801
569.566849055
668.441899009
63.3335049043
792.26398606
359.099143376
859.13437374
227.779619559
121.975589824
693.45200511
256.451679029
614.555999284
300.433805477
801.325771354
682.449584496
944.737266516
29.7218982406
88.740713908
7.26181621106
580.694443915
911.215208583
196.480954924
307.223789226
277.178700505
708.952296527
226.896530781
234.080674219
716.54638442
794.219592075
734.230427142
857.936697034
414.716241419
296.149740276
763.670728571
85.8169872273
7.67714040211
720.719495269
535.09076395
755.664983607
270.017530494
404.570121113
946.393291184
703.234599205
514.586952531
981.842110353
870.46475818
661.230076675
820.655601488
459.214483776
480.813885315
707.253217267
247.934388925
165.013266013
111.36515089
739.886894866
220.202605688
101.882527908
737.139072188
597.004673009
220.120540034
618.758381926
833.366878823
93.4348560362
696.218703575
451.991299233
71.4476033353
427.01414923
952.15400776
112.326065923
241.009073562
509.297927621
698.131892066
106.246656951
136.998923734
284.877207923
632.541369827
268.449786837
50.5523246358
185.555340155
492.821828002
183.23601094
577.416874366
829.720378891
923.643739172
804.377552199
500.628049443
977.514903266
250.372148143
165.654371852
202.178963991
417.68327029
453.061769701
950.401416286
285.752185394
276.496255638
552.344634942
241.996764829
205.960548006
763.628214318
983.026998523
750.480155624
343.267618562
711.948446352
821.238561693
701.891641417
116.579913869
957.799747749
911.550635908
37.4887703945
238.036617774
50.8144254384
904.065847206
317.985366289
51.4743172284
643.665023687
128.042831559
952.98313079
161.421176624
573.539293532
699.556844316
407.747576357
66.5824047795
949.295006846
809.666076495
58.4160315236
187.043712305
936.565124935
271.487558743
228.341141945
378.450490875
325.800168363
429.066371421
741.119000491
306.258194386
916.221509626
409.355358072
695.267340259
760.614253442
78.3352366758
548.828936839
485.489588792
314.449762291
149.492058681
722.954358101
106.741027079
1000.47260735
812.23316035
170.189578976
225.234877162
267.850776035
893.566423482
897.47722791
158.359399759
201.268175035
360.495735945
383.870739062
397.306754487
601.058064678
374.409348431
238.537498473
951.2337484
816.425393602
21.3563338815
479.617887322
699.817912604
587.503478089
6.35679598336
760.642587723
84.5420970863
688.975688452
456.854614506
902.509359565
524.413434365
131.70985871
294.095526222
8.92061232727
438.488529791
457.670533663
662.526211331
740.04666087
912.981243083
440.750276537
526.537425522
86.8366972467
429.419513385
529.412075631
613.716874456
618.492942946
835.875876435
188.360008792
55.6144070072
100.406494081
771.047952276
109.761386753
811.418467881
871.191548658
502.455061387
667.735969444
377.595011121
208.713798246
495.594400423
135.635745077
256.795756056
102.040748995
465.725896784
105.33224466
550.548866638
823.027905665
333.825442303
230.891082072
616.762554219
443.046755483
975.336863584
474.152010319
352.236722011
308.451975709
141.966751445
698.327533497
208.833242664
301.368814601
141.041133369
980.435435881
310.762735091
226.306814622
816.511366263
512.790426893
934.724750701
50.7970207729
157.361465459
459.779167479
999.51588403
247.40414919
114.304998688
733.113922298
918.218007711
602.443444438
290.139973064
1000.23147796
548.356942448
573.9142475
399.218666261
232.762409754
146.501092373
625.179894827
360.875006058
431.845010503
522.196317971
227.443623259
911.649169001
729.734488748
987.613015886
74.9098400573
240.259165041
238.522981093
51.6727088493
271.797340046
495.837382583
516.307717626
600.125744785
585.029452951
223.74246374
425.361916496
649.645726661
190.493042969
52.0732134569
368.325834043
226.078300069
741.153186761
446.989010458
201.956318157
687.625539652
317.02926407
494.886018426
157.218887742
75.9548913119
367.135612579
732.398450443
377.107622405
556.863144947
588.993413399
877.554038813
209.382460037
160.293592887
774.963232058
586.929816452
17.8408536554
812.923399134
496.41047177
666.122241275
736.174482754
901.08418552
9.84188105165
468.419132562
510.462975291
338.017448942
487.416373471
175.204568185
688.622756005
784.753872707
396.401963874
869.350159247
281.915149801
898.40363547
667.030848735
894.869106435
686.117869884
932.258548968
5.68635393237
572.630627454
150.845767166
18.481660042
534.442572909
285.229201655
137.608739304
22.3899290205
615.736620463
899.359853688
845.20098826
626.790560358
718.923943403
554.135832333
269.746558537
37.7693693204
375.621138232
757.447905002
114.802062995
909.324668921
93.1801038759
443.509294053
463.54975925
590.084380189
865.654659146
814.222025317
563.35721226
161.989090378
440.672598066
90.2837122919
611.200893297
783.902727696
364.127671747
391.082346583
21.6176869723
430.971370582
941.333489544
991.754315514
599.224336358
796.575301141
303.006871335
370.301089345
610.771777381
645.115609007
646.403787234
995.16394169
153.856677623
489.791836885
265.759142758
165.562429394
430.227406848
849.30903824
561.463475577
817.140636336
847.763675928
610.930933427
600.736854061
349.000056419
942.435163123
347.371136011
13.6464000249
54.9982440205
822.714149843
471.750438145
991.19822842
470.801607673
1.41200516902
612.347184315
577.960925751
356.650087737
574.736358142
608.872899535
466.780043356
735.215427528
303.479789512
96.198102315
663.550550658
155.080127694
136.791117589
39.2469994178
488.061172989
540.972429616
171.432992548
315.135560706
570.274689381
349.945271899
746.912003181
862.695797157
359.732923027
807.962752873
588.672959518
670.227888514
286.380275998
505.776839576
864.611185797
211.171079824
881.102984472
23.6735670295
56.7217285279
86.4393712024
149.579183256
143.596360027
697.047127731
241.653939879
729.573790823
757.093529414
619.862116069
308.57898462
933.90061623
935.199819034
71.859830159
556.678582569
427.624335845
185.204015089
829.613508827
864.35468369
719.514878202
994.070172712
569.262386043
28.6670306984
304.960657306
685.978512738
839.227688635
652.830787989
451.618426412
178.942808083
78.2875801522
306.831124007
395.945765782
964.723347225
649.050499784
704.055302274
583.040264737
63.0855221296
183.913414471
958.916859261
867.451766922
840.84449629
879.115243661
616.638945966
559.298066633
161.348944175
28.070977936
238.553726461
177.303085326
257.036797235
432.205231461
864.575663032
202.169528909
310.335075417
639.140190459
359.578621985
51.4785477103
193.801543477
136.295242976
41.0437215928
139.301348816
281.279927103
129.228380666
977.52998241
911.793959797
534.072541106
151.046466127
125.397187855
368.493304493
861.671915277
232.545919772
986.845193237
232.615222727
956.387530742
968.173622963
260.270774457
536.929357346
407.795047363
533.214173965
902.165759914
626.558497274
962.806978555
319.176064006
745.824711046
847.39048874
924.27313229
423.007650512
565.648953297
890.053669046
476.338576846
467.971413594
136.549875298
831.989489506
801.537194351
821.9013686
418.092885499
999.597663277
346.957270946
967.37724424
538.330956026
891.769991803
356.281317124
37.8327421773
780.449976244
14.0769523563
643.138770081
10.7825667818
505.541444462
994.263854343
443.564570625
904.396688453
807.543336998
911.952512833
118.566927085
226.834285813
875.917933844
309.337866605
872.947102512
883.268488985
914.410089382
958.563548978
799.801046215
456.589122338
159.094806294
413.178291138
183.394228152
238.947453409
741.37149336
439.452398104
210.711077575
925.64857745
354.790750749
605.50161558
226.711515611
366.413864409
29.6591091971
121.469508197
928.79525352
497.052137169
300.071106998
954.456155637
841.090326254
641.332813684
112.872543868
7.61507308978
241.96977063
936.813915817
23.2746248657
354.427080724
166.720464263
279.495831006
205.110811303
743.634148514
422.737819378
790.020905854
945.044215053
880.436722009
986.762493552
584.668386304
31.7714818083
219.456742906
463.939608084
874.999271743
348.781347797
259.320862252
125.98626898
473.307951479
7.9741588418
935.458482479
