979.215116262
634.971134984
831.510096519
644.137273672
19.0300156112
507.096596815
171.326079207
128.997775914
363.101159922
958.834900361
514.993020776
936.184322025
420.256554099
713.200571055
813.402472798
990.520691215
102.356649626
548.584967757
549.333574888
46.2407979219
254.764343161
456.094648229
481.87447265
980.698493035
939.320450755
624.03893465
287.007964675
48.7353329681
340.336789124
767.51478065
793.928946907
846.522855934
155.970766392
585.19178792
10.8735478132
863.220922719
528.951125484
122.673331203
742.055155821
8.69016082334
512.47156904
962.431351023
666.148307235
356.63527305
500.184219347
977.978076944
533.993838178
990.350063441
704.08494284
944.518998851
621.260822769
980.32330614
525.755062994
686.088781423
29.3170861514
787.902918995
325.185277863
590.386233484
505.080468556
872.593879179
987.232183111
363.760504733
335.760397734
309.726742166
562.839873014
547.889946157
266.095949293
522.238025948
872.325755816
861.223904545
18.5812916634
554.664494892
54.8761964504
43.9605786087
20.7912211617
824.632798938
781.453320169
130.934677049
913.22587743
843.892947793
427.728066724
728.207406466
96.9320376235
385.560658647
83.528100728
480.733061436
378.140157257
8.79109419897
832.455285421
946.952898963
279.053015997
509.242862664
789.684341456
495.550623999
619.18723807
3.31687598474
111.742688819
902.316731793
747.498470831
23.1060261311
235.154373975
201.209335075
933.60998341
17.7651136098
688.075932302
684.308114805
771.99905688
106.751421894
34.5556156152
418.664876163
218.586358487
910.584968727
183.606399146
488.674790082
218.602211346
622.259483797
949.784859219
470.035374192
493.415470074
260.924508737
793.932947286
338.575243306
990.626198067
601.149452682
371.16790488
640.180417664
871.357610802
910.406141242
26.526775079
64.7919368639
852.063043268
328.250295661
855.630138726
346.933757302
960.807141031
906.389862945
401.431573577
240.582699652
392.224725808
41.3335247255
109.733627968
360.71647061
240.850061568
240.349155975
390.131300471
652.040512389
148.677145027
878.640856539
821.968893346
536.061040197
221.379043037
245.187972769
345.391091977
680.337985469
822.902400058
649.82064259
570.601737332
965.340482124
268.650522645
680.944658583
299.428665689
115.378600923
70.7976278355
175.065267414
123.333556893
264.500110614
432.469134368
394.784765488
994.908647773
61.9582423459
339.331303193
415.381014188
991.877935377
231.431770658
622.558372994
511.302874346
18.0113135589
565.667180647
524.848652406
602.684790846
509.19923585
876.48544778
739.541052418
359.0700612
181.04896001
181.422528872
935.460116421
26.6054725548
545.116929895
404.043616072
51.1432026445
681.021211572
408.368487466
274.69687623
235.201440704
205.523447064
302.228146852
524.569958877
939.266467596
24.5485282712
302.248668271
612.526048511
707.670318574
544.769966842
795.235988075
940.484611812
468.537791387
776.156199063
131.071631012
757.44975134
531.996622852
231.711297663
803.390010868
389.130262238
860.90011456
666.201695595
535.031195168
752.023973532
600.740814962
790.774899891
187.196846407
850.713806931
859.458942546
203.024292643
327.019301394
795.283550226
798.645203833
543.268697955
505.472110069
208.70358536
67.5684166551
37.3433927342
692.522569629
720.521245051
560.665280248
177.810947457
944.400160662
962.451528878
540.416599058
789.058672526
18.3451638787
302.201993343
880.022267687
234.588539183
256.119003177
667.61309091
791.233431531
258.721200982
416.872122165
24.3855638085
529.353792069
38.1407243397
209.897188415
255.725597681
159.784959067
265.342170828
334.209666067
139.742536157
805.560142948
903.817073489
867.236877382
764.792040599
762.378759424
61.6301563837
712.842073731
541.946554183
380.019353692
239.333790528
32.1170401977
901.597601475
781.374614327
725.342111262
908.946703407
889.419888936
422.529755552
256.044592462
962.737921124
682.565862788
317.766325789
696.335849893
550.303621002
638.798482146
81.0310109259
676.517510801
91.9212985733
498.673646324
266.449038131
543.038871832
869.415158357
974.592233791
831.103947524
879.837009026
635.750326506
918.084262488
292.130959907
190.703528953
781.879113981
647.139896275
819.393673758
594.139283624
41.4921123588
101.377473816
288.276776806
962.619177951
267.401120781
267.322620373
384.07898319
815.536170419
921.744008212
309.976774313
836.953364932
512.474956788
17.8838397793
408.452168696
986.114820534
297.713254126
142.958981143
258.093071441
351.641882614
20.5005397078
76.9052078144
652.100979484
226.320364592
972.304917185
453.931508859
959.838349879
461.431667218
379.973549836
172.156647182
373.424837789
344.074536667
338.332646478
212.934125179
905.135477784
942.72747948
516.2093837
898.980783483
803.833507016
815.727074671
955.573433609
228.132960723
720.682519884
779.177977105
461.717187681
865.291799612
798.894872067
390.09306588
854.052205268
149.989574656
656.412137849
433.29467911
563.334398633
956.956172407
851.45389298
674.953748061
848.188946485
828.325119139
718.952511797
143.244071829
998.788675976
425.288505003
559.357134354
613.861162638
675.518462323
453.645401417
899.505347031
615.552529811
533.850645074
15.3908180894
250.871652098
197.511393304
521.942360453
427.852460367
721.297701986
160.365857272
238.257182434
680.101616665
133.720045251
760.461671263
141.389702429
481.611942344
505.060482519
18.0871923494
117.801296246
38.8030079311
69.148125621
866.701410103
466.1423929
591.405227696
411.028888707
0.425589979153
416.209655943
648.624304373
38.302859372
478.396507321
218.99621749
858.555532064
33.6517651031
842.69118218
180.711298464
151.245224605
300.138470296
812.323774287
116.786582107
879.124357582
227.377579343
237.368993932
680.821907494
101.769186786
335.056148603
503.43549783
506.855908114
991.659530709
967.65797767
349.028972261
613.271185582
240.638724276
279.971832758
272.651250344
420.320389432
607.890508958
717.007966094
256.844089834
825.141803834
627.197946292
878.973257384
824.674581762
560.03993548
818.573141244
48.6099954759
317.236862743
5.62726090528
1000.29359229
447.901886457
625.839599279
732.734870803
593.655369578
126.88132679
448.303419347
978.458009435
259.173968839
15.8278611396
864.847853486
753.996118565
438.681568203
67.9107680322
273.033518906
227.336085505
798.964683721
780.707633749
830.732497535
811.268755991
762.377792509
970.495344313
333.532084227
681.756969523
71.6441040703
748.623506835
435.197522398
22.7989531061
615.54378129
599.953081584
407.776049567
810.497808833
954.908784665
306.841854566
699.768443079
585.438555469
752.465705905
651.078093297
60.9262258322
213.316249175
575.60692715
218.014711478
606.772332586
111.861277944
123.227704953
817.146424843
950.825441769
73.1514274058
874.105270294
256.075342531
69.4561294978
94.3118364789
637.596151603
870.677424304
928.271739476
877.989556946
530.009579426
354.16125477
894.134376339
64.6979075343
636.851642017
660.804254627
274.026623694
424.470458417
418.388585144
854.978273687
266.171802971
414.102492745
566.030404339
916.09910249
463.607018968
315.998241858
358.981617725
985.784062508
557.556543919
65.1784197433
85.4335185764
498.044284712
847.849509218
85.1726645133
660.337489692
138.747342874
212.958313727
74.748162221
209.09910492
333.218889295
757.175109057
907.371696081
47.6142383832
30.4728880718
89.0696419663
272.472333211
103.055334705
699.161892031
571.927535938
891.683009232
174.815587442
341.372875065
57.268907622
864.315056795
20.5897402334
542.490025621
45.0702204304
703.840426757
510.306407916
441.349312013
679.721059407
780.599266079
331.33357835
149.41364021
557.131598203
833.348956241
609.777641485
339.37221267
464.554623677
888.855691193
402.175473783
11.250977532
427.257936426
562.993380896
71.0574870294
43.4180264107
588.486150664
102.329645985
853.330084727
858.7070383
593.12345011
815.291892464
573.04527292
852.73759018
701.954168914
835.355642204
133.708941221
250.737987363
534.315247374
665.383774107
204.694363891
424.808123165
268.011995957
472.988580018
406.164603403
82.1273356108
708.095271253
573.409161484
947.484641412
883.583588345
870.879830955
248.154037717
277.475866776
584.627194207
421.945010491
436.068250372
53.1385504664
123.761933609
22.1066714322
904.671118521
649.400442369
590.920045412
174.747400495
805.49838345
612.135335207
513.140748802
875.493990555
959.734769015
263.277432036
32.5467700237
552.208509973
614.618655255
380.533307064
934.521213703
400.834687295
553.166939421
288.508025565
355.883402204
161.730620562
600.146132
278.2523774
855.842690386
830.243553913
117.966481555
385.128459512
297.956756735
144.356681114
534.588718952
965.880901605
841.592791206
818.10720543
575.391417972
442.594231661
651.754084364
933.506118434
773.144375772
727.456681716
723.15605417
127.966567791
502.627936227
187.214463695
802.650787322
681.43654998
709.627481802
177.848141035
687.048916489
29.3178023865
657.301323272
364.121405649
900.043354244
439.328281547
33.1183053842
61.1799774769
35.4019231243
855.765653594
470.895755847
69.6126227446
763.645696005
602.722269378
846.778339131
717.334023439
814.431189338
229.525844217
205.846014853
964.849680686
334.004421791
394.577303336
159.278738885
790.376560911
536.668824493
659.989802046
384.877114054
296.668675371
719.349749976
937.073233639
596.533252989
342.25484474
293.008344248
103.605002264
824.391950396
499.216222073
130.956669609
179.772262147
771.887929736
583.274086618
614.014707086
418.266055774
252.936161147
765.7410849
855.033492554
833.099600813
797.390853902
810.328585668
35.6302896842
411.853947661
72.0152691984
814.800115912
984.590422779
914.2312185
167.656153467
549.894066725
96.7963363829
881.112163729
487.05738288
524.026021725
844.761778331
232.803615963
305.631553868
648.225123254
444.357788327
846.465184521
779.431681446
224.360944911
47.7636355633
166.446649326
487.676672594
576.977729737
989.128640721
478.984924153
394.917945501
427.948350217
431.660634573
83.1449492391
975.028284881
362.154668941
258.367231239
959.476281004
479.833466935
1000.53878594
493.534238427
556.219433471
947.502299288
728.342550417
280.560599312
90.807390763
875.803686177
691.176198512
888.71543085
236.241046783
923.395292882
632.078243299
513.96999018
75.1753808972
376.707274503
554.826056952
17.3679205387
359.335169516
230.948146649
628.529892065
30.5639536136
101.956939328
390.197813342
411.047559236
76.7464910095
439.667067042
200.732298144
569.837692507
39.7871594186
255.88651104
504.876275682
561.806868293
399.973117901
551.845891148
237.861309685
564.66741972
434.432328124
298.580482623
456.632809892
398.059034147
440.952062221
248.274312293
352.007874975
405.452689077
645.334994508
251.735085328
682.602645753
603.193697186
261.415087896
287.012950359
723.240889119
438.038939359
138.31776487
167.930260842
746.164649113
887.178371032
360.353702601
717.684255426
691.996798403
334.101923314
520.825992876
107.216595523
310.312439008
719.414166095
870.40369497
933.925487146
411.317545007
85.6311995007
389.894987377
371.098892788
853.263815545
781.6696006
440.210600477
995.796356741
443.988229326
607.270220423
428.384959078
830.104368024
769.493630028
737.877206966
624.970051937
720.88884096
112.929020515
537.501232428
401.130718543
131.637269335
223.891355934
866.501170566
968.583907873
322.167562727
446.298751124
143.458457415
461.958003649
860.4378128
836.436426174
418.858920901
625.589804234
890.761811984
546.708198543
542.601054051
288.903852181
118.612875366
652.959404017
498.12123206
134.547268409
951.524826235
887.404155639
552.663165614
92.6250559222
318.529413905
926.74461944
564.895671417
444.277845898
15.7521010835
444.456003434
746.55090797
462.075136014
645.468974328
531.512353924
809.36837371
25.8076430186
633.590889288
765.20091598
173.942852728
875.256608655
467.404403237
795.255547334
443.589179036
781.969575133
197.781261705
851.597365309
659.247589184
291.229465803
151.38971392
59.7772768094
430.842655554
321.445099413
778.823363881
36.6525669424
996.09890239
358.775480232
878.856822248
422.905175427
543.74447048
289.423893342
694.199528388
692.644191062
775.262865695
736.99682722
719.22905177
618.535028164
682.194062729
726.084970844
606.713715937
76.0258875103
388.721481922
486.828833772
521.891538931
625.73115407
329.022554756
149.351792183
313.806132888
414.318218286
443.076559152
887.649320364
691.902603567
743.055982725
705.408772979
868.138464365
108.001619223
820.065787766
546.617292908
733.065845042
165.008579617
971.968340183
670.035623217
36.5027164826
906.744934118
514.411609547
849.315013628
78.1203302141
252.296922977
884.988676145
260.6649714
536.652128437
976.713417766
736.221051701
177.733386738
501.11009932
848.991358033
165.99200658
333.79134382
927.024888656
52.1603774943
667.58499036
228.504128611
145.916487147
359.979704046
645.392403831
159.789747245
892.932525585
828.641758855
312.211690707
806.788903259
683.527253597
930.201162779
646.64999465
240.46876909
160.783073865
997.412405785
675.637881088
645.826252103
101.784855109
661.757704358
617.492860997
617.297031173
378.881361456
429.753964091
707.97253246
63.691151095
244.596686626
387.733747546
99.7586539165
79.5956756889
255.798600368
587.127548688
779.359887586
96.4010989849
988.993716464
179.734805144
134.079843166
596.361227307
130.14083839
478.179216409
680.007406831
152.110831804
383.618038606
66.2736289361
94.4531516228
539.953772206
762.993904585
642.04286346
473.398048842
409.254477583
949.621010589
193.055266869
740.788417665
815.327264486
528.051704441
42.2567872125
210.339562151
264.561575185
638.459000951
743.592520609
739.755370183
78.7699609428
985.771118344
277.954240303
478.443750812
278.758116448
454.310144993
112.335745017
363.497054508
153.918055536
986.932859476
169.331100906
907.345577304
180.284970794
329.152640569
225.797447488
910.903816157
182.941610428
725.107000041
115.596033916
818.131809299
928.409106269
563.14312357
667.999857812
30.2279055512
302.038052486
158.081518204
5.78570585741
991.914065397
