36.2107881186
750.940994224
986.995238731
91.730382737
613.854845319
300.990383348
639.324919052
176.390937334
15.7724168179
501.541188623
187.446107069
179.307529878
746.023198633
455.385982385
533.410324463
175.160767144
779.058788238
230.75718954
265.829840799
587.503214623
310.666221539
747.624110063
134.062959049
261.954421477
861.443784133
718.131730424
352.889589826
223.669872473
753.50085381
816.124841851
348.023668293
508.621738223
806.486523747
207.312548319
451.968088521
708.370176942
848.704993719
909.023694598
557.086143982
635.294170062
661.270062613
809.449698357
701.190645887
686.251921172
131.255572901
676.0684833
178.44134437
807.815531159
827.780849712
49.8485751209
688.170517366
932.049512887
160.521580331
982.375333579
190.990592492
381.308289528
15.4163865935
934.163424071
476.833172217
902.36006513
781.717909286
101.713616479
217.142992073
933.097124876
936.021093649
911.637820227
235.39728765
898.581925754
354.606851797
903.209742794
681.376077959
263.930389229
833.698892182
354.282427012
806.246285792
561.248974212
471.602331143
415.131912939
703.036180441
858.416823314
234.413810567
201.948903684
766.452536208
37.5655235968
828.813183022
416.066272811
816.590856125
588.939730812
970.133367684
995.991748361
311.308278822
843.218006582
334.682766998
684.370392976
265.773661906
891.9629785
73.3649042293
860.171915301
561.550565615
236.277283279
892.150694683
665.37722541
917.338014783
355.083101993
94.3165295778
754.788751175
877.180941093
401.682271463
999.010707744
699.325432298
560.557624654
368.040302482
210.737034991
421.873446226
853.888122198
136.74610076
604.761966562
768.059879304
58.8550238124
848.643585558
754.942009841
439.798997024
54.7035474341
60.328884002
825.34486652
467.356316618
806.370407235
409.831755277
180.671128231
737.166428216
233.900091449
308.431086901
966.112684561
526.603723345
401.386008074
387.888622344
387.011141419
574.900460578
151.184916981
625.327841418
340.49634566
358.152509939
862.719723596
126.757443143
453.142732032
246.531550014
827.708202724
554.722399177
260.622704162
805.977556316
290.334095959
807.432406707
42.6329841377
453.953022563
104.376753798
234.5769941
757.38236026
637.282451367
430.205891936
615.868514963
933.179446595
405.484088032
742.378339066
514.416667589
402.19021532
258.490097721
157.544516828
438.940249523
633.97419073
459.530240358
443.028133749
302.093126351
295.180538136
459.509903587
618.16146812
119.465254756
810.502241693
83.209311702
302.304533382
729.231685166
831.795484105
431.648772601
120.727826549
174.157434198
612.153973854
381.170020419
883.489042978
513.555191985
417.017888054
354.062483967
394.327255572
991.281339891
453.643162065
932.775641421
423.095192726
555.593845107
685.03894591
199.044263391
54.5143596663
647.688294451
648.751477181
407.859541186
282.101881236
269.388506359
44.7668808228
579.002533342
975.230333001
969.552323903
207.798191869
799.418402884
114.242130689
825.259547207
443.794219569
572.52161229
953.240311289
587.870199398
239.858626949
288.229760563
94.645799017
962.66251012
311.049005402
829.879321193
620.452614277
61.8524156193
748.610314435
535.471558198
106.80597533
519.472065411
225.119547139
667.43574795
853.85690893
299.711375456
647.562509164
362.410934421
517.572168684
190.100848839
664.239872746
791.007541824
347.602623254
576.750057816
701.152333024
456.852661354
669.582054277
724.44313492
413.068532135
57.6837593715
688.030436959
821.54954095
462.170451664
386.385703317
378.696405984
764.45236946
174.286017377
153.747801545
547.667692621
254.685369956
176.558420025
229.094774325
455.091814813
667.623296145
978.491959807
521.77757116
641.118801712
184.116559436
23.3837482467
323.621301764
747.6601424
829.654154822
499.682828494
787.088887439
220.450316002
850.968688678
201.431503295
210.472653397
527.313152041
583.021286756
17.7456040703
410.994426561
564.831243819
618.216923461
265.676873392
242.327333436
171.959888907
84.690369777
333.039794643
547.275756041
706.443950265
347.810033152
514.363479734
997.878436416
38.2858023102
18.0497024946
80.8067071333
410.092532844
400.383198404
408.536298716
749.713710203
86.0415862638
422.741073619
656.10270327
715.816151811
905.278437599
21.4576852741
223.217638662
574.2712315
490.284347762
910.742550257
913.041559612
538.258513618
149.613227271
523.085704197
282.437643618
95.4965845955
675.912989118
476.776868666
230.166142977
621.931326565
785.766805885
198.905279383
225.034654129
332.080429735
19.6218075911
165.359471237
662.491457472
327.622646197
588.521961313
101.943228264
24.6149986098
291.089898743
935.658228836
627.885101754
116.616910793
59.935238148
478.491339735
245.066578411
454.015758606
613.091678893
16.5096488982
780.591523176
755.919247306
837.482210278
122.065511094
850.137826831
306.853194505
294.967431811
741.600063278
5.62780659825
435.65457668
36.2931855585
186.220986499
1000.35698645
582.248726577
149.444515732
468.633748171
216.464204301
405.602982006
258.791842179
165.699543244
629.172844075
830.708699002
10.4865181321
998.078821199
460.716530356
329.455501038
646.175266502
393.287922051
555.540430932
908.088428309
58.8374951222
386.452030165
825.480986462
675.961770425
53.4554390368
664.432340652
252.099105262
740.575283273
672.675269466
892.752409056
809.268286987
655.748152987
479.842995887
75.7301710826
566.479067669
965.059567812
332.146274937
937.124658014
632.863055692
218.770774559
114.925121129
138.173097731
790.138797631
521.012188559
6.01384041517
223.445988803
305.027989807
678.097980915
278.425017784
528.681468504
388.216131436
476.759529205
255.301515084
345.432146255
524.162806026
721.76003564
295.588752612
672.438812626
842.432697021
632.45451476
662.197734165
416.537428138
174.451104993
586.347763124
468.484232846
435.292268936
341.723211067
520.375404593
12.8626172079
76.8713368742
558.90294406
944.471243393
724.231447404
673.561786648
241.982910749
71.1072387468
798.150546553
3.16832071469
670.361731291
52.5999132765
352.4297995
712.881601279
246.046892591
435.7212487
175.315206444
582.227222027
76.9174739002
923.230426906
838.381127735
368.266081096
798.310170139
929.864345781
605.491445437
148.991591785
75.6383765306
186.769822029
742.309174212
957.394283568
603.524690673
301.022506833
775.91315743
262.366378585
36.2235118604
141.329118691
457.456612955
157.057870733
863.540870435
266.549705165
577.419132114
95.4629426608
211.039245062
963.746880203
896.936198678
410.284588122
301.558127953
161.58117612
96.5734927177
129.949285233
981.774731453
589.225972847
405.190455646
821.707490934
367.658099325
269.832214379
54.1685197923
144.013002136
347.326639919
850.84019417
366.284243506
8.42485043141
106.761402413
607.836605845
330.895567139
63.5647096297
251.286685078
623.488507174
435.306962843
407.297680366
992.039576091
888.550471097
622.757408331
659.516199059
584.314738983
652.263268091
921.597989824
476.990857666
245.732561055
79.1867543974
673.418208849
618.442030719
617.859144387
975.042457847
12.9977772556
521.334134949
250.897083505
882.13883833
759.538408128
347.771402079
954.853111245
240.087165614
366.823426746
967.217979269
982.951398853
870.063574968
79.7601773698
977.265599332
700.200722952
88.3779548369
218.761829559
715.670698305
803.383511969
389.09036482
437.788742335
390.124573645
145.842199667
97.4663468761
265.56928349
41.6062173675
378.763131652
922.069606993
484.156594059
430.640233163
750.716583018
64.3659410403
892.210861347
797.600681903
833.154783442
457.503506092
684.805059781
888.43092815
114.080842109
470.797570082
566.189617443
215.638284016
505.423784496
890.079314145
743.222941974
811.691294102
993.961624301
244.119427367
644.613802537
126.72727837
439.979878114
165.668795964
963.377078642
416.481270393
396.707861147
857.206212073
719.873129708
717.264436004
243.316557423
984.148826345
494.209316171
609.737779325
74.7697210931
208.952590819
18.4175306689
718.279023494
317.570990306
978.114835646
954.791744479
665.019058224
6.45581129091
378.986869246
903.605981224
405.389035709
844.892342427
634.622662562
184.254227
702.389166379
794.34378967
230.662848152
440.630327385
734.577460674
428.632811405
719.066559141
739.366639302
887.656831661
287.068256137
91.0036449444
990.328706626
724.71835187
927.557174005
508.972891292
3.93736800744
82.9821020006
829.764233439
722.082590534
487.454176226
54.7744638783
777.253046733
555.427317253
583.07905196
782.933432543
657.945490122
841.560458907
949.475420232
439.65274876
164.90959003
119.577808054
2.67138954794
166.253684202
543.02205641
211.153408466
768.817719084
947.530087521
946.033281272
521.525726041
643.620673324
736.645406962
579.15396273
658.510841928
720.531531338
882.601547185
845.643883315
787.46831799
453.448771906
511.158642833
317.640947198
507.533887763
299.10439352
421.325182479
478.608340266
866.840500296
556.027143123
871.309385071
492.450630684
979.686179854
880.854779549
714.187397995
726.098551787
100.131228115
728.446306729
497.354888935
339.022384562
199.078672669
708.058406403
238.975389179
515.752734858
86.6036982547
6.09529657239
585.381657509
971.241093211
198.450102623
512.426247351
88.163320963
336.870417146
357.344322489
159.223883901
722.398530762
257.211113426
371.876986725
583.384472354
556.617552906
117.447401766
268.591626573
588.362375928
668.466197116
154.550764977
292.310208175
575.0263181
950.68402139
821.474560071
445.810498337
586.923280457
839.697912103
584.42060075
501.920098082
95.1364777314
918.363238933
132.334184765
249.825270319
983.176696203
11.6869505845
569.666744022
149.292858578
734.857321704
728.689560131
549.285362718
639.204831051
906.333382486
279.398250928
466.140126047
556.086626733
387.348138299
39.6050612044
949.065235739
231.530280347
661.168287051
388.061070088
68.6156586087
490.273140408
256.709664554
407.839978149
360.140453206
228.091874121
267.242346961
639.652044578
981.852138521
193.310258732
672.25164706
592.500713326
836.453286442
719.600703274
77.8616589142
27.5900649461
537.194305665
895.8868068
738.303282501
811.187699295
165.646341823
455.088590728
7.84175613132
489.253592267
421.429575042
460.349775666
279.629083398
981.257815877
783.334066443
213.963847335
501.963085437
95.9506160303
184.701032459
461.530724198
813.647499265
582.520656746
54.857515439
813.043902015
35.6713601367
507.261846556
638.000527931
434.886089416
856.889395432
759.465489942
444.245310683
722.623016735
953.867851162
267.468919313
903.474087882
722.356131242
770.775533108
611.727635694
364.440062659
888.00583928
109.248724557
48.3298391309
250.813003332
982.518292638
649.885884019
254.64538995
891.2695053
956.497558218
392.716775804
938.595350816
75.294814987
399.292800036
632.361901157
987.396778703
51.2693185549
942.155031251
396.781866598
370.765460439
993.577198691
739.370817949
347.012421848
334.364724979
678.469674657
198.705684423
541.636058864
382.233900618
286.587075133
521.258134004
580.689075416
622.058360566
437.942436469
658.450133902
892.847186582
392.386189676
896.005529374
394.01080485
359.889629826
529.008882614
508.861601844
813.840955557
730.144018951
693.300418231
186.412338849
422.224101626
514.642180512
233.042634188
833.489799692
299.851120831
577.429594122
929.568988121
630.350098656
929.984874596
652.88278779
634.37389794
76.6381255907
404.208751193
776.15282619
234.75605807
702.892594777
594.45790383
438.458049978
831.135112775
835.280792796
185.60912036
723.939992297
104.234774789
509.392538807
453.07785239
829.57862615
996.673796445
655.016010247
864.547286
435.436163976
295.695320898
304.173490767
44.1868276878
687.017603326
112.833922142
520.630180975
858.765344092
583.559678866
396.673599284
103.475337604
226.424811324
245.888387882
769.627307226
646.80561857
114.344950965
902.554057189
463.164228406
774.64335563
999.684419887
477.665690838
20.0119871931
183.426279279
211.668819389
509.093314595
609.13945156
760.939867369
628.752972865
153.015190054
339.016646704
990.587308631
416.608036198
985.936917569
106.193655149
830.748690164
711.575051494
193.247781259
363.03239044
747.543962932
217.950408353
339.638646274
300.150527446
864.266362514
910.415646427
48.2005947009
664.179433849
730.513872717
828.098454327
851.937411827
995.37253078
638.940188105
785.633608488
333.415747285
74.0687451869
695.745401092
481.620087351
248.470057088
659.841097688
35.5082565541
957.802718164
120.984375053
790.058553299
647.058550635
461.301903863
246.298864596
588.685738654
548.014399071
559.456767714
83.8108741538
532.774568425
398.135707118
164.31083231
514.035677584
884.651061416
443.967884347
23.8297833405
837.967752269
721.614118634
225.406307216
56.5060782173
694.868485825
847.893457668
5.74873106537
718.622862444
979.033202672
780.80382506
137.365061885
537.747608251
994.239117693
468.937641083
993.227469137
587.128739174
325.561171982
297.456827212
981.515413264
283.511511888
48.4137982317
423.620434687
911.677470171
760.795953087
363.41962144
34.6864198695
257.809580105
451.727792438
102.973106519
935.720428384
812.540874364
289.415536876
991.511992674
807.699860811
610.54808026
128.844662689
581.541464355
273.059002335
84.7336791651
88.0464258386
601.164914971
595.733180071
546.797962929
820.724368624
59.5364046815
371.525436158
960.194606033
231.921565226
517.319660177
938.702356383
766.284600306
54.1163309563
685.979236937
971.368249708
345.691839157
241.186348314
285.716170682
844.565346837
148.57175087
766.289471004
100.922814823
756.54367058
640.252942198
790.18169354
414.72002831
349.366531866
669.570469774
61.1434299128
581.154267367
172.228540344
33.6848309962
405.598688594
109.655981569
851.468692766
320.738120365
678.729961865
724.907643939
193.985826754
241.881663
425.009185273
21.7575566547
868.133801751
244.460341605
759.322387531
509.795010711
763.926514793
676.129021957
841.44449108
553.465201686
467.28497679
134.521317753
686.241010727
782.957913105
712.158842227
55.2040291301
795.397821667
308.945861085
27.0113800872
671.115185622
979.623381226
