358.600870139
770.221019658
72.601222108
423.098160781
389.769100504
829.571111726
146.024623243
885.60918509
617.113573307
336.093680141
510.703269333
318.009682623
85.3812305535
412.973779454
46.9638293954
66.2604091704
527.545544398
973.497206627
5.22330776559
895.013004739
739.111586878
140.223446292
362.849949766
756.778424174
589.193731361
925.677685235
57.945134145
874.316141756
857.15349334
885.825590721
797.793960142
371.735393051
989.389476057
863.194199667
832.194963599
477.891905876
730.804184292
378.100532824
731.13484724
404.573136909
795.707219942
134.749795757
359.13549814
113.415751882
438.034826196
466.133385215
897.070265904
801.242201855
774.257677905
261.233967385
860.124510685
672.756521648
388.898489292
320.154483274
163.540758877
780.702942829
671.550171322
983.60860233
322.401013271
967.453797621
932.007873646
412.807932831
863.214160382
744.079083508
175.236377075
772.90306738
902.452208797
752.108951368
678.170664617
836.603577698
772.045749131
118.187730847
486.116793459
392.133146251
665.891568755
613.423303551
190.167959344
503.323769761
592.084516831
206.375532675
629.008549837
633.947679966
269.248608154
704.292341642
449.099748535
835.730886246
997.957319368
653.133814059
621.981379401
485.586611804
831.33738688
270.256708889
895.894254563
183.535123488
351.765772503
580.513124987
696.073814624
788.836929704
763.805263536
121.151488321
263.303492371
458.359005063
3.1649780779
299.380991136
451.890822097
956.418730374
366.771401576
687.056488297
11.4354024997
298.244466335
787.711623099
583.838332966
864.737581929
118.235903341
578.636758359
131.839260324
766.318373584
261.775938777
236.24684224
721.048051825
394.037217357
882.453042
870.730307462
303.450148349
332.461286807
681.60549769
148.795377557
116.608344233
6.09588298733
754.85519829
515.625960635
475.726630153
440.469948493
688.001160441
7.71167252556
345.94520229
406.60971046
774.116471044
460.684183956
268.939209815
648.098143023
380.526767041
414.715210344
388.530767143
900.620910663
870.825017078
995.210896084
905.401541296
226.752135991
75.1538567231
309.480967226
201.969265126
618.147743769
584.258825224
879.09595501
524.839115645
775.502569716
612.509101659
126.117689986
268.958221889
829.798646898
562.513048692
695.564002629
494.438646206
622.631748992
439.742319226
218.76335765
809.325322682
995.731894114
181.561999393
799.372774251
86.3053275169
303.58521864
776.615905724
301.476176748
5.2806134703
207.559090437
321.2837536
131.53750563
790.923570513
506.560743371
4.72719028281
867.276460695
94.3685618803
685.184045825
752.794867084
436.852520224
216.571836568
97.4013225777
63.7944193681
368.964772058
192.650577212
2.53352211605
476.033593579
676.204401094
458.238833879
995.309542544
313.220525315
124.102643881
335.136601811
861.90326705
262.918505047
757.469249548
384.44274108
290.958886339
709.866122034
128.363456999
29.2835811612
560.598252794
152.213358137
288.318122135
862.953138446
534.208996734
167.80789384
237.36567547
839.116364585
496.246572942
224.048115456
678.61683133
106.588628969
360.592349174
951.085208632
254.665468517
123.855825595
870.710126139
701.562124285
372.0985435
81.6371211949
834.20754923
912.62251914
143.512651997
63.3740713972
632.836492786
881.178549161
437.187762738
814.795591488
125.510520978
115.463626651
980.870749959
523.569230017
656.655285592
869.675177778
223.270981569
238.937600379
624.049385155
821.549927164
377.49088839
139.13718517
34.4042236857
646.86340359
600.4659252
549.999442674
281.266851683
602.540630666
263.502552239
309.967085213
232.483348657
545.136279758
581.664694566
540.259053734
635.041629558
706.526925209
164.964716167
769.565157887
186.391473279
741.542974244
272.359048277
813.912526288
501.031385827
502.818461075
399.637600334
170.935762407
739.310420227
500.628145485
311.914036247
158.77673971
457.407903164
869.67343184
588.882551929
751.14571377
357.857814034
543.342799141
731.559866683
534.544686613
313.730311348
187.796952173
93.1070389471
650.573065423
520.31318019
854.963373112
78.8989104813
916.227423526
789.00856645
341.323851965
302.201948584
408.726227235
924.587572266
923.487054966
718.040550123
69.7305712453
183.326275622
573.75926001
282.318835783
894.524258371
601.597507733
995.690036999
233.226893272
421.602045837
115.458421486
185.396768456
566.366979584
153.84133426
205.450147196
798.333842337
380.704585985
120.863773491
255.460421407
5.06944632339
464.01751201
97.1257508714
250.10992307
946.289406787
390.421058635
680.662298726
479.517746335
569.790751433
959.859524541
741.596888216
417.552905223
116.710098898
807.059583288
485.540953718
373.585916245
739.148895227
36.3276672719
411.561972958
460.075079298
89.5978102206
363.24809721
984.533030174
680.587720989
228.844445637
715.462350677
98.7739608618
493.094807696
869.069363176
189.383617636
353.515938089
706.023883987
206.257835316
16.258360748
322.329239654
173.448474855
426.784312854
181.012037677
718.681377288
243.036471983
948.148603317
26.4103402554
202.219424659
923.623737413
481.552708439
87.6454013121
206.237786366
550.884105133
681.323827199
726.732951313
685.922668051
162.681662795
423.21648193
690.577134604
321.770383059
358.139283076
594.935982146
167.069165808
397.218600703
924.610297917
238.034331863
336.503625498
827.191079573
935.712928597
361.360962841
13.2241823839
442.737473219
479.67327735
920.544961263
181.681534518
149.70991866
146.631521436
465.326946988
443.064954687
323.701951694
568.446474444
926.686415753
60.4708945801
856.524001902
73.7043438682
516.287588533
778.099057997
767.770842771
742.377624681
810.618248394
687.082835501
962.53079501
36.9192501391
735.454278958
648.520960495
249.404575463
154.723697662
548.987884537
359.805022461
839.256274564
573.050476668
641.510201579
592.891167118
579.471676504
568.22401739
53.5378367361
65.8292087277
391.440761625
207.551918036
418.265980908
584.455926521
414.534169952
396.496413038
979.505967119
327.128776855
594.652611566
707.7246592
685.986625379
665.960170369
427.142335773
581.429523678
300.906486238
8.12852547797
68.4520537683
885.343371543
802.027364151
387.728856513
103.608774079
105.441913844
839.905257031
80.3782992629
280.83977683
903.867097996
652.928188596
470.360140745
29.9203807439
696.767233997
262.092217214
773.595136937
720.554928331
790.835895662
688.929950315
176.056929902
961.605862253
817.893691515
737.857899302
601.783763263
363.644490922
73.5615688235
505.702845911
701.059457061
672.192470618
683.120579937
225.504116784
750.685545072
809.430256698
695.744945261
265.653154864
922.88487799
860.346644394
823.067661008
635.718175144
158.93267895
182.109792341
865.544895093
865.716815078
337.625551554
645.34485107
758.034745722
637.648885513
563.926213569
717.608591748
28.5936858724
834.611578067
993.770068021
106.069308899
0.705224730462
540.607338124
333.370342525
221.072311124
378.901283795
565.331580677
66.9925758863
642.727278673
245.557296039
65.6956377821
525.655077463
315.548324096
294.763676775
909.823746864
433.458784452
704.359328917
681.775277383
736.796753494
967.057636971
807.13750376
904.69255031
357.681020672
532.311346484
393.792293395
113.39965762
702.100298439
978.07891497
605.561146551
644.096896287
438.802068203
968.306208962
255.624560816
697.056721574
349.546805228
179.454442158
392.647665619
267.590428042
660.342638023
437.129021643
85.8296619934
203.464602379
283.311965782
609.365728802
994.844093276
217.440583765
318.718445539
626.648072059
163.34665735
93.5004371268
777.972689719
419.009507276
183.370507136
475.827330235
573.312894519
969.646262423
174.242607728
40.5459409468
521.447727112
799.917142053
943.412049073
265.227244561
717.060043007
889.862020577
919.960501061
475.133258506
506.944284745
915.672072962
796.836698471
328.990608714
870.226130695
577.794288388
550.86914849
524.690290723
569.614979801
616.887693802
933.2078197
881.619757748
87.9846009497
728.381082447
966.735956624
306.825342413
218.812033062
498.998294766
165.625436555
891.630144762
2.55348437932
626.278637708
541.269147132
761.046752769
319.312748098
850.5810246
590.269674936
602.170760785
390.401684157
11.9054566242
905.54388135
791.734444596
527.887874537
169.082345292
481.647295633
770.41271762
267.883190519
42.1505670792
613.4620488
681.456441703
132.92807605
779.903136087
848.891749109
248.289735988
913.475952366
101.216262827
932.420809314
745.29146873
250.708097588
769.639431347
179.581575346
516.73670206
19.3921070057
202.255277179
886.815758044
809.312492913
151.942031829
479.965239174
678.823983415
704.795114458
748.932696804
466.370443805
787.229888142
955.169138355
725.100224073
469.177248336
938.975946703
154.509467721
296.981962261
16.4433103927
197.455828404
251.861761791
645.620293784
434.796892281
773.149571561
914.156892066
54.3425837485
863.390883923
364.032608636
54.5764427653
666.407797268
79.9478425977
719.607462562
363.466234056
555.908545277
873.809547383
994.047545804
801.831007782
99.0962998959
552.298050295
98.7211390305
665.394243717
105.160169433
508.099860846
850.48701839
396.8311665
590.889439853
44.7060089427
218.523105566
518.173801761
145.170671215
962.96166563
561.995951134
122.286758497
594.80672066
965.646748541
767.108300629
657.501450987
369.755747879
63.8781133436
238.425894031
1.44059280861
858.570066195
922.651510899
323.998133115
94.5160227168
893.790623541
49.9278479626
743.672952466
276.916645022
1000.11281486
684.986098504
565.066735821
304.001796269
48.6953014345
468.981348673
972.434439654
555.155635489
799.750190243
339.524829656
931.174311577
39.6817692043
937.628804863
488.3339725
375.561737069
47.0709847256
670.594669063
172.142649614
956.812320704
638.231277663
310.275996165
847.059461171
652.313116252
367.473476578
274.844228135
923.91727092
553.152931615
971.699086808
402.255423201
472.375899027
114.516725877
318.759944907
53.462639571
2.7607792072
878.072392522
995.704983009
335.914518589
720.624461337
919.894802321
8.52120486346
261.301987227
457.478317074
23.7905970863
742.201021466
66.143054466
577.032697205
752.077908019
480.201275149
821.737739317
460.893143939
387.565994141
276.901880072
875.702347247
679.443966139
487.551389636
85.6081426248
265.060594884
156.257425595
524.110420042
614.51215662
237.612083825
808.587763086
463.784733637
829.01061701
179.44635647
419.218044958
165.404545684
774.257310556
873.828992725
397.137159298
938.99463669
18.7051092157
898.944395784
634.737116999
729.517831421
952.618563628
411.330525685
606.523858911
914.345045765
854.935159091
629.026942807
418.276847358
628.357539184
112.603818883
751.27384884
425.398965695
501.991382579
464.522110214
249.903808596
115.560269347
363.775026184
964.537300485
171.892404699
111.745093992
643.576692552
468.212750724
218.721417294
149.30168887
605.727904583
766.190817702
460.069131168
786.940045093
653.807946391
981.429697105
367.434723941
636.17966797
333.261392671
857.672059422
760.054264629
491.354781167
765.452178987
35.2984857156
68.4031587309
160.641726794
239.946348361
608.085707037
623.476391363
21.5036501968
297.453194341
750.493963471
87.3332043373
729.368983895
272.885849119
928.709455939
686.693495094
394.581219192
196.295520074
300.988310381
398.295132395
965.222531858
209.902361759
579.419714395
790.900673344
918.993875253
510.774685035
623.392958085
77.2032641587
839.32018436
300.04002798
853.17302946
34.6261440576
353.817556159
425.138988717
808.452479416
180.307705051
819.397764899
576.46548225
684.874293
905.021508603
871.831512282
997.953521319
830.102874668
467.576989774
314.146010654
637.527057187
170.438018522
285.802077865
877.775177967
2.68621465732
262.020436262
597.405630231
729.220444176
57.6712125159
82.807056284
873.647054356
872.253385435
286.892645104
946.765225029
822.384041787
799.479362132
561.858277939
766.825360234
798.358285407
79.3418126256
36.9233258087
619.486520165
626.525237811
731.86027017
887.817450581
411.846303859
519.530973739
736.802555732
653.057519352
595.577006592
423.670498162
305.373177697
873.620104446
648.850453615
329.555528112
845.740270604
153.392913804
300.109803606
949.945012203
48.0244343962
53.0751114436
841.898793706
121.316993703
899.747202931
710.146775588
517.736852641
393.91475534
129.495165456
52.9641098028
894.405453536
473.240205028
972.926880209
438.316600617
850.719337069
480.289346494
474.373868946
965.373252067
75.6955363352
917.232766933
18.159861224
814.445999997
190.05288654
992.929264689
519.163913159
305.136190101
846.440589773
930.284602202
159.817418129
442.012857216
724.016040966
314.654592799
155.888599242
713.689624291
106.077285795
891.335091783
800.367893887
773.841215696
621.037006065
294.664464793
222.287965947
712.333394981
644.862784466
112.022455644
132.487296202
609.21008694
156.96874002
480.576433028
473.312869969
475.205600922
943.237710169
656.191633122
328.175788061
39.3786794023
11.0158031514
583.341291637
598.808534896
181.057444051
959.059012098
576.101436762
283.187927491
920.916233634
845.545341913
598.175347256
252.725058646
67.5514301629
828.648847646
789.6051017
676.203086818
763.656235307
253.858977111
16.1363809756
431.584636594
702.599762008
257.886750035
200.510302578
923.397600048
20.7814016267
489.765786773
456.642160154
556.138776399
878.561330774
14.2168705308
539.97792051
505.511875453
251.303231253
586.735623086
607.199924836
744.906970684
999.908174821
365.807827076
461.669728594
315.197712331
973.888380026
725.038887845
177.172063364
428.907762566
156.179616765
140.79764294
613.588009976
601.244037851
770.740504388
100.162317236
348.932857881
203.037357552
371.550443749
56.3015060881
56.437604926
902.412097526
974.313328126
316.523141259
414.690348259
942.244060337
869.405744814
861.46137184
2.45180464264
957.627811191
24.6211097465
40.1000622565
308.63569187
622.267023971
869.495968346
94.6901875509
967.772477529
178.870340394
425.780999089
800.138939951
713.60203442
665.708096172
914.101281651
985.11986875
850.52248957
663.142343627
690.167088394
