385.256434055
926.017468663
119.100965165
227.720558829
128.711523453
450.998979278
262.475556902
119.540083043
736.710111714
736.738427056
465.593662359
993.975694711
366.35528661
967.485564691
294.578563751
905.966223276
830.737598279
260.385883195
337.28557899
649.212708052
35.2111591473
608.252071447
194.23584479
824.37476648
485.760685069
951.463749928
686.567696995
758.591636818
755.703399914
484.133267308
338.145900197
602.116002789
824.499162331
394.879749995
674.593272831
556.101724618
760.293483118
779.390520416
750.029255607
523.349904003
522.987861536
910.380543683
859.856598657
673.551391289
910.482707112
863.889261001
386.046582378
59.1167513605
806.571690426
428.555110371
700.6206007
75.7179802089
314.398409671
329.762221033
55.1002242369
576.870537593
96.9971014628
967.99068553
330.735355638
156.477339522
395.868164026
120.923252605
640.047239978
833.083262479
939.734408237
491.190535734
972.735833709
611.001607407
834.713009543
958.163937699
647.392216475
846.502916379
950.31655136
834.471055086
0.0424424080495
855.48958809
805.135991561
84.9108058844
17.7181330994
159.197823401
441.767545205
952.923682973
655.758895782
829.196386054
453.483711628
766.133129382
220.613593568
183.046762515
547.982836505
712.998569133
108.50929069
895.722996279
338.123713705
336.378001563
589.092584935
516.753431465
39.2781373848
841.339022476
241.687348394
310.504674218
382.090686558
618.087935296
457.04706453
925.458982698
952.149375846
597.843187496
438.678707545
944.479381313
954.003336166
457.359706033
180.92360577
735.093951567
930.218313889
143.603366324
723.357289712
247.426843068
974.831089532
248.984238989
164.71311504
236.923291976
724.27288937
141.412131067
5.16403488843
877.505581566
1.39215055683
639.537930428
675.387402448
825.263099527
837.681875173
120.624747681
60.0918523593
689.676826446
570.385693092
672.117604101
781.511632703
587.076992641
656.285918292
384.83284045
5.64358469913
889.730318904
129.277252572
513.536558559
882.568310868
797.142702798
637.411311722
329.333394741
99.5720127073
963.096120874
786.622288049
332.048318413
762.880711497
449.247320522
715.733382823
674.82697286
636.991061302
892.450231566
272.746544401
735.593134079
890.895515463
496.231260184
982.209680206
693.136645859
800.507882062
46.7284497097
131.063450491
165.48378565
761.92027898
694.558620469
250.15993727
448.663652476
60.1320847991
767.890821791
791.371842861
100.384912432
452.241215767
250.072932947
15.6123904245
558.514424715
7.46002316471
167.396488903
912.149420382
19.7565473804
998.063238346
233.257816294
120.427786846
963.883860018
250.587144327
786.907607649
557.511244965
818.291689794
567.361768432
194.948092323
608.277916606
202.246232126
311.241258402
994.301253818
978.382841391
849.249952321
173.981799341
807.383818559
887.814487536
376.169914817
262.230256435
712.268589593
473.999440593
25.6372416434
617.968192163
701.918537537
676.088704545
420.236830374
361.845606113
773.376360583
446.322569197
915.071859429
455.52808683
253.044723848
517.652379578
908.523344946
440.025210793
322.948863115
479.369443767
797.274783788
382.777885528
241.798414441
147.079419034
261.872593354
971.489640204
230.915805349
877.567265231
96.1352777245
872.396946217
13.9755578141
44.7083627144
615.991424924
709.382127389
351.715772686
277.374185194
486.88784178
426.071001929
277.215264118
168.129037863
439.48623309
417.602244726
456.753214948
505.684412733
788.428801144
801.788885496
541.486137101
144.181050306
705.767512181
570.488603252
472.376345097
107.515344079
881.192544351
453.425391034
772.804975479
783.337009622
147.145413224
388.653128692
753.700780273
510.114213006
934.319843105
394.422644175
65.8417284468
874.90774611
428.815994909
880.956262874
980.900149163
897.903150033
889.029218926
365.479410345
606.238593914
561.914839504
481.68535208
247.861803353
434.248865715
116.296657277
241.654485152
111.436349028
696.118910368
476.014111968
214.22763856
483.634001063
340.370129398
51.854431381
343.011278576
269.549865942
186.162303279
483.199888709
372.624988006
649.423807842
130.342668778
258.139987344
927.643095877
867.306014484
764.635575264
774.279527248
733.895211042
280.497088364
379.569824594
744.737838755
707.166165353
841.131248745
709.660574451
447.652611171
91.1368067929
492.533204011
126.645728733
886.610304725
979.768823841
629.681938145
148.450714166
230.740355468
553.178555909
46.7537747337
89.5346966664
246.161080406
680.986965759
626.035347697
902.914699597
22.8577997006
847.934697199
868.298630386
163.721967657
356.691881693
479.040208645
881.486195167
721.286713003
137.861888752
137.464738668
312.895220535
647.182864606
58.8290371811
897.200337612
686.625177268
698.188557282
548.901152587
915.439279631
72.6417845084
429.486909438
480.277616155
257.57829483
104.389500216
475.518253097
120.954514348
920.739729858
619.894304331
5.12312927043
840.754598801
400.062685318
121.479663127
72.0721596459
894.496558874
810.033262639
777.794217303
760.370326509
947.340612503
530.273456076
756.167425195
402.208765576
377.475183313
70.3627604535
680.620155674
518.883370701
742.993987261
564.513412679
188.798128684
853.974776651
441.053593912
681.997636118
189.032733628
316.915378728
443.292906416
471.457536519
263.097088026
681.513477627
419.246099267
608.579846556
578.770189106
513.792238664
135.086669081
388.996794552
401.569471711
769.735559142
879.155139314
95.6632525605
687.713513632
567.308744219
296.376119809
439.648206181
782.261714219
316.172202777
574.115870179
977.810626167
940.999551497
467.577098102
794.812835443
39.3408069223
616.763838738
49.8769828538
927.221942117
692.470284975
215.192243579
816.805118042
754.116295923
64.2216323685
912.924844092
642.871701696
306.126410004
739.50641202
865.071087807
779.106285092
190.334431893
642.766780759
96.9008082207
309.707729825
223.673351421
600.919932886
541.642367047
205.656736092
20.9008643519
203.455940022
50.4605863638
807.537663202
720.067803099
807.506834353
74.259294815
410.676543066
309.377043174
238.240632297
771.297812081
960.1962386
352.614984762
215.129159238
175.592617291
868.229661191
878.935496897
359.433188499
685.261470356
187.15389958
294.129882371
573.907736616
618.274139656
309.502852554
771.174463963
854.227194091
329.824264454
601.013352575
229.987236135
755.712383206
482.99288039
238.745674911
237.494645067
712.503242664
601.94969011
54.5121850382
427.360317318
905.014469223
108.341898449
812.429019575
897.316991394
813.185561444
839.440302349
92.6280133693
436.632815672
700.017387848
765.898643392
202.200051208
901.043030425
951.933492111
340.905283976
489.239642223
158.952249628
258.699837301
839.431257503
206.186193555
533.635563119
168.989765717
298.243935858
95.6110082982
237.018511918
152.174457699
782.094408509
0.804809532195
836.838073492
993.199666359
497.421007058
148.798281497
409.566450524
589.721304988
469.872725019
66.1227676917
239.939552484
832.411480945
573.423580613
191.841606528
361.060765733
614.337775625
365.9345265
522.438164901
207.680931127
92.8940412127
615.425171065
318.815703228
761.090851244
890.92443855
175.937469227
843.719805614
764.533345543
651.495842893
906.761419763
139.481405089
90.3170379891
603.006151871
879.747228965
267.885652383
226.285164393
322.634797507
159.97795861
209.445655497
824.398738535
473.580060584
329.549215248
529.980525863
937.562247672
841.856518565
112.108421916
204.451345162
227.156525084
923.911342843
603.452857589
306.885040222
503.648322152
322.654316162
259.157340448
930.284148337
100.407085642
453.818861734
481.182623514
219.036606625
615.823379334
523.223420144
576.234583147
767.679239333
722.286552188
176.569259224
740.816200176
918.132024188
546.852200135
313.315884385
437.476825007
508.550372706
781.023017745
841.792956798
632.927153015
426.53601407
704.168375152
914.894023548
557.544058312
886.880946878
955.585495864
629.066649778
548.87558094
862.359254026
315.840159668
522.979046965
107.406511676
881.296076027
786.723535772
730.317783202
660.217764269
266.987869915
785.914326441
676.33003567
703.000852619
813.23922558
84.5446985564
77.3328339406
719.590876464
471.755160446
642.653656949
369.777018026
572.453914842
644.563882583
594.908271427
391.913176852
910.370563241
335.133144309
916.853737476
465.488970898
584.19974071
725.713095202
194.289850952
447.075424384
746.272824834
475.69450378
487.359400576
698.39193498
357.772525054
980.937819623
16.1413764564
179.51052104
306.824249484
941.103813723
899.720485125
405.839450159
992.072490287
484.476482335
765.006453635
594.09255949
734.358140983
803.489628646
361.010007986
131.131221975
181.661649544
166.635091455
574.083186617
315.325271109
535.934904531
796.25253167
648.035470778
624.814110175
197.472785125
44.9020965744
387.194003944
362.583759243
885.386099291
916.833334802
55.5598090156
53.5778172928
974.533229157
199.963546512
193.89981462
724.426836402
417.936847991
580.644881343
341.155979924
227.134159775
511.521093761
14.2377238479
894.176101031
103.758980577
703.67580739
695.681706004
932.201447146
838.331293681
271.072004115
590.45374147
736.660833578
86.2574105756
594.94173318
314.695323136
616.735499678
917.945200643
853.940537098
684.764981671
118.180039922
803.184299697
161.941314107
54.3043426
680.682630113
911.313476713
701.286287214
376.366304082
662.70887949
951.125060595
716.463812639
297.238946673
833.921274636
379.043552198
935.228207111
380.631827016
983.103419618
667.464311523
970.973949596
897.444503788
806.428208219
436.006668136
584.502776243
626.737180198
750.060108316
234.452943414
865.140865469
230.034770969
473.623022264
655.841662544
599.907218432
81.8240010764
282.145709864
219.481681208
203.134778541
618.032835708
917.030580696
914.78276685
5.33582378517
100.713939337
941.187257801
551.125261382
690.837142451
494.216219213
975.374999053
443.484346665
775.341507272
191.879371518
223.478962846
738.77756154
975.490650291
507.791963838
992.577096217
249.065540659
365.434894919
89.5232994398
801.044333832
904.415270984
776.525163929
753.394405331
402.65551533
833.194013253
50.1655418779
289.279725454
110.296557684
933.588673619
870.303698975
1000.54275327
377.819408459
488.334034597
772.768398676
207.778323456
966.368504468
252.761668644
855.874474125
766.724072179
437.442772331
674.664172291
940.669554364
826.350560093
119.646348801
269.108668915
310.524249904
358.546700339
36.3268447484
510.332521983
923.35682099
780.425212384
429.355338589
4.18602268156
521.518515233
533.409213271
407.858856522
744.953624117
670.043757167
112.489864894
540.461906845
882.205925989
384.449885259
985.338613237
968.367106775
560.882254731
793.14418354
113.142379925
422.904986283
491.205308532
976.460726142
277.28898364
579.915441347
362.068884209
457.79346458
206.184596738
56.4676872893
5.13641171259
183.164711511
117.273492152
503.856216921
848.755238367
482.181331876
224.522668229
407.789994913
827.077992084
413.601551977
317.699965693
105.775687509
594.59749244
106.725990847
534.575299161
68.3850224314
383.78597078
587.329227464
321.879850429
55.2522435924
649.588437756
798.956107061
63.3905436974
464.930566132
322.756941562
669.44522017
637.374670718
143.200254203
521.916010272
659.394922174
550.724400443
929.402536421
994.90979619
689.930124443
459.551081013
55.475601846
504.426441792
813.302659481
45.5174948089
913.708311943
34.9620175123
326.282296983
130.94737112
902.261204929
923.693009312
562.564352802
15.840173444
925.849913356
388.21488328
319.642618485
516.315147053
660.392688459
246.987592958
129.383574464
673.318003514
760.194806364
676.758300838
648.920543091
872.557687847
735.206557066
517.284716101
317.548798875
96.7479580156
452.3645874
118.54859918
150.391759787
734.338450909
183.367623623
284.236190979
908.53479896
701.510549929
672.187621743
628.35139554
795.482581333
472.503780362
626.837849421
6.0713677614
615.203862379
417.716547866
461.382484693
996.771317462
947.993477892
924.86426975
900.476632211
807.31343572
552.755723084
772.472733911
265.624713503
999.080154124
199.469832753
49.9197801638
54.681815573
380.847253779
507.697543483
230.003158148
355.507839431
393.551209115
372.455508877
126.787601504
458.246021205
586.949950697
455.271447607
469.623155988
397.696510354
814.173106373
448.565774199
278.524610585
255.979224375
657.279997805
978.207819163
933.851435397
550.681203299
718.124381016
116.144635843
703.941754715
832.476939852
561.421789958
949.623645006
839.752373683
577.234697885
555.241454744
347.143098575
712.91183073
854.173328381
685.305692491
846.616950883
645.177965041
587.223495859
714.283820791
516.871880841
301.325396169
136.802338479
586.558442863
352.95367531
151.317007011
356.093779849
30.4755144775
914.443150374
789.716504727
83.1079590966
363.300543182
691.446133075
152.634725584
974.705343082
860.543170769
915.023668451
385.95767656
274.268558189
745.126492024
256.459159701
502.428128274
718.491200565
89.8970865413
845.403410606
240.457888817
563.418554557
286.255578637
706.975381525
609.087835627
41.9198757665
857.544139433
253.832289561
511.327262939
570.169788675
754.478425199
108.896755331
373.615856703
766.438934301
435.40305222
265.513976696
153.739836814
850.015119253
983.824273
984.479674472
700.831105217
684.801875234
747.248560623
494.664323313
671.916391962
912.801438478
930.677516961
972.594870494
28.3049611874
957.513177546
206.374317485
370.136437289
699.433985606
725.412220454
600.143359154
249.66382208
81.7565867509
925.528279529
684.950330006
161.141393571
956.903767703
10.6388605622
686.32146454
397.726663982
805.092447806
185.470375391
478.202621153
342.599057046
315.629937459
738.792735596
903.274120222
742.057414428
731.943905405
42.561069314
859.702851197
669.836736606
350.151738054
515.945693534
366.701012927
581.965433153
563.389969198
775.729558815
47.5905302745
537.381210504
595.73207938
105.017488103
645.956555624
918.392229969
20.3702477381
100.246412635
244.807514995
943.303423347
345.179001375
909.00884843
915.840394819
850.987520209
657.257446429
