758.433810449
963.939246177
778.886088782
798.499129813
963.085511255
977.793780934
773.760411157
744.153914977
554.185457911
762.608245309
394.517957005
258.184698335
762.761328916
30.2431938632
835.180029489
224.116551582
312.977347077
703.256249384
45.2926927859
257.738503911
505.908620609
936.451339296
869.90409141
809.061237926
853.811113352
842.435927348
212.812250355
279.368839143
656.463251239
380.312255253
320.908965274
359.498518789
755.657881224
149.820240143
245.38754703
774.724752368
468.116204412
680.380004612
287.380679646
602.840896365
71.1144841272
109.6413447
588.349436786
414.894287259
215.777938932
941.082630745
28.7105587483
139.109224086
125.194715951
742.381966423
473.566494079
210.847618323
274.11019008
559.91267236
259.572762445
434.813695587
333.83392209
106.091526033
88.4319390861
368.600209439
259.916865207
336.085512137
291.062910062
6.64708208281
187.943362051
423.580755203
1.91224019642
784.577400899
140.674291328
517.420903002
660.672136525
767.187162341
464.745911139
219.758315867
325.258846653
666.879046309
357.051149912
269.919342008
699.90131448
782.06237103
390.666904653
879.82431676
200.654397778
563.481748668
992.899031586
344.864198448
20.0911549016
626.629718265
965.472401582
683.67592691
778.955125458
818.88187709
278.987085854
824.829388429
74.3060244906
848.678943412
393.858791929
293.993246411
319.695940541
2.95774246278
778.288123408
496.85389927
470.483818054
38.2946344009
36.4106334553
303.974088873
856.243180523
253.479034664
719.206467214
363.81833534
627.595799418
361.999773941
873.469189575
214.51748868
401.564428344
258.83435608
553.320904026
534.349995258
325.457551657
402.547363341
785.641025073
406.429644978
215.267044386
851.55752059
306.584509572
419.230356725
897.245916371
237.204049128
457.877500511
151.109125106
974.098716645
591.124095259
673.38245645
788.401234708
152.555874999
306.894454042
275.340542391
480.804434135
124.749220809
307.312559735
758.240121117
213.934639372
730.105436786
261.531915578
649.609868342
428.286413821
422.576728784
79.9778009764
471.177775666
740.296197388
319.475780765
983.297452119
888.997229926
579.373519566
594.712512849
634.38183816
591.945794444
649.353103637
153.599882226
970.395103718
340.462201719
408.888777414
616.21971392
485.701260054
181.625518862
321.604260211
843.536525433
810.13835028
82.8048188485
255.925990923
436.063840824
428.193058439
675.275956464
609.592339554
591.477899212
215.14697858
636.697260519
138.23127741
461.042854302
348.491712303
217.987520479
30.9362793107
719.183661926
448.350077053
708.622806161
824.167205232
521.646016521
388.690463601
103.919959096
730.85984629
989.512908809
936.210432332
843.858899764
748.071962877
187.443928302
644.521353861
791.909509282
549.810313625
26.8246969535
418.47072147
245.637245995
537.028636214
787.121570505
33.6472294239
494.4800325
192.763381566
40.9556175342
6.30805854743
468.030311332
979.865291662
502.734602715
31.9996847736
396.307640008
403.775226009
284.561101162
485.54650743
477.751939908
220.158094776
571.321109937
366.175501123
871.058049309
676.741719245
698.803194402
616.768324665
458.374806596
759.420764262
218.457518294
620.616863931
251.36350476
445.621023403
912.767719695
145.657314095
545.825285685
499.950370646
912.060763535
54.4277501994
391.49698559
5.25938045311
995.144644541
390.948577277
889.322863865
124.824241728
788.947985229
511.73792966
666.589652941
290.024669519
130.740480328
881.357580617
236.930837356
414.609271948
381.3717726
884.596538385
315.512669346
524.614141002
469.459632406
786.750867524
690.474120333
761.845074449
275.254008924
665.261661381
439.085190829
619.938075057
912.11388814
827.863611919
984.879377727
873.730472132
208.222245458
776.053841811
608.7831639
816.165213507
443.716277991
899.08728377
856.878546296
776.029597586
738.036673194
592.541060258
792.560207745
928.165938776
535.481253445
437.808244894
104.958804602
437.394157555
40.7465564964
272.750273435
564.833573524
798.595794155
218.437954382
891.071063504
582.029674035
151.896681041
73.7469989923
262.218293858
2.6064199076
567.70649333
518.894195377
206.118998967
590.8910253
541.701386558
389.306572514
819.701288917
718.693907509
319.122814728
377.343212484
318.782796199
705.338064145
561.270859622
501.220345895
490.765498991
893.256593647
557.769498538
70.276115301
923.717757024
342.746079671
967.770043766
746.512043953
750.385510431
25.1016801009
783.48869142
602.511699241
965.735761028
776.496280926
644.487239363
899.79768882
187.267776787
803.569354368
609.178360618
365.808374181
833.596874931
328.471988228
940.458443373
124.022917617
191.499009914
240.305338543
190.285318875
469.40101906
382.896068955
353.574381597
42.758571892
133.166200337
394.075532125
376.208576013
70.5362712632
614.007237313
763.77762557
608.407466337
554.551037562
328.239353045
767.910738416
521.186972556
310.705316465
10.5688597011
470.428048082
671.516122725
232.452192974
368.165599228
453.553366385
780.607678041
351.563360158
274.773496473
128.119354722
107.028725021
850.221822527
698.596600531
781.276817642
74.4674320762
836.558699766
275.069708026
679.278137281
684.141742057
848.813790844
275.835555321
606.059779262
212.074943343
122.391310615
562.070752277
290.119583577
835.339387812
367.991184486
294.714366711
79.1364531475
899.151703088
476.310057931
408.435412591
475.910164579
253.916133985
277.697171727
206.908733045
825.263435866
602.056498396
968.519083658
647.738638841
715.967488452
20.7329959649
876.341937672
597.676020126
563.822687335
731.145862714
644.720220572
53.1749017017
766.838545574
131.131592863
315.183630708
667.945651852
238.872833698
493.861493355
768.278057626
307.422054481
857.807686252
938.378335238
296.411005814
823.121715021
220.267646444
506.485046239
22.601116696
482.060180514
281.404306615
914.553375577
386.085218457
177.564096379
620.442018365
962.655618065
308.53600026
107.344487284
335.593804309
30.7148204049
423.523889379
660.646603234
843.778276662
35.1807660838
611.425742466
769.730050917
332.274414319
168.029212268
489.596532856
617.93791221
768.256170955
440.943377812
397.229649371
43.4542507475
961.464667302
955.963597479
544.443467253
684.870344029
231.563127423
218.344966465
427.95161737
326.799534535
479.040379027
213.268276121
993.188757204
184.544325424
635.501390577
728.741341173
257.135112292
691.270618186
710.290428468
504.677489582
978.224261004
791.183419221
161.241134926
153.144040952
176.218122905
420.241376901
603.538168549
905.097587307
500.248762931
653.258127631
652.348839866
59.8764227935
154.246124016
408.654122332
198.485462536
426.46955877
373.414539784
21.957222725
610.750276031
431.538650884
216.472891421
96.1398451728
185.40767692
228.052329353
632.154438212
373.138749815
371.954020556
326.276615384
320.765896753
514.119399814
511.658421258
411.702306909
853.463481511
763.58880606
155.835580267
226.392328007
876.633573564
41.9952585895
68.4379152321
826.476460629
212.518857849
400.750602146
799.768050875
418.932330861
100.510886927
204.128630684
618.543206129
952.304889649
908.917412144
797.439271432
784.021390712
275.032550936
351.787185278
732.555379142
769.762861767
591.362804814
2.17089672769
843.294967927
152.37468224
95.3210231207
15.0766204954
891.870734186
867.305102031
537.648572798
287.878414371
556.574957147
183.241733508
565.006839045
578.957970923
804.464908295
671.725773016
883.055283954
648.311422439
710.209874007
915.771371838
269.184298046
811.140742091
968.788027437
211.27770312
110.916830796
732.334064488
494.456181552
545.136086289
210.104036166
204.59869144
243.092734222
968.959459229
619.781311712
781.375565606
271.858285112
813.91184559
802.779240939
735.215807047
353.767997427
81.8158747938
524.758019037
907.899896614
123.637222007
231.485480422
679.890324581
774.29648511
774.774382429
755.294293422
411.516670545
863.140649512
462.433440409
974.983399009
549.858766546
677.190670391
281.839944403
11.703380855
40.1775880268
155.581344549
953.528925707
719.084897577
555.41992178
499.834094454
37.4883695212
394.590754946
579.301307724
199.434873658
910.313251491
552.075376696
314.811328526
566.964841235
143.277181397
474.522876686
673.832692077
379.357699051
269.704766403
955.903475588
207.195182253
806.973586955
266.74542238
771.328532969
345.549332253
946.542374869
510.921078105
125.973216119
631.867813117
972.310786123
766.629860965
571.763248606
597.552019226
829.147165368
423.72732643
97.0320030803
690.766968343
982.095361076
515.262211432
628.13720771
431.566902518
524.173799406
49.0003009233
289.81414034
607.11445254
568.934303308
379.53557472
385.180811348
268.248038109
924.362943042
293.934364885
663.324626486
610.684202757
291.430995075
755.9174358
681.258444886
531.988279652
898.461961692
915.973680278
899.252984391
371.828887521
184.660652827
321.999156997
26.3653770303
747.467574346
577.178482211
176.086262649
883.323949227
350.557226979
176.746980462
304.592194229
217.167748947
1000.05888182
649.343530961
899.711018484
286.49468109
436.881486626
148.421739564
438.910086424
553.364653424
117.910074194
211.897695412
988.534530878
683.085283185
689.942816139
698.134504355
547.183955832
684.623616225
25.4055216217
308.335881199
330.260354306
132.874628701
343.54120708
346.673480337
331.780437322
849.964208338
734.195432351
495.402507529
293.871902383
341.238486165
108.745607101
786.466723564
880.716909901
430.374598078
308.466998013
517.609336211
734.929877214
129.655291707
236.305199817
616.701407017
894.318532519
998.813118023
731.956065497
533.020878541
238.956973707
969.18759839
421.947312846
680.285264549
17.2957013055
600.3645713
320.977386418
520.6122263
254.194267362
536.599145985
45.4857905418
125.139894464
501.249429672
648.383425209
933.428435423
244.959867883
865.334202076
768.491806798
855.639823089
261.601418181
451.188341323
407.279169536
376.927715274
587.406466242
894.781960911
649.39498046
129.13090179
27.8256690727
32.6468047862
938.435455313
340.638124637
67.8839637033
496.213143402
989.280251491
761.784737137
448.706299784
324.399855602
436.467829024
114.000141353
80.3772283796
176.317174397
507.692925297
457.705046181
322.228779977
807.457757936
985.48796978
827.10057845
390.344717257
814.802935567
960.257390005
881.935414264
867.24702806
841.089390939
601.846793961
583.559545613
415.515569527
390.028995395
584.454863983
508.415976693
556.136860575
260.170162784
470.402228805
118.279709559
486.083759274
854.529623152
960.886512577
978.072127832
302.257534229
913.088975125
694.554003538
572.841145803
644.077551934
402.54059008
729.555617788
255.312459056
287.458836893
714.128796513
736.173722775
156.189349478
325.710921811
608.429902277
711.79176007
385.325530887
70.7932098047
879.093597819
57.9270698156
18.6861130394
784.865162251
840.402491495
829.616448658
146.376157158
856.64645916
31.1715400133
358.635469936
279.991210107
321.211456415
123.339410991
488.846728661
515.501035396
484.37880625
133.276832539
396.784073217
695.496529886
923.101904779
949.461802813
290.053103112
418.693345595
636.103402053
679.357438754
902.788751815
111.310157192
411.691133806
692.220486098
269.492338052
767.400157791
71.8289456878
155.799609143
7.33841571229
727.892798619
678.976863604
738.446837616
260.941134986
657.779853956
23.9551325129
271.636228706
555.471372687
596.337046376
565.057053637
145.626296845
277.761868392
36.669816976
541.543977965
81.2267051198
826.760683795
166.021161935
454.688862478
49.005659205
721.685047634
527.248298092
128.636320583
795.71541738
660.57399874
464.685214365
750.107547153
623.866450387
571.36254791
328.697732256
125.708106742
469.999116241
788.613943412
948.889275718
403.357664631
282.834193407
871.137368409
471.670342877
498.232199407
360.920951856
511.798959844
503.788273426
353.117696337
355.641727388
3.24462677528
862.44510628
248.608717885
411.641093693
376.07212877
901.144353516
762.155115688
172.913277418
676.701121359
658.472198729
581.150821613
635.56881729
762.669794911
440.195198515
598.518138263
919.101202218
720.717308848
633.326441781
336.824056014
376.130637414
527.398317556
518.764063919
570.310752495
719.91263523
113.675394028
508.157444907
214.318397642
995.083546757
228.800774328
10.829673841
19.1350430041
589.479062465
212.500902209
514.632422922
221.686304004
886.682191633
87.5301002103
761.586544179
365.047091312
129.456651166
807.931571292
100.661699532
911.533857428
57.2958416955
594.752901875
478.739277014
763.652651137
446.80917011
714.900796942
380.868083583
672.440735796
410.27874424
954.059525378
177.030210799
708.837412112
966.511853422
399.629012252
554.444430088
123.529375238
945.112933293
175.108251274
207.642153157
771.701227391
579.892502402
471.949649051
976.052136519
314.648773912
531.408207901
584.343276285
443.728767167
975.847119313
46.4750433696
478.599651275
554.514678474
912.487352073
424.83136794
929.199911434
118.74624204
496.520136716
691.438611102
448.017064914
984.38638402
496.348190055
152.551205258
415.608972601
200.567505896
780.632027016
712.669023959
905.966887388
544.573781652
471.74159271
684.1078254
718.580638154
643.460051689
420.40002089
178.644154753
382.130148409
867.674478867
932.175824909
590.554564319
513.522838913
905.557338233
145.835056299
647.869124653
834.670028632
938.974320389
263.597774865
212.390220844
797.551252062
94.3501329966
626.432010312
678.77163444
103.81988154
838.460926261
533.929823263
259.634577233
633.184428987
22.7734901186
90.5124648461
224.824176105
815.33005264
992.87316192
109.219448854
627.059153606
68.1152069354
73.4962224165
957.565045251
737.563046177
593.499846757
307.752349834
656.809629268
259.617061406
880.51482239
275.277194264
404.467326991
332.292648896
496.98235088
583.442198786
398.809104316
13.9806084558
483.693116335
897.326262914
283.093355916
70.812480053
545.136761351
665.073440267
308.217128555
625.900770659
519.975203043
126.932668957
648.515743438
652.258882406
835.573203697
507.546530678
885.673527353
160.70008571
280.72645821
