143.5636153
322.29321313
327.354831932
565.525058453
852.510380398
553.970952133
861.265492508
792.631327653
433.390990401
513.490415768
547.066504629
123.298647605
4.31200129765
567.180008682
0.986355606234
909.094235321
447.99044627
281.572351643
109.561803433
486.697063527
70.827503829
951.855737911
338.573472978
872.104651798
333.72666363
474.819778078
178.036432318
776.870341101
335.068562438
450.325208835
730.987700723
173.199888335
200.603640215
635.477370649
341.10204301
472.282866551
391.009839012
133.953124783
998.842499492
804.597975287
733.20105641
982.68289326
811.472213166
63.8473757924
994.255076862
447.109892427
237.416821471
717.939831285
253.170063673
542.50435805
632.124649224
869.826266242
148.957926054
830.187614814
393.694569348
471.248597056
622.936823955
938.691907454
34.4303094746
0.199685258351
38.1435424611
797.358076114
29.743385908
174.257579975
132.397445463
140.327201121
72.1809491549
819.16628952
671.513276618
692.433709671
382.173534757
528.101443695
136.869201541
562.696562806
869.13069904
92.7057712373
807.321461445
292.827618346
851.608753155
373.080465737
998.953006546
38.0973582808
112.821077539
872.320368993
202.894272059
337.194534009
220.063514661
699.521523106
365.77145125
287.617030247
127.270510441
495.545875453
137.004456231
516.995993503
115.781442678
51.7528961173
170.02150812
422.116199405
93.5675731113
792.655314424
652.368658321
499.927928947
720.046940689
592.055129583
563.117487761
8.87753935266
916.863126196
112.920868735
478.440907553
543.752239131
518.127459475
211.160240478
408.291539656
388.858735465
10.3594484579
556.492948245
913.441661339
767.270465562
683.729684895
119.711136876
78.2024499446
201.575944125
80.4699616644
208.328815464
532.248885578
625.332624245
199.945901608
329.588587483
232.562775293
386.274606845
149.669152899
946.375043652
726.861004613
912.419478061
100.402482619
668.284900785
220.210075148
251.078253701
930.983822202
825.847517364
302.19819018
202.210323365
938.524796108
633.105111317
100.353515912
807.521366781
196.723967136
100.173635138
771.128167952
705.883309412
448.194386321
973.497134795
126.151383863
225.83460045
267.666721345
4.27246159329
627.476965605
73.7431019256
487.823016177
407.320831579
977.648674965
780.120046289
339.492737917
756.639752926
476.709950429
648.78494105
839.547202357
355.764193519
222.070033616
190.96818292
464.365012496
527.615472071
369.970002698
277.769336708
860.881867625
990.663522527
706.78474224
251.32302996
802.163018315
905.658587192
747.037632034
441.281915424
412.560514238
676.382326061
403.87111319
50.1354044555
603.623379626
684.507741447
790.115293627
413.340374414
312.244476818
708.929879595
135.808607934
184.672010968
239.060643441
893.995244882
322.041836793
754.254282008
281.101016859
200.855451785
110.471914171
426.937771036
765.478614964
173.111447801
804.906982907
605.465971099
751.127513875
135.575717478
490.270879856
396.11976041
862.791557283
631.616666134
282.778241936
522.887266057
8.81313840438
568.556327685
798.518592557
411.44285214
43.4703391729
334.381043728
648.60386959
11.2678501077
956.126031524
298.470680608
194.515584165
264.615992611
517.258270403
785.17016587
326.791682482
564.973237714
46.875077852
537.553837498
292.99096794
170.422134218
692.840965084
468.947093253
879.541139453
696.819320766
43.8034472681
253.129333265
504.081146938
238.957659721
593.598495059
184.023777642
862.214779836
17.6895385395
811.708684647
609.062590663
27.2854259755
789.035949965
429.575107386
123.666971362
618.952909858
294.453096708
974.920867148
26.6318354569
166.626990321
257.761539693
600.283267072
513.321442751
381.803112486
767.897167343
319.981953755
918.694304205
105.062976152
666.591956633
784.134090212
195.43814856
989.871554398
757.529084624
924.348768842
274.550888449
577.568542783
145.571457321
1000.04036166
608.926280743
858.273799033
262.907926189
653.49663633
697.242849697
108.749361776
170.773055254
373.04666011
587.821269059
226.439060623
410.262856439
608.602347727
394.321388735
163.606796325
57.5294143982
474.137358254
834.344574887
345.261525822
60.0072932207
248.458358695
890.891524482
428.98543682
746.798354999
48.0394934255
482.37316258
756.911579074
441.66430223
541.261955286
59.9940573378
609.003573244
237.330027905
579.199213667
947.684228226
597.130636449
441.850602503
653.294113297
937.177935841
298.278282912
952.677468928
34.5261447721
135.460591887
403.951668264
465.478473722
805.229981887
982.433727686
687.720082293
40.6705330703
344.553289672
614.872824401
606.826874114
291.146872006
512.590421232
158.726179883
115.17795982
185.082882818
49.5682585983
41.4302809051
110.752307714
456.075837981
271.460912487
474.490046045
265.28216794
409.115804665
392.17123009
228.928380489
952.485506047
714.914785447
219.131450273
538.467608861
954.75241485
995.017612088
301.780720278
386.329333181
754.588140803
111.268338858
133.067662805
697.423117774
260.689599616
585.005220529
234.549653132
760.471951167
222.901498446
232.707030382
703.096860357
728.171442204
910.388103913
268.479790923
259.250392306
295.395313804
457.97618407
527.254336198
238.474557848
891.660173177
533.165706646
989.00545148
343.249822346
779.713227165
924.003324082
465.791819349
714.103882825
290.687773372
536.68122797
436.753676821
150.933104798
806.607594429
882.701888782
245.752867384
628.12103029
381.833028378
183.089254905
897.980130649
699.462087815
848.823434736
514.217365038
897.283294524
554.336795592
715.649437701
436.708033964
232.40903628
39.76133888
484.5356236
708.802660697
70.094170841
774.522426372
203.663660328
69.551252119
276.652478913
711.655389459
305.315983401
923.127005216
677.881985869
195.13668923
97.3187039738
277.499165639
630.50331655
847.88946342
960.94387224
906.555884558
991.557633361
848.19103542
387.056027633
386.568677419
728.850710331
181.037432641
356.87389419
563.643726446
503.309938058
104.116977
201.981812513
293.228413491
545.577323278
742.672404653
187.781836226
961.318636948
192.345465991
139.691173755
155.004684444
385.149486371
429.043531413
647.125851576
429.86579349
686.824130329
587.983314882
601.084054655
96.2193170146
807.289040432
292.210765948
748.150039815
810.47647121
22.7951174949
52.1737129484
688.405115242
31.7531082815
698.236712886
116.489486828
266.530063302
524.154665999
915.151511593
240.645753883
912.972751927
982.144315521
497.231007146
598.421851741
996.970064837
238.937080827
740.218036278
650.398950601
27.5190704264
611.879074639
329.447352026
458.647169771
413.728081204
448.342598197
937.420777095
46.6068679532
359.086028657
461.888133713
168.930621908
97.4343953544
917.95089984
114.086668386
818.088322128
47.8337187266
243.842045183
802.504391411
232.345446437
639.114264336
217.102379878
773.041872323
916.921372919
499.995167525
476.962757009
428.794271715
470.228051775
833.541691812
754.420073128
485.088914215
5.47385941106
858.787316447
859.504024437
141.621273997
648.317669191
581.966655318
783.732855333
683.577134129
694.844316791
868.345657643
594.799616671
448.118608736
948.784747993
333.680250764
876.454395625
116.241860753
400.771646674
389.137717432
982.324357896
64.2281020354
33.2510710286
334.952046481
126.841534867
842.728501031
319.129011178
445.137801044
937.681598929
636.741616568
298.288832019
295.935735465
413.685107018
188.280714759
854.092488756
739.555690182
855.955143497
526.086208704
267.188120797
124.337253558
75.5693497545
795.667826326
939.647618753
786.85989647
341.150147329
233.273650665
523.358639036
545.313886598
459.793640702
266.802688619
42.6752068436
514.510346562
499.993026288
262.751072906
196.183744706
126.674671036
175.817313878
873.845984368
613.114898584
292.949325539
338.616678786
829.637585269
107.315316789
807.048024613
668.996327477
74.9872724692
933.095358462
68.1417344981
988.976609739
246.711386478
459.931849418
641.277354162
828.967379444
127.803693594
794.718426836
97.8521044028
52.6445533271
140.889189052
138.77631034
316.365908926
480.28339857
805.256209301
659.61557831
115.289760573
995.748901975
369.891090323
371.463987395
545.867777108
801.641357271
686.177931103
739.626269512
177.998193138
904.069248029
948.747512384
486.059851617
781.679396962
200.802744605
775.721210941
47.1868791467
712.338778602
655.400534786
880.707992462
340.010082703
227.545620142
13.8288891867
642.386116199
749.229435264
91.7430660972
220.689574249
504.165574861
853.024838957
841.061744755
976.47857181
67.6990833693
973.523877313
93.5181902879
541.164337712
364.160986454
699.823549538
384.823726005
317.632503735
342.084614741
178.065517316
131.883410642
818.808726442
134.62036028
142.478113073
346.242064958
766.299907841
488.646974033
458.051347415
909.46983669
802.380754731
387.534182759
121.461479932
698.809578706
150.52001753
940.921819572
217.250285559
180.736458354
843.360160272
694.508634423
394.045631221
297.130470699
564.016580632
43.7225810731
251.177259437
512.912132319
343.407540908
149.178027936
786.863847564
539.297536798
777.691648099
384.124221788
734.436325288
720.667916
752.63030947
700.109457804
734.613939057
717.211664395
8.84402605336
729.490464085
862.456272096
196.677256187
676.653351858
534.492220346
254.354542104
708.598224089
968.079052082
51.2221149539
242.568261024
303.429334324
105.689120554
495.609431172
593.010196123
937.425122132
524.646833343
253.988893341
445.144588483
867.79841846
836.036303257
977.688154156
545.316459296
926.781226104
347.024084354
548.845097117
558.892560573
226.33499404
532.790504694
447.683825749
943.40425919
693.260329796
549.518959417
812.854990785
216.02253762
278.14994903
106.150668131
104.582248298
226.236225526
343.266984378
226.582313522
882.70867376
746.021111032
44.3275676328
12.7759537074
648.991620638
352.020264215
475.531600625
957.19712511
959.086509639
559.332487861
298.383281827
486.431288712
861.968356811
548.687467256
131.648946058
552.197663332
47.3553895971
45.6548696516
337.647181265
287.253239848
742.422949855
264.534159709
400.646764532
123.141168058
153.06119793
15.1793757513
899.80599508
300.625388653
559.161213255
44.7297493291
246.648087131
137.721978664
365.690494777
517.80604939
16.6333124527
905.238903412
849.504284878
616.653305381
53.2840169049
775.934336232
100.223245715
997.600345488
621.60287585
892.361828915
691.34620759
417.454394377
452.810553755
749.697670058
694.254484213
315.447458117
899.001062575
144.785195535
104.218629448
929.41474965
640.746629497
820.855791961
229.325011841
999.629940382
863.017980471
454.587491061
467.337211274
249.208386457
469.532445695
955.037073071
518.819432029
380.26728817
57.9116191909
330.854989894
1.22317143619
778.704515675
249.062974394
11.9887675683
271.633096779
275.46257706
674.883355297
7.06959167117
86.0104880432
65.9307521781
198.320362306
436.65274898
117.610333871
377.663129509
522.339514452
546.614528271
832.399904817
855.751844491
472.394784169
263.609063761
854.377169466
543.057253274
626.974262238
567.315515795
717.618880377
38.870592963
966.148308127
616.250815573
921.212642609
183.990430882
279.738530143
220.815468369
707.730591817
29.9106328822
380.659553131
510.946045314
360.849690954
856.262664864
738.020026138
667.247241402
265.802385311
766.633891248
978.695363664
990.410609418
678.946424739
881.142725765
660.637495632
176.511930286
405.777412438
105.763340057
632.304729349
649.502892134
773.086950009
201.826711391
208.682717005
692.349382496
19.5246245421
904.002219834
54.1199095487
619.654923917
973.842794947
598.57666233
952.13333141
633.890128399
587.132275362
182.121989096
727.202005731
710.931645455
667.250887648
947.186703292
545.427897216
303.442476861
792.995973053
185.341913925
359.393024908
956.756964768
644.552230202
274.763350995
293.353518085
394.758519251
27.7620232752
628.244900267
185.978980195
869.418715519
897.105449696
906.074318871
899.909997292
972.576682217
467.570930063
899.566107525
688.065687769
107.692486538
22.5054583232
556.8976539
144.470517154
635.917189036
709.774544825
970.236343912
548.614316638
356.312943435
976.584853212
490.343044303
203.751191058
705.742807118
605.826245886
147.497070412
113.498707789
157.538265873
85.5687241665
17.5414857866
270.522242436
853.144087137
26.428640701
871.116238959
483.710428048
17.1507928673
118.590555588
869.76845832
498.730749043
657.831127683
302.282412144
386.649786785
980.589241739
759.202796473
485.002448729
963.734468247
576.048168914
61.2533667851
558.184277701
464.257494428
602.352388665
163.932954946
641.227384509
55.9674466796
205.243169519
739.031004058
28.7836295943
794.025973111
435.082017435
579.584377305
288.342154132
314.141923496
412.757638493
580.421662672
16.6128522973
131.06199895
13.5608637815
335.756416112
17.3819251267
575.68798595
432.188554148
636.047213997
775.684630311
4.97595324644
198.011245711
463.460270466
13.4374007283
315.351807319
620.93498069
800.088853376
987.602529048
917.139654081
757.719896204
518.33294703
694.862632034
101.410340169
444.386591488
451.254866274
89.2279458942
454.246826553
626.557838952
719.370029065
715.708931034
969.696983568
258.473976082
499.725889464
140.674883728
698.647699608
577.824508707
574.275981346
974.124647409
825.558190065
21.1657066086
666.381526735
671.128507612
649.841311451
763.839322527
276.042174229
441.426876319
997.07040728
694.803695456
143.359675138
615.309763192
798.325812738
702.604975967
895.294920659
807.697375892
554.555604574
553.903972279
349.392131322
981.154558889
105.648323542
420.752634655
521.289296081
818.889520401
351.147228255
321.543315845
456.127454633
824.900960407
703.626851399
716.169434604
290.275624779
310.69997833
329.390510201
985.451916786
205.315915426
427.908591396
801.56071854
973.861087939
942.498308783
885.13794462
700.748919319
912.00698888
605.143691905
876.331083915
549.011074856
451.596992894
627.444098157
947.056448562
729.699684673
29.5239387359
896.904474812
732.343545021
303.10484216
546.265274986
367.091539845
813.810095248
442.470374903
495.423067586
52.5629410729
389.460464427
