61.5689132464
454.05690885
912.540365897
921.633640797
961.167644678
670.267741974
65.7666129066
310.465967407
669.376422887
12.4344654085
528.732884232
425.156187316
234.924791455
505.693279164
111.167423314
159.927435994
308.706526723
796.978058486
928.156229364
823.090908244
3.23646351268
408.284312693
426.002179757
960.094258539
563.37756806
31.481520254
10.3008505576
757.443816871
191.121698326
885.641204612
600.616423475
691.689871461
93.0320654806
914.248363607
146.91674103
61.7694933231
117.026372985
229.487828111
788.808297507
740.188205082
835.119642754
14.8958088872
459.733366076
679.463158677
886.285282117
911.687327267
892.051815449
630.414784447
226.777126885
783.863837092
897.364950978
95.7997376482
698.702977494
662.716772327
243.115554798
17.4110362736
724.206603801
345.585922242
224.859341999
627.483877392
199.086256853
139.526228162
144.253325638
702.85180235
951.146059255
770.131057729
203.450233428
905.52121724
552.734251479
462.023799324
406.087033601
131.623290657
885.661257785
449.888893837
603.890904941
111.648413282
997.427245855
246.680947503
272.50913307
741.294981179
381.109182329
923.034913905
886.458240986
140.013883072
782.064265553
139.256936567
436.703482888
95.4227078819
926.499976791
917.894366996
437.413429556
764.273966163
1000.21878265
261.262844249
82.7810824086
421.989073042
998.418529456
726.349975997
372.074853306
47.9337656023
119.929782407
335.500352079
762.815304658
975.135629338
380.842984267
823.281186225
687.958353649
114.769973195
99.6259336761
170.1736801
702.880976019
380.107366695
569.904141486
91.9004139149
387.037865531
257.364307322
970.1299538
552.108909887
941.229982455
109.118861776
943.375480076
817.51275615
396.297711628
612.016023768
634.765066606
65.4733788011
145.535995223
117.50244852
379.420885026
51.2540023669
431.510999974
551.519283704
681.524922655
874.46462126
412.52849559
380.81032067
144.528620199
361.662614242
753.702218
958.112164573
146.370418177
124.725618195
506.958608131
792.571182028
624.77038597
158.290081788
173.442710391
311.849786658
303.065681997
794.731514453
695.80073485
656.455594649
800.063202235
977.434460299
927.477999907
420.835781422
364.207913072
571.763893394
715.948520299
443.20463622
925.312810725
496.237602711
879.872258523
378.754506525
677.089401198
368.150039669
59.3832819196
262.316149139
855.551738348
797.737411604
154.177406118
229.891306791
199.319715546
33.7086008389
66.5850116974
259.880746489
305.04377887
957.889552222
150.22876908
864.240737908
323.053344211
942.530262051
990.262541621
43.4544550457
251.005086669
342.905414921
505.151309811
286.228713128
177.982365096
789.032495764
580.51655052
38.1867119535
928.994629031
482.535802909
19.097252522
644.484643449
19.6138607447
144.672443049
201.121907109
829.446401274
388.588959291
134.325014582
451.45731792
8.68325657731
51.965122963
22.9373930043
858.430948992
271.640670211
916.354605379
287.878195524
101.944187106
415.589633794
369.523871201
390.449001797
780.999177442
940.657221059
428.169167887
798.573205535
426.921162768
97.9915517796
159.54483386
402.296440774
299.801685979
411.467638825
355.439526577
753.641314812
298.198270477
755.436846618
112.10364415
620.097710989
182.286626776
365.092512903
317.12415378
85.2203364233
763.857591613
773.737386344
975.775921636
814.434620669
658.995755685
712.215080652
902.869157924
941.114498647
942.738680123
848.551616982
927.671270868
837.990956289
106.836971632
118.117971033
243.27918823
981.259153845
697.947163385
391.198381475
46.2674115319
278.206220113
758.687667014
812.474045657
2.05753485472
823.583048169
772.073709165
660.469861492
47.6016137748
542.738213075
518.152765749
724.435580257
802.075210813
655.039792637
403.857707305
554.558521064
524.615720693
80.887925027
636.00968413
513.909636152
283.817496701
292.48922618
984.55560293
306.079769369
26.1639706931
650.752882594
513.509429425
24.6898612108
372.124776082
747.7174093
799.71982101
159.999075757
374.602007455
573.858161634
978.898494564
380.04932465
300.539468182
941.885650902
106.116982914
541.954273251
9.553631671
522.740177844
302.643232965
670.548234769
378.743215529
584.71179202
79.4819985627
685.988608501
490.091441859
299.608654459
780.574473789
435.319957721
731.778331134
322.472348164
601.518266792
739.189019964
171.719545417
371.256124497
519.401202498
150.845920133
770.411654486
686.346158671
589.788406157
273.509042863
798.845615633
253.62302473
405.277703668
273.958242187
15.7025288015
567.170265996
737.469277035
304.932745208
879.890782047
361.254946561
157.44463203
537.640965022
391.828639937
684.131870572
746.034144164
617.376214673
137.836381548
620.65374669
943.952788447
540.792490092
410.539721546
439.815262257
47.9454768947
666.709597147
121.137169338
43.1437110364
670.979391663
864.156729596
141.870005091
336.499219533
745.546206289
561.465068338
111.002999126
411.432978234
471.242569138
565.371307791
631.709589064
173.581184268
834.295871873
339.754341372
672.104363689
361.779722623
218.742119967
154.60035062
65.2449366455
23.9527440796
553.770191674
12.756187234
107.761658362
310.746338777
560.381433123
485.867134221
347.341256969
532.348746425
847.823326465
189.18712926
545.688346501
55.1462668274
698.126496319
725.912474905
402.768815861
394.214575763
307.893011211
60.5737598614
529.559903826
824.435708749
534.48118885
198.163511015
835.289737802
623.206303749
475.004984334
744.687145249
893.179359824
918.426261542
330.409625481
481.265374051
832.891991503
879.490915823
235.173513446
17.437723528
988.463953175
95.8728412382
897.976434065
316.129242248
2.99127463777
293.881657736
907.058588489
325.643154161
109.385717506
730.167236169
952.790233416
51.5386602812
77.1398572154
961.744495036
278.521163578
18.3882738849
164.793864808
295.491346336
316.005016466
90.144260461
298.585700371
80.4122629124
102.33951402
186.441740766
250.620947051
127.916376979
633.252426368
957.932141282
892.75853118
227.250305002
543.495649643
641.14627589
214.236619244
657.473684906
216.266105108
685.174164516
430.551263813
511.125694565
320.769455889
37.323672729
598.92308406
742.769008129
458.858752761
453.87274284
10.1052117369
287.750964801
397.03436371
75.792002658
881.919682978
833.743316232
282.747495213
408.28651812
411.16397257
640.519769018
451.082275179
940.002427005
511.558476911
159.199164644
680.08302192
827.86469289
861.188294778
816.299961454
151.636652923
863.099551
238.523749471
646.945649332
775.930214145
934.550875677
602.877187556
825.628243941
911.745618431
833.689188381
292.167046694
539.862712439
948.194680808
353.904790866
481.89745015
675.536887956
245.800269771
226.939390353
254.648519656
476.389722037
681.534130132
500.939002785
958.617239941
812.383075761
389.185228652
901.766760445
683.948391644
203.510913946
200.513140726
705.371291157
652.816614946
985.615832397
7.0948546537
947.717775841
990.252378405
755.978915971
47.9812334299
440.054165519
45.5235665701
972.181150037
608.273245525
743.286406761
591.031001249
305.917653513
965.31248064
946.855759841
575.377371743
902.530094076
496.23948867
74.0166711309
663.509713568
334.063235453
315.973840079
483.112917367
583.736305191
822.996438662
21.491182606
35.5603136722
390.67179693
622.066299553
231.57862364
320.032446047
46.5460959794
852.86249321
328.593941097
331.772827471
276.911018404
357.299953158
637.290040337
792.196545608
80.6945098109
910.423759668
923.485036536
494.605283992
38.5796554331
81.8649833911
553.58050087
296.327231804
237.125662157
561.484724577
895.669095957
675.623764208
379.653623268
313.39280251
358.543402426
149.031399563
477.189605152
896.533268103
830.855540765
462.551517659
522.184033973
639.924537116
526.70344214
929.025721595
423.473012815
480.496268522
465.842129543
775.853646304
795.278021282
487.535080891
665.000467896
971.623561697
89.7857432068
292.886160766
933.21982199
510.95601108
369.70603941
408.464258996
609.084923636
501.780012751
597.946888102
249.272134032
850.932579007
984.811950605
439.5813623
145.750206393
133.487504376
426.009866501
431.035943842
850.332263513
204.743116558
481.21940429
399.546494789
477.062200332
633.705924953
19.0299531001
837.472401901
499.000240918
520.741871045
930.411784604
536.852256885
64.5730803594
772.480515196
10.3555316458
890.746906874
683.622704343
251.908352384
596.450489397
315.296738747
666.46735056
314.767890909
563.489425926
785.642051506
889.975577668
152.220363295
515.399906267
739.288152044
985.88286642
400.037522145
869.441228354
150.500235196
761.708197772
551.361790828
536.463689871
251.156093302
387.761076152
319.465095702
200.932598703
415.986884058
193.459766059
222.518473025
691.97861959
575.230005367
248.481026377
416.711666416
682.902552936
479.480269705
851.452873974
29.0225285279
557.211221508
389.105024638
321.855241715
750.772037749
278.561722529
902.942854052
841.187373664
395.155404409
414.325276024
404.630520825
166.708090831
313.505251671
647.963593924
308.670040351
921.721115284
297.631232704
818.780711026
640.794915049
914.922270182
800.997016164
129.951598308
558.823312363
183.333197151
362.341382084
298.008319989
856.023114071
234.917298046
972.638871446
353.31308408
762.082618893
436.161498872
646.316242837
16.7864128968
190.213734646
864.919596134
538.948867499
474.809220904
872.724316736
428.899637806
527.570461554
262.021887282
792.939828525
756.866243687
603.343968084
93.6810007514
560.277672138
811.318032902
791.899122291
768.844837667
828.783641448
622.956701755
213.331063225
152.636233365
589.946547601
711.775010946
367.5465809
141.179582171
247.04385386
160.540001607
518.543225469
829.55946986
148.448817582
224.667435145
284.449140189
432.289320063
553.439038206
898.951459162
803.790253195
254.980783408
663.930216803
131.937205904
283.978524993
296.871217971
298.08382495
741.29325937
730.02700905
561.433392279
233.866448262
506.983877206
784.950496111
70.4448962202
605.5731568
19.8978861939
588.378606959
113.330036491
70.8179952191
981.646916468
247.198958262
341.851242393
506.430525061
215.027080401
220.711350023
666.138026302
101.608630929
199.27614632
785.876183903
827.958657923
301.292494097
319.54048326
699.245178921
684.35290511
414.913913219
748.080527538
105.560759433
441.596157
539.857728089
972.511429357
181.377030834
382.933321271
767.440762271
152.387189941
441.780690847
372.584394024
504.776516622
956.220491815
133.647138299
477.657438126
114.258078217
452.442388123
596.872038263
529.921651189
503.145289237
469.058263272
948.516086551
24.1895873433
895.797443412
649.184942408
344.385915865
504.804279814
324.134334807
870.372669593
997.610768626
34.3673504837
884.705236902
593.918010472
236.93362356
44.7377890313
511.455982764
421.783673281
994.25866064
976.586648582
586.891325143
970.734053395
477.120247601
709.519349762
860.536413834
963.079032873
676.137405445
613.26989956
931.115781167
713.306747201
728.278705555
284.516996153
206.148586235
17.9178934327
975.827575838
877.012334082
696.194784869
619.943059421
393.911100102
131.992031678
831.228396015
412.703473421
179.280919842
704.632655713
547.408587434
521.720574756
210.37578741
347.839584734
761.642568716
38.9065505748
231.11833986
71.3680776232
537.784339696
889.021544919
444.858228355
189.676216044
345.230025117
344.574429212
635.043556742
447.92786258
465.715029482
334.785683488
262.271056343
69.7350141516
809.205804031
914.45797755
883.309989105
705.954183529
610.967952385
369.896631384
957.782005452
405.325090797
738.684758406
689.0823941
227.02280467
919.925621449
630.848212666
443.108501137
293.41067701
634.212119747
929.842244038
979.261146859
900.444510544
660.496142165
692.088641663
768.998887849
49.4880844245
553.027552597
912.082564444
39.6517392953
478.129900625
609.329968583
710.878718527
106.035440563
78.7988305394
490.046944697
352.38397651
403.540340126
273.753131741
896.711190828
499.109440009
216.662777458
704.669746406
741.446510904
78.9778900121
64.2973653488
757.081181222
641.820081088
348.70440923
390.042151559
243.015907111
816.588999557
376.017521899
647.998496593
702.639452681
868.465795675
502.952402978
617.450977628
556.324694741
343.006627599
521.532175081
363.144171038
529.548643667
776.647832198
290.496719983
661.527672368
299.066261737
195.924656973
570.785398589
845.665332466
808.385399653
682.993907642
229.59872415
976.385051065
937.618590704
212.331787863
520.409979133
943.869027021
151.882489019
831.398236943
860.845706613
727.910670463
254.573544968
703.523006326
777.775444565
390.481150898
58.4507551911
838.713270671
582.08552383
808.706013312
306.069614168
806.581798507
123.683462205
480.163655331
987.171790656
444.74233876
541.714959823
594.031220639
632.22724367
498.445159793
200.495319213
786.503400255
740.927707792
116.469145287
671.453866835
466.718109729
859.16831483
72.2780433904
848.957967728
612.373037812
869.799971854
75.7929172891
99.0278327457
684.086180122
396.065694195
893.183506666
25.3628933965
850.500486489
120.663683606
131.854252776
376.037708247
714.661031411
725.545266925
912.789958771
963.007341837
792.192976831
605.667250787
754.899678645
845.893242378
602.82090938
339.301047119
282.051733449
939.317307193
288.087923744
563.712590137
74.5024258496
511.145525848
312.333994623
188.399301153
791.352824843
360.350176295
634.740077293
6.74951549249
809.363657804
126.681819384
279.1523979
903.230829617
317.146005047
998.044555869
10.6046765164
596.582417043
405.463654008
1000.10214668
330.669543118
921.361405191
431.434947697
224.985424629
871.929630584
822.996591399
461.969135741
466.474733811
353.027392634
785.495422929
168.077493501
499.974465105
511.978431721
638.054660065
634.34895186
525.588160635
395.323056199
228.196033692
544.283356312
664.144211697
809.903819473
541.364362563
767.928133153
203.499694245
239.146075183
816.110235756
775.682454925
780.169559071
550.721752455
794.454693859
595.235593969
30.8488821601
759.89361734
740.835487704
92.3322828107
825.304739464
856.303106302
262.492362532
934.596468206
