100.79350184
524.783300871
710.993677647
951.259443985
34.7065444526
500.14570458
580.333571664
419.831882613
585.831316515
196.615530528
127.793350202
414.300154737
594.019727101
96.6317453739
644.359994082
404.179745305
62.641263537
379.187476205
491.380662251
913.683509877
417.595722323
750.894275468
252.932552466
536.526140707
160.352943482
277.035210374
13.610196766
672.855683773
100.252306308
195.020044139
147.222536426
649.033877057
66.7079989087
961.414206601
665.053307434
852.359753376
280.860466408
536.281304339
623.928407113
141.224073798
956.128473278
263.44989476
410.561140145
983.30430948
535.546907532
245.87386063
79.6932333787
235.083887749
892.082473038
101.476705495
324.251874448
79.8512728536
559.622318818
825.493179206
241.468449223
610.495981965
128.532757222
447.530253022
666.89533361
385.345653455
325.740769066
354.097639367
844.802758697
83.6436550834
160.604278019
23.9677653468
298.162027088
160.926397414
516.442902767
550.412207213
740.607681693
690.258930816
546.78780989
812.372437014
340.987935613
297.953489045
888.649769465
151.009166764
960.996683991
284.219329625
474.708765759
180.553688607
924.029531591
41.3783698738
713.772741704
398.521190786
59.5530246375
444.578385723
326.466550997
297.976070841
889.489891654
704.688608811
39.782939514
296.66522543
899.021989937
510.33089744
891.076115233
281.51563557
958.022021598
282.677520313
670.469589242
700.628089748
267.090261792
140.870663063
674.211696279
334.742605749
565.561518542
428.320385928
102.612865271
157.388158821
204.0327151
758.91345431
497.359171744
445.276289303
915.36718748
256.629401884
612.793318188
787.084368549
400.818213156
909.314919022
93.2498456799
881.596212338
738.643896198
119.948877434
749.027989074
625.321817192
697.434505529
311.739417592
315.084881622
197.822640836
856.047562307
428.829167923
63.1426832646
749.682499915
354.206874946
676.999445938
512.209474286
413.441359316
536.221207814
24.0911156357
675.143210343
559.41956907
61.6374946519
523.400085896
195.309032514
298.390960046
399.870835707
816.129244453
90.8895076561
388.897536943
615.763959912
726.880599739
748.145151041
360.748958239
505.563463726
794.65536696
388.964842164
319.31555409
368.371931906
458.369958009
537.989553693
811.379199438
627.997075575
483.195826946
91.4332658668
213.243214846
86.7994515036
655.255403395
859.86349164
152.631169611
873.423349369
328.683109545
3.21323833721
681.292794749
560.044353258
62.7931074532
194.040056881
750.783826849
747.193591785
626.311503642
793.92420938
580.595698631
295.670740128
706.38744492
0.085668800263
991.681398273
47.6418737788
449.041898566
844.224713254
243.791320113
53.7045225817
648.03920385
900.052248338
154.709495419
986.051910702
234.185379267
56.8365727319
71.3549571225
15.7551407349
93.9810709897
793.813728789
908.832321561
781.078552471
167.296534103
459.099105124
820.771408771
452.203747013
669.48738406
309.841845523
97.172722803
442.295886333
935.107857194
626.579729521
310.074852559
355.634265646
576.820666019
837.722310961
536.144975067
712.310772893
23.8904353031
959.727567653
511.719340382
319.427540743
115.567392232
531.353903667
250.014567958
940.607782611
939.825236261
225.427546225
464.886057187
680.082339542
982.123079014
434.053294821
620.76510529
386.634658107
934.341537866
686.635338002
920.305412758
110.444550104
14.7155796136
565.441276539
269.757775276
184.105447739
556.338293341
444.331297069
124.346356153
327.542093489
756.626237668
42.1747869236
379.485106779
314.455337878
102.693979925
550.712498322
756.194906261
909.902596944
198.03183858
875.207912118
450.262267547
602.920760374
311.083229811
121.388433639
1000.21046514
999.505246157
123.617290339
349.475118553
221.333377572
903.969839992
104.56741184
221.563616345
798.911177147
383.144987088
981.599044194
7.09324193675
849.073569227
402.169873719
103.891204567
638.957306502
156.589603988
398.629803493
575.95628948
702.13961073
743.486073307
389.433111831
82.7981228879
497.280039137
35.4002640881
130.602388971
690.81140222
854.305291048
676.319379816
682.305254348
181.602671913
8.10616440018
948.834475893
114.926424026
699.151192157
73.0180017981
455.478271157
629.37097179
214.871615251
658.497880133
329.681059808
500.333805386
321.828385737
444.071076673
14.9025860117
878.771824539
415.395474373
165.345926417
777.710282183
548.974014655
670.537457208
438.152308545
962.172720879
822.49581781
5.71004521349
245.787567832
570.217164077
673.55056848
866.369653796
459.092140629
796.588348274
384.704771527
159.765461646
67.8899271901
639.167862276
192.728173902
632.02126751
965.367679357
757.15051102
311.23047316
821.283247378
300.06177979
872.871113821
781.874934482
848.23884493
140.735609184
68.1261328074
52.6132556558
249.96913635
205.873109627
45.4817279848
68.158413659
294.88065032
476.335318129
394.666061276
980.622753416
645.906021414
657.225757329
246.216519599
442.689120683
933.936871687
694.898287728
854.138556673
542.774023487
393.397580699
581.86349622
960.829199507
680.113780281
557.933788067
919.880541695
332.505299913
916.244027375
604.113424563
186.937702823
373.896016103
180.238766375
977.756623544
918.989524638
194.089738903
901.690772996
236.695266432
237.933362802
816.268490044
705.067081129
17.4861861702
616.684142942
364.229388502
465.118073154
955.897143044
750.255304028
90.0327336482
497.918750281
856.982066285
77.1723587413
613.868668745
168.765915
412.893225306
543.698346732
475.638321492
860.367856824
988.185515647
523.269029185
790.617529867
458.08230152
124.709626495
522.461488582
101.557525458
223.774107902
763.882037149
526.134580096
736.724516239
489.789169316
538.300468174
786.721567479
365.499275782
286.32954088
183.708896366
930.763479233
116.444104834
631.838410677
854.913904126
986.74926379
50.5428836489
675.104977392
46.8318279167
773.42972235
867.072784466
531.824538831
833.997070044
368.580730876
382.794826998
437.151913693
675.900465041
570.361667723
417.830985198
837.333851876
744.323414228
345.993435057
745.757704597
205.266819989
616.667960736
392.160628684
704.779333027
840.734641678
928.56801565
939.518790727
379.77293469
688.98224562
229.171984079
5.97774329834
376.521331644
416.739335272
860.64279658
118.937841551
267.919529307
100.63941081
402.769358949
347.191858076
549.320850864
729.43305855
131.025903056
767.036493782
719.812640186
223.119828142
494.759855278
271.437213213
983.078198786
905.317281158
950.64462268
697.952452806
793.282312592
619.685674825
490.844656861
216.581512777
861.345083852
890.820113835
270.855913517
187.770894437
947.159185432
573.026821106
438.392292143
917.628257243
409.547115485
94.0927049575
465.355039719
755.17259707
445.439800632
646.402338148
964.43736805
18.4112892464
994.725471746
180.36827709
291.664857558
708.629947448
475.431667664
218.351195212
828.327865767
114.97260792
797.861323121
54.7876285809
210.815571423
951.83757269
334.847471139
955.859727746
698.657595044
685.849495991
17.2425145633
937.318942506
427.316509802
277.592765816
85.4156632123
74.8437454051
823.221165714
102.188677275
806.482780958
367.691623531
359.622124907
632.253410921
383.632914929
948.180474306
82.0207186616
256.222671582
536.977558686
314.906993302
801.147518157
774.926970335
965.781905585
792.452693351
21.0811627636
821.858653767
502.500781864
832.682285365
603.299464203
334.963654501
315.389451925
782.09345274
11.6733770808
589.686875162
988.125500313
228.498367017
80.8970735616
337.438640871
786.566326928
683.822915356
730.527521631
804.334553064
899.811571345
59.9908871758
275.907386327
757.78281746
4.05333306137
84.9060710609
387.236853806
87.0230770682
788.998229581
871.19641842
209.080357396
845.330799163
428.455510699
226.156307955
367.025552635
41.7623586659
3.03195121287
902.534502613
216.121223326
676.172406282
309.628276898
416.773855363
3.84264439804
539.406831771
213.05450558
121.3053365
381.920454761
202.808929764
112.409960569
491.360384116
637.004682483
467.542313932
999.799055673
865.050942093
608.418729688
423.039833689
208.28801541
27.0955647641
532.495078602
383.475357468
267.826822198
879.641944804
513.646704199
670.759535658
659.956869823
888.931261144
521.151607643
609.519871686
438.757600948
245.935317549
47.7523143408
705.064948142
298.413684291
971.949560468
179.528412256
532.366391505
299.453637239
223.401785008
739.176190202
173.685444304
367.412863986
841.010035354
909.120784734
410.279465729
636.82232286
701.394243496
894.698932952
147.543225402
428.879193749
852.081288042
178.272727302
676.844496764
148.601671704
753.752311842
770.434739777
229.172723758
601.029343664
814.446388138
0.406391365519
368.699930376
432.774513144
87.4420888363
831.071909001
212.3044958
156.784648405
607.598956978
566.763023999
263.113569946
11.9794867197
888.615085829
211.299669201
328.547119313
354.911339621
900.94571107
796.597632398
972.840829036
176.94711352
249.934541163
808.497058571
758.829189612
477.380726602
574.984186211
9.41452868411
284.825546615
497.470840581
25.90220429
154.220738906
88.9791331528
555.844889542
212.846516412
295.612340419
992.604674314
133.194499988
536.242773094
423.95730749
673.675695582
529.670200319
472.649823198
240.770472891
41.7872677194
954.709492262
448.215950207
403.432842348
293.824251495
816.896717847
40.1967747136
894.73156006
944.68472765
262.661376267
485.57855034
713.6582844
93.2487981026
561.086804431
311.981170301
729.054065095
195.139640286
514.314966121
197.534545592
887.094529206
563.177728816
910.838639627
123.58316743
685.920073496
433.282006372
594.608598197
365.912893006
575.442445641
905.626220859
461.081570774
577.538188835
485.284872513
370.623390202
41.4918122151
625.713151822
932.330515756
962.208112692
853.794015324
842.620652772
823.318378788
874.154070843
779.692970234
580.446975268
104.896846096
747.997084462
470.906384202
562.063659302
977.161724593
839.984527229
175.805545799
933.400534195
605.936926751
486.696335403
5.73433079891
437.507554188
828.851571916
854.320677797
206.291989156
951.749897823
112.443310323
653.734678644
369.878593504
759.68388415
779.503582808
446.900431925
773.908032441
36.1579769821
84.1521110632
241.657890916
908.984353293
766.913010079
415.21045781
19.43346165
642.476285747
500.981111011
699.286782096
27.5997243109
214.163455027
443.556683123
391.219322146
447.298751278
389.555799234
765.821516233
104.484272221
441.861462807
73.6371901165
975.004828774
719.837375357
435.325805849
408.560714338
285.73798887
541.611912743
311.809508621
359.067542194
875.476910137
904.233557454
707.016282197
83.4286541614
337.391108089
508.549387937
361.433578498
18.927524866
64.0437432676
808.906104317
636.93427148
981.580885743
639.039993064
586.374625983
574.643232218
908.928440945
918.691035523
741.075775893
247.666944263
383.304605961
848.476776123
602.49831163
291.628396287
986.411739758
880.368986396
385.431957924
453.78633829
763.046139677
288.228182179
776.370503952
205.508044313
45.1796452783
234.786945587
379.607934849
267.778076442
853.961010963
117.611867282
54.5536897039
100.163795271
43.5775795038
905.464828818
511.501172665
882.98662651
914.712285877
829.53763853
135.265708609
844.635236392
982.216831921
209.741221276
392.853357523
923.53134347
771.161102653
419.833813705
866.321430722
829.804808862
359.776611411
796.022361418
976.605274044
469.600175844
804.67631426
225.852493511
803.768880869
790.267901742
392.784004261
263.691206963
96.5357103423
969.945405036
903.071565021
334.021914478
332.652194257
687.663457584
649.492103646
536.814039132
460.711796499
907.094681358
339.956113874
652.066768837
341.760091715
970.820077141
631.485052478
175.89053796
774.61823848
294.969243049
933.051983965
285.557742791
333.155514916
428.96738218
180.185934595
277.213647542
912.878809989
159.690156902
916.131685279
201.778376891
474.962488854
865.725234514
618.790723049
826.156450118
595.249089984
711.489895564
892.509420551
281.196272149
532.471149965
228.553805649
617.5374181
754.607342007
441.813990656
191.885769317
261.781937847
872.034429446
679.151087741
524.684156453
86.3998786688
134.217009056
459.728056674
439.476881851
301.646705822
67.0070066162
650.322852796
245.762338469
181.915216237
948.625141851
678.815122111
615.269031059
552.06776709
689.777583188
437.978893484
332.360079864
421.316099346
20.073547126
217.808641083
919.645574755
450.968038898
874.726252595
733.885772747
755.108003915
784.563445193
65.1126207446
444.582355058
530.125758508
61.8773057934
928.666469889
292.044913124
481.812540125
774.875950024
482.435888111
815.248367367
622.603201562
78.9063539151
562.828312099
945.080785553
154.405807243
854.394162527
626.084299436
355.468024158
579.44101541
115.866094558
815.155558082
296.549103512
774.7557234
308.527451083
760.284065163
243.458390097
450.483348005
571.54823955
787.534852928
41.1423513576
620.313093312
918.71285945
23.8116914707
197.445160533
288.421984816
985.318657968
447.504464923
265.006683686
379.470273734
770.369426716
85.767542844
470.655144092
615.604049848
334.074529006
475.843850288
450.22244439
312.321004054
413.444886454
971.230941075
230.796184335
988.176312235
455.951222859
378.095412234
894.805603424
266.406646331
829.386914505
24.7071595996
711.707163859
68.6448896576
505.308618123
376.841627824
426.615171722
803.762734447
443.650723585
27.7572837283
520.766017722
639.51128811
956.760790879
282.457882678
544.713522807
488.615808678
263.376778224
155.787351476
41.5704085156
436.230263434
361.185891061
412.241120909
477.14635947
928.089084628
688.544547005
599.130481236
673.721932926
391.063583488
614.481990619
748.543757202
595.328972547
608.67079166
514.052105752
649.128673568
446.033730397
790.653779841
609.607667058
498.647311869
113.5393514
560.932961534
902.230797538
793.627142144
819.73673259
503.189984935
923.922629538
870.490877551
77.5070308061
355.01049324
555.831495873
387.716214468
878.90782411
291.916787955
989.420910316
100.615814614
788.53738868
363.43175408
623.291671389
943.982788916
186.597824661
