873.683891272
76.551305607
669.670775133
537.432461837
762.015302172
607.70609702
372.250055641
404.849595008
638.380889083
553.751539636
805.570817272
484.842722878
724.332231989
282.071875197
434.154650109
303.190865822
347.988076118
151.51597876
879.929384686
642.714384627
102.624148128
912.988809875
209.78957651
376.924042348
654.8166457
822.624378397
72.991823559
523.596166165
703.958151196
673.522609169
588.285620034
161.476988011
991.855920126
150.938603328
106.577311515
508.344224662
405.656488139
541.381079851
122.30521725
114.493159459
50.9424250537
980.610254499
478.166359621
557.019243177
951.371603278
895.04320418
992.535233622
451.204057174
246.162101943
773.080943796
606.480315482
428.278126514
180.719553809
958.277170918
839.300836048
913.761505471
542.728336435
777.494533321
503.869631719
870.413432772
924.636709751
226.230321978
779.96052106
841.157782059
994.804359395
947.058234126
565.388258272
696.913616153
561.277778479
804.71315684
109.421849473
240.721525854
347.036312116
847.340062802
886.025817574
528.259118931
796.306405375
246.994929216
111.592007864
398.968160454
998.111849391
564.255584742
679.192150295
838.572288235
999.100423061
307.693828595
590.532288762
510.183093891
913.258866311
777.461266441
924.883400035
838.693525674
659.717999415
937.18918902
44.5918738239
577.155057498
705.550170867
574.097220321
960.707371345
141.419612619
331.197586779
161.261936899
970.101322753
360.676416058
275.782618147
228.600985926
928.232980154
326.69436634
162.955278247
472.061249812
355.762810395
395.367542255
302.368339153
340.869963279
236.545496429
146.384682536
915.290639499
254.637972983
180.593862326
616.548558585
28.7789921346
765.933147248
384.564895541
76.8780035569
455.621804445
855.621258431
796.658963038
716.093180418
443.486859094
916.606349983
642.788173657
675.675042967
159.673565111
769.070907979
742.322325518
910.228165157
254.676994146
937.43801989
11.4737370209
865.873198362
868.349092996
23.4411762921
764.384217479
441.848273851
741.164403985
343.060230475
248.739266569
516.577681892
96.0734712047
836.793463599
8.40736180117
376.204786555
753.909547505
873.493572913
98.1293860567
770.248357604
329.51980879
135.286493773
531.473501393
117.569509905
211.755929299
354.573812834
493.15190402
657.322769971
150.526128925
771.611371236
957.064042224
697.521476563
382.088653538
249.025116408
58.4645725992
689.982382754
499.14573068
85.5592625751
131.785181349
987.688296998
526.127042252
500.013431098
417.973073484
532.212799591
102.459266851
521.259995116
636.802949709
202.116670025
835.40360204
155.359622368
877.935111517
780.39136546
146.982813769
780.359481214
669.63150477
633.606055235
32.1048780588
528.660964396
615.726070851
197.683985478
702.839093063
968.969864128
842.719403576
978.381560927
306.518673927
994.12025416
605.103958892
34.0437802597
389.546100064
934.674160525
422.426892647
749.915528394
366.154832581
252.656519065
100.444261898
481.258597719
909.553443468
335.063731333
464.649652615
700.195212851
110.994793634
818.944130652
794.741283185
132.462702829
828.812982144
842.134493633
87.6516895788
731.405251416
238.883046993
160.671399021
712.591332852
315.926318821
472.893517556
47.9440749173
813.643652122
40.2427373925
402.969380381
252.605797041
977.94523409
410.30432894
983.550312698
480.460849125
921.527075299
166.090609707
789.48264063
560.546939138
139.558352913
308.545054806
963.536985725
574.618774609
888.071129767
72.2816006373
190.907664028
424.606895915
751.91701714
929.469737896
87.143107019
623.386174901
834.678051486
522.899458383
149.501763807
135.346468696
39.7011598467
171.154326504
272.675182044
231.46019521
749.108156545
342.065418016
188.02055131
150.286725629
644.083793347
246.529653597
515.480988501
831.776193192
430.857680719
335.628866951
91.3521392258
854.393975269
195.077792618
684.521948758
791.847982502
920.844978347
738.871688961
12.7305689386
365.938107285
114.117792211
637.878706446
929.574279694
556.833263682
482.320995981
869.251074977
701.964348164
382.490581252
937.609180366
940.664944255
583.486481406
373.227685604
345.403282088
111.173316321
226.880567778
584.001992623
936.726065021
721.592898705
287.383171533
304.822404714
483.992646829
122.340149843
235.137517527
142.772135807
575.023643243
843.481190264
438.761060332
45.7080164078
409.780082999
476.280621888
829.336921976
92.9679246547
767.570574884
334.785989731
409.348479784
369.129780379
396.394811814
70.4490964726
793.389088358
531.95555545
740.322225233
208.927152054
317.914650007
333.822265098
875.615540473
537.645201746
556.992218242
675.162181712
281.489513856
582.941732254
23.9950867571
14.1834814435
534.588842611
451.448200735
40.2127345796
668.469043452
558.430863555
630.488666226
978.330718905
752.888528848
581.397199424
672.110683668
435.273327216
21.7607519853
65.9913885484
65.7415008511
459.351489304
616.930873531
408.861068494
836.510425205
514.612746854
35.4086105221
57.4399821319
303.967181713
862.263459994
281.028693323
930.977885761
297.306442716
153.88319489
398.283618326
398.421980517
547.123474346
111.214020754
495.408593648
279.414197741
905.221453305
250.920653563
387.322268332
463.127428559
954.086315043
915.391881132
262.757081778
979.42202009
159.976619002
174.66449455
949.865319763
594.096152772
495.911492884
579.782188816
261.6282005
649.207603376
567.717923394
508.77212349
802.131328711
279.53648735
803.020856269
771.940843279
309.226837906
33.6016716702
378.524296075
381.969735528
549.5657851
19.2077105615
196.424637827
835.612331329
59.2227996797
339.563817734
578.120768814
602.825720353
392.837931229
834.649657661
300.722829461
101.020594112
109.366765269
46.8104654851
110.730919522
481.981876557
158.366071314
938.312201897
785.48400581
272.92359166
239.560482235
648.631398474
848.169669803
869.585538209
941.87913512
440.613633293
2.17750097083
882.166841666
222.510580042
387.416296146
808.176280225
952.583113824
779.140609246
572.422208656
903.014691287
44.2390590317
185.514131769
561.952502004
902.770606657
836.379239009
228.303860225
910.506649804
952.074555404
237.681803148
306.042102479
229.457663894
944.629766005
507.927889588
440.41447976
299.448574297
949.845780305
662.109039503
415.912825012
466.715619745
317.035937918
765.552319756
827.444628392
844.802049073
752.317226801
111.932388521
821.665788174
361.826696827
640.300573726
581.949004281
805.567145312
427.929879581
62.6038460016
345.000343411
345.111413342
82.6187191093
121.657341766
986.386052604
37.0134215216
670.906087045
262.949369555
147.21054036
965.231565176
345.799857044
999.215784751
540.764831038
612.980659311
592.865306101
899.255866479
638.276434465
18.5151411141
755.548668462
817.968109754
288.155094028
419.528351079
271.544922497
474.157608
925.162320928
560.658480817
473.222904195
484.854829622
504.163549743
93.6264970598
589.477037649
345.550406585
38.8264813993
122.93429072
704.655431274
332.927542891
318.949140981
588.755501025
437.761215421
282.721507257
111.240919045
23.9262970935
483.480336145
734.831707088
327.858292586
145.377677411
808.01073688
149.479759105
490.964611776
825.094458191
919.497543448
919.659082329
209.652204532
333.610393184
958.268878265
611.962577917
100.197923968
889.545211719
58.0230747293
154.179377863
305.59768223
800.896004811
847.103307259
568.250147664
126.308004706
613.289988417
608.507621129
1.34415317939
767.65275377
282.269707162
765.226701285
69.6617813873
889.709596464
91.3489790106
734.488066316
391.153463733
239.35777852
889.743379394
433.456750472
904.422586084
324.276245922
444.48945828
735.700329202
876.248227321
928.110126421
452.072674713
768.8049345
175.366858251
283.977859443
120.117693984
711.882888567
910.59764762
519.623646956
397.114765963
338.201757428
908.21214139
772.170997526
463.913603305
832.34689817
32.3685301865
404.503570626
764.279114534
500.455473466
150.119441578
68.3374229922
352.889569997
592.737198132
314.36503363
442.766536666
562.949119948
82.8291718582
308.905289828
810.23824264
530.427050309
545.313837914
220.829173566
531.151281917
609.111172643
854.338817865
790.75492755
892.535468508
627.205133384
924.608501886
548.308297033
282.890659769
849.828873683
850.766237619
904.650254695
580.60608122
291.042806263
380.68720122
884.042201799
931.958166055
677.021261204
164.301209485
488.742735106
726.545392332
537.769128081
914.131191884
276.037154397
946.610946276
735.404549918
984.946510118
492.485945994
139.229091406
412.901818187
472.829141442
334.985729454
788.834068163
154.910493465
301.155849442
227.48726273
583.591372283
63.9825865621
768.596367425
389.946624297
874.153836635
104.656588585
474.701524182
288.1458826
73.7340051666
400.776095999
980.450039406
674.697188061
131.883043844
169.268117301
7.91261390357
583.379517841
962.769558057
828.285460881
322.392520381
522.339055979
243.951182936
194.049058839
309.747006181
41.018051615
141.928142908
323.583981694
823.088021037
136.965266597
212.428817236
243.593154793
335.840826855
143.852987121
775.218897856
461.250834965
256.002578497
903.874623482
783.280785593
702.152350512
974.351440144
522.393139725
732.417875105
759.520501754
847.072668157
370.661320716
273.209730033
435.70986914
330.965721473
502.570305719
644.728315695
271.268739354
437.687558471
80.4307701452
848.543443909
652.64190836
127.645104333
185.074563586
573.725884891
936.567940437
852.636650908
277.448305702
207.641018371
71.7783690783
33.2703818967
256.54326778
38.5696226452
247.278609358
653.540069222
995.457591157
556.041830137
463.808338493
897.903031974
940.729982651
313.940130587
914.200626729
186.545157514
57.9957343336
968.345222416
659.37881463
352.349296974
344.953531792
336.487739909
193.11772765
778.543843955
785.662754842
108.638590554
10.2611916891
572.441342712
602.251167284
386.615174759
159.307885479
502.33926471
587.213755321
184.122245791
479.568615124
859.143562865
725.130002967
33.9924983369
272.043658451
868.752630595
417.825877706
115.278196855
554.451000238
477.169782926
569.537869604
46.3843302902
112.945948863
257.582717448
273.536931922
110.010332145
186.875786231
734.694951596
662.72698802
944.563146113
291.495453402
667.02661302
761.667968908
82.0374778597
67.963060294
165.101824734
318.146054533
613.138380408
5.4032772019
104.828247065
611.899772246
315.336280416
204.736700333
434.677964243
924.253562966
933.331071566
610.660536318
957.116776397
486.462103172
727.463707251
805.827013894
747.534017213
965.271913865
327.884879734
301.58757936
241.989548646
485.937341697
186.82083209
797.801498595
803.415626744
686.167669578
170.163378099
522.484678868
707.824552177
413.551145063
711.906700146
7.24381776022
622.016153084
483.253755753
335.976018331
655.060953159
780.212198317
546.000928875
209.956812529
104.772991883
566.090065686
619.086717869
134.375234327
711.630479165
431.912092486
961.104523094
536.053860152
920.227624787
33.4055202506
859.221469502
367.324936372
46.4319903691
249.367835159
956.288105459
329.866428306
324.997730303
84.2333144474
480.755400463
862.942067851
243.360409885
651.435096347
6.877548886
596.318427966
118.27978373
324.770011491
160.209621547
754.523874693
89.9592586952
590.968796512
435.188264593
218.140474743
98.450131832
286.987605094
959.214982479
190.527235456
296.185055011
386.531049427
702.18963346
404.908799816
585.027378537
191.441641493
564.059479376
377.763311379
782.296812725
972.898219479
869.894852789
871.012457192
779.561008862
392.729318171
264.7931949
687.014112717
261.672336407
415.914942555
357.057544988
535.251543065
263.117499222
78.9563161864
511.660819755
318.518435438
251.842266516
77.6259740592
312.24295195
902.796878635
958.955101476
361.486674337
802.791820264
379.433923155
491.406328567
592.883257173
143.991417434
708.024519183
989.988006034
929.272871553
859.593477363
135.160923356
33.7909652308
914.816499515
356.754905498
904.78241329
289.843534307
104.394492112
799.334842879
787.77214955
7.5597718099
571.158642873
215.438268713
775.340549706
559.341338932
220.806857805
115.286925531
697.724828937
72.1710241552
749.420910733
577.029174617
859.64586932
241.33652958
889.525449
327.939853715
251.299745671
574.409757052
382.201500471
716.675742134
388.638928582
821.772822934
975.465226913
144.973828384
278.868119989
806.470335629
268.217905188
884.480203967
360.566328798
192.191963059
927.686165222
416.30331426
612.582054763
872.691919401
323.055358906
781.716575559
891.776547908
579.356424991
929.12424641
143.807373376
480.22858307
18.7961933531
477.239635235
432.624391363
905.974615334
358.886729106
40.5536255758
990.589138025
856.848945817
119.698754665
631.123397161
47.3252259292
748.749240978
316.89332513
259.506921465
112.535925602
543.545019817
455.92873211
60.7668978638
711.069780752
609.889304572
825.966734823
10.5423329755
445.473982424
92.3410087221
77.4678596991
884.880614314
596.899375454
291.73339969
864.079641854
39.9744641497
82.5163607079
920.044279603
176.494215767
830.351278587
561.484398259
106.096224678
824.373156631
3.50223254157
295.406113449
153.83934984
753.147439117
256.456986959
134.1417546
264.698528613
172.266359238
541.947900696
351.140162401
998.288270721
27.4682609087
584.629424859
328.517169235
166.355814305
675.164979263
246.820361238
617.805030854
4.87193322887
738.562499841
885.397975689
504.738462073
404.263945461
280.68302529
217.186369189
585.451354738
868.930148868
649.636896696
807.728437545
658.457085306
357.01615814
797.724089128
990.89433128
890.32253809
900.799253164
295.451148557
529.208052328
235.231125411
585.538243647
292.277348006
981.999372203
913.794459544
915.737763019
312.989477082
846.166813874
277.570858459
332.628431295
141.09929301
110.059845199
453.450278367
715.985838088
591.879119801
696.23306448
624.447205515
305.381721798
949.016588846
300.828258786
909.302202495
27.9283438524
36.5598901295
825.487080831
56.4854174791
542.537287063
896.185629844
470.679641383
577.840477167
456.476040696
235.183809273
175.157639369
161.263757007
47.8609617603
