391.66463546
2.62087476252
316.849474633
545.144488368
542.068479534
21.5436850741
491.519977405
759.387067393
660.671561993
758.329989594
923.052005877
254.332709558
879.641662651
500.037366304
885.486689856
942.377450962
904.881593635
245.533980608
607.895156324
67.425003305
440.676729099
688.223536394
389.087563339
988.438721011
172.354603664
150.953461396
233.948416491
487.629780066
722.027018949
667.976538371
41.2511649005
821.071636842
865.085505515
294.909729252
252.034325931
186.125003696
518.20304546
349.730661926
253.070725933
716.716312414
264.33544533
37.5499873586
283.552253039
34.5109260087
860.47404723
44.4050444389
729.945769889
873.31101834
246.835416352
576.749365502
330.08922525
688.599653142
320.570030803
308.393012892
810.049429633
905.65150493
635.644445915
165.700735034
391.799165881
603.861476976
443.844832103
954.408382452
102.282256225
146.83878497
394.711535643
692.494004873
438.400117146
682.690678196
282.999334562
349.717333841
60.1171212253
674.238341548
761.704372724
275.423063056
723.009142681
522.900299464
313.813186805
9.27319337322
740.525570735
208.780135845
674.300144376
135.819204619
693.014827775
711.666003259
428.498175833
615.741024286
16.2186876244
414.3423152
39.3096936481
836.921451848
216.553214305
294.768057665
623.053618391
323.613563073
684.840294508
528.039511085
280.199435554
11.8100655588
755.925454694
620.548965553
194.92766776
586.9522559
720.961334865
954.02318177
796.160362638
280.363900287
497.42753547
887.332705221
529.594698466
825.83361847
416.569563586
980.134767589
388.33037424
815.995821939
321.287574449
398.780038529
993.363596098
430.285426133
292.159924123
800.870985658
620.731341457
417.607755081
631.709380103
812.648286767
967.017301918
956.77586356
471.13524232
236.519231483
764.542937749
714.785417902
206.732423043
181.337155699
509.425297584
262.191270011
992.998319159
391.975064067
212.807235341
143.092380735
400.169471696
802.993626177
827.036161831
445.237969431
536.243399925
283.633185828
743.540157512
130.093179322
812.642619049
269.035529248
411.55669245
979.917748144
300.800401741
842.66487364
10.650461981
397.561804374
227.701614275
58.1647028994
889.362892457
973.681402384
664.30344401
646.908069748
202.51965912
35.9555923512
546.38144452
261.996539817
687.079562873
442.567372034
986.39286038
21.563953128
699.948697006
175.226861803
882.972824867
546.479112273
759.453331328
723.403347712
164.16264568
496.964536012
80.8142436248
104.01478985
232.505892915
630.098743634
539.391875736
227.491864259
167.056221665
370.61223266
794.258982032
176.548304055
872.932521106
127.635170233
964.849569409
998.989711474
90.1451422701
608.937878481
73.5031678163
249.506429543
617.371525507
606.066033075
974.206405624
928.248786184
247.694035421
949.905547468
869.694969155
548.04897333
641.866126325
994.371838263
675.02879648
11.3982963787
166.604218658
353.67965475
7.51606399633
127.125022668
209.803229477
412.044295446
381.203251941
243.458395922
869.871351045
827.745027303
603.602776839
968.225485026
508.498504453
594.123577715
458.236692293
43.8587459385
905.938798825
582.813852045
316.397700361
415.1990531
210.558211698
257.522945638
822.327821741
677.091571544
59.7881382409
740.991932345
918.580033594
407.716772563
518.607786526
846.423556083
531.962843808
286.248191581
718.687941989
266.05540618
170.596567908
169.76887031
857.045130805
861.77738475
325.74616643
404.943527504
389.066805009
703.981936845
442.72775402
759.2765949
61.2296881253
959.177388655
819.394787489
390.360537264
66.3443813182
292.539953361
15.2570636803
509.146563716
187.42635567
710.490676493
421.4558129
344.142921437
914.912962096
673.772911237
248.781945777
911.360375586
894.682462497
866.128626306
679.970061848
987.036423249
246.05627338
404.834929132
593.652690105
839.03458827
402.515168921
611.27228854
846.074159846
967.86157876
392.527147655
1000.23573475
528.418664443
778.635638036
225.463990448
735.063351805
71.843680343
756.059853966
934.656970588
380.741520618
617.104370625
741.866423697
360.34782732
545.735852712
575.909436754
858.588888211
733.780628636
922.938231998
321.277074213
205.01405538
205.553766765
705.944117659
841.383760657
360.851931745
359.400278836
582.434941118
414.251231529
133.454332352
677.08914357
427.470178408
947.396411497
166.943063494
652.153400921
757.944827882
656.863038753
783.326248331
517.008876629
872.13596133
793.879057416
979.893077676
544.587274961
568.399672812
88.9615864945
879.435165212
486.823221069
209.573844041
802.712424966
78.3647833881
194.485200467
89.4341853086
123.627790537
735.197852005
629.000912515
568.172237505
455.171700614
780.406158548
412.475146336
461.137860009
791.313882287
946.448755289
44.5266219518
193.634420544
81.4991744401
654.254889898
464.825642306
452.581238978
848.137429056
655.538078221
219.998364319
425.181913237
776.629430116
726.234470476
458.368958403
577.584963243
572.779197461
615.417017597
57.3600347493
222.772016291
231.023082095
827.966858378
210.401417546
386.678255214
79.0612062684
77.2864093984
842.560804828
603.850559424
440.500032214
980.149604552
937.874688964
593.563196459
450.969401935
310.408749146
72.4772973011
738.560493091
749.971575173
136.871129063
102.521633654
490.827920554
628.774490903
712.450631546
577.040284935
237.209866856
531.151349235
46.9465063508
171.456604055
278.928597109
59.1201103607
979.505245099
317.812154641
493.847400001
595.709847067
301.917037571
323.007014957
577.88929467
338.175882239
956.848253035
950.080690211
328.505523498
788.676114105
40.6486977544
103.809453507
196.879830874
994.125695004
99.5452519252
421.865717329
547.997893776
381.583210421
599.810678549
653.210539723
774.038410558
32.6343176153
374.598040376
111.943297934
209.730739285
896.990997521
247.359028936
612.141732738
749.270432028
97.301202863
227.311206545
250.299971575
443.32141289
26.2125535875
198.120214547
639.68425722
544.028227822
906.665591011
325.416748308
643.590823223
580.391854016
496.112448476
431.68977119
496.329895438
471.034146841
585.923982355
136.947664508
645.199402395
584.165699311
601.766577695
936.957579137
767.597289621
248.557946342
901.048052613
305.63893201
237.036342779
867.365824434
402.181462096
212.129310065
776.506710266
74.2006425214
727.011192978
636.314197918
865.829702398
470.776325789
539.648901831
173.861952257
605.433770276
548.926575239
867.301214115
234.532174041
324.590829993
198.26609048
399.5665188
202.787404102
181.153293672
900.030579272
83.2042668558
295.070768997
681.339646645
607.161622962
378.645025213
695.762938466
69.0746527288
970.870058121
398.77014343
861.685222151
930.46516281
488.291010052
170.754938507
389.369258698
917.289915563
934.405738524
725.534163733
769.788949847
150.770858992
583.349815848
83.7578635157
991.564179431
375.60550076
253.02554065
164.960379392
641.876917375
444.597102346
729.498978703
605.112601508
476.545567341
645.563355047
214.392692784
640.797389752
242.956934202
327.568605896
303.993240218
344.706489268
425.891793753
118.269725387
427.654076694
438.596701205
175.069737262
699.949948469
710.757449059
242.908963705
381.576316985
656.314696867
146.214610099
683.940689579
63.1884135998
797.618118772
280.111970132
291.438633257
64.0736688244
781.078812473
958.11470166
249.194059159
46.9290901372
73.5310610926
106.593824552
532.623652634
807.618285924
913.035796844
934.102162448
513.161561183
297.400777909
369.156172317
64.7842308321
866.101046186
799.629389745
526.161849865
45.2002268746
932.022416072
490.006213797
244.967393429
776.926120056
905.881234511
790.485178642
47.6542828955
984.722940996
180.236001147
605.024913982
956.197108022
517.26360858
22.4744519691
238.340725458
133.523160934
386.547764949
915.698617404
67.0583835634
675.737853884
806.895864989
432.669855076
99.8170563962
69.1449450831
347.074041392
314.485383573
653.659404552
411.589053411
795.090851989
854.844348191
468.285543977
380.626515763
623.943634435
956.589694471
776.734057681
357.593788764
887.080271547
686.809533087
984.676791242
117.221736059
440.220628774
822.348244335
755.225119106
497.822882391
191.510032455
861.417058845
716.660276513
748.80521707
817.728226137
152.486093807
658.711411384
738.010030852
678.356234125
672.834261294
747.776736922
539.890393746
390.360392312
152.15123965
795.333189352
446.938912369
81.7392518263
318.949390561
110.886660933
523.401936912
688.68136432
971.943646479
234.719020129
141.364712949
156.268017857
577.329948957
227.246622844
279.840064442
43.4885231358
17.3978797608
586.154016634
113.07883403
569.517276773
462.350017195
711.062640685
604.080141414
739.218715266
875.043548208
451.754090716
716.450980411
754.500175217
412.633775389
424.640509773
470.644574706
512.701090093
728.434824436
428.733472146
265.366634924
760.693717531
894.568976031
253.882866221
12.9579506137
107.999746261
547.439182333
757.027570483
808.137353687
657.509746457
945.493797835
399.384365229
287.988491862
942.717403209
892.086053214
1000.59789233
483.28675501
770.822900418
309.332753624
275.912744004
235.595218722
530.969126194
99.8770368941
832.566404218
508.527756633
104.575528937
809.806177984
307.057440084
617.635265921
369.675842481
723.080906633
809.119043963
685.966338053
869.644570935
569.114246037
872.770213811
479.596326851
53.0165808889
448.907932959
294.066555564
436.367158677
231.326201357
903.565923166
137.15769412
720.757709262
442.955731675
830.653711371
211.487019892
320.259211479
268.686008084
947.066447956
30.2041432601
73.3522048606
455.602294733
681.571350921
975.719323166
743.449906016
220.376257565
955.89106331
33.1699865805
970.582483691
336.187591823
757.158566479
823.516839228
459.386454829
287.349583441
555.533170442
810.65213973
5.5355032705
521.416634103
200.892807516
756.03644239
148.084769026
166.785987275
593.036609144
288.591728117
152.076834815
466.782897486
427.156390593
982.483075998
120.790283203
587.200896754
589.224040298
40.9790670731
324.578688023
693.128602842
551.794324318
621.929171771
58.2212571151
79.8367118851
288.197437017
240.755296371
210.309344298
662.827131303
918.849419392
741.103790746
774.103321849
637.11621366
289.901617159
230.378385914
922.898545359
319.480791898
183.360587619
813.728446568
371.16130881
909.943731884
773.488780676
719.24381565
703.760931612
641.091621657
422.50302335
442.280461831
616.419299537
451.321513099
542.282264776
738.313248334
673.927976478
92.3701154839
757.021102739
963.356038705
744.288403363
326.973211516
467.001071492
590.905513206
916.224986404
236.337198069
805.46433183
149.222080321
517.675476189
361.273895588
210.0801065
417.188686564
491.63773158
957.540956034
175.851169033
645.195189464
957.922754357
666.662726707
270.657551564
646.550490011
993.872923748
473.198930744
117.221864831
656.757814649
203.073776095
791.527649526
587.427860708
491.185341411
261.026009518
969.044598178
616.556038443
397.266448589
843.464966914
871.870424594
464.202635381
645.078745729
257.460142366
332.393841037
15.4054851768
398.496198598
332.32913123
961.340475565
448.016200401
389.259692031
490.515895464
681.380269064
412.252306266
496.581714326
497.827465115
970.022221122
745.542929568
952.548735873
36.0938929753
344.278799406
846.486386788
656.278226326
456.075918389
451.305710201
286.564596884
306.10571126
376.128579653
304.052080157
972.770037936
120.936536419
54.955439916
0.985493474566
409.196747894
196.598628474
812.148676655
809.69383337
16.3880101028
320.170769563
745.098273827
489.802223944
919.166308696
340.029963104
83.5129990919
186.929133763
681.225567278
695.113775998
588.429518107
86.3408362637
522.973009904
947.669346979
136.28382243
260.176915354
348.677741636
277.317962852
52.9361410615
226.215768426
967.26913353
286.03575462
663.255405494
808.541701203
137.475733654
315.324113211
93.2222266125
887.203221229
215.594671023
36.5243861388
953.933433925
547.49891188
705.758266729
851.626611344
811.384627177
637.668839325
297.570755641
566.901276287
969.027989316
640.572141258
631.478045633
142.48643123
91.0816250994
886.602225825
272.17111549
594.605247064
981.143211528
986.366416848
873.040384828
878.756520023
109.569292145
506.440575224
485.782130749
842.14064359
249.948829526
303.275121514
726.060261457
715.360281719
820.085496956
107.748155165
859.83831249
90.0710752793
348.484095075
20.5693307199
753.621753946
783.601346128
368.372763078
304.277399997
471.762605646
997.576859335
611.382555674
929.659257597
715.80636762
910.350249137
306.494991327
469.800131003
741.504620089
68.8165623501
991.156217142
678.473218132
146.117097978
58.3994987321
836.925399667
768.883241952
921.602709316
344.692429199
384.740127319
365.117073546
261.935905188
900.279855536
441.246925669
290.547465816
918.564516579
453.634403585
859.452410687
528.212884208
189.618646086
974.500908484
214.032882564
553.265600832
73.2959046639
881.345271126
784.606814198
805.283889555
92.8431400231
533.337809652
702.54699416
102.072473887
363.879682002
761.442270001
800.222126184
762.754862501
977.388405414
400.559523413
78.4647397127
585.927062886
652.046690191
781.698813809
809.39607586
1.99235212288
328.557141382
85.242769802
242.73691303
584.166479388
898.912731465
621.947720967
41.967788927
482.219185215
142.521082585
969.510180151
367.424313872
987.709438909
35.8848736795
802.910573052
636.184182164
662.898506255
867.836922966
906.868112469
563.383952462
18.2634730011
840.092437833
919.702714948
227.387125413
317.584175545
949.345160324
58.8724866403
919.327632213
779.950143864
575.006666167
764.642914717
363.3028988
652.286491803
64.3364230111
724.022404555
572.862354679
421.813988646
427.431936207
788.535896124
679.513665768
422.268164477
745.443712202
981.917770942
343.536782772
923.506171456
294.191869121
364.28676143
697.617434931
234.30043096
131.718852602
219.457138946
800.512787873
104.749306866
334.709336178
491.179502882
651.193037976
324.62848254
824.813002958
812.016448901
708.801645559
362.770493674
403.811198882
681.339749323
261.14002194
82.6573785836
