823.812717732
570.004943694
556.89405637
614.062718463
723.279267672
589.413941882
938.446902286
934.823739652
508.116421052
220.389858995
75.5965440997
81.2903801519
343.59993698
208.657208556
329.979566872
447.197938944
765.362269034
488.503513162
350.034617143
190.011256532
262.754574111
165.375288513
155.665585708
123.467101175
920.035951794
38.8097267518
958.779877425
947.313849334
498.453481012
40.8037328924
304.567763
103.28479676
761.412608243
685.35299755
434.102669802
305.394960866
418.918227846
974.094417061
183.9777407
807.952169123
262.135730963
412.981855998
730.155007403
378.0525501
275.651898877
272.30552315
954.644067619
986.26644456
342.127889256
99.0677071667
627.959241109
258.19618722
585.800273844
750.435417841
93.583934595
942.216457948
440.528205098
109.607373423
774.499561929
142.290893661
682.755054765
797.010862
916.845416754
135.146288082
678.351242249
225.024143977
678.329489434
23.6760218295
990.932478682
476.846058993
575.222282955
907.016448123
184.023152333
273.207267386
855.148255783
648.721568994
162.884444216
277.949077328
603.48322585
425.422631332
315.487358283
123.42608417
291.744460222
399.433922702
304.982682772
143.338545379
757.992126285
10.9709119764
208.693120802
318.011004847
703.606798489
378.331442872
72.3109025993
993.248617901
792.56401913
683.239384664
746.308432742
730.354449581
654.289363578
39.7925060498
353.920243654
699.209012253
205.858931056
134.566982932
32.169397766
501.057517339
878.171046619
243.546162279
750.670342019
899.342482889
758.432700379
915.030877762
503.013041143
483.384037866
810.672610401
868.057505358
987.461917562
84.6928481345
754.738467533
564.2300499
576.771496844
981.688509546
455.280065134
783.268796777
439.618810916
242.452709764
283.642230305
712.469664496
761.566172419
720.885595876
251.669608306
916.300197526
343.192688866
783.187171139
607.910655867
462.466705929
988.21361189
532.330452061
708.330907272
385.34327505
590.541173262
265.300737896
477.304642413
220.579607124
76.4643551786
351.672428285
751.994421403
111.191152121
977.715536111
818.149722252
285.680377896
330.506942603
870.723184397
789.462088487
281.61334478
201.641811499
673.315144121
610.8611654
580.639035133
276.752521365
605.935405462
978.868244545
366.586723512
971.397140428
302.790704033
562.419839205
748.031932008
880.491422037
503.121485164
541.205204462
985.30874032
556.730438391
921.560032196
564.146970372
818.882974166
289.243226098
590.339479667
809.354965824
937.229095906
632.895210329
97.1664598112
68.2079876192
118.586521154
499.101035695
392.418960263
934.800998785
736.53309287
358.457203123
341.655812203
425.687217245
895.856637774
128.198314693
963.724420966
155.885674493
625.515406456
791.67558058
833.114501284
125.29532331
984.501708891
225.558111184
596.838603762
165.420438847
678.958268506
277.192995234
177.008248172
154.115879982
684.284287935
653.386908438
406.842162182
311.617085597
556.782164656
113.683142008
819.917271548
764.821962787
740.976869539
616.162698303
614.7746044
662.228791036
700.097949021
50.6590843306
138.817837161
996.385917117
62.6313540873
341.312628353
311.074393389
363.391764971
323.792827397
534.008852214
103.205874679
2.94781838636
297.419587089
911.854433314
836.292394369
144.525145223
949.780095329
594.679820019
7.70423205966
556.920406082
287.856370286
102.536428003
703.916786373
737.148394184
856.168203209
961.243237265
472.438577161
36.9694473464
583.101970825
153.58290509
311.729280032
836.463329097
987.103473027
606.502378683
534.807846892
1.1154527754
926.206123297
177.81426618
140.810012153
619.354195936
929.338276407
818.315763028
913.045369628
814.040215401
386.319292879
146.689576029
783.052936942
266.040507295
4.01618142767
442.692761224
823.194663623
940.876182507
107.315802781
448.96020487
286.083951066
872.219201007
516.27775074
652.903946251
607.626882436
62.9891297878
287.930864494
220.054464951
742.945303486
195.215459861
320.184379176
149.481428656
963.594535996
743.094439083
542.441200598
260.155415406
395.486333935
29.0107016856
846.621430227
738.014746732
845.21285844
137.610193007
730.4773598
131.346492012
347.767950046
362.442342837
275.309639801
292.65870342
883.33215593
523.30301708
554.027945766
380.199811252
628.640522439
883.694660581
280.876993117
415.693576112
370.219121469
512.100611631
1000.04210976
588.082673924
613.714026032
789.966244715
6.32114470761
653.882823434
177.01739738
287.691075908
640.765942924
414.817293096
515.793299737
279.100189677
437.629774481
603.840539106
549.481705838
493.647760998
654.59198912
586.667020937
509.545381703
804.234220236
36.1138275282
823.728576793
747.77330726
131.943116295
31.1562685695
219.033757199
23.7481762205
216.594325663
185.733114831
812.441596482
228.159824698
343.200699288
522.619026612
263.805315155
582.316663841
553.313302285
560.757774749
909.294096309
202.413166104
978.508367793
637.884055611
20.1501389164
498.381404028
870.18244935
128.178841896
457.560912779
730.865101109
870.772004606
241.19061125
889.761005093
455.984596969
553.962878848
578.663853819
433.936399538
277.444379993
311.196595578
673.911661924
76.4027321054
459.362650857
463.950135347
326.598379177
593.868284582
743.740648643
944.163840444
872.547778159
492.779686759
856.933194599
193.110569989
932.021874753
725.361300331
654.797110299
499.603248337
915.377952457
889.316355738
540.374454343
656.626659841
539.416638239
978.562282034
410.588386746
864.287034077
40.0037159746
834.02206629
853.839152751
15.69798845
380.312243381
299.419561548
38.7381859664
481.548685131
902.759563683
146.905576817
552.072481634
438.278786697
496.254341907
124.704672194
164.798444874
936.335992004
494.754870692
827.413124878
719.906669355
506.384333479
669.920383204
416.775813758
543.447610157
492.771714005
554.484070123
993.670217237
92.4356463814
864.42739697
857.097502566
804.460381691
528.596691644
871.309077941
998.992056552
870.572751869
615.727471265
800.604656934
407.070017498
407.295786087
323.603769277
111.96925792
619.353912011
206.969179463
725.281937549
144.832243304
286.792984009
391.260485593
759.014906688
409.836276015
372.184985294
782.664496529
613.432822238
664.332836154
39.5873743747
652.483958615
90.126930981
514.984999078
289.626008315
523.877195415
15.8128026461
388.765708728
549.261983842
757.164570132
15.3848268404
437.884259474
682.403701215
866.406551868
280.097089178
618.343344999
321.736478453
38.1936063151
226.274495907
9.64570867146
702.695039667
185.188749275
941.411910447
320.352530674
276.246451371
672.120268892
657.011942487
859.457668913
326.274657572
295.873510469
843.392088897
596.347095608
509.222037771
310.556170648
9.59540032551
288.606999251
675.100755777
166.382707301
149.545920453
909.134956532
18.543314842
544.180790192
16.3845637359
602.564012287
178.529168812
188.596992037
463.105034
722.201124065
289.298245665
402.34247847
118.490081578
426.675435273
794.516945484
554.870765629
173.008128112
790.111104996
83.5446585609
765.454955067
526.193500443
572.028452878
850.653811708
67.0868330886
973.310482384
730.72200151
296.232374679
836.610241996
59.1063288171
263.847042501
657.650254619
873.629580205
586.127117604
706.366209204
250.307143737
185.50690706
502.003288764
258.455714747
573.222055992
169.081897208
251.276624476
750.560442449
653.694172008
583.643554112
709.958636899
668.339913355
377.376776548
28.9123579145
392.4014828
634.595114154
143.096119541
821.720061948
756.079199396
964.111645863
343.576764155
718.957923486
478.786155304
623.258831296
406.456042142
1.26713572091
270.070609106
546.063406724
296.341168575
436.518833876
289.103481875
857.333619763
741.843477105
334.449633794
614.386917354
347.177876557
759.601011751
708.847553188
792.985807752
55.575993799
136.399205388
605.033445159
338.20151218
676.123815486
256.763537513
919.029100038
910.834567042
848.817222189
599.814200824
484.699780489
244.489211742
277.604383533
203.501708963
370.897884199
23.0923945927
813.617784233
841.278869789
24.2861916412
698.946260087
340.862616782
842.979885456
700.691663668
136.077113413
224.770572551
406.077378252
903.921840559
891.130615497
905.585050554
415.552280115
769.189839908
459.689381234
274.05995154
84.2403224716
617.282945448
869.701825641
925.882008721
131.021318391
752.798635279
959.664095039
758.054374271
366.615660725
309.555790367
774.177928836
870.916067177
250.085265145
60.3181741177
431.289931915
632.441378612
999.995832582
286.551465239
619.558024058
725.662283701
772.940579538
205.020233795
7.14790727786
497.454402989
963.452227267
418.991180392
362.854845389
500.353123283
330.718203902
773.351919606
178.682775971
753.508062336
992.249550227
22.4040574298
920.479757591
548.739596651
163.600616771
244.140268841
984.400381379
415.443139278
733.384404513
617.436814138
397.199108685
680.792339301
140.011478771
462.858299927
439.884984103
807.491808868
94.5128155305
290.258607571
751.668763002
437.267335183
883.120931653
445.365379901
821.695666151
524.8810166
291.145258424
865.867786888
969.842208444
850.112231267
337.294652372
644.588901291
781.763514535
133.728615305
898.383003825
506.626506787
104.336274969
466.318131858
164.403179382
720.765637637
638.043284532
953.320141696
418.305328765
982.536206591
649.564798472
659.916458431
123.770768525
882.661591443
731.808191079
575.887750595
211.676069763
307.183219108
20.44350587
216.98772667
851.363809036
120.037416871
286.494465286
675.497156384
123.794547119
834.048731793
525.863298436
33.2323228252
696.343698276
294.917644591
124.56478331
5.76713700526
740.179771177
481.43903458
496.689388217
113.564297646
686.620175052
55.41071373
965.857267938
404.854934264
105.829421759
371.025001133
623.342097563
817.909126594
71.4984391225
647.825284467
3.88850757105
731.335738627
897.924630891
594.7342096
470.284437661
503.243286529
903.892191474
747.975426275
618.862902722
316.064206454
492.622365218
337.642088909
937.21600338
231.302779575
314.610844301
834.984069068
309.667900591
94.6584416166
671.416957071
658.31922081
377.222000145
685.144534764
160.417389311
906.295375525
929.883620054
474.158418734
570.640990142
439.506846164
902.632678794
264.945263986
174.059233045
127.363071338
242.33112471
631.67783587
762.806849542
164.057333264
258.653154953
447.970089756
949.74308509
841.367044445
44.3999828621
701.603844978
254.127485127
400.180971234
929.10298136
617.248407338
695.17551551
279.605235057
840.30078768
977.026287846
935.921381362
298.354643493
106.770021137
301.38029567
571.624596393
786.588415026
572.496448175
500.614701683
766.359949499
591.354746488
544.840381713
258.494602456
101.391956958
803.955220651
447.707611108
963.932682605
80.3074923216
468.407964501
52.4351953499
777.15558092
833.979306179
536.895371831
722.445040646
108.057637752
498.60191744
70.5224254437
860.470427613
955.240124397
37.9376456565
638.276289295
237.734077043
787.765730911
266.765552784
978.438654979
61.8756214423
129.548641321
84.6372901341
133.798075721
298.066950191
81.7904474762
750.238129879
320.809746712
247.638586357
395.030760948
53.4646769041
579.513199696
926.323415888
25.7578809245
457.010728519
355.034038178
260.926823746
273.733770987
130.37394716
924.019824846
183.556268878
352.76715497
706.0128757
192.256535922
561.40643191
509.593453895
613.908152917
30.3014503786
496.561874353
483.300386685
555.372717147
632.734164719
516.692259842
821.102241439
302.574366757
751.410491314
875.192489901
869.467998558
626.80005735
126.160272951
497.885282324
923.759535456
99.1876239944
768.255848613
678.917640674
12.4877357336
888.423319136
997.339487076
222.224248475
703.744821625
441.016699656
471.238643954
943.879222387
579.244499762
749.090764259
546.506795031
765.434559353
773.618434423
466.614532413
615.399637003
606.201603366
782.987189077
787.330396473
111.682369154
181.769414141
552.544817677
519.51337968
399.124836863
567.600234454
592.989744285
362.885525349
28.8217456504
565.651802686
974.339601729
201.896119643
221.942754587
94.4537951987
207.598665231
392.272555127
692.361080348
310.592139584
392.264839963
702.086953526
53.5840007108
74.7527593033
146.545656419
938.131722611
272.628388124
149.026482137
770.838835329
444.11872382
825.024353974
335.117642562
194.374508818
659.901524698
911.844633083
644.505892182
27.8088855251
743.390134965
312.707346554
498.962647294
740.270695035
888.76009201
28.6010258413
852.794690179
489.454933909
526.618641456
444.051096767
641.233849386
873.081466863
249.042283849
522.97523555
635.763787262
180.131424334
48.320805909
594.834096334
604.273528836
779.81666428
992.331874027
204.559222492
214.912785541
838.060013091
139.765115311
282.764052262
211.550524059
308.424047771
981.788782481
401.120942686
284.30614212
77.0878312597
664.426193493
534.007828901
247.559191961
318.684962851
532.654555254
405.219104639
761.9262753
884.607294557
208.288080532
547.971611083
577.301298789
334.443938864
483.804618974
311.1328923
203.166784583
992.06784529
37.16963711
434.376636805
276.759568873
60.6068651132
805.2697864
935.03668056
727.904407807
677.98447284
734.784183867
940.43167091
570.306532087
400.287389345
754.06830793
778.933639374
967.37730079
492.912455885
435.713711379
259.318020248
603.036764504
402.329818815
775.677501226
351.509089343
33.6600068574
708.729943026
743.32413805
697.246124634
263.991452646
578.553835661
861.3385053
867.191437989
715.380387959
20.8849264235
482.628661739
660.112127963
890.111127436
339.989407913
394.11435147
248.388184899
969.421720143
825.477642784
352.640931029
719.879546066
120.230171762
745.706613448
288.561976713
992.731884171
184.453664491
195.435947684
754.951921604
976.346845726
966.415080171
444.327728737
605.584695963
577.556207077
95.6505418151
431.873226319
707.896448417
150.468358435
391.952262028
409.160236232
698.276534596
267.646590108
155.628364939
246.093506499
613.765554196
334.010910414
689.010341392
938.318379984
569.2280837
593.038860509
778.16081368
439.831468733
373.007593653
734.854819408
