434.426490446
135.40484782
231.152697263
600.751146652
340.833443147
989.96487303
184.17118876
967.543004207
716.523827856
115.886797622
686.866789214
688.443534481
725.531354467
351.947391137
694.440187661
348.324270033
74.6373422446
790.435199414
404.247251641
757.859112337
242.953036327
314.248350966
883.577393512
957.138356732
360.617545236
41.0478806773
327.329276669
260.808274357
963.4616294
971.206436242
855.602263445
67.4356560615
348.861272193
904.526455981
517.847045009
693.956861376
861.790561893
346.507263936
137.936579472
238.668713089
293.762274652
108.086803084
982.248424937
474.448430327
627.299543474
393.681166762
695.296354395
485.091981601
643.716301926
473.210497757
228.803989385
809.282465
371.638987349
23.0777517259
578.464201771
841.748022657
61.982008716
473.785699039
11.6866480975
507.484032543
953.356742405
275.076617695
27.7797071925
918.386207603
967.203634509
634.91125878
984.236118806
26.3067111227
10.9887695017
480.649793874
329.509542664
227.960160467
135.10971016
567.573730001
755.927674555
596.619269203
920.639905035
650.558051367
558.070753069
912.227767421
815.683951237
82.8645479778
746.89593857
775.045136941
749.428921282
616.391979829
667.471415289
765.20875011
634.959898147
517.438232606
321.631229338
525.674989309
524.724697497
944.693214008
268.313304819
798.085343252
761.675283422
693.788366679
683.06346126
209.031736117
117.746538235
693.732002113
670.552850224
585.770759292
530.155986411
739.039968236
384.187591578
971.702685449
168.680873164
480.905512622
231.815727347
8.53314617882
412.788101016
561.518573305
920.86267081
433.0925013
58.7609064533
398.083838278
384.70441663
813.175656748
312.376727636
839.206982699
487.860852926
117.531217115
589.374010805
477.887391983
22.291871871
11.7285340052
346.10654427
931.335166411
327.170133455
718.004789102
76.193114764
883.133774242
742.08457269
462.935383744
616.032656688
852.219369325
655.277188712
71.3702241965
733.654766509
929.700135914
798.382828613
670.368325525
888.761458326
359.834119956
551.67928763
62.9665432295
684.967730652
864.145531734
241.129526736
177.07874657
110.79945629
71.529819076
749.527450852
465.138381432
271.558193833
548.142609289
174.421846303
287.543803748
9.63962703814
318.26444625
544.129276342
185.167605046
718.450308732
746.960967988
709.874117417
660.557320077
391.638717145
927.198072327
610.025895911
315.129830921
15.8176844034
306.118264416
160.091012999
412.934995275
285.298168803
921.596103659
405.889277478
563.66103297
255.792899
220.966477788
562.270757701
111.943042441
648.255936661
593.091436645
711.989847882
393.755762717
861.952628528
290.108419426
142.61984966
597.578813367
367.308413833
272.975695359
320.38587532
118.3661772
850.395719537
140.919309928
452.069596447
726.343157869
708.901664863
693.883562487
550.495777051
360.745664769
254.04497347
311.882557003
893.593333776
226.261083692
973.422886754
483.888069101
848.460146043
492.216912355
398.236887967
55.7718850279
207.345645533
963.552884203
476.990601314
503.472832972
448.208976257
994.209253113
71.6827419089
469.727059067
296.070451952
403.990191839
762.800845038
493.7361624
235.800272247
261.87603647
74.0537255219
332.494630047
937.169973304
537.951206796
445.132202679
812.406281318
19.8405013383
500.222926875
231.114057718
662.270278323
26.5595472284
752.626519894
969.018312202
440.013676183
243.457297425
4.27443694291
439.388097885
40.735532319
533.47243107
708.173677459
119.582826053
137.932994682
144.10312586
196.171342419
561.674388554
552.398294544
281.127566819
523.331557661
140.981568902
833.536956542
682.930900179
58.4237028042
757.335735318
104.558115459
668.664518679
842.65252769
397.248375395
540.937815436
885.898061553
509.762643133
63.0748821809
568.489817354
169.241564662
64.2962606728
960.196683751
859.288383266
703.776314283
488.911142139
858.349129214
847.37243162
463.499182921
444.663232
70.7607872478
903.697558839
853.56773986
238.391210155
226.930657356
259.783812723
575.057020677
792.059572268
127.062892932
56.0954211111
354.497094987
357.98335753
289.60706455
130.391197555
361.70915791
471.159206383
569.070874279
525.004468041
487.973674752
878.581101279
53.1894547998
856.119289804
437.830271198
246.638186935
71.3419644004
402.534289338
80.4691579078
387.476510939
262.224807965
897.002064316
900.223550996
446.634971649
476.802908802
760.80234896
678.908970675
387.694722991
847.727864411
230.672952413
291.149403697
95.034115382
615.75879378
513.449698923
263.070932934
317.469292032
365.618245895
891.239588907
254.9996255
185.867659366
10.0108109705
232.649643359
920.262149962
16.4573556323
21.3780769608
428.025179233
254.828567748
862.575235595
804.079786395
376.3044056
915.844069059
546.877789228
782.2178814
400.427081919
544.952685989
650.469079581
124.28068081
44.6646723893
201.44411766
765.211774996
281.724158284
562.720498515
469.301370126
463.098697837
450.955628187
219.400699207
457.976450681
432.716020395
690.059065913
630.34434643
624.233508818
872.29141883
476.377804447
99.8518249224
909.771015109
343.321023296
727.451128315
250.955342272
771.437097928
683.43081898
998.596233393
845.474372767
521.424584166
324.406017552
644.701195063
26.1256623922
262.200919183
655.938531801
563.244290735
558.38189294
13.5360815209
894.943974548
438.902900591
510.572812968
481.196825234
586.379795268
732.156403044
693.770312653
168.492579372
39.8049530551
238.98194627
216.49913234
977.51618396
731.876668458
687.330629329
228.684881311
636.334183141
849.147914314
99.6698848683
777.198955723
154.598168372
639.610097681
692.947911937
205.689676204
697.854119932
189.346788857
452.020289149
948.30476487
815.543765253
734.108785319
606.227277241
230.947182517
410.643948331
158.02320393
121.28313392
895.539603044
386.04185616
195.115979503
951.638959152
677.099487441
678.829776024
688.616507296
394.006629439
216.93502179
977.915957139
667.15849712
468.243204125
5.09820532649
10.75428671
790.540741505
2.41715695026
785.906779943
152.900971921
774.262091633
574.686741702
244.116512711
989.828406265
761.861315323
243.566175493
297.546834493
46.6560429287
817.274374478
456.644027198
403.419585887
787.723996562
56.3307024168
645.51410268
365.265280299
996.051110099
163.551860825
240.247732979
507.114132441
395.874521418
663.346694626
522.617071757
28.389788276
942.192415018
595.566944155
950.019308501
153.589147948
147.58178179
665.763072293
238.631516787
191.338227028
612.417134714
455.26609493
870.548348793
79.7959017485
318.134401303
919.500285627
668.059806012
598.766299744
159.568278916
112.901633337
56.5671534189
626.430289373
580.039935692
889.025385734
715.318276542
145.554994497
563.475451184
623.37077038
406.244535355
585.582057366
356.774806103
115.562497522
381.552927873
514.127194081
942.603110128
589.57354386
499.745251239
223.83520491
293.022148607
24.0754618408
169.406413386
130.540609266
44.5796055505
495.654808289
448.236832134
651.372008977
870.745796883
62.8858146337
741.961981208
117.715859548
137.228835766
177.8846733
992.298749773
734.026130752
86.8263032722
732.825528116
519.279560588
408.091915375
974.868340134
662.562307936
30.4168614892
601.775234205
750.87993127
625.357421152
318.657630976
401.439750792
982.595251177
319.055812332
771.018114316
623.945941279
830.235900577
24.9818424781
524.09307569
848.203140848
991.444522797
161.483911325
156.998000752
845.870704096
8.92946068191
674.721304604
644.328312481
372.342300146
409.184481464
285.262667904
260.97836927
541.595920203
329.168518702
685.789962146
200.82830759
143.775011746
113.285565643
397.619979855
763.57421781
712.114091829
926.125830488
333.634671669
248.476468927
550.031999867
951.023103243
423.209268646
423.404374147
607.153304299
54.1806887024
883.547516081
818.560711464
990.716424197
241.50911879
230.724507971
926.707383272
637.940675475
773.55823531
158.167592603
202.13512032
585.03284035
969.475961643
708.662763162
869.653712088
347.931238308
906.623191144
261.41404765
156.712028458
845.902322499
629.942877233
878.453860706
684.977178141
192.028235427
702.411885877
496.203373166
342.985052824
923.823645718
491.884200188
607.344086286
792.071809821
819.866784809
977.525634597
186.228803183
9.67522294448
764.324344533
426.712967564
909.614942031
539.533822835
520.007539674
952.729265948
9.1005087837
921.125868857
362.457482337
504.033918377
948.30075269
856.007405964
549.681935531
279.911683465
881.992368024
890.009064374
302.909312117
971.758273028
682.456380004
184.462889778
877.606931791
157.217301722
567.650772517
422.355318804
668.804318243
774.553947643
481.131366935
819.922760413
541.821796311
187.996381117
868.155472251
74.6262395217
275.586601827
175.978922955
852.563123233
499.729522903
382.678687216
26.6449626364
805.520728255
918.804532558
474.380894072
548.944493397
8.86796651271
74.8196913307
976.517777453
942.249289307
185.027265515
301.546538697
942.053556598
527.330414745
360.880965613
642.353287864
808.420564587
24.6600434065
488.483068136
43.2467438703
203.152104381
289.289099305
311.281117322
778.071236982
338.267442953
707.446797602
778.018913565
285.003891927
586.166328047
697.803423962
174.716397727
152.394930572
579.105926369
744.059395335
702.212606212
220.002058692
727.211605149
718.709659377
718.444069913
366.393851848
422.098503374
611.136910291
18.3636659564
577.221573183
347.542706911
54.6510518243
300.540516288
998.357547335
408.206292231
458.584432225
18.2965831156
519.523621288
564.390463255
508.603766761
976.485076244
405.59059174
117.494052398
263.193554091
973.89065441
335.517934615
349.663110662
298.931300674
45.9215039408
302.685718065
518.562740289
871.73572023
900.692059898
759.967185859
221.655074874
65.737960954
563.525461872
724.598697861
388.505429582
46.7594959495
985.496357983
716.702375692
219.555447151
261.657573919
736.197881689
193.881649683
929.505703463
344.673324072
958.450719545
405.874413982
281.665950935
50.8747250872
140.294310772
464.803633927
237.619952544
979.379229007
422.90942809
455.459825342
738.96355776
892.138292993
599.007987408
119.801407711
717.187253285
96.5593297916
720.817334838
219.39330332
226.537571794
504.893790326
623.350730391
698.337671359
631.219108996
559.731928527
794.727090308
240.034951018
75.501187586
952.109300233
144.464541053
875.369774989
351.501708437
252.633946807
269.384535352
514.894658584
724.378422296
565.933678923
509.245932248
283.271131151
153.005377227
822.890574618
298.937970962
493.184526354
814.06715814
774.314131388
355.636190449
764.676496554
83.5645040389
990.993310321
746.870405351
506.361575085
623.686571086
461.42684976
170.543393476
140.971729961
205.525339656
409.88559177
355.802523955
706.508094787
104.950908292
685.508101029
216.153165169
921.125406661
614.350556048
122.308941882
370.666261971
153.727356855
4.66615217558
404.375912719
714.841135457
37.3416840199
111.823745867
77.9938057752
91.6917435374
317.674800263
30.1995132094
640.260781714
995.181380978
0.637613062675
357.866253881
71.4476258691
937.86099366
391.787971084
21.0448142389
490.771991132
4.46454559219
395.049718289
162.375694902
500.229125356
258.409264955
550.193100856
804.378350487
348.312794183
377.008154928
44.0786322087
777.774673193
11.7783433414
627.475109062
672.896831374
567.966788011
712.395434129
933.903468319
535.770204122
695.74927727
276.019140369
454.123631877
285.720448241
213.3893176
673.168049583
536.21787447
603.325169809
247.453840494
310.037350592
360.614393586
897.620189608
430.709634194
422.259796304
203.265883566
973.163401297
533.67215804
271.488387452
728.370644044
656.538133366
417.26715802
719.744434853
846.990497295
640.190584142
613.132467151
334.884201679
41.9549753624
76.1757578522
756.117002312
802.275718123
770.809675191
399.182541302
189.804664924
177.384541475
652.37404815
770.247326984
445.105749363
573.049758605
132.268886394
511.45761954
301.022711664
995.842229544
962.199572156
129.833512053
968.428768623
622.314128113
537.701384734
955.158656426
284.600254055
844.372692851
7.28413946967
523.750718993
619.491841241
556.201684034
336.562264456
208.531857163
39.0811083592
573.636699976
569.223114943
779.691625087
922.144580417
100.684172845
187.212112937
89.6096594063
502.771302847
746.427725948
143.6305393
72.5618648675
795.961239092
712.118028393
1.62290370113
856.679827108
93.4212932583
435.231740958
16.0527495967
182.019154509
797.49779754
629.857745621
107.876006531
781.743506052
122.798157345
84.5500968866
684.726735406
258.777671084
806.861989986
299.813885998
875.274908053
76.0541712437
143.678698043
217.800498746
872.336361329
1000.12930457
644.680485593
182.012903955
944.193509555
813.179966316
872.455598338
278.512954339
695.746089674
137.262845405
207.810461311
954.648394536
18.4776931477
671.167733215
330.5987586
119.01924634
249.992027545
939.574564768
961.909283034
120.64462642
278.885994568
92.1847509156
524.742286971
39.410199414
32.0089770815
639.638892706
319.120566728
763.99388169
543.451135667
529.995243673
864.128765618
220.747869392
303.039803952
350.505946519
661.672259033
883.27254661
310.538994228
392.876338871
431.425128765
776.906686166
575.600551653
638.359342002
965.42729494
274.111146918
685.381127234
395.525575169
487.077879524
848.80030248
787.121872184
804.695943702
650.240897523
472.701292958
258.682830335
23.1277811885
60.3637098987
644.145479306
274.150776393
449.118300022
239.58097874
972.482407669
365.760737349
574.69924395
306.275774832
362.768430748
428.12934824
182.158601517
830.315711792
294.83186456
861.476163431
755.133028158
1.15971216567
980.570136323
118.068967797
926.524409555
993.948157663
540.133084584
386.262189746
879.493934663
642.061853548
203.731370781
190.915187883
331.621568741
871.800348066
295.273317584
756.33221358
716.368511488
81.6134886852
664.546638495
967.193112293
384.853846268
312.682451199
741.161873091
156.520149552
742.283093749
612.209855704
528.032891949
970.290688954
166.613092261
812.026840377
60.0613949972
503.81896602
