329.612321394
356.391675462
928.364363979
610.170652824
455.406449194
409.483593669
126.410321201
845.073281807
408.624589833
405.823652862
888.111657555
773.90968216
476.130750515
900.924094106
242.497809603
75.8565349229
554.607281787
337.732667405
378.269894237
630.798444859
736.860295404
261.558886195
328.654347312
131.994740315
198.878777101
116.789811955
867.708419135
503.682155082
156.659891115
210.642045182
65.3455944737
706.009314716
226.685352006
560.941934337
867.919231855
461.325057897
437.532145917
401.447230253
117.606564622
53.030905529
495.631933392
843.954670939
389.014405825
787.648268007
955.909544282
838.638026945
982.831645908
198.531970436
468.690995557
896.053915849
414.098783786
183.629213792
137.612437866
449.593064776
217.186978131
726.044303227
119.956350941
915.940751127
170.27330879
625.808528697
332.6096754
531.301587862
837.164870104
635.54234321
976.015242507
565.799404695
555.750170151
369.247041593
51.3157122898
278.949475524
511.809731191
188.457025876
146.336029853
733.914896397
198.386522968
744.605750213
494.103872163
723.933862504
278.077229379
721.914351216
664.580649266
137.653374753
495.711644576
780.286910657
155.208841415
839.249168676
686.061082346
570.2547412
755.083181698
762.541943076
701.271224713
696.734289862
681.370259443
482.942624167
276.253647449
220.93211077
231.615796895
347.132333494
905.175824648
730.450996785
528.686494948
62.507972787
886.92567852
284.07809982
276.872727766
706.105887948
162.380945674
642.463258536
659.729970807
919.664598749
514.845726635
916.274381698
441.073590939
749.357138731
900.4534352
971.567763327
786.899559436
45.84076733
332.465678824
611.167543974
50.8897892236
945.748794268
155.636243053
172.983806577
237.369049368
155.589859723
673.904884729
78.0382594057
573.889577815
40.2009909685
997.01002556
840.970118715
554.618417372
781.690352273
171.901666877
792.865433478
364.056442742
769.955226793
711.536811626
824.884169008
345.023337969
326.137975118
677.485648619
848.102927219
671.350130672
197.356004499
768.701837573
329.651480889
353.801064744
633.351365556
231.519386408
956.03458081
946.592483387
609.576900884
877.213571316
12.2292648275
14.5903577013
957.134849701
173.068162018
934.959713536
69.2354559808
972.903953307
483.554294132
389.767385666
305.775068949
596.401261739
377.674759547
941.998562289
957.364944549
209.5083281
436.790654598
894.645682987
837.803106994
686.52306729
421.655541169
247.700795338
653.605738386
431.948696756
399.777117319
932.154505712
289.375841932
762.580800958
154.066736374
602.379788682
295.81316035
295.262259044
519.844052594
381.767829018
13.3915234116
306.421122895
126.53983219
699.553348665
587.047671237
938.840747218
318.504075642
237.176464197
648.643669214
971.242295193
474.8548778
638.248515194
444.779257216
175.802994485
466.563190979
32.5553358861
151.824451502
647.957422179
990.743338257
817.287736082
47.8068003764
992.165391076
4.92889012868
316.128213504
684.061109395
651.036997297
838.298387477
220.226771629
316.150547413
119.279551205
323.225548587
541.747684092
395.877683078
443.074956736
50.3467466584
509.621203349
915.385840188
190.256314422
320.597898525
188.706937107
740.325346847
67.5932150445
436.65144825
327.738740606
587.354534972
512.497400239
835.049587974
617.339479648
810.295200505
370.460827564
32.0254563304
408.280000904
613.162638307
301.106733061
3.11847086789
716.319659407
31.0124265556
908.670829365
118.354944909
595.000808034
387.621239811
349.748179385
605.950292251
173.136804081
120.768968757
336.01210565
788.005270196
428.696568096
448.584052977
158.340169491
80.9279362691
209.828580904
585.442354592
540.680316528
643.385066364
523.753243632
629.492143146
330.779604414
302.225212948
109.06883422
159.988935903
316.064478234
920.809617468
308.108925476
894.464897884
27.7910774582
180.449660361
788.297318423
939.294608319
626.883034609
408.529666538
319.574603147
505.693417309
905.814389005
345.860899852
108.658484954
480.489543625
826.411644302
677.188843648
235.477788383
719.417979098
929.98550915
34.8435519436
653.027217504
140.26457565
352.753042921
974.311235201
982.171406826
213.854593222
0.718963351138
328.732273022
365.667867936
982.326638256
949.794124394
202.123518765
224.655643006
308.444562766
905.601088587
35.542769398
287.163739145
830.978670469
699.107151159
115.644171295
606.148618877
38.1978075806
786.874840528
393.030604195
269.967168088
637.114453483
606.33848277
419.886079398
752.524115098
584.449532517
429.134988318
382.49778783
818.288018031
36.4766052283
568.546260857
540.453573837
862.140488593
819.801290106
507.518418785
695.160149239
453.685541267
194.975885559
245.770635908
803.149419142
530.394869023
955.202939003
374.193723685
294.291505372
618.882420654
839.592011424
710.513923616
99.8857544293
220.172311054
910.41732304
162.976450613
999.647060556
458.575141431
996.812486613
289.085292835
10.509720152
49.422842591
666.247258917
536.37042774
372.737747335
437.092139304
598.737086859
22.5446306078
352.701314624
644.74919478
397.33745529
262.206126931
232.526504863
291.063704214
583.427998424
462.288881492
630.5296873
110.486833866
908.297458951
471.34152114
405.612422497
631.591333031
94.3797159685
392.606278678
314.63018481
45.8937990661
290.596097559
544.167070578
232.113583288
204.157057389
577.69051835
732.022896808
825.29952057
760.278916489
55.8338444592
560.973520351
345.161173643
971.231555721
365.181759516
635.621824077
279.742785086
558.420770784
2.50637406525
26.8485224803
76.1683029961
91.2216288228
519.565654929
879.313723585
637.878088708
640.87672038
244.452214278
922.007942496
9.36684777077
547.752763626
991.482450027
966.74655278
973.590779722
760.014884327
783.214586729
105.570002616
511.169589828
211.504565654
167.634494443
215.476201842
290.643213794
739.141979664
955.914362884
18.181457354
232.456722111
337.829579203
841.195100912
214.116504059
466.37384244
964.547254814
86.739975407
668.477429245
547.713459004
315.070451916
818.917780332
257.812351578
63.0021138795
661.700615977
795.346870752
248.900121415
357.259234512
761.168213158
654.852494384
428.641682105
852.177648367
276.830307369
478.994630099
417.728801692
11.6726765204
136.988485727
930.897119529
509.559691582
803.489441433
601.737072268
476.292017194
254.091703099
944.801670625
194.266512786
298.57774363
694.173062989
167.088363108
309.152394072
400.076107095
81.4472965134
172.925015693
554.121609419
28.7081047833
395.430466421
158.570863447
480.835937655
106.595473058
608.590792215
7.95932185251
619.587910823
915.044278682
420.236678077
148.668382236
42.9905023329
805.569657303
138.333962208
762.910542464
480.301178602
782.203900842
843.319180156
923.976062585
56.3270228121
86.6182660811
868.394831967
254.013711778
390.362646164
677.893132274
444.404937057
12.5137267687
860.443989829
711.175250698
159.678782979
710.442305035
489.981179302
635.734726335
466.848373927
334.311758096
386.127840255
65.044211317
739.193904214
23.0734395815
444.927799062
814.957915439
733.907354338
42.1092849153
184.567558152
595.37016685
945.904713205
240.877625065
792.151772906
718.801984688
769.223036914
484.389973836
561.7030077
531.868219362
422.275911105
714.370768586
697.831208496
399.731647369
21.6784091433
475.656663516
565.294207729
698.109081877
407.519555589
119.036611861
989.364409262
613.229468118
184.086535945
308.141186017
177.111367956
198.369208441
668.216418307
608.220803071
887.755444218
989.335339841
118.740978483
614.392729492
168.39804626
933.745976477
831.832781231
138.585493878
275.114561377
255.650489287
140.960567349
964.262025606
244.912539255
90.6983692311
785.844529045
121.675827625
5.28936989219
337.66693378
230.57843196
803.650387635
987.934000632
924.413240607
329.6639142
273.348219393
307.289100789
583.977289186
884.440317873
976.741058071
608.404246735
65.9665746661
285.99035667
429.514753888
798.556000829
163.168010598
340.693672801
509.447376072
247.898386602
517.415173769
950.569310006
431.257899365
0.757753835732
723.36003363
682.710790255
105.698886702
960.561889667
193.146657419
487.907868917
460.107527853
800.613526225
798.098628498
890.039478564
118.864941659
939.760489915
600.810350099
816.530729615
481.066695384
174.900854551
775.449162602
886.361950654
5.89669255417
670.739046283
624.999373853
424.842468079
478.973781788
641.349573837
29.1261811743
173.491661896
803.774569148
8.38784373845
175.900187553
886.588756865
175.79387559
712.973253119
841.552171631
46.8217197123
436.205989828
322.587583092
845.223249845
10.5187073737
861.796898912
338.265726029
52.9443916989
724.513935349
715.005512034
313.587742823
16.7177249186
469.291922179
562.732420518
933.49642859
834.539824698
514.244072812
952.158910036
666.960713801
452.250272432
283.064561724
83.1615919052
942.854748954
227.643341818
837.738236893
303.492371277
971.30383327
104.070865937
311.925015309
200.298837515
230.981543515
528.244775246
719.160257325
213.926388052
296.61564882
556.896280844
661.031457716
999.941477933
686.014777759
623.661172989
952.198824685
39.2354719919
210.991161464
101.95482607
715.07768939
215.738776524
355.898477503
682.450770537
987.101262191
695.031099402
636.759689533
709.880104026
292.380386631
749.516106287
418.386326803
391.233275683
695.659281639
836.520737163
180.243843247
837.286410571
625.261150231
669.002662436
261.681129083
24.5937116182
430.930724646
793.020073063
469.370973165
946.279459189
209.172165833
130.70666027
994.58233459
640.424093808
651.464849664
293.369999396
635.47034331
978.607954708
717.339337618
847.220805422
486.848426156
51.8638633529
492.959692539
91.7484284168
194.179958759
444.318330307
304.667278681
120.236590598
211.921945971
801.680300323
93.0582320058
801.753034615
226.787247979
716.414458164
59.1662836572
114.432971648
772.909564894
114.408187104
677.942646172
453.915877995
611.34898014
892.448762353
584.270911757
639.579191484
33.3289824593
473.10087032
800.057579004
973.368510987
64.1565015731
286.372080739
909.410267078
175.303349723
26.7339251954
273.106882111
397.650638767
752.301023071
512.248294237
539.094207396
69.6470564836
913.431261054
834.506158841
886.039071175
66.7280376674
281.100604943
307.810972794
959.768161383
887.636969433
32.7576091683
776.201637704
930.300965154
322.159320737
28.3104808935
452.1254133
726.640071638
708.805875875
983.750789759
222.558087286
212.14332037
760.010722276
702.231535087
506.242066965
502.300309403
728.222984516
850.361149561
746.507372195
650.964693957
964.658496734
471.892955887
453.64932588
922.223892948
222.185738854
838.611167207
415.190737273
546.078523456
975.356333302
94.1137531017
545.018412914
485.226644378
876.454210116
7.83447879947
922.323364677
420.84532395
192.720756705
218.759450216
894.757732497
12.5329844798
929.688907919
479.690959666
598.263079255
873.978390336
191.857695425
664.153212533
995.508058046
770.532673695
376.908708467
127.325065177
385.985097052
352.961765049
36.8057643375
849.662137539
544.652716535
383.78404176
309.658927022
549.404677263
946.731212385
740.617859361
613.921615695
512.138539041
788.085449506
277.927764288
906.980056783
937.224298122
595.401045508
722.822074429
189.863270787
27.1123218196
995.691116857
480.517544354
506.937405913
814.630163345
298.983354112
413.101434821
418.986505176
751.003431463
658.620446317
517.070663608
247.423300568
518.126049442
34.8749647179
900.108146466
476.952854326
976.564191452
244.623963699
454.473811536
19.6796308313
737.902706088
316.071899191
998.391425284
460.361721184
749.989511459
65.9888087328
614.098502356
896.408571318
668.598591379
835.176718121
835.798745755
410.123847789
433.54334303
690.111235871
604.171107171
37.6483650122
557.756235815
634.018116315
120.646282871
505.685298643
764.710823661
401.603092084
932.782837324
897.834948137
723.441759935
182.063200158
40.9477295287
20.5061422049
442.920634613
284.610557598
623.24763692
495.537689207
644.994866242
737.129052195
62.9516603873
851.137429277
602.495830377
638.952453077
756.934208998
285.331826797
836.741578933
21.5484304602
286.482333504
930.3688655
995.375865854
3.38074413222
128.150388807
405.584842599
706.723757101
814.687862806
164.569415712
806.921975316
122.943268103
49.0130354761
600.494530528
847.149078979
373.702447173
996.392276036
651.28113265
624.124097622
215.591774187
991.612338093
764.897082979
278.678025525
341.260249097
518.114757325
742.655458238
81.2643051051
324.671514756
903.996238973
293.093820109
540.381092391
150.549479935
142.1604268
658.935633933
192.917482125
842.868822379
649.418643078
478.47188395
919.637531322
386.391305673
207.559546251
138.483942154
666.700122369
710.704079902
343.235061502
166.655210717
599.828992772
781.578800124
275.863141858
800.714810177
456.035976997
1.12743672471
275.710339849
840.454616514
689.592021486
600.708345606
931.655061267
111.944096687
167.866190176
770.453883273
307.411121411
571.558017698
134.837211238
295.192323689
494.5456327
174.296702744
921.159372729
197.870111512
619.473003561
86.5490504319
244.512435983
379.978118162
39.827672593
655.419892104
709.64894421
354.474529702
108.988294377
667.540275368
47.3367122473
965.431893834
423.819355677
169.067949098
670.8096946
164.410986262
751.129549197
918.687738074
802.568418581
674.43395773
38.9063427615
273.818314648
694.234137304
904.394714663
274.638497887
310.478214374
668.879138235
486.001787082
681.608361505
235.151621492
304.589263736
672.82749341
656.553602785
566.585105366
825.408074743
979.969973817
750.760010015
854.002700583
961.020770033
458.0196748
927.710657223
377.005013251
250.125476552
768.98642096
141.446891571
437.322715404
854.199171216
350.019369133
118.038969102
138.235722353
847.082439638
794.845303361
757.823466032
168.534766376
160.927803161
315.772747117
303.411336654
957.696917936
230.231137256
647.522277246
771.487668246
219.6106846
166.844833127
531.63250249
724.667751008
404.055067512
975.473737341
450.379886173
680.461343865
50.6190632999
430.286386807
860.939331011
234.61310404
