309.768411005
636.763787517
361.650728163
985.409054904
518.678344536
201.757109157
420.110266266
695.283140463
59.1153827625
794.892810031
897.343115207
191.963853376
533.757317036
863.076090769
507.652614511
493.128655751
99.2883562556
544.009193703
441.607472903
290.268123521
461.388941516
890.606841549
768.75085053
322.441560568
613.903145798
508.133498087
90.4170297051
440.215992092
761.228548889
619.864368398
2.22161624245
907.317859476
956.117572664
980.244340895
277.38463419
607.966557365
744.520413954
788.240531558
387.020561505
727.146049953
195.293624074
137.784019567
474.33648671
847.828479784
295.479079371
447.400383235
644.297535644
121.70329656
398.422516993
651.969507923
305.674092643
387.40578357
40.8075827498
269.911351538
228.700949016
106.888338266
572.530561841
129.771600438
102.67535209
630.983501172
88.9341319583
473.663817386
916.50322504
536.700438298
233.988030518
766.863476237
953.841814974
271.032254133
585.106933477
272.668725775
558.386775824
436.63754462
97.3598572682
781.272201605
694.540966441
367.000420592
641.461264675
368.571014794
465.21146415
841.877293597
813.154661985
872.889348834
310.588539154
248.913494847
348.310784052
510.551646918
539.202150927
13.0907772566
379.058824473
324.385781951
215.250249322
690.85316431
565.20618898
398.852599431
516.033201554
777.366337732
128.845447396
86.0792549436
297.627166662
638.502930946
955.916885093
217.022310423
312.748450214
737.254206071
420.559152504
181.453113949
207.580718073
312.127539466
630.375307388
207.496474982
668.084432438
197.795435084
390.438709455
997.308997019
872.043660945
106.071606625
11.0426422001
945.049939277
183.263266073
603.737548028
942.302189915
673.354931581
732.335924198
199.793040395
411.10964988
356.647257274
150.079891465
598.746412524
845.598455566
940.785705001
345.024603715
970.654815095
512.419598939
690.388056211
171.883393927
1000.69784434
31.6879496615
847.151788544
851.4090251
212.839578201
732.649864603
94.1192887423
189.574254396
425.412574735
77.066496585
966.600716729
569.861601036
286.013844877
229.216250348
623.333063576
163.709466891
822.203002606
536.349776941
306.348920671
131.629873831
249.760440929
193.862732753
274.644469398
600.903298495
180.303986128
746.315499068
732.67259823
5.98429586682
100.467514396
860.19465416
655.505791425
387.14600033
876.862059614
840.458695319
144.822700658
921.719600747
176.627124216
506.29475801
758.59879946
350.001598237
16.738860351
436.797466999
602.16811326
98.5109719245
857.301631853
397.679328238
849.915225871
659.420878834
423.671767555
291.973588376
244.875353063
658.964883484
136.588577579
971.248359778
747.036203241
557.893917753
705.19499231
93.1103862465
558.525117301
974.773688582
777.968893119
229.349217554
590.704338453
18.3202921794
244.473850577
219.441167798
457.293031163
979.574528856
865.598841841
520.698869315
429.36452033
847.639360378
482.998646724
236.328351874
892.440752568
517.35382725
728.38373116
437.661432742
251.277753708
808.83325087
244.957146638
737.43039995
183.130697984
577.370886838
226.084130576
693.773684441
830.32245285
72.0016128636
27.9509186517
456.41194438
619.332252649
282.492335675
862.87629278
704.144954236
740.34428049
13.1728236593
32.7142557242
614.7111482
270.145739319
26.0326476097
230.107521773
922.141178004
880.302606716
748.470544456
649.201558927
687.593403125
612.306750688
690.294381727
179.512219519
782.886117643
133.645286711
32.0941446518
274.451724631
722.227166848
219.716489679
999.866736222
331.113948101
812.235469955
88.000176206
275.734196285
247.31679018
134.677469128
376.177969682
411.472937936
984.790915876
474.540259354
975.471006295
827.431753443
425.648620183
19.5012693907
125.824060095
69.5408121192
771.709962799
508.123738366
695.377436486
244.838675145
392.386528188
75.0340641609
136.302739728
271.243241203
860.867207986
311.716405908
902.07176245
237.071890133
319.312749194
21.2583894454
834.646641653
28.5423790529
146.534898644
698.481334506
955.29186079
808.31773293
814.772154502
761.093664618
874.588862216
831.036545082
25.7763651462
61.9573930317
569.75665588
509.253435612
945.959416013
754.291973071
864.372683987
399.281170874
222.361093434
844.462469866
584.476249725
594.815244787
62.4399048998
156.443969123
565.575975043
199.569485504
176.860933805
865.452103196
149.601747301
667.901481282
33.0735911557
547.656962065
833.522311138
363.640651963
763.484147893
425.195513847
845.942626345
84.9140467933
349.030467682
500.420029991
546.675998588
84.9657368347
351.678391727
399.550698866
242.873332486
332.885365386
242.124943174
567.920455017
777.864192951
85.2042689957
942.924032176
48.7351444361
428.022018098
732.537004581
509.194491095
637.177034556
236.813184957
219.439570046
567.831281705
344.18066121
55.9397534859
619.763998546
827.01668962
974.046020089
976.095560695
975.44533285
55.7928289813
637.391859616
45.4924530124
622.385065307
72.5754766944
470.030848574
32.129233856
183.964054059
851.741635167
908.704122851
575.760977547
995.359202759
233.411201222
550.366053967
372.558563852
454.61084446
423.574952063
80.6139412835
459.112678786
522.456320307
602.908327514
486.054547328
41.1054622676
368.349567552
843.674607265
991.141106435
903.507633177
75.7793847051
266.852999406
234.545028117
750.384203461
623.806630958
882.525108251
219.301522675
659.131003787
670.581971714
690.471026973
665.876611127
636.87136013
615.691806759
766.988348549
399.586990578
976.113397314
923.292763223
889.439233708
648.168897381
647.567954021
653.723198622
117.645488135
769.983218351
772.833062504
708.45580039
342.413135266
889.664350782
851.000408666
343.923772377
21.0810492055
199.892800471
883.115328415
648.373882809
132.422260663
527.922232006
228.468499678
690.154697141
593.9033573
911.351008323
657.187276265
290.47983724
840.280532849
611.669410444
70.9133184298
19.7176445184
972.868375059
124.857485478
353.050056907
89.5769130271
220.930384055
515.183247138
505.298676405
888.03696098
98.6212470607
911.410590205
742.07308182
974.951169056
893.916727407
805.01812393
750.738406122
376.889625231
4.033183681
116.649038144
344.834757061
398.722740901
780.921085503
982.218438998
517.282426667
133.881726326
969.878557993
443.021885284
224.736388784
459.210827031
409.41387026
558.334259092
963.343262081
866.684855793
507.186852646
894.669051064
368.918874853
895.826093024
999.920919893
792.539433186
288.091848916
134.717691227
87.9558081933
134.377558371
492.228003071
64.7557032825
640.353588311
415.353958168
153.784367447
940.501116672
402.506412306
378.844886273
513.42254072
680.301470369
873.461144374
4.0490763594
596.748302027
358.466494817
62.2291853028
972.125751925
92.3038877113
783.567368259
938.55551385
48.0866299051
819.039703258
969.759711208
174.396188117
939.405390724
313.118960241
678.734301316
889.365706617
683.579928452
519.973155145
151.150119451
896.52265077
780.557460647
361.938004168
37.119687132
295.541212635
79.1858392777
540.634506695
611.805007779
907.416968514
259.992369302
481.206391446
368.338439595
13.9707465053
624.714336893
437.392421884
876.046411362
947.328049529
141.107776468
514.623948139
709.242227888
421.285012584
999.449724013
863.941266133
523.452038255
999.511759991
975.766826257
812.937276054
301.360546849
899.461997562
514.782133095
290.967468845
962.503367749
574.94940904
130.351360967
707.176181438
73.1079675204
279.165711989
451.207706562
459.414075004
83.0226901308
62.0456836803
378.087055478
893.45001801
498.035983868
922.943709085
395.948343992
959.347399522
164.455434043
980.473586314
894.515708126
510.035041343
421.980423175
969.153275791
531.761000297
953.242678557
464.470922066
985.829709454
265.43546487
943.574529406
49.224387657
802.982435269
787.525990628
380.640864057
1.03906831989
780.539508929
499.584324635
122.698294366
226.625449774
969.981390701
795.418113172
442.253517352
346.145499952
738.198572666
112.656773369
65.9705814705
513.747198253
1000.27884119
875.047143226
792.736236653
47.2919804107
166.060150999
973.191691961
965.76843316
104.873721423
346.552401611
922.224743081
263.35197177
955.675469033
31.2581039534
334.750107081
22.3835767717
364.279317407
747.632424803
719.278069594
509.148754665
386.19960076
798.251805412
448.608532675
630.558239132
19.4636086698
805.341553366
217.459673165
995.676461123
884.471130231
864.799616416
660.163704234
342.114085314
385.073415631
358.905752764
121.274279816
641.911174051
498.31976935
926.597419237
575.512897053
226.517984109
538.871743978
64.9238334973
224.861535467
21.6440442658
289.658938626
170.552792466
997.94445047
770.647084668
886.07668323
774.952488846
776.294869139
519.167191547
165.758644517
586.816082898
621.092699054
100.20756724
322.161691688
757.136328658
570.299578789
708.252083354
332.913006677
803.484974526
517.647034292
791.089310838
490.389820081
220.061616242
664.74576352
650.167890762
973.392514415
338.837888426
308.104103566
995.470965313
251.587210874
888.731733478
694.695840461
537.596493895
429.431873197
988.738864772
182.809037099
14.3209728355
270.080132935
863.880607327
640.102294436
813.831740836
750.744026676
877.578592178
818.521959
619.33721133
508.241188471
132.228309275
895.600348446
76.3748033003
540.324022868
760.276656511
291.306107322
851.071035114
43.5635920091
123.371241099
887.5117762
180.155160861
780.372900691
46.3289417731
339.482751664
424.024824568
237.640927843
615.379793872
196.47379642
978.712308483
1.31649258154
374.957273276
223.961606192
436.76094231
943.750320128
106.432774699
228.470327137
883.152441865
883.624860294
110.495497223
902.279071384
417.275412061
226.805734653
974.521677921
876.126511007
734.705199266
114.208415432
351.409179422
749.399929088
59.0846690303
622.138864153
24.9802894665
841.84074877
920.021613732
927.430506747
974.179011973
80.2140276199
441.933288618
265.808545716
818.719175232
857.518585058
393.756528017
542.281760275
953.931658619
810.954828375
793.792703552
478.335082799
5.97030735776
592.74106013
465.184241624
908.467511187
543.962428507
793.184025783
491.184332524
508.563533375
731.496102861
323.586449485
693.722775357
132.28467658
75.7493410375
786.691487091
10.9087746671
885.077707705
428.598821792
364.643731395
57.3890677406
83.4642461007
602.926173307
292.424960613
470.253175365
466.741258286
138.435197123
455.102574284
916.717711457
921.675214847
19.5586566729
547.656496113
416.40241547
349.946658745
11.261394225
838.367388269
521.300627852
940.323672712
383.48713154
185.864943886
818.577738592
155.562380422
603.179579445
111.919434554
187.313733634
407.305000483
651.222963827
819.306066899
39.8893221168
452.989739849
930.770463805
252.08778796
80.7458222194
251.460566448
38.6297567245
835.100060003
182.281731576
440.6032093
215.110245074
539.937081379
972.78448334
119.352695829
831.500986695
585.651055984
73.8038961511
124.509060929
962.001975663
307.044248275
298.223170639
989.920537655
835.022898177
58.3547104171
777.798619142
546.293587223
131.210587641
776.821455916
979.406628853
297.51833752
191.851097006
283.904231578
322.621645667
620.193926163
14.1467061723
347.997042335
760.503360173
358.949346812
860.246203204
715.290885872
3.43060179434
669.000177414
983.765403975
504.257589057
152.730180822
715.818163539
471.188737831
393.724398768
880.06994085
122.626199192
437.183697425
761.54658831
830.138409284
607.637322638
408.99977249
289.756117645
344.369379456
570.622684977
12.131497751
769.973415603
718.549888562
560.865318301
770.918146315
841.452537918
386.375443881
1000.27104376
300.719614959
867.418014127
834.822492893
501.462621518
565.50018661
668.368223781
536.435236341
4.8449290918
228.009639722
376.412696596
552.216421046
643.25508195
506.572427102
643.345760101
548.198617065
399.171297819
675.025362686
126.624066558
744.083310662
410.49185454
492.847522732
821.706373979
901.050669859
254.484109008
706.576097692
27.2213412729
285.906211863
498.95734065
621.179206849
880.611012498
629.758040622
466.393162183
851.87158866
497.877708607
146.991192286
212.294536623
861.186784283
524.933233677
363.381095948
810.520034888
936.346460796
896.109435227
77.3053448149
601.782842235
925.65687246
242.550896794
212.84282942
943.945019532
28.5724665779
727.835697627
867.979002953
121.345427586
105.233621099
678.880097006
955.666901191
878.164995966
524.59506038
296.67622031
129.640878905
135.064425633
776.012589945
927.738965028
43.2135219982
522.825922966
954.787081984
86.0772364885
357.432015266
151.433160369
924.481240773
479.187370613
68.9580590005
818.107839089
113.401511669
109.626118076
213.086566216
32.3620692109
849.600057756
182.26487374
651.156506621
254.424919209
64.9124739757
425.712321445
618.884386746
879.762029892
65.0236871484
963.451527889
719.480620598
285.026836057
111.757972579
508.357989729
855.048407244
477.503892585
5.30524113827
722.108492199
671.022378816
455.822686915
199.1746458
3.16513812204
600.358773588
491.823178195
97.026792757
744.078767642
347.619048584
9.28333151068
23.3378490503
154.671253657
515.395136619
814.587141485
767.796987325
617.158779279
167.575034423
854.020647191
638.644280709
408.846597579
728.144511364
647.790070891
799.480350999
537.271611102
170.897400686
550.17608188
503.289383083
476.020870203
791.094098359
28.9807057834
2.73493790232
635.785347242
355.422981532
63.7668425286
76.4718129427
969.46383493
805.669650278
870.526096867
105.574334601
480.937760243
431.908802127
162.646924891
479.333065763
99.673259413
519.287619739
38.3795093073
503.54046313
755.384516207
913.354796077
430.079188986
630.11273984
505.364718429
280.459630352
335.516748547
436.183213771
729.893535338
556.777815593
39.3212863121
348.281256011
719.317600283
758.058051992
267.833084604
859.344910683
874.095560571
828.047425734
601.798008927
659.729338698
216.680738712
705.897735975
435.776524497
211.57189759
539.266411577
19.7008703631
443.560572706
922.700285292
305.917069908
41.8672321464
357.718221541
269.287649904
12.2879988854
457.485832764
204.836315823
494.805155081
