223.34559631
100.486703502
512.891271939
56.2800583755
729.844851243
672.415388647
287.246132012
889.460554067
228.316470177
91.6097647788
796.976560081
315.154204936
675.142550939
2.72397166407
741.989183454
483.542599863
494.180301388
535.070367959
769.358219443
846.74025131
30.4873146587
120.674997216
696.481899039
605.914025507
874.123919671
973.50594597
5.99240552412
48.6540911898
792.747050075
145.664081116
727.283483677
835.011624058
573.419670195
929.979313408
901.661691897
600.51216277
842.477242432
722.955881155
585.820518771
660.578050098
493.002683418
998.320652914
307.055573677
447.080699075
378.775492891
606.958330423
712.929688022
367.943033444
289.452248131
855.401896284
249.758880118
731.282890901
333.365742221
60.5687903359
7.07637739818
431.847758395
18.1243128453
337.229840074
268.009191028
230.932702545
14.9463281324
982.493985597
566.239753514
35.6227814723
76.91130379
104.417167489
455.410449684
662.058842851
852.039411175
895.707875711
277.57715208
598.083557457
414.306118134
423.930496059
516.1519334
712.113697388
640.376443754
354.836517896
501.410599945
4.65625629973
238.073311244
426.825000467
277.404596381
421.742035942
578.838289565
959.791855495
152.563440689
156.877681748
141.584541058
877.396342717
662.292155378
204.792329807
165.106604973
406.392934165
731.817209368
912.443680507
158.529261643
486.790046833
852.563739426
563.268330737
731.666361035
98.5526874421
758.867879669
509.204813816
993.369913108
435.316741659
968.223002441
449.397100819
802.276238547
531.72795584
369.995983043
437.913896393
556.317685576
911.578072639
733.460418232
791.738111085
435.875797521
930.294566173
22.5779022564
761.159864182
700.634241493
787.097592973
38.5960279424
578.633167071
956.886919409
886.30785833
782.492914262
69.2669711837
598.394608626
803.892670065
188.988025875
858.930777948
100.016518956
550.450682451
905.657602255
276.369946562
535.606574856
621.650110197
118.599126624
171.84448804
278.674026067
459.032563824
26.7926940755
798.789475962
857.166098794
622.301042988
678.971046265
599.340078437
458.490536893
532.230706958
712.928661704
252.826824894
69.6285503537
663.906287522
452.600502079
330.293704298
245.676710304
701.270864445
80.7467609353
555.62288023
647.21697002
887.757712113
65.9308027175
602.985895081
267.260540967
4.79215735783
55.8961620869
523.731522342
476.299212986
997.573662501
622.020617671
625.752747368
93.2647495524
778.014466883
218.040569906
813.418826587
457.853744807
348.750748551
409.007370057
236.255994185
217.09297888
150.199698316
618.767451049
161.709353272
801.233415182
267.97575929
240.597568874
926.416002698
675.451308631
350.539559021
950.806232626
843.740012915
701.256682237
388.119006868
708.843291066
83.6457595914
19.3784748241
976.702213577
971.843276652
340.288983987
215.196862388
718.245461528
988.04230589
80.0531559166
456.148703554
596.955682031
507.55608827
672.643470154
935.183009885
733.803328434
95.5663347098
55.5660525451
415.732509834
187.152777937
114.94762551
623.758905731
342.041594244
191.610806738
801.445644705
682.17950422
759.019859795
275.568900147
902.873639837
278.207163048
774.102326115
71.0234453409
706.322523397
180.555223333
64.3704892577
605.350114682
437.31174238
287.793425001
13.386411428
218.630969799
327.752603227
767.758915929
882.496468399
378.958320643
936.472733106
600.095923839
793.391568477
50.1159324271
309.922198254
521.334541387
679.245350869
645.150733123
196.492524018
738.229664646
479.292161343
512.957489401
941.412277508
146.697707573
233.394490016
704.711822576
707.319242983
603.162617329
693.195913514
98.5806238658
193.187554643
280.096018035
428.52836576
807.658635699
686.062991162
131.982967726
994.282932117
874.894365267
222.74085669
225.57617041
575.986279907
296.957909679
439.560122923
325.956423648
741.877331372
351.858458181
61.4019667798
912.829730316
951.951911808
512.249200054
695.964149828
897.686698754
482.769209667
129.525744657
213.801061757
618.120247818
379.874793246
985.423494628
761.081120978
523.075435899
536.808591422
868.849816596
49.4856991189
500.203465961
204.919689496
967.039166609
258.429943893
22.5492991724
346.252740706
999.449763851
875.941242597
797.783411954
746.792944563
513.448996585
22.5543154979
565.124885864
474.854473367
505.115807527
828.598148424
595.106702099
829.186008732
221.683082477
783.707922538
939.559655212
106.504782043
197.874777889
8.84185740855
766.440056258
543.742286382
434.517662828
52.0501810646
214.811823313
836.863503174
248.997071927
114.338911715
171.235750117
644.637706521
569.611143985
461.702401844
406.916420943
283.401254732
10.5890700365
883.216314037
663.257293452
131.768234218
618.015796427
285.060555213
484.83319686
223.670746932
35.1841760937
309.945764509
112.719555179
530.378418352
82.4023742223
198.167280991
140.719044869
291.727585708
542.607773403
588.666873658
688.822662776
491.583969102
575.414583334
880.789882386
522.984146984
298.765479862
407.879314529
347.784304242
993.722957705
38.4947900291
328.116499065
136.647505104
812.463886295
775.162900794
352.973216198
567.465055202
511.504152463
138.784203453
455.743981005
142.92258582
565.882397259
982.479258176
268.04879293
810.156983827
855.508852034
232.701170458
458.978470398
446.171049315
897.995288014
420.97817309
44.9732518131
16.4573704586
828.620907372
417.442095377
510.271313915
189.277009007
37.7722235515
394.034705265
496.896046946
497.585359514
624.285316998
51.3725132398
438.857383043
918.041477931
236.742332191
176.417859648
97.5751837316
339.83205012
302.683590045
609.655528208
490.635568318
825.886219762
65.6101843935
989.771983466
529.897026435
743.206464653
11.1506985175
330.363780379
459.264235214
222.456848234
901.941201904
296.886171322
205.575549212
957.656867829
52.7969346026
550.949086628
494.256624343
484.86271128
414.875076115
452.169983097
148.249307155
269.512540068
80.9450901515
916.670767041
70.8064046387
143.654451949
89.6172484474
177.173045715
156.802118514
894.907035749
604.580406728
793.880691394
595.955473458
604.00847706
570.73293966
706.971350935
583.798406803
40.7943285712
15.3181268735
309.627423554
100.0762902
587.583339743
541.460534931
1.04219773944
694.149191681
129.370947911
646.546849727
122.801565984
496.747750964
129.569586061
543.099125968
457.771718678
372.704978535
371.781801632
937.603618927
399.210548633
545.134161782
997.352206525
287.746797584
971.248534799
650.640571335
398.355431512
351.847975759
534.15020787
583.233168761
84.4821167773
689.443549603
542.465240045
126.381496675
711.294804972
751.550912949
588.169015016
189.23423549
347.498556504
362.650449817
2.13315716717
113.676868754
398.356357599
198.327282068
468.585150532
134.478770427
712.317907884
869.689299524
135.440070192
194.165395599
856.116903591
248.054608401
525.017701055
420.890034236
115.562319535
281.89057303
168.662272895
136.773144955
405.583752011
395.405435487
586.354311563
699.044524543
719.78007089
696.00667307
723.907587199
846.971437132
14.2092342114
27.3129658447
288.897706492
120.706489234
586.83219335
501.523492323
930.371529372
157.708977145
724.376996625
246.251814124
69.1126319561
776.587874888
472.848952165
47.1912450317
157.963425178
934.473783812
106.860203831
178.971998433
330.6965556
878.964625225
993.326284283
696.010823962
401.169095243
323.019407283
107.899085962
829.867678709
220.793915428
53.910681563
568.010756543
853.883489106
282.022934469
698.265612709
6.11176700542
967.240211644
523.870990435
327.500745413
314.597324135
18.8415383492
721.290993172
285.011992583
516.460327964
479.156216558
331.156837098
994.242213249
844.649235469
543.443378727
254.812251733
548.498744076
631.351629935
473.596302073
41.7838071177
192.915365541
348.036247026
40.2697629683
167.74439089
707.333388362
913.386158222
645.651274562
6.84843488884
541.360847748
877.795307892
958.052504791
425.023145402
369.000175714
899.456386956
875.862127592
856.224243307
420.690893787
25.9368018983
117.173502554
586.562899969
16.6571316436
154.515321239
591.485003081
174.559179757
722.356526297
944.975954754
716.741471694
916.835323707
335.974984914
609.114881584
870.28556723
100.496785968
36.0348297128
883.005114016
882.308460949
732.014228751
658.821630105
249.056609703
232.494555249
152.547267619
148.977258216
404.653962209
197.530126949
267.538469938
890.268635493
285.243346444
746.004921192
813.549337574
2.71414586569
743.646687452
919.351178234
122.963867903
229.492343167
909.756248047
17.6115228198
906.906067659
156.737377757
761.27035441
568.548483918
892.969798894
115.278016854
517.509612372
109.565554291
995.641805143
869.439081328
163.880015998
515.036825397
45.9786770133
553.321982054
29.3000062236
759.192184133
529.746930129
916.755847456
67.7378681533
22.024383474
290.684884685
295.790270971
778.324810772
291.082614425
523.336958447
762.706548287
774.817885522
874.892928325
266.860489523
259.46066795
875.363420325
613.287882427
907.352214274
622.253627052
753.280503057
682.306439527
93.8038874621
752.949767697
988.624530951
905.341129524
93.467614256
381.689770247
356.441955648
355.840465179
49.304861006
355.089441544
237.302376898
327.456478622
297.359422734
518.713066832
305.918280435
497.650632739
2.62152571081
393.39039101
993.742592898
839.409968648
270.758647953
471.188861319
473.781570979
697.982547637
801.189841778
975.026459443
478.64643865
569.771572198
321.802638951
706.427047558
646.57898148
573.615888427
850.013458007
318.659503526
788.795968447
319.550835948
524.023506635
174.942809164
211.176948129
562.115671997
48.5023850185
120.208946245
854.588312632
817.627532744
811.893116701
879.902983806
597.117012496
792.774568691
848.95927286
915.863124424
549.688789878
837.448205928
563.779036514
370.32123894
869.648570071
799.375720359
778.556757614
268.385185868
576.199533198
993.678166582
912.479796268
449.357460977
448.685054164
67.1666476713
901.063429391
728.612750621
937.795917524
162.74337877
745.048362959
261.378104474
828.862556944
99.8000306459
434.895452286
171.826619813
764.313896193
600.559119398
274.393602186
98.549646571
701.56390244
407.049104129
642.206656253
131.172966179
797.858877142
191.182136375
1.65814819578
839.323836878
439.363606686
57.5155460505
105.817854314
785.424516642
467.556166821
873.991767446
825.612209675
731.739952163
513.025210218
874.774620432
522.022867997
245.350838352
489.022624848
33.673953305
19.4238196527
957.729850904
433.226237974
945.461715815
709.861221052
905.554689105
560.479303082
375.95470307
259.178715036
427.184559883
938.786506224
105.523318958
532.421519686
986.84343998
186.80368953
723.922945187
655.88687236
228.016428828
915.152036393
384.473021496
218.523850206
124.184335272
940.138250433
203.817982013
750.117283177
268.643776863
36.3273139625
911.125842232
677.061572512
263.983924487
93.1101829853
332.356953755
637.608370178
479.78056585
893.559327269
110.529561484
629.099364521
613.398227908
29.2733074607
834.957526185
609.218452276
510.478605605
130.377918484
91.2690435404
828.28967285
306.106361916
323.751116509
823.580029787
767.569828781
584.130935511
199.993782481
921.976502385
668.370309743
158.610283546
880.068332179
326.695487199
773.424178201
625.96551254
952.617986344
765.588531312
215.124943079
809.49329413
440.670174566
234.289272605
590.202694954
275.501320848
131.863302648
88.9569151052
671.029217668
889.210518579
492.361838456
690.399342464
649.673627282
137.179893408
899.514388254
452.103853124
334.4079269
719.18398029
631.631656212
368.486910552
379.569729546
850.133621411
970.34006327
312.403091956
770.517236893
143.903217428
266.490479059
138.241767124
973.600070239
835.120112428
162.513095577
381.137667606
648.464781875
305.688016323
528.934331611
139.375856662
972.847356622
973.735916781
408.24081344
377.588006825
140.72282447
562.739946785
979.479263333
236.77442611
523.398676678
592.631126618
137.420948483
555.886838103
851.749854636
913.501677081
315.156272923
163.558709559
963.320086921
130.898373338
179.796559257
249.915718704
301.152432704
34.6646117056
559.612373142
48.6416191534
824.584949719
438.418536277
812.724257099
501.267476217
438.742151635
887.217075965
60.0996748427
697.999354581
866.398139002
70.302216579
170.742211003
195.441240829
664.393084143
405.716907324
840.201602246
393.808851708
728.159097173
106.752575575
829.912785221
532.645992532
608.876251407
744.571804769
831.256375692
493.195698861
775.535013645
47.7290386861
766.847963293
601.531517861
81.9546370586
95.5892503721
81.9421112634
844.441132525
795.584917705
910.558800148
837.076213439
16.4706890001
155.033434633
748.952402824
148.678636779
579.408888676
978.126491661
380.073601923
42.8504286853
261.743604014
646.993265277
678.967657493
310.094353518
322.798009221
474.742643951
341.614900823
64.3630230302
327.284262443
20.0473476364
28.8999594008
348.637854226
274.973680938
274.07919721
630.544279851
911.486160134
308.368481505
64.3736180574
274.213521057
229.362136966
528.556890993
870.79040264
847.169438611
152.283989084
990.861251588
387.685036427
765.733309755
585.06064623
89.359146948
741.16983305
774.361655461
271.701690016
918.573752324
83.2087802997
751.637865166
634.382095588
982.753898944
164.730653715
273.081039479
352.635621525
235.068319103
695.878015564
804.906488699
784.611013533
818.256403788
148.182196874
48.6668336248
770.280491423
10.3370518675
318.205354401
12.89430547
406.120362577
161.223297593
903.301348943
791.033319945
28.8649796207
463.297759465
644.67261473
3.29108789276
200.994957782
68.9734557926
177.409607352
695.4755244
75.2135415619
196.253810376
362.595823582
796.314442864
191.895402786
651.402049779
89.6914824349
696.764545099
368.936945681
79.3157128692
91.2313675015
780.323936701
485.987441601
293.804264576
819.005926836
415.259317318
491.815755965
851.948611474
916.273548767
149.331620814
135.846794407
884.584067473
754.819070494
732.326257792
7.54916407789
985.551609573
218.388806661
22.9651002345
107.154349373
8.88921849396
821.895870733
503.871899817
212.841641774
949.316054845
