436.393973474
581.198227782
502.287808445
680.504911861
14.19994747
955.472286681
262.902113296
77.0893548409
133.471568056
620.163686833
962.761888929
949.815658363
359.945238218
627.552026774
135.287611914
157.439953249
240.980845571
471.482567733
335.442846711
634.385887587
192.216494501
571.545652279
958.071910885
387.199888396
570.170084421
711.322920496
597.644665598
356.976243091
719.328560962
922.200135409
881.641113611
946.978397205
840.728812073
219.48302563
412.554537707
136.100142392
421.836383185
49.190613392
188.852261439
704.498675647
857.899882228
430.400029118
140.768826091
681.198968276
667.975273115
296.255852971
535.326655548
230.584365691
4.23615220618
17.9877306468
355.91981166
461.789077732
106.042948924
165.420456595
705.41124213
150.239877381
596.542012476
939.528231692
174.949483012
0.449745538099
825.966224156
723.940651706
21.1291555577
287.404621273
808.632587182
348.132264836
90.9323796181
762.175048701
808.862876747
199.435510941
477.322061104
810.545559629
38.46995752
313.505247821
904.16569677
996.964778392
215.493447222
439.076637559
188.766212001
955.441578811
556.159106945
567.714789915
113.1480947
688.978083318
30.3683148268
593.668354222
142.206720705
142.467967938
765.648085803
742.107450921
388.938460183
685.92066876
534.672091322
698.36651552
378.228887316
158.492413029
328.05974015
225.643548022
615.939981359
953.353033827
192.842399421
334.662962626
144.566815652
269.903434732
395.536303666
806.552120552
203.100233993
941.292893234
149.513304619
440.321606322
884.163421535
823.897677146
686.5280092
564.940525879
608.538164987
463.061836919
320.329169337
170.771446445
29.4382577179
24.4473076383
561.993760706
645.939463746
803.268352278
285.380065341
29.5459673488
998.425494035
416.273715171
383.700872175
39.1182802027
682.049690179
308.957072751
290.773097539
859.949234893
46.6468542319
439.609580426
109.554798632
922.340464635
48.3230579594
819.600773205
669.596704197
14.4337740877
769.144613791
902.922908134
240.505057556
16.8060186053
140.447248369
717.386397735
277.841466739
452.965350927
589.606648853
903.563691099
283.247506445
997.165656373
390.814875259
39.9830070036
509.237352413
316.959287051
871.873234988
271.182752709
782.710723354
364.672957556
211.196184526
496.13202465
46.0524960436
439.583993536
201.565310582
82.0625249749
710.669369193
731.663178183
193.778056566
331.094678989
745.555342221
722.98950014
780.03800361
714.812107168
992.542813745
861.17924789
941.476546587
505.835896668
679.166462383
656.209214371
778.21090606
0.505403840929
217.597936962
84.3169470731
183.443569827
258.482422882
355.095371083
457.571869193
589.317599453
907.298991326
227.448389826
754.564213174
437.331047387
734.190266856
607.235087383
364.771240145
75.507402277
559.802821907
623.296541439
123.937844487
747.483459578
346.575859504
238.625432095
392.847226553
754.180303823
2.53106059721
176.627963656
238.606891368
907.462983754
453.709620951
319.402917628
615.342883716
66.5235528517
440.132946923
760.105001244
695.196450361
670.430425796
433.332459301
812.575590554
100.095283533
416.669829029
581.421079161
438.037610884
683.683413812
11.0621791664
409.724142855
724.055635587
198.05130269
988.340218188
654.358162657
403.915022797
251.303273203
475.164650029
749.915914901
733.266946564
625.47324724
456.164183408
599.371441652
783.036035985
686.169031423
970.967947416
140.181408104
803.814310978
72.3698089655
203.970453983
247.967344435
599.307739125
878.372548888
19.962661643
215.216435126
466.596581534
192.898569132
221.748139708
561.917936758
656.095094489
59.3752756133
500.722385318
221.325648525
382.055185613
730.414800424
217.70834196
517.935541059
164.751661158
289.424420169
87.3786392417
692.448026846
296.849698547
929.468827774
947.563543154
393.069725982
284.171035912
271.6144515
857.604519905
246.250269518
493.551564528
661.369648468
932.826071009
762.614836356
711.013562854
496.297139163
176.146327607
445.228532326
415.563591941
899.214165098
104.703446807
323.476672158
294.297747537
916.236973187
991.080795135
482.327224753
3.86590250268
969.485428917
860.292898655
134.918099858
692.295932691
290.738475234
357.756875013
105.765277361
219.42698761
774.795453091
294.828288469
997.121134168
922.155870647
291.090426399
751.169001113
752.743731543
751.936130298
717.116180467
733.416250594
969.57732402
466.051380925
695.102808668
329.262669639
377.779287326
183.755803173
550.146097575
178.642833718
618.236736671
176.198856611
733.223697555
562.509714338
970.001048749
819.350993161
962.62250556
459.049773204
771.737422032
594.267999518
158.389033781
614.238764061
464.256044307
929.026790187
477.899360115
141.184968379
290.088228635
155.36275456
239.507200856
671.37964922
990.192124689
353.505071491
992.727778473
88.9778303721
954.076491646
881.21483574
290.736174945
3.56842204749
687.014608028
456.200590145
542.081645065
516.988989067
21.1129792056
806.96742793
194.557048831
306.64253144
715.731766696
331.117007383
273.136758583
256.650477756
513.016031258
735.779364524
499.526282177
187.975260445
151.222984487
373.971266815
722.882325072
961.451566115
891.442950128
842.657746459
304.263638761
246.30769675
644.83357605
483.817787072
976.364986029
839.204202684
75.3912185838
275.955453234
573.673922656
220.337514699
707.848306681
732.112905775
611.51218459
4.16428023943
720.359509444
966.331349911
989.070184175
774.522392951
739.061710941
381.464659913
256.404836257
968.311806099
703.612371432
113.625116942
403.092424461
418.015412097
898.541217282
247.470932166
670.238779738
917.90781112
917.162182568
693.618716323
827.823501418
89.5120466771
508.452594978
733.384377879
620.672214507
916.957021153
573.722577774
129.230330253
994.455467334
241.589322697
423.369919973
236.603502922
131.05038926
180.092483307
88.5512205834
383.131295857
196.82850948
356.852552028
473.736005684
101.631126372
897.750594314
337.713394294
945.766283357
796.610835684
808.46064854
903.804913975
90.0847813143
149.402878605
926.519043136
513.941588759
438.439248678
723.910643463
195.892620531
613.811832794
620.552441586
539.643889465
930.910445431
936.124064141
462.121096615
670.671397656
68.576797565
462.293512165
500.2933767
341.706750706
288.163315954
170.570349439
307.628023522
744.202307666
171.538385166
500.585009149
488.556669764
66.0987436489
411.609562977
975.576325677
165.091395342
363.470248305
73.2983131534
963.823149467
87.737500358
531.542814439
710.398544354
905.525247516
901.02499309
131.323679446
808.677928753
753.684750318
966.357690022
870.869092607
320.039973697
733.321751587
852.043788214
532.623691291
761.228495192
528.379416097
889.753826601
744.042529264
862.811807742
712.887808236
40.7294279654
662.983085918
293.732452912
708.354305837
64.1525324627
179.867678199
925.508549445
685.658783061
27.0085329589
570.664728004
173.755966758
896.449681831
961.085590376
781.846712031
258.527142085
703.160586392
154.078390483
720.195951147
469.369911535
762.47467986
842.703474686
416.795388047
376.646041528
404.42749267
752.246805568
258.456248741
335.867311479
345.402533946
236.508099786
117.750203248
835.87046598
860.351200716
75.0758345583
240.412237023
671.569954723
869.48255684
215.54060535
714.577054833
616.911854273
203.187829074
342.826741066
898.402034149
684.561293559
665.87957528
460.984152844
217.558030622
725.042688254
548.631411047
419.755684044
103.883094441
255.51365855
887.70605177
831.640340091
733.156685266
801.084325191
390.533113565
971.585709101
193.551271531
830.7595227
35.7926322814
561.353506225
625.079132891
223.529294282
775.990936779
287.247653062
543.851114853
632.507766082
131.277546754
953.920162497
627.603006884
878.17240506
319.07580898
112.548425664
554.38785222
951.084014489
542.700037604
715.046102224
688.793994691
243.704458001
397.745991333
320.732199867
53.421939225
166.370945068
611.145618749
297.057182253
616.096328232
795.669521062
629.702778882
761.29204826
710.382519248
394.163053828
12.5517716526
48.546176255
564.121882972
649.961412516
445.034213814
890.567107942
321.340196633
12.9493516562
775.225533763
41.9054163685
15.4658056084
497.358633528
203.701678559
365.02608531
346.423701972
245.987045149
314.893317773
155.580853456
751.100369643
385.056634233
825.293707733
557.579897058
928.400973777
372.634133562
169.729980709
283.021947549
727.573113214
197.298573912
914.006437959
563.510751066
355.990140287
457.337478549
206.293755781
333.021786298
443.99635087
887.775684843
826.121237164
707.57796587
562.177552491
405.949544542
751.508995102
719.401558235
510.400564771
247.043202876
435.306932353
675.242885163
647.223376683
522.73640052
513.223626785
796.217067385
909.982045048
228.321893546
122.911277733
832.046167985
339.839885766
273.230356746
897.732455982
762.427170231
655.881235559
8.61707105098
304.988915868
966.698957789
746.55221171
371.977571856
263.186912066
196.846217038
550.765900332
225.653902851
19.6935694497
355.677674544
641.156335914
180.734598467
429.454115771
450.297859756
935.926834217
475.710590574
288.365946953
609.155186762
623.806838743
779.278419232
629.979284138
349.377752677
330.549643668
18.4942638856
260.999667211
656.518336435
163.499653922
466.482720071
514.077407579
169.085208594
704.513664059
476.864834874
884.950229389
683.191242536
443.039613235
550.201473037
217.858414941
453.727176672
249.436315875
396.281509799
336.887445821
871.713169387
448.804311437
835.992222672
556.394984899
612.105647346
336.882269719
939.281893785
771.148783396
520.847526525
549.545882551
530.150382164
325.78399814
850.370950645
89.8785105893
973.078789934
959.779223734
182.005139361
982.801976547
895.290775896
536.56224547
795.918647716
58.9925054609
496.193896119
95.4914494714
752.355924918
736.238180551
760.993200115
950.317477604
761.78207659
64.8976704378
525.346950793
194.520927954
239.949876108
390.012155083
502.23913268
338.621635936
357.061733071
528.500589345
617.681193161
323.513772368
995.42690181
15.6482400462
272.046623603
979.596246772
53.1421177029
7.11323676584
103.680070745
708.650734758
599.686060787
443.25861926
29.4543916804
514.831640815
343.647645582
371.822541671
849.489064028
99.7454670816
838.309840109
296.668836359
464.415599082
727.411223756
2.18650079597
388.984727113
121.722625696
529.23083038
568.589683254
433.135712416
57.2279386116
105.139417961
814.701931877
444.214409514
362.858292486
77.0432699362
821.430816913
120.863012787
251.398951117
728.632136503
857.582547998
494.067907474
992.468484988
675.550141083
213.572802491
201.259527994
297.127679357
629.186899646
301.920043441
690.065679356
969.266402394
718.929941329
475.208428173
400.265044448
46.8779158933
422.140163105
988.53892868
798.808382998
126.974898883
828.87603614
994.755925443
327.804602486
976.336360867
540.183032783
493.531380168
491.263218988
305.534328143
933.504396072
822.194575294
996.896976552
770.332190831
959.34094619
140.085022706
850.018238695
697.273296785
845.768524593
347.371001989
219.322371937
307.778805462
504.668999592
299.704660523
674.943283644
135.490090439
771.032912252
469.266488229
919.946643719
102.31624131
143.602696134
912.264713791
553.502349063
331.33210073
552.185693567
725.442194771
254.433172653
779.242426375
414.375073319
80.0020006229
722.943522759
432.429833093
349.787995873
416.792253668
525.502638862
761.561699252
864.51332282
491.59277329
372.843267289
391.63915801
513.48728479
570.439593617
868.142879416
964.505952322
958.888416576
611.491108006
769.680203195
644.037989922
848.162043301
142.817010635
534.913182073
828.982018082
38.6751921217
221.353682552
347.329463314
845.082168518
162.041858904
795.875376692
962.818815554
264.381761451
456.68706816
934.265286393
495.193813737
710.00092565
236.339426535
70.4481648268
66.0547342318
51.8340824467
440.267795718
840.381338484
149.314838927
543.250668293
600.222564133
885.576643344
765.599296687
884.435558167
462.797511597
904.156596457
628.512275011
963.525419792
585.146330669
405.364688781
732.421095259
893.424621912
261.521816603
464.035111268
92.2870870785
113.53067658
971.850027126
921.713027088
783.584861829
959.878508697
204.291254627
712.946771458
519.694318308
340.577822346
620.419577957
258.122519815
143.738668381
477.810931073
354.717375798
109.25591061
989.95089537
39.5564981839
654.119665613
878.586505005
908.644328936
594.496567377
304.047386371
946.059466189
439.402346158
541.830869376
602.11107188
727.823286994
347.457686164
850.06675006
207.993788628
476.811941045
804.602965638
729.639978457
792.373829014
964.83009024
762.732618124
445.876314644
371.280454559
27.8132447866
462.145724553
928.553125237
669.660432139
247.811591161
103.910978863
657.846192406
449.75228784
598.510704962
632.653219215
124.173808461
536.656358832
306.554840516
504.254257047
362.118626961
162.651798449
253.761265684
522.200904477
92.8780292451
326.127704814
992.795533763
330.311030075
635.26270809
18.6110471449
794.612692782
135.767610175
797.556056297
20.2607583169
617.755905296
759.926207506
807.971413149
290.113040893
557.751662235
171.506029346
24.5135920629
801.751605015
108.020506345
270.743594557
542.094761798
487.954089276
915.674274178
582.906919844
943.963022477
132.191972193
619.156295651
924.185492802
790.425098679
419.50385812
203.163766943
623.377302719
71.6998310958
308.727588923
775.242545754
678.226524835
965.177064808
548.92782707
515.64898733
918.610228279
394.54855043
796.565507781
12.2644888068
147.70025078
62.7090881767
343.554810095
134.809607549
749.723427334
537.348386298
901.303198022
409.494089855
939.82364024
730.294823746
45.9201548374
943.392701083
955.263764125
586.230800974
535.541290098
931.440081798
420.96355579
740.0952886
263.532883929
979.501700993
56.0725155854
549.373105074
403.914874127
917.741634524
538.695672876
117.743027466
74.3618647388
561.617458811
210.423876463
820.613288786
294.309755776
802.600355658
785.173140624
141.842030591
332.992933066
795.579426494
217.754211745
655.891661055
502.016961169
220.60540958
102.643086798
