439.009750415
509.307392332
571.646204728
885.27941388
568.531127814
299.697391906
412.718999476
756.163150693
320.829049268
507.302299423
391.803032511
389.534283502
828.115274705
833.268210551
137.815227796
133.962506469
478.968371118
7.15688069979
133.503490946
925.181211861
766.638396883
121.652029544
972.08756426
417.474674575
933.940794378
848.467014783
959.911879419
871.032001844
359.577954493
630.823621886
689.21461174
448.157964509
148.028013566
514.610184324
873.351341738
317.993233923
377.88965757
31.8783101366
561.023411054
119.804959812
903.86834186
397.015139158
936.52875809
933.443714533
929.510370588
957.884818453
465.359925109
575.438526596
280.398140802
895.385629561
421.310372628
525.966180887
626.170438813
926.217254431
279.477394506
449.603806048
597.856512739
34.5496779935
425.547000574
882.7087695
645.974056516
620.816301724
139.952277068
178.926733439
455.160948277
396.200700006
547.480454243
929.829578332
199.192553942
383.203356948
138.807002404
760.97276858
480.523543069
669.020202661
636.893039377
443.927366509
834.976456121
304.307843828
770.275297287
53.1982778655
20.7494274517
771.830455475
27.6325568725
641.366785421
631.083459825
128.291156921
984.581458446
347.840418768
417.964987835
385.564458805
216.13026405
720.085432912
928.977277375
168.227051498
701.766633079
745.007665308
29.5037633803
590.299550706
595.457815899
972.336679068
390.165241325
623.87332142
820.45968548
247.452510355
520.046257053
780.259696378
414.024495885
42.5825383467
286.01081314
988.232269799
130.428543604
258.381995911
195.056113237
814.729410537
716.989695655
83.1549193497
534.215379467
958.884115571
673.274611684
74.1994023075
502.300542562
499.56808762
344.467082639
633.537306216
345.392659376
698.760886529
574.254238935
522.3569339
2.12066029572
896.710519061
719.762831711
683.213839999
197.33109197
780.875997859
447.122996012
385.459454737
958.400149514
773.249877477
978.618019974
889.068862302
691.749487325
311.018410912
432.575315952
754.382526252
358.645808347
782.664299592
976.857645267
392.351769139
391.104535935
434.46861856
133.088024085
342.518572596
859.536498032
318.182746793
556.491690848
399.332439482
927.974363991
158.139289154
435.005840328
26.3628758188
939.958408797
607.993161511
781.679926195
719.561853042
602.520939133
99.2757475542
846.970343022
760.209475889
167.03096301
843.832370481
487.339382063
546.152829764
720.360081825
384.118091689
981.439486282
864.596080137
254.194852283
386.373769552
162.854114933
612.530123002
481.563808221
134.944350941
103.550632435
147.209865058
886.680492155
148.163982772
226.706628334
431.137614728
910.399733519
697.665629183
464.01912169
747.986813367
458.35933453
543.669575421
531.542432031
720.345811003
763.7980104
87.3632570744
113.156694424
795.340798089
567.937071332
156.553759771
26.7389113531
943.730918772
583.57960449
586.979844242
981.622485931
798.094240482
138.884481147
237.774166027
853.687427946
636.804766137
586.043044628
572.323644926
838.785155387
272.019340266
844.044426315
430.805581489
4.75013605231
106.889368841
969.964197435
61.6934673116
468.663987473
265.079952441
356.147594231
418.316286601
608.031630309
326.614309827
696.912722361
617.505387589
623.709355347
183.776849964
91.5213762513
866.462809314
472.300552718
576.826633766
693.641655562
506.741472257
452.887363169
59.6887898249
823.116850721
150.967197522
13.0931594864
87.1960165655
992.467006945
647.337366586
472.305149607
816.53483589
817.991555711
489.419661036
334.761481926
309.878598765
516.137841461
993.397801907
75.1877620416
591.622021024
586.978697569
486.341054362
800.798156441
448.021775913
865.008178199
544.297385364
720.434802221
410.331129776
357.144304231
405.28298084
747.581328348
244.467023738
793.991528387
107.831221916
124.796472789
302.003001014
828.501380135
853.686023872
99.9662748987
738.072543944
543.828443276
928.566547546
419.667345667
866.987847064
507.544073581
926.489357375
382.477050485
253.801843657
615.174529209
680.021159754
738.869831588
219.577769148
532.883291252
80.0920015462
881.50663677
372.800635643
271.449736926
697.116248007
676.97278436
528.416760593
338.043470364
101.144514446
650.828086599
533.862168593
233.224293531
187.275227255
923.713363956
943.972924529
469.229969864
169.806247363
324.017239764
313.341586832
534.081236758
772.385157599
839.306137192
785.32149221
763.381949032
523.768423488
354.374042365
726.9138766
929.73641641
371.280402728
739.666730798
676.595271882
119.049934425
900.352169876
412.575682579
705.29721997
661.569906328
190.083399584
442.923589811
725.328543597
56.3991807813
256.307916209
242.51655588
961.358008781
699.385006794
70.7717636628
222.574996102
166.913416801
422.912716561
448.689262559
307.492436044
457.970971619
765.165476124
494.927654553
845.728519742
275.804135021
53.0929674269
937.768850085
751.216096802
471.836501101
131.74949409
757.177563983
137.383553225
391.785777433
658.758151219
511.243804947
543.753313718
981.247775897
81.4042881861
337.017380849
143.750550438
405.013244804
845.106371558
949.135930866
776.288049923
527.211908434
695.489272161
238.85779019
350.89442118
541.303606891
346.664799356
385.147221244
629.259822976
940.1331936
193.400216576
512.667227527
241.317484602
988.336866113
699.45527644
342.958112644
530.475595533
498.680558666
488.359345187
841.007810499
666.264505337
301.090169636
131.255498637
686.299838217
371.343458771
628.36893068
896.369465228
948.180633666
781.158668264
296.50269523
941.272465452
867.530768405
450.737310754
474.603129596
872.521004526
175.224364644
729.903314885
344.951817764
10.6271137187
59.1346211377
235.14548875
370.114181523
345.12402135
96.6158193272
425.424960987
752.929071155
745.576952788
66.9269423941
798.970719058
631.845075726
488.47676416
352.511667866
377.148332894
356.122447529
725.193272554
689.935702986
439.351230238
714.549750461
640.038008048
554.392982772
754.147147508
425.112851358
362.397485658
671.965980393
494.39747009
193.873184472
857.761939033
721.105057122
399.254730342
332.904972929
562.742817452
609.318036815
926.375168116
303.030280765
922.224421879
830.436914883
858.459480729
254.360684113
692.93285797
453.275818128
367.385980205
794.295832462
155.354935115
616.461740569
756.334927775
482.008203963
17.3212664214
216.318985453
413.575899282
356.589542091
144.783122218
248.843109989
298.160535389
175.850437559
254.018664108
933.932844323
473.474468697
835.451145257
353.78813383
493.765598936
503.255559228
438.44083926
608.50215338
234.197351749
613.421168536
903.727761677
91.1723618169
286.902296338
227.295718342
94.018222339
570.175246219
802.583046626
745.725029039
254.25248912
652.163962013
189.569609048
80.2600917244
742.326759799
350.48442437
872.980330488
353.392052829
734.230966134
344.011450183
629.943004557
456.725283932
720.711728083
537.791103082
615.604750912
490.658035251
883.767597172
15.5840614105
55.7795047924
795.118761468
812.934259747
115.184379013
417.987086329
703.588380734
740.221861523
332.397148431
984.550028257
712.065734872
502.145414677
794.109428756
349.138385988
461.710945283
889.361567278
718.530955703
750.278366865
57.4989716978
937.089173605
678.767296626
716.177889325
859.192688518
887.024922593
679.002323188
655.879074985
430.525261115
960.560423343
732.917383583
659.651154376
275.177263341
18.5619806274
71.888283801
460.932629147
656.169620121
797.065158947
427.28854369
822.273215395
555.66501031
203.269120623
594.568141331
236.041137795
485.134722856
818.427579556
100.202115336
457.690040811
434.150599366
996.548949126
614.630600669
248.987312364
793.370549871
957.16930468
219.763394682
346.13366703
55.5142535646
482.554383796
425.408917662
909.875747262
201.922340343
880.199376084
26.9931009423
943.460162404
391.252973598
387.07736051
558.484713074
163.285425166
209.391620267
839.418871272
630.45746561
707.860314152
776.67004426
605.889927566
272.93622159
537.862666008
703.101290021
87.5942358363
217.512324591
345.509343503
559.942049929
960.533415196
486.540764809
572.600770576
667.941332227
816.463660593
82.9730630915
44.6046686218
280.859981475
838.91602642
767.543941884
934.931526899
429.656637764
20.5017651696
250.329672492
499.598937191
766.331692888
817.654468278
76.8776129214
601.382426859
855.067530217
887.890249687
737.024873782
671.630269029
990.366301812
122.271647655
482.966987344
176.632938455
130.478788728
345.318904571
238.657150709
94.9453347944
991.675061026
559.333617707
956.402625098
847.507410162
151.324537893
621.603152676
362.819471699
511.145274798
685.345498269
362.151851321
509.471871803
873.476261717
38.1240704794
579.963741092
109.563825806
604.439375747
243.057778898
586.314169693
864.056590958
105.326196847
388.785152372
108.431160045
267.007782641
844.060335637
78.5904684752
861.367724939
689.36693467
276.876199977
442.286938426
499.732885311
839.424027402
115.727222992
347.138913239
80.5578931961
190.95752801
777.135735272
833.035249148
4.40059353706
904.076907677
753.824929821
55.7557309833
427.538300603
409.320061714
117.072076057
747.671539141
394.237815262
590.427777011
35.5273078895
107.528320656
410.17141556
94.8994018615
50.4293130804
183.765042083
956.452259202
400.239997392
965.280247535
372.784347117
17.6460460505
834.395011093
623.350746039
57.024293613
957.342412782
421.383495413
980.358683822
412.257870083
659.111230013
226.489578413
720.936810091
148.560645109
354.901161903
102.39977487
612.91963933
105.243384639
891.783811514
512.465221094
734.769554478
48.6321973018
712.714713818
51.8188996973
418.746290636
409.169647054
431.093687978
287.384599513
326.813837645
960.423192572
864.189478339
636.996147875
522.383950108
801.610313849
976.58022742
92.5557142787
932.506650073
320.883659005
826.706408754
491.392699893
133.163489728
597.675035392
156.174046747
209.573653211
717.258636308
354.117092335
153.538217276
860.938664383
190.237064209
609.574669011
735.514217131
433.324961405
158.197863339
942.239703085
766.516511311
858.236154091
166.372700118
435.082369523
380.002166709
563.174437426
575.687351751
901.071740128
802.624859747
99.4142405009
919.294426121
219.851618445
980.083371045
684.34539582
325.319447661
880.817824276
820.860067748
249.971036971
858.661232557
415.925839275
880.970572259
169.087919025
715.188502337
502.346654925
465.223263512
186.932065473
720.449411127
49.5262064285
325.740895668
494.192924109
858.999145708
526.36842002
944.719825402
631.542005368
667.041014784
320.889758867
10.4101324186
788.068215386
550.726169923
51.912360396
598.212994803
269.167962547
611.531333858
107.195895552
56.5217239041
601.104452979
145.615247633
687.467251065
201.379350726
602.489803093
171.599529633
683.958189592
753.212662373
730.532895371
992.608087481
187.622669181
709.358323887
551.334501176
982.835097579
339.076830544
747.822642973
559.604029549
298.375174557
270.219469449
133.808244785
267.03303264
538.958929137
75.9622933232
344.199309062
741.005334593
207.506531882
631.374198062
750.004418245
361.381843702
216.265617236
888.972305691
14.0307397513
864.473158409
129.531248391
245.828556377
319.074797341
931.189473182
87.5754411763
510.024137045
431.788996556
444.653576496
78.9531626016
855.187722241
62.0901910181
220.210862938
248.888232027
877.867207363
420.328212549
527.093178014
814.639425732
691.01613881
895.406804196
213.87989827
86.7287710633
571.88823488
122.413333431
352.660805355
871.785476147
74.4285867067
158.52932192
686.961889622
446.072494517
923.134919486
891.158708626
555.315993184
157.490249626
88.2635471019
112.077228262
214.106703789
697.409292638
876.266842817
916.170748837
79.9554821682
415.05337442
557.914803735
128.656498786
195.368635574
425.463489129
73.2988315429
523.785196354
690.579932793
201.139342209
917.246908339
770.85801431
645.407469109
246.480404196
511.226635562
404.402418218
194.614466116
803.989011456
658.956781307
992.163616189
316.344823891
964.388772043
188.316908492
707.578434764
996.208026619
650.496838248
239.912639552
173.997083489
676.280552806
780.694855299
677.165751596
174.180306581
150.201915654
63.1227855201
891.334256373
390.796119643
753.392759965
240.367281531
88.2225555227
224.709829422
549.082210969
986.724744194
920.18845895
692.999219054
902.047178136
771.422157196
475.294797374
731.329036635
91.8313149803
44.8257149584
728.881142019
678.981494997
92.4725945595
849.823837697
491.054186498
860.45175244
359.472118159
29.1605985751
346.64811858
436.450925941
871.774897661
587.980443476
743.712311553
800.196757464
174.854106169
298.221915622
180.740039482
334.099778596
609.625794219
495.30246641
238.007935426
9.30633623205
823.309896428
418.336682465
868.724010917
264.621740477
97.7442291543
864.594787287
263.516858032
444.703599048
838.567029261
746.147792442
751.528100961
309.757237304
224.01101647
122.068958184
639.069547121
707.914892647
875.213780821
987.741694268
951.004920252
805.341568745
527.539954036
366.550407514
456.117740811
269.85710746
467.138315042
235.604383441
659.631510577
483.710433531
636.623235982
495.59502926
985.132266314
561.759179581
921.708663338
524.763978377
697.208351838
516.204833511
92.8782789225
519.02173739
670.632646147
316.063281141
742.453113876
107.903801006
452.436335501
58.9420510919
275.380560785
766.006832204
206.798782014
618.772417434
229.361215099
867.148531964
279.263348438
480.522642332
71.2099432275
982.483060532
822.053892944
62.5696821642
238.817229225
616.431534889
570.152339316
780.824144393
624.761888241
981.091406868
573.838254131
705.638354715
624.409113644
385.452353394
345.390461993
253.447227249
555.211362055
726.017469129
913.889838248
157.06649216
657.302629072
315.853995726
214.00953761
977.920499694
384.377552002
347.661964145
526.713901733
37.8024787557
194.454442568
464.082302957
656.751731172
276.33782488
579.801812141
949.91814999
651.205079049
152.742566168
390.041261206
66.3110389839
339.73757555
124.430881444
603.813480005
630.327149992
447.086245075
448.413006479
104.08475677
799.492013939
762.654373475
953.351823953
