967.653290898
210.424172259
489.471637007
925.884332081
670.792816977
573.399466011
224.211995274
722.239718783
488.892603842
631.682482942
108.392794486
676.066436852
666.739320748
238.358930819
802.918258728
313.235679342
751.556577954
895.474445442
437.673408036
315.676136145
50.3720006025
773.732032255
318.726707307
312.551951996
425.747733645
841.32466911
671.691968768
588.765329583
290.08507285
32.3857603318
845.114019199
311.169969247
718.338391607
809.482560341
133.429561011
892.236937137
643.679061205
554.127039224
54.782188581
108.261747588
211.423821453
841.819558678
824.61907405
882.575911639
801.469045667
531.034788955
321.932988044
657.367369394
959.087200315
824.490753929
161.507809871
249.804725999
218.721358717
352.645349013
475.377651344
880.112496523
437.910949789
593.969434295
859.959767849
600.416814795
141.644080596
522.574283444
510.606866492
249.716529636
898.137751842
344.835986904
120.255836344
42.9630838197
84.6110161716
778.335931796
42.2904738255
165.194077895
995.529627834
110.599610451
156.075737077
752.055392882
78.7238626299
755.879065303
655.745829944
484.118738739
390.629561489
110.848782444
811.259311834
15.9358906598
439.210690179
677.193220616
38.3227456721
906.433737456
843.563837958
916.44206686
379.289474268
525.349486173
173.848468313
714.504828625
595.309512531
42.7749075735
785.057576854
998.530261551
90.0762110437
527.574944684
383.328879533
867.658185594
612.240082631
986.484858272
126.030068052
412.970907354
122.184402944
221.712009851
741.230339878
701.08691342
676.312290636
480.796104529
239.266721137
587.1816997
624.840112092
289.708867764
807.469391614
773.466265054
418.482806784
230.075881415
865.573236686
534.588020935
450.224742203
954.992535149
902.189306062
256.903322025
871.184262943
380.042374736
484.038281784
837.17354764
639.326013177
254.192752014
452.205292397
171.095787443
993.599588216
954.961473922
506.660715331
161.536577849
199.784996722
998.529740015
869.485504967
962.457690569
964.889203033
368.633544638
598.168547997
409.459454579
768.349126963
817.630234845
824.427405775
168.047986645
274.561444902
292.371131501
421.552868429
284.697150394
661.688581959
439.63252836
413.83314421
730.588256649
147.991591264
621.483752041
954.809018748
274.303377959
704.381656407
869.808711788
976.571213515
354.158231824
288.671302635
238.425975471
260.537847657
517.028136956
52.1305195345
496.190280679
566.506424669
467.179518426
452.781198564
866.468413441
917.88612068
856.134026982
510.572557828
382.329694851
518.958210995
167.719510509
792.647627327
963.110899413
977.522287572
229.030571434
999.957983022
858.763938538
74.9768817399
754.729752991
962.064641748
429.48463072
117.87606306
291.631412261
377.644529401
326.498023258
77.9121875964
87.2013796071
382.62254254
49.0420310931
251.748693075
551.714759723
324.160284226
275.269112133
524.005022497
123.450232422
484.492142831
510.292665648
922.55103415
770.69805423
178.112918606
410.551396759
574.956030662
757.690726072
977.775447752
352.853063205
336.374700508
348.210273654
13.4230402502
671.608389262
613.361676381
698.624730252
385.187844677
735.860208274
914.933606523
173.360402054
172.804102266
490.571665375
455.379140087
392.897349756
934.025366309
749.743814675
171.893453859
875.700474146
196.169662529
959.226559486
655.899966836
188.269993641
666.301229114
226.628278799
131.196350506
942.245237878
655.043257572
830.721214267
859.181193872
609.254718166
311.446880583
768.653425373
728.111118716
550.1100452
725.660420764
941.501414638
665.241820441
36.7100959255
151.333984406
761.847666725
480.615781909
107.763583872
260.216776463
27.8564569281
585.892060491
200.554908948
325.798014741
51.9125354938
716.102211843
345.790630817
239.524227657
608.72778977
596.59934983
68.8143501972
784.666700971
648.935836395
330.818017274
841.239298014
350.718289985
922.716689227
651.506000524
633.610247069
553.953309518
162.894684878
188.28031001
387.101493695
684.872568644
989.610935882
433.204176322
206.966111147
997.334770939
85.9130104947
471.048316605
667.447887536
160.998310175
782.855408125
759.55208391
917.512707659
456.931482936
654.934785696
173.45790571
308.837219729
490.550416009
115.196673877
70.6153229826
785.367685204
575.572686872
462.68537254
133.928535937
417.744444048
41.7919767261
1.68383153124
29.0584368757
563.555047127
264.967782762
582.355465848
837.704809198
628.96897805
391.045342835
940.395462687
565.326093019
375.520539348
634.866000375
981.120468474
678.294849918
492.154098274
849.362580156
361.418705338
540.473147863
299.58443919
170.197419808
762.461590138
678.746640801
842.519093987
332.030605274
517.875218577
678.342838199
580.398932805
533.618097707
874.347742292
420.340641413
592.778641669
703.616584123
61.9124908188
414.707414591
972.268996976
824.398148563
895.682031356
221.053288644
793.434233795
627.058068311
570.578724285
440.09720613
93.6060970152
251.633427658
719.015221887
337.843687157
514.516126681
415.947077258
506.41976906
582.930352849
977.566491073
853.5825134
125.455388347
154.221616619
86.1538412004
869.580799718
909.267283693
430.740874466
389.804743422
140.919324395
736.989300751
92.4086735905
106.151287543
186.766996062
675.898278283
32.9944153256
744.040268792
13.610993472
796.838229393
332.837141373
443.81370496
530.637069365
669.134408012
873.008932111
835.557832397
681.159981939
438.728956684
90.9618295197
938.716195016
435.727266427
962.699062349
987.152834629
366.535033645
342.430996932
858.193508433
462.197263316
421.42022982
927.539513194
403.71854613
368.835812458
978.799942264
710.408923149
803.337852137
357.504872053
724.974355225
97.3532865662
237.358671021
741.315129141
312.470566776
523.813006112
625.741178865
484.860184771
772.187010791
879.995706384
651.436198207
487.03299732
510.911638515
537.69112286
100.17051177
116.38159569
942.863153508
708.913407627
173.096926653
490.600352227
956.225302087
357.015372708
598.462651281
794.079496191
553.325709485
194.283618488
29.8884571372
27.4080039835
586.980875046
425.723442083
638.513941717
387.840841619
728.641278786
381.070538247
854.921516159
934.306903916
883.197328319
494.996622633
975.522694766
44.4289542296
197.480119001
852.434473077
472.802418793
525.204034825
41.2127522761
836.927932621
588.754445444
520.155110597
396.651423291
751.273914026
791.2692589
933.512515626
401.889290955
657.062576061
655.555865743
481.51210405
620.863879213
178.815781826
304.275309839
206.830352541
601.306103278
706.358017157
590.195245092
987.736170619
8.51363182039
563.866525338
93.863078572
514.286096416
414.848380429
43.2389898777
326.775671224
525.172083866
669.584138951
232.649894691
759.267696489
614.62968524
630.268132286
931.485862658
185.597998745
717.596002529
274.215437894
19.6129790165
51.5519815844
803.837189403
1000.42245421
307.281136897
807.733105994
154.779346869
416.83389331
580.514938347
352.342848563
835.590833505
649.232312123
830.766355564
174.155232595
407.933734328
398.639833357
67.9032379728
26.512025303
5.41570819672
240.208811942
211.649161774
189.251587847
81.825578959
280.779493917
366.729940081
615.815425093
993.399870454
452.579826758
990.376485255
315.203165206
894.778989076
725.778954195
21.7964618155
422.326911167
179.9472897
612.780155522
16.6303777804
322.37376596
56.1884817691
402.773578524
373.898094754
556.932608764
199.110037765
131.592509411
624.951949061
920.827223707
152.738411522
760.860453557
904.065787566
397.999415784
277.870406967
111.909501554
3.38686335037
496.807763997
94.6240126237
884.425696792
315.326481058
412.201078953
11.2056239278
730.58028033
322.24782133
430.456082131
492.429166312
668.096512333
102.689782672
211.654875035
577.401212449
205.566427859
466.134420469
748.669828986
713.601292382
146.548090303
737.141990874
134.708006011
323.384223282
226.230943801
287.081423735
863.125969378
909.745139656
239.148546539
814.66018177
381.741526169
756.549098109
420.615308853
642.328525296
214.901337674
478.590795601
652.394833059
477.539446704
909.239564202
843.278757043
616.048334417
750.322389118
895.734625339
717.925723619
784.11990823
687.581046703
780.470608643
304.978730987
620.329074542
928.404132136
670.503611267
535.582344935
728.543444422
477.819437594
546.522200656
578.663352696
949.183185921
615.257650242
289.91164678
1000.88070313
415.507376545
157.396457984
493.352651759
910.290650944
537.209067982
34.9723939338
158.582563206
812.272875647
6.93577576958
806.019095188
107.808044122
507.49847351
285.741568685
108.677344118
813.86636986
830.082838304
483.546600373
693.7524396
47.6193325753
732.122906345
238.817678508
630.623861029
681.905763343
503.481388898
933.207931378
50.6353509464
212.829604556
748.760674435
47.617593501
996.062066404
386.99273716
18.9144029832
927.409382609
169.321042478
241.227345315
192.917876528
429.888579122
719.386349695
645.96038924
24.0524510489
643.06226784
72.7348345083
412.97812662
892.530074673
69.0715028922
663.801495769
928.194081258
178.154451275
391.056752042
633.937985727
376.12318217
929.003801055
781.568708679
997.165020463
349.063917701
772.934860764
457.732524245
467.568337089
55.5933328552
348.022171562
606.375656406
507.957534186
109.556954027
655.847562733
231.447160555
90.3983976991
789.295946881
299.386812616
208.525537346
453.912540908
757.925043049
817.626538109
547.335342377
281.415269017
400.794455321
6.98984108701
445.695163655
901.488824525
196.079151692
85.3327255343
293.971436258
902.447517926
605.607331774
650.005070104
311.398322634
56.8266811513
27.6634114177
138.556624768
880.185496305
541.82993789
19.6408178899
668.32898123
126.71742881
159.866767675
359.928363953
885.062230877
773.886278963
766.651325127
487.198138284
887.121471672
93.7008592657
646.655517434
890.804359442
216.040678074
640.297422028
728.393106445
556.156126426
570.984834544
813.035102332
921.568470118
544.592415991
525.983588551
276.30792509
565.148446266
445.082150401
660.50644804
87.5058114046
599.192435701
906.905954615
248.503673774
410.670545257
0.147787898486
621.530362189
342.001512655
781.47149839
277.686977639
713.364206346
164.34022176
413.110323339
515.124966642
244.534363333
523.305220964
218.805848737
410.660350184
751.024697721
530.970212363
459.975296199
636.277821066
449.047204737
874.540415626
929.561146805
719.639670398
475.441486257
350.175650588
24.8341753085
503.232868875
326.899120229
38.5682829735
700.082110712
263.523005924
582.504984588
181.807677271
302.22948256
809.89017063
955.543080847
847.333276009
712.302650401
186.625116688
474.248573132
435.306431274
2.91860873915
632.143248751
557.325925572
900.5430054
754.784504475
813.574089574
705.678888373
637.276457428
873.859443788
987.100057625
515.764053092
490.324323554
417.064290866
623.197380079
307.500607254
438.764403573
802.048719999
155.436950158
860.457723988
353.071698204
303.214524334
939.959756209
154.859209296
972.242324125
395.113720927
164.71583982
263.099451419
932.512893572
272.401084558
228.398377626
672.057910092
226.641650167
140.870272056
571.428158289
853.266400118
84.9863688115
290.513353417
196.476068992
48.5966167319
789.210775141
452.221967853
428.006546597
269.145577674
331.462425126
406.910220857
462.67435049
80.0493396016
842.064628534
462.287203935
471.568515158
165.309014922
953.742316106
445.863320657
356.278207569
959.401563829
50.6963715553
364.4242849
982.290233819
28.0026514947
735.015165427
926.948135598
669.372300815
354.021900628
546.582728387
112.946510961
814.774027762
351.183322739
838.546175338
853.74427807
731.4398198
263.413113232
431.709167207
274.876957955
690.453650979
709.22837175
948.807736421
106.947450278
998.010495361
390.36877864
706.493457436
703.542207214
204.064955665
1000.95141961
194.383128588
379.191907624
704.116278761
196.122063626
575.809782686
584.135368339
661.57301419
112.34844904
37.4094529848
67.6999355093
918.989725045
372.463544903
778.797858154
719.531107749
876.058787607
582.213854439
405.816718698
879.799689175
353.056364604
792.214765683
23.1244347959
352.272388481
149.59669346
641.571434602
0.507993156368
14.6933113745
77.178968081
568.743589224
525.394719426
237.332005119
546.482295527
648.901317302
615.796807281
578.717382021
686.913428817
135.782787065
530.343549358
199.120592108
734.107171941
829.390100655
763.466350049
86.2544240584
492.943253087
389.750277797
173.816706261
749.254659855
393.854694052
978.143760595
65.9258659276
664.940416172
729.605764878
348.533282867
461.394621662
891.144396597
982.536592455
903.517821656
769.530788797
868.657497301
147.515908823
334.376823227
881.649953505
323.232234762
453.904473297
96.5858848453
748.240043732
965.389731466
648.223614591
154.140341223
144.681179118
412.480688282
204.442857302
302.554144319
104.96460731
873.612869986
437.960766211
430.866000459
367.222802685
139.820839423
531.990762255
121.380941075
85.8751190077
767.967387116
241.103909613
42.2244282645
76.1805161326
941.833386259
28.1989875476
535.952978102
955.656030565
829.411419436
740.486604129
187.352750634
277.702167512
729.89450107
372.174770133
481.355200293
823.17030314
786.830999068
567.835067654
713.444774167
399.312572824
379.623870543
292.939970837
995.746286847
815.280702688
730.302376275
784.115243488
557.952719579
704.54514887
681.653185817
655.318723437
400.740328682
918.02519334
748.557918743
690.50659882
682.809475649
449.470731622
667.755146624
614.95723729
130.754847354
628.155609729
691.906422285
570.777967118
857.666626891
176.809071161
235.978294136
254.785357029
604.085103745
969.262944995
356.805464128
272.907355717
309.97681153
317.374668549
387.846661786
262.748385788
747.961731587
470.750178103
72.4935388296
456.106597018
537.959134536
916.877686993
812.458250876
766.302830818
701.926414689
999.351207202
582.644538732
523.54275464
875.495137225
930.905098126
987.903679471
273.933188273
479.373640641
475.603998381
769.624783051
90.7269234682
271.562810295
215.459724666
530.9169834
506.957936586
532.347243081
750.998052759
520.291161539
28.2911688394
359.926121756
