597.783784622
181.604086913
72.3054977298
540.977163324
637.540734081
951.822469544
729.865923872
297.60858296
452.155436845
614.23542702
764.83983856
923.443134754
511.497185317
175.354313444
789.687021016
931.948983783
257.395736261
973.91046208
378.033483422
851.834377222
190.049024121
877.011863972
592.689980221
677.896034737
936.055664705
45.1218572597
122.319540634
964.996798096
361.187301819
544.752523061
302.990944092
581.553964082
895.998168644
480.732144289
532.445624526
974.272611713
245.581208402
292.027581742
58.781041256
927.35250532
629.145543985
94.7612957657
954.056544035
341.759554572
52.5923449603
724.219656606
750.965587334
400.38893211
773.291144456
720.558264775
321.309710221
278.410050469
631.195932496
900.902801209
395.980163724
189.84065574
210.286958262
717.63106796
712.639924633
156.165093718
283.265053027
951.94302868
102.542765621
170.315275498
672.612696523
316.196002339
613.440858096
238.884536548
58.889536378
894.193647827
438.624414627
400.271288987
802.56830737
72.1820356398
988.12884046
657.209598307
652.420513589
139.456769471
914.542658606
525.923652899
966.870966703
70.8396337415
966.513695444
402.915514527
979.149460367
507.676499895
126.44479442
519.146984872
222.046738938
767.184228675
660.34006618
178.755628487
55.4081898188
566.273526664
873.597314728
288.947209374
211.625023011
701.748201454
632.312609637
958.395406974
507.050459872
385.48884617
420.17415724
891.690074261
424.759795365
654.411812684
553.674735347
645.021254843
565.941790403
212.108806645
510.415864947
780.872462135
740.24013638
226.570938105
314.631372297
591.599695246
434.155034504
729.971427126
182.465876576
719.657332525
354.014775856
468.613243958
983.645711882
256.006882478
959.786299679
322.892855257
778.429709038
961.419466323
881.017308237
817.261360688
47.5945882952
555.611540991
207.233429622
922.036663845
292.226997635
461.446562289
862.186378101
859.078308244
279.758280493
806.256841077
153.186621453
275.297937178
600.91129831
701.281676033
326.108960176
589.478006104
836.000047529
877.461019739
682.917669448
119.202467709
970.492673156
154.196923804
646.181587776
34.9540016759
57.8391614874
360.035537821
486.261936004
6.08852663977
691.492906112
13.5608983498
163.982005142
308.273794034
299.998980931
580.871035654
766.66365169
481.47162885
337.573411161
677.448065034
885.811532329
978.466202408
449.583574281
281.302352725
434.823290466
434.837799389
104.778374145
243.262591287
315.788190378
950.98593371
526.710400822
544.555449048
703.179764727
373.26697511
280.708816472
860.703588708
372.274708179
173.823955635
132.284480114
655.444965595
38.1108800723
540.009023277
830.348433358
359.167400604
678.457527503
259.047292001
740.466548525
396.809580778
308.298068565
783.298981743
498.93652224
63.7864520356
57.7965235316
163.091760317
493.403572103
313.873360283
880.390465467
274.191881708
916.926133223
463.687489767
893.25347782
79.484830312
546.05880145
294.464354103
282.98762557
83.3757864757
509.835195167
382.804556233
709.610424447
629.067511415
469.981480533
196.233837434
519.676842718
89.933590152
243.762730846
133.381246505
928.116954109
865.679382708
29.5972645256
353.079334987
568.618093761
250.076169285
436.616115425
720.012442429
277.237786132
186.775276287
728.828907495
857.017324046
753.426869859
207.874763913
83.3967484045
860.800796888
357.903329616
547.46776661
365.513967352
300.063951078
451.274583205
699.64897094
73.7974405844
350.760975211
538.586903481
578.935212078
729.812009606
286.222040024
661.942732471
347.006501719
883.141210934
236.302458095
178.012265969
423.164595928
727.253267171
755.28976713
653.634091151
931.39295101
394.940261583
156.650477987
191.466662058
232.459984959
764.280169632
556.139311273
111.104082087
58.6772557572
930.319921424
535.100120527
739.63094152
421.302938226
271.732256343
705.741351072
907.01593255
900.893142962
806.672547021
121.95709165
601.681246526
993.849796442
900.786985995
455.408049325
11.2911564172
7.28136324169
612.196438849
38.711421742
450.951114317
169.079391798
719.182752153
838.46933153
441.01784815
670.077217581
239.635333087
379.123957882
568.263345826
291.186812126
635.784531717
891.586345084
893.864940387
496.71488586
598.116562282
677.502283207
777.414910869
707.580648326
429.473887948
228.544610081
604.422748433
466.936983841
945.30538092
150.13367261
954.700393592
709.769823029
771.409278222
50.4387419345
610.201124148
875.64510454
601.186332624
489.803516646
579.732547784
917.220000109
274.886431856
733.81138599
939.946521346
402.997375064
472.559186977
44.851726439
262.495213619
298.885713162
671.499347159
161.240498289
42.2943049352
525.865856314
492.670104173
938.185893823
659.770483272
240.413461162
87.1978695362
807.539072703
887.254735215
769.909724378
627.002910298
15.4978648713
794.79464188
709.078609181
69.570765209
740.99717215
380.437682664
332.402644579
804.977137679
947.563514243
783.951313432
795.970615407
367.72509971
352.031216157
853.554166137
912.902319654
788.029803723
280.100983019
134.412055055
177.13316639
901.278738499
705.929694935
674.848220125
770.124856732
961.177369926
862.133142324
208.997497756
22.0486661591
65.8527381621
116.124613283
906.454722783
170.563728516
247.917279887
229.450012237
763.333849841
482.420245104
913.998368098
358.35582189
78.5659794487
842.304795368
560.189327914
224.201159708
702.996448861
646.45470645
614.458497554
92.7319361111
923.745258412
759.173072022
912.134773932
572.359018487
763.907288521
879.785985191
571.668553534
553.667395588
58.1239653411
709.648008443
874.172501639
698.092234482
12.2944525491
567.421328648
814.37781173
990.907233326
845.762468061
318.72092573
155.666991559
988.203335603
568.988221877
999.260876594
296.978636186
903.565415874
448.826690721
236.105374694
844.567009404
511.701170742
140.814923757
134.32185145
231.742623436
108.30035981
723.511629828
681.498307715
632.832415753
887.16374069
816.644027382
238.659880764
542.270005032
432.780035762
884.100634174
296.603894204
961.661000351
667.376898583
916.433613151
638.549861797
549.322486692
19.6550758934
834.492419602
835.084280972
607.98582844
81.5780183314
733.243407642
71.6319635321
384.132765902
631.647983966
679.259408708
771.060466461
612.940335335
421.493844914
874.07697501
419.891541861
614.141838762
164.640958791
450.558607068
811.086219241
575.192609221
323.423773026
489.102129442
445.692672551
318.481739321
291.974199849
114.573648434
678.725686264
204.851784687
87.6012325742
698.758969417
700.890440641
131.008336964
392.985565472
778.133467329
893.372191641
562.403365436
555.650999518
659.976960438
127.829244169
38.3766768692
840.919407119
78.2576308565
616.384820893
1.77184382289
762.201560574
495.126412979
169.920867111
41.2796989841
796.688323371
659.233400754
172.678319303
767.02538187
127.46302443
751.879904971
782.049419251
419.506892766
652.321540425
89.8263783145
513.674851794
923.825649647
342.375190962
425.155561628
833.5361631
667.599961569
386.023900847
983.319487011
172.892724403
810.7944872
917.256224577
779.427498959
839.818618444
185.036731807
52.7911073307
576.334218071
1.86845997583
569.670810566
661.512481915
65.8726679076
603.887417592
914.678445506
712.140749564
869.756802738
703.948740982
845.308201608
928.902417599
195.346856055
91.4505710947
843.063216281
454.341926922
730.500937051
58.2908339002
144.040801517
814.490112046
70.5399395959
552.830184027
228.339156543
401.980129138
608.02247719
284.904247922
550.546632637
97.980947877
304.30034344
245.026555897
184.92485844
784.404901435
958.127746679
569.550262335
239.516436687
814.381212514
551.808309223
635.648957556
951.868553863
472.903806142
456.998102547
219.829896759
281.805948116
451.745931293
233.956758972
714.383000118
680.016688683
150.225174875
429.630771045
903.010366358
308.784930789
386.610028982
532.807409691
546.219387532
990.008829153
584.112460385
46.8906606902
7.00616225581
143.745982286
291.398887281
695.365442853
868.055408966
406.303205692
844.971432234
771.826084054
217.939692403
599.761763154
181.178155242
280.535319686
664.552868847
788.522222382
694.954089517
317.712483508
863.806378972
765.992087789
173.624463222
615.706145706
408.951480521
912.07192233
944.901128042
359.358063116
161.640526395
387.321129693
691.825270522
385.655508077
725.608955274
324.411459215
101.44121379
916.423991176
656.64765597
765.157742013
735.68034855
198.898110983
441.285404592
779.75724619
684.548055639
175.921736542
226.43974993
406.453831743
599.560885988
284.833826842
714.805756858
469.860603744
174.809485105
295.076655501
6.26046287779
258.798091878
247.251235137
137.514083676
513.369577275
320.960426332
926.477050226
828.139781516
61.5290951641
873.126643249
775.30355417
159.588001927
238.463337829
813.983626209
281.682759197
591.018392736
25.8768815503
888.491866798
724.325384307
848.346750443
948.872156859
938.924522532
962.403270805
546.295760281
777.72363498
423.202993668
169.412239829
939.950534318
704.537719909
545.620473993
56.4464857457
535.049254228
373.116729384
206.084752958
487.757705114
610.989795813
599.743784217
428.259234882
619.8554641
654.764307278
680.001225491
51.002878088
122.585688757
555.338556259
240.55268566
866.435903095
969.010489488
275.899670431
596.661471245
570.645593634
888.459244526
207.594642631
766.850350465
786.595192515
494.763765944
557.021605756
8.17467381197
80.4953551946
492.09040833
567.545116926
420.462390285
270.156925961
621.999581962
241.313576543
245.600187757
380.527783739
821.70576728
900.811152295
862.025516511
904.728581564
378.800188098
764.115866263
510.193818148
830.112046147
343.626218254
12.2618075364
606.840792792
758.98278111
657.933131607
278.710292261
225.537559032
920.917823543
528.88637391
316.159400921
935.157505595
964.672666408
93.0363483314
513.32849588
976.21460686
695.596258561
558.36313959
559.659025623
97.56309087
892.903717624
317.370713221
78.2143794729
675.474893198
417.654506013
919.378629506
169.786214362
406.092764729
958.074836257
351.397489114
712.942037663
41.1477262932
669.792250183
278.215666929
497.435457238
73.9967947185
454.369195262
368.293091199
753.49617818
712.116167555
968.764224103
526.304099599
650.800378575
742.29426784
888.348515403
869.555271888
42.7485812362
532.561191902
588.470455376
950.43287359
120.591631637
882.125410382
528.768969995
327.619629664
618.521941257
603.556726366
70.2689868037
590.381207702
145.024995791
193.607117504
6.7803090711
516.24258746
635.970010765
693.820846261
305.441275099
594.193964907
861.307609973
499.197514784
142.249366444
467.549377631
555.976269831
291.962746964
184.481819244
846.956400624
155.02203169
256.013586273
342.059404375
734.740030414
650.974036969
639.783567164
98.2596473632
740.933556443
717.51870564
264.707819826
810.980467473
794.48390377
192.405355893
431.63405121
821.418418174
946.752473829
821.206453315
300.956188616
501.558920469
677.676923475
535.78636238
629.131379685
974.595639977
641.920883461
947.14737571
906.245690454
889.824192988
499.711851079
382.121173342
479.274597701
304.693153567
947.998842332
185.462196883
675.981136876
373.559220817
918.668333322
260.055339572
458.658571888
102.174198435
249.518730684
257.284266634
89.8392887402
722.228351687
862.156907608
417.713131575
507.708099036
1000.07050021
233.041655345
130.22217611
604.150016573
700.462399134
795.099326163
477.981642973
638.089009538
683.552419552
693.175550163
315.948971734
834.661903489
8.15766143949
159.163977893
157.205546359
492.512775792
63.7646595574
224.159136984
671.099504099
281.553062726
929.699707143
456.041817168
77.9651243709
211.493921985
685.79758021
557.842394524
545.183047258
298.196168397
701.508874884
448.762071498
275.253028577
29.6860623622
479.021107634
691.9795065
586.192088531
423.360311337
634.300168748
911.807839752
302.515758684
918.360513484
882.481383313
517.469222583
911.855288356
611.988081709
430.956862825
811.113436931
412.057725724
566.750589468
981.723302919
39.503616972
367.833402044
414.871490588
297.057768307
497.862785041
860.266652387
1.89502884831
102.56053186
802.434485812
733.547239056
712.308509979
592.945966274
414.979653035
987.993484123
506.135543064
527.826356729
294.166606222
531.796689183
499.311639064
209.228362951
823.315331527
515.945024293
578.932911094
305.886999601
331.492749861
523.536564879
202.561808051
775.677817909
998.833546887
783.463460053
675.681578072
986.264645955
329.232607717
503.267622001
306.151869463
691.954173496
4.22784342507
674.196290313
413.297110328
977.662281822
825.924501958
110.795816693
256.376049985
238.740516512
357.324022826
987.312908523
159.466482483
799.082573596
5.00222895774
510.834049251
59.3981496892
377.087158948
766.587179536
1.13091640983
884.423375473
168.903502213
240.179332868
668.576431113
168.687555253
689.846355723
966.73412144
849.491742895
354.303091222
671.336146286
81.7147514861
306.123839223
781.06754256
694.802927018
150.785256222
315.342397551
290.928984571
539.217292096
619.211199218
686.078135984
442.309893212
171.065919474
930.802339514
285.955713485
779.766889716
354.063258871
205.039735946
989.944257538
729.641798158
734.16995501
667.316911429
557.38160215
888.599107794
203.767767517
410.793319945
317.894992167
594.519853203
893.422354091
766.18960641
468.586101345
543.757157964
436.265285754
225.880698349
299.20944245
79.5433664129
982.825235999
954.467521793
934.983006556
906.376204355
486.656186562
271.93412814
406.573881757
468.193549283
895.748273987
190.971050696
505.721842031
749.620927857
391.505462748
975.21470902
539.720215521
746.952458887
219.850215607
475.818198158
860.483802959
255.437870658
999.776177827
983.339355139
782.65359559
124.394304661
727.294435254
162.45933645
154.500097398
586.61761781
938.171823971
51.3342851062
454.116228671
496.534335942
68.3692094766
109.635473296
290.838026864
155.487911743
787.934827868
997.010486789
332.140518285
483.895113408
97.1969529953
532.870567306
618.111655508
235.380567094
46.8834310985
79.503170938
