932.20303247
964.981454442
795.216663716
305.646205768
488.337714128
885.648952864
327.603879589
718.719839428
604.086816456
162.043281922
453.32954754
537.150288119
205.671269741
795.178074661
330.136660544
815.038801434
599.131612543
275.8654489
817.902077662
835.352650532
115.4300227
258.256059032
260.29963469
529.631015812
402.769722625
547.352680713
764.819248927
682.252845309
776.167199421
676.243551948
973.670457903
500.267400789
468.375738193
661.858853206
549.085852162
452.794091664
228.860716986
606.808466338
476.266344641
384.741241602
149.331734265
909.741670255
278.815437223
238.730871893
483.861417451
138.657147112
2.49186139979
963.753994584
616.295087949
66.6293649304
64.4946929697
600.325739581
881.369667099
553.862242572
964.709807486
219.160824302
896.407222619
117.160096906
931.45768588
523.041258119
321.28937346
311.792495235
953.021815774
311.119459397
281.420334892
372.124753002
89.0101287957
493.481303643
96.2873603629
387.005154084
374.486168963
885.890691143
69.4849727978
556.156576889
836.460239716
939.668862192
632.124679499
925.375837063
414.158686808
744.562865725
16.7050700381
362.910923848
131.731308936
458.262699295
295.342804523
474.694875426
268.666523121
224.329424235
844.185914831
822.060935274
792.044146366
329.47990833
501.752169102
460.090567752
515.270041942
867.644860023
36.3937385031
448.965666194
414.657802927
233.168505655
350.80757511
628.678661176
659.388978865
53.3754805528
292.174121396
763.980299434
515.259998576
856.895648702
442.215125399
593.023231006
767.817805542
308.928281441
673.777584866
847.603005316
774.958223032
172.799663263
289.632045189
21.3453298203
480.006227337
758.86583581
242.697613979
535.051514369
501.85891312
423.954808786
228.887234765
644.791169957
578.997048604
162.170593607
241.027033486
243.671601427
778.415863088
932.278164453
148.97143161
233.249366136
355.98029315
496.309797469
729.745649309
835.335026915
861.885636853
538.475935832
53.0867106874
628.130792618
493.599206885
814.415088361
20.5284047027
392.872335434
192.771829473
205.13092537
424.367112425
774.915615561
649.713434683
688.321712518
139.627938131
326.981628999
63.1081973682
149.723480035
61.3518676291
85.8572448239
706.861113909
736.450132185
966.335676378
664.832169767
359.401494592
386.842995877
754.814610826
418.956564797
788.759152219
711.025071487
903.164124586
905.931333827
890.22232206
363.81684532
44.2379366001
665.962832254
761.408409739
69.1671141529
864.976097042
979.365489634
105.019700796
731.184209417
848.561819747
912.122826462
655.811657454
726.671665979
509.982897782
547.78673686
282.201082793
632.485737871
877.960152673
305.278969598
872.453925602
901.028664855
841.305965895
79.4195278658
955.281978639
545.911725987
958.287815714
956.064254595
894.397133363
157.949304829
869.331691428
343.278726837
331.540423713
514.94875414
551.939992111
703.963269252
274.296776252
601.133663869
874.246572292
617.91704879
256.442833811
72.5500144032
927.926870885
262.439960526
378.292582773
702.455681089
564.920256906
677.095173202
600.227583989
718.963042157
759.256573319
38.8832951517
345.777341697
869.704978089
227.60986625
810.412010107
611.53468589
580.946457775
241.813236766
381.417452213
641.036818062
690.024217553
862.93266605
592.236871712
790.36286122
614.381861608
73.021817619
185.925775805
681.800222147
942.332012236
12.8755947419
4.3265415115
900.172700772
943.225759123
532.555782453
954.058034244
644.999159552
110.404369864
671.51914884
329.403792077
300.799516656
930.276861429
791.93720514
253.23023669
492.064844746
632.409080451
972.159553584
797.13191297
699.362383541
945.914194335
901.219934515
388.363529565
60.8765534721
551.49827253
744.420770063
395.742506505
275.061139251
855.152827954
971.489755656
510.235595889
620.915568944
493.711521912
359.844716131
363.504641192
560.375475678
541.79718769
291.702868118
116.494896644
473.570541567
862.783671566
223.211110504
938.527712932
709.013219397
904.778783499
607.040462568
844.658162079
426.85530916
847.559535079
866.66023412
945.709584594
781.783129985
553.551341398
136.858697007
741.929298554
343.261931693
517.304120502
561.464186016
314.910869198
321.415845742
331.405234465
765.417158117
218.308872651
514.97323742
610.437225428
433.32822525
833.994679175
715.630970703
674.145481296
702.658653073
281.502973864
745.221492836
907.727121365
292.724639564
381.223404475
805.017878163
907.267339031
982.76297601
899.476935349
518.599064844
347.022825638
409.707783888
380.083924953
103.496021632
480.447234491
700.72634577
893.536469023
606.379712762
487.181923973
313.228240816
332.232224566
10.2120106589
228.832530049
944.650109494
31.2345767085
552.204370978
519.076923903
583.777132788
629.964478486
693.408098657
788.466391776
305.789967627
401.958544229
938.132147184
320.085683451
237.099526007
776.006153481
239.361251787
877.3840334
975.633095937
587.8117821
617.516122256
384.209145135
463.092065181
541.674246638
210.396810766
295.057980426
92.5837870446
99.6387937486
819.069779207
984.615438615
63.0266498278
374.305667539
436.071994991
106.112101329
611.299703788
750.190476515
651.861879711
385.887320336
355.314740073
645.451438165
538.031884957
809.457249011
573.531215993
267.245351069
801.917784008
158.520375546
921.667409301
760.113435947
365.667114698
112.567533238
357.224867537
558.891389378
485.45760101
929.912112642
245.765257501
514.876865609
630.576116397
307.598309454
620.07982275
942.978724227
673.862003223
775.422525121
577.133817862
860.558538707
836.647781991
74.8367151513
406.68792468
893.810420307
870.042350939
832.433655928
199.196815647
675.242264986
723.594943454
254.95345885
803.162002015
211.386717415
732.274516172
566.110938991
954.117239534
704.64583449
602.867690978
839.285654188
988.623754232
459.210576956
771.681846685
762.208890427
415.672541294
827.728766445
475.591418568
222.506430735
535.421696583
807.508381913
770.194284077
206.545773408
681.544079061
512.325854468
41.96690185
113.976122993
880.373847321
505.785998569
752.216615675
205.364911233
151.712274464
672.752408538
914.090405422
724.340166536
750.799726743
712.915311542
152.079598788
847.728655007
633.316700168
804.151172707
123.206239245
150.539193607
864.120933521
789.830491423
426.145991798
250.53952954
346.109397347
722.470795671
958.425695023
392.489576522
468.644967011
596.592367018
101.254186842
71.2030711491
731.135752671
657.227586018
562.96309686
658.779197208
193.285965398
447.815113799
470.562722474
456.288344383
988.947885181
871.267221073
211.31971803
435.538296958
882.300630222
648.406374616
36.5988644456
168.935253031
44.6917590505
324.922303755
458.563894325
76.3928716495
751.698344749
210.505644385
21.6698401973
163.647416803
462.689969372
417.629841346
333.581304159
394.311762154
246.721516047
520.841179887
161.080767325
915.497995967
198.606356834
404.710290696
908.899075324
102.451967771
988.615741249
212.278820184
183.669946015
23.6551290933
766.798230384
714.875301243
582.721535945
945.274889816
675.62725519
468.37653608
396.687738549
480.36601118
6.59392590973
226.114094737
497.19143536
339.296218639
610.988641356
212.108799382
978.634352102
461.691327389
581.866569301
177.759565017
471.936807675
367.941067777
867.715095433
47.7204635707
702.509710844
365.020831687
480.097528986
31.4193441644
602.11595001
822.689004678
177.277553777
829.668023546
934.786391597
27.4750436048
135.586787421
59.3420577445
432.034067777
622.57519216
800.433556793
177.213008419
776.364736693
413.137996024
162.269569375
497.565997368
591.875810198
649.250745925
29.6658398433
201.152633429
95.6673847019
366.538279835
309.23071451
935.101994822
166.996116459
31.1599563514
429.807356395
439.548549496
310.340145474
432.037596289
689.523909209
57.6776636429
359.84478171
16.6962706484
783.321299232
609.463898622
518.546855463
630.331064143
626.945924048
391.306196716
324.009422625
782.686024214
51.4019527854
342.182643471
201.514982947
120.107819434
197.940734167
694.412279592
991.481214843
723.840752959
578.142259026
879.162195022
643.892628748
604.757841513
877.442267032
100.053119246
491.76109379
672.460427588
302.3657997
788.899703679
204.436984912
502.572462759
163.501054154
752.042409119
50.4928963469
362.307268765
19.1686170697
102.081148575
648.41119845
149.253372545
339.454754117
804.310608418
485.68903603
743.929564925
653.628148665
204.724939062
970.22284204
876.156858459
589.103370666
497.607263023
120.655144574
62.9068664556
954.122852578
820.441320199
697.914031724
417.576006681
203.631519361
674.998886784
611.328294224
408.709038334
932.11619456
309.644276086
636.41578002
368.57506407
951.381755453
456.02323132
441.106708604
592.167438252
884.10141299
858.218317741
977.139348821
762.094816037
733.9107295
824.892437213
75.8183542838
389.640359367
994.811418938
236.606632061
618.732456345
265.656624739
638.262740135
395.577658949
78.7189032342
245.415688709
600.902182947
371.654527286
705.53763694
329.497404426
878.784302847
254.500028426
319.676426234
316.032552735
229.518926464
639.679958529
625.154020972
155.662923782
605.617615293
253.05477918
87.0792824246
933.565931425
255.135067074
270.200821332
86.636987715
751.715547536
248.111234315
728.200553599
476.786868513
617.528376984
727.356425824
649.329771178
518.384588622
876.72564966
561.488792778
243.887320098
342.374212559
448.717391384
754.320377566
241.642442157
64.0999014622
762.539992994
373.758299145
593.595608302
189.021858424
799.966046127
129.863792717
496.919642913
193.944451205
262.654844857
947.915060216
576.871231759
51.9319836189
909.538667651
568.951891889
499.754885664
803.038074852
8.95716046
763.458111472
73.8091352099
872.707015376
641.148096541
724.063138283
986.583724921
515.342063383
359.234525551
692.036188228
636.932137991
218.80437733
895.072748505
58.6518035844
574.195117446
44.5293301417
372.007625051
995.736384228
864.280439998
918.452840007
368.541445171
452.661949959
637.958077517
478.820421479
541.955196269
288.075942629
620.497414524
788.094441393
728.576209096
278.404095327
187.61429561
565.57048958
379.528987919
177.996299396
453.945255926
855.350306963
613.094471722
859.660391608
224.902734811
202.139557723
391.296812201
395.140888321
442.677758128
806.399467267
160.5411655
351.874341146
305.67824146
895.123713549
327.199609782
889.99342753
426.28721917
495.554868359
611.425196034
240.445480279
721.962352762
919.217706381
420.11835058
148.338659079
676.248749505
283.580800807
408.972943716
397.903693092
933.538512968
527.797442536
289.403353077
861.232870431
629.569177179
936.0357826
496.191095743
791.113985117
54.1912154154
456.873756553
299.650368616
796.659255856
164.545752435
396.716946909
325.59552233
613.89915602
331.112387276
219.755324978
170.743572051
84.1064711703
692.000463117
715.957058824
243.560574019
417.447056667
812.577772027
832.971610558
340.699244061
869.809640468
878.417241506
310.971466073
850.525020403
214.939348572
297.493805511
27.2938240486
491.79275442
713.993036567
560.249696021
187.657427614
471.820983608
881.896668467
481.51500145
437.871167265
258.089285717
319.961421014
931.119642708
890.186379189
295.443822589
661.10629113
141.423543985
55.6553007006
491.831734482
416.274281247
356.759357033
14.1857234378
689.312253609
932.251336699
269.522433809
168.339188112
257.251729788
776.999046372
502.558857319
273.647770377
558.34337317
458.389710202
300.723105649
200.613618878
801.886783726
742.824410563
227.533877436
460.007136792
967.925726904
192.01843961
991.312668192
263.658493949
885.747517737
425.894548692
536.726712875
966.656727303
426.099525183
735.483946034
625.703875207
794.288674663
608.971950661
6.77440908851
138.226215221
218.244683217
716.173638866
634.41258411
410.295899656
213.121002328
600.938443922
363.723688244
323.181101805
618.644830225
393.511641324
497.066043895
696.082205871
702.813618201
889.61739583
851.704363187
375.843826182
744.738667669
568.842346179
547.186191508
95.4177814895
269.589164779
326.308563658
659.105364335
988.615512818
103.825839147
988.907648287
506.696712865
100.285194831
944.440087688
626.462223657
191.431746015
830.679503949
984.068713971
49.5527211978
195.262786124
68.6786070611
476.772552434
925.905034095
366.21068793
133.914091531
759.357132208
980.513320635
466.555430984
628.823672489
709.385709496
319.405776203
337.595041935
154.360691
992.134636542
907.141053358
26.3877543648
408.781201909
647.972438038
755.844087034
756.88195729
127.46256727
732.267874645
722.051939563
912.517987614
140.385403268
281.671292333
573.49502293
505.669352973
632.651421365
959.184883378
813.995281796
570.496683189
989.640889349
107.448370005
626.684129928
215.958840027
579.746300615
222.02284896
284.390958762
763.195577328
592.077724006
229.489729373
159.225736415
324.179892133
988.69888399
308.306418273
860.396579581
983.127197835
227.129430645
427.332152901
589.736018733
752.947673694
148.136494212
65.7365160292
959.84302524
237.150367695
240.070991789
240.301652526
38.1271136827
575.737285732
753.233547626
426.63080906
8.41987972872
940.277057706
93.5951543734
356.294071377
990.109767592
401.037940514
431.504894003
300.759383943
378.970357444
306.011604572
834.808660322
485.211895609
517.129937689
449.998489599
102.026361877
119.400096492
716.048106705
298.448720659
825.370712955
77.3084834615
299.975089288
426.376819425
229.460073506
86.7301346943
521.417828162
233.654056191
411.983897209
531.728561566
804.398029751
905.915391155
920.456141844
343.746114067
874.485581871
932.423936931
523.915882838
790.647173357
588.871701055
471.827326706
59.3295034177
185.956408931
6.66386561083
297.163925389
368.165593204
934.710958759
630.859884471
805.778254593
452.794908755
170.761734821
743.111603476
933.945433551
658.086081954
746.74087161
347.82985034
10.7797383586
525.462726141
161.521034503
66.0693296211
760.866686533
715.735589564
983.597071672
880.648095193
441.616020257
992.645767908
569.209507738
422.590105507
160.451973005
700.238637775
865.953668446
964.041638461
