654.179287631
446.860942548
361.627430448
274.677067545
664.663981128
305.296966782
173.425362656
753.916071995
587.398729372
389.307285298
12.2118319364
479.660539044
211.610310639
268.564195372
800.650467383
604.478460446
308.330081799
132.63976119
922.20049408
327.288044749
518.279522006
881.577753476
294.099791744
95.9954526293
161.176929247
384.758582875
878.662439763
551.316668464
520.766169462
158.028488688
796.851736716
896.263446191
16.1770160237
644.636384743
971.622094913
145.686193648
375.380830627
374.782445662
425.78493552
425.882426572
230.448565753
688.95553266
369.602067816
911.309305022
753.630573064
165.516494643
748.272024948
165.888379241
340.798252427
524.257307634
919.273335555
158.36029484
712.747893009
13.5542550341
257.143744609
175.339866475
749.382375841
938.153477258
156.389370873
407.663736487
9.82442026455
690.240264887
44.3947240691
692.428514119
951.940557785
815.707979727
482.627052102
801.777412256
455.460364583
449.191502606
7.74839025537
233.913478086
647.475876048
856.014988139
680.700327649
32.1525554609
815.002766422
963.515035102
997.158868306
161.910036612
898.899222072
571.55617847
619.923980861
328.741561397
835.319642245
839.950151478
853.912434788
521.319409407
15.1170223046
97.1743638804
788.978084438
289.815355053
315.511765676
204.302494464
134.067527094
483.090931815
825.984872776
160.058537617
535.009892908
678.486157808
912.784705968
500.446215411
83.428820173
484.930666449
1.17871758642
741.465459471
447.664904632
814.477151227
178.298511344
982.805400324
457.608955089
772.594988702
883.857453249
226.752994071
21.0788325979
499.77785321
722.170770744
884.764252437
645.391096198
721.974180214
65.6916331068
141.681942162
738.722257638
363.621645226
204.026903579
602.532211078
409.165815728
161.853803708
262.118282712
333.476659015
150.680442063
864.221183693
495.828900436
817.077876341
336.660713025
438.345253469
535.547320242
402.879830992
151.322567718
719.323949885
89.7663279978
726.772156561
532.975386649
2.76058020332
636.485762736
686.134296152
22.8142807599
639.799870208
18.9576549466
919.597527233
121.912407351
947.300874004
189.991006214
790.988024071
734.263823396
685.718788972
935.827014459
913.840776354
64.7117256187
56.2922895806
439.587262011
444.914469022
859.866986771
305.702105289
184.579358784
61.8328181245
738.8678093
834.904508055
263.182919805
538.741080575
66.4672904339
148.733058575
935.301768407
717.063961014
936.710845434
208.307856835
535.43379252
705.678970675
388.320307971
982.866554732
570.960902539
983.381263467
133.569974326
776.205098164
201.26045726
0.638796103497
376.798563499
503.949480267
296.499617266
599.502043059
952.750808798
727.861674928
202.276984673
767.132956621
613.435550072
558.680739718
920.269996584
321.622574212
164.12139859
188.759393391
423.218624292
692.156839672
383.401467737
964.331161857
211.603671785
459.468832527
875.557618282
590.943664172
673.088353006
643.147972137
195.259526699
346.65798686
733.863165472
375.105983587
457.897326816
54.104832655
859.913515337
168.59927144
481.092315325
506.989469664
534.808249613
856.191697905
293.281124117
961.266861038
49.257102549
471.547594843
923.812481956
784.475960473
419.085981399
286.395196201
309.53954676
549.866150661
176.394042224
562.481961711
143.532925829
910.108268665
498.222915136
234.663539814
449.539102345
986.632873056
782.377248078
198.269377847
113.029094734
430.455334832
992.172406405
77.4778282175
875.2221806
958.848647068
29.2399628985
623.408025015
529.002371656
287.271681682
768.281413076
821.17328526
397.415701699
269.048135765
593.09029311
667.53726268
320.018492705
396.060383142
502.461356756
530.681068553
433.783016891
228.161916327
501.838272182
747.550828635
22.1397588291
68.5243389249
375.553200964
154.965795535
133.166856082
992.709604721
932.030209132
487.882777096
756.878907108
619.68265667
707.654777052
97.9895957843
501.946006445
882.325455304
923.519230525
181.909402181
525.915947262
837.969794922
268.55903398
309.983529335
374.34700695
828.703413364
387.562660106
561.122924166
340.454653771
962.77897354
685.587347431
474.780047415
78.2085195533
103.74181405
448.492332774
139.969428598
942.938286978
793.550837339
494.852586434
686.982385245
68.999233721
386.802250775
729.947394998
581.020807618
660.768979368
769.479936061
614.930814674
291.139375572
780.907387179
602.19238361
320.696564668
411.261997413
68.4439921993
229.163849851
167.656240823
410.158701713
14.7802666214
440.644791664
808.186788334
435.019129132
684.113303319
761.458632392
447.484323663
193.786306458
879.472757843
740.448999918
151.463423039
732.810914367
532.282237752
538.250075504
239.298363205
344.68295006
488.875446719
450.86815873
28.5077708482
77.0319330289
163.215301686
412.164232581
859.067306167
167.636112441
689.419026099
418.190552644
346.273823706
910.44859846
445.276297437
749.735215737
378.209784292
852.742976805
732.660328164
59.5731668061
361.27120423
36.6184149861
658.032204039
777.913389584
438.030612416
855.894467074
853.668266953
203.361525868
746.678453945
845.732149076
189.806283143
463.496879665
131.887148075
720.676443099
722.272403236
923.814472451
485.787431814
891.576791344
323.475518774
46.4822486168
924.385415103
471.034252485
158.249355309
7.73643931231
861.498719181
410.322090163
44.1471515847
159.033396697
225.90133669
964.238211952
862.46219245
264.317305001
144.21009011
148.490705125
471.976035816
556.259923905
839.347468702
57.4553586549
108.184841101
301.559135172
564.165183332
565.649060702
966.660491498
132.583962927
846.891239948
362.375554382
686.004050523
208.737389466
188.953544751
536.648426472
670.001476939
478.847536754
487.158158275
441.592481562
52.2336289114
22.995435435
528.951297082
640.364267795
2.44738911338
931.807489977
135.349950949
335.788198581
245.016799382
657.399535789
831.10637455
519.795236552
691.837473931
541.233711223
703.453798445
20.2245806834
600.626539055
243.61698654
589.901998517
636.357979756
815.70195811
12.3855821492
302.121762007
55.8366872757
465.288844948
265.301578547
827.82035921
797.886546163
599.155832268
939.885669902
652.732747809
761.992402007
925.759140705
490.58194355
773.427671707
784.647750413
413.40143773
409.30907431
425.685212646
556.456479241
564.109201671
552.414214022
166.408053627
721.926167266
987.087884046
289.675680554
124.840954367
544.095078704
522.507602387
542.733969296
270.163784443
890.535808547
926.116385083
470.427234941
885.167791016
780.416009803
986.667746872
133.704944207
467.578988514
127.085156645
609.542924932
65.3101702223
269.241979189
291.213562784
202.0796269
884.750462181
658.754451845
685.652064007
609.716052047
925.585133735
134.0732266
294.792197053
7.47935944295
116.375833284
422.67816537
114.972239209
294.879256019
216.338604981
456.56067444
513.72485119
875.189001326
469.404974813
516.384674558
967.54045517
238.342163234
331.050123285
105.17504038
843.950266087
713.443849914
52.5228648279
481.796635703
392.963914661
971.318031999
652.334117757
817.541132473
844.738109931
528.701683818
972.462836559
957.488620934
390.300924206
992.524251223
247.745043541
103.785361422
495.760311202
664.445248924
325.069839064
16.3815840382
327.237228038
239.657188006
627.584981116
459.196614214
940.165871404
802.522164215
948.267893547
811.389198912
141.989145864
75.882451056
794.982180554
971.350437262
80.7534349099
144.543137933
65.6095237579
178.631707759
226.559924367
711.305583215
77.889170807
370.245359459
342.304777061
882.747281549
525.755559439
64.5060757419
905.548917654
763.549846117
369.475647497
688.008429387
425.472182974
334.923052663
206.724199961
101.196617221
900.390646928
638.410314536
601.954862396
109.207568755
141.633694014
573.140286386
52.2017744919
120.847518816
189.547520759
419.0137691
380.117313814
89.549332662
202.58878984
249.465651748
657.484004586
169.84647254
519.203790433
322.737203328
276.324129084
632.348266094
775.227075651
559.242283809
807.030187903
76.7598083441
637.462913531
459.062686907
352.891005695
513.41901114
451.777227274
573.952854801
671.320915499
775.863288456
441.747247506
914.396131408
521.885176818
148.973770999
417.396960847
372.225576596
881.330842117
264.72941902
72.876759128
381.852906801
372.823900689
455.455682338
614.14802779
808.81072221
148.021562757
644.873576141
528.005431758
783.637466733
1.21247994987
2.72987218042
880.000226324
497.440076512
143.799617505
24.8518002935
313.245614187
647.643255998
586.263606476
376.193964988
291.691863351
150.871113311
180.374576857
744.186959928
492.612756681
830.982324319
349.719320417
534.527228371
932.970469419
572.056051064
681.66901965
449.10272451
774.627299099
932.41849507
156.706905529
22.8361206947
859.713382131
904.400959336
214.871977341
968.269623664
161.190983754
575.35592571
984.728147344
819.278701007
630.79945514
769.98779623
259.644383283
637.636840246
444.447168264
349.629681864
602.26947404
586.572094998
660.145029204
616.438942387
560.633612088
655.393614537
10.3179424725
267.823677987
367.406274038
984.484938816
472.47491736
556.317187444
297.836387059
801.152743512
883.17721431
563.851556001
661.023356072
582.71546024
406.859393932
853.428089479
260.973981808
323.646594983
871.781060614
521.566879251
71.1103928726
332.304168474
249.481982531
865.521105797
352.106336528
391.836270528
347.210864583
650.310883623
164.534498935
99.9899261609
517.967649981
477.876964734
261.577209664
891.948180427
778.098320425
960.961358542
325.149695882
85.8138133214
922.650430074
871.168878989
245.674284818
341.887021376
417.057960213
186.997323916
641.703548085
168.394543303
999.898675181
657.773415176
174.083618265
245.533156408
906.912118156
347.218725864
644.871830203
599.793589052
35.854767766
547.790158136
909.381999808
927.110890355
916.962955575
163.083565121
221.389854669
521.925561693
623.151994127
300.646613278
35.8187572211
268.260636005
256.127299429
61.6964990424
292.067564247
32.3259149326
156.978036936
382.543357571
452.179708834
449.361664902
629.09144075
80.9253635295
381.292185708
681.811110394
275.039182001
468.611878583
726.80459718
372.765805918
800.246101243
848.331495246
379.115358565
931.094221113
967.538277901
918.722577497
484.457785284
501.579722262
193.72440739
873.308152122
13.8980106083
186.192219828
328.316397462
557.523728727
488.095427448
920.297914367
515.122202707
523.329769262
654.638900267
761.021004064
910.986429272
124.264857983
267.852893568
363.016935816
472.755011111
870.940345108
391.516310361
552.343742654
172.742346887
947.320194116
971.900043193
619.659052477
203.046745317
979.277507673
51.6042575282
837.826557745
554.226888887
986.416827825
114.322651517
446.080518446
51.3486428982
53.2638429013
754.504005721
698.559687173
448.839079843
85.6971427001
900.758288457
555.520623482
657.342460021
64.5380770749
355.007027006
313.291062908
263.512396745
518.531824293
927.187516429
194.905648973
259.079796412
646.445059517
514.777888595
187.804006211
566.836225539
428.267609966
570.24501942
712.023572091
463.602780302
704.169479765
454.101824261
993.596546586
638.583938206
734.082946147
596.907155374
430.974113635
633.21767617
676.324132685
605.334972582
530.188142809
789.440675806
148.970280215
344.370859261
456.271717537
434.148002259
409.374999136
867.9158714
189.847643122
494.36314165
260.808813091
307.895746806
700.971092455
546.577824896
269.044505239
246.92580764
372.304183934
600.295555099
914.573397289
259.249361572
177.324581917
853.771746023
232.197962862
160.946285089
791.691374603
587.068948406
543.082029381
373.804322999
521.855544426
146.908221563
709.117542214
226.765232572
419.623299252
267.578058259
976.828164111
312.646109048
814.049568015
460.034000677
998.620948609
644.532279322
999.379074097
841.0528614
823.804861021
627.7582669
222.615160933
18.0078888921
557.02238464
542.115006109
791.497374562
395.519246586
307.043890364
248.316811004
749.863785516
494.165057977
44.067487688
448.604425282
731.541590401
305.81374256
91.9317358047
694.803310465
661.376382953
859.788381084
942.760008905
967.027923404
110.97024704
781.579955431
643.379742561
260.720293189
877.794072547
987.533797745
429.908746684
362.079439464
98.6264655644
453.988418718
339.160824177
616.408411345
234.041940778
51.8592914161
105.168084812
35.3121569317
913.596776926
571.867591169
433.58071187
614.736212289
307.846204296
386.89426146
861.107355847
840.861175657
648.293484213
419.51232289
912.650184224
334.781874069
597.722083171
179.680050362
126.974135867
892.664453968
473.112244616
155.954874596
552.925812826
842.523106017
981.368728613
215.222925069
750.895296311
37.9034647766
492.79251483
672.972401399
423.354284661
57.5491239527
360.779427622
582.96879059
558.455129004
960.058950241
702.213679396
113.747974908
635.312711998
756.107284153
912.894215115
389.752148963
266.607311419
87.5740901046
946.266879875
717.87605741
230.579255098
94.7128181073
703.903988441
812.838942351
169.413937933
92.226312788
908.016335905
681.253548135
163.390949882
233.620455216
781.20549876
490.602568033
691.958352179
155.380306377
616.704701407
801.256146213
598.086012788
346.090775595
470.017951857
188.054229278
555.858016497
562.180072144
585.024955431
921.046307717
354.071252417
648.827342592
190.655377592
822.208586191
55.9362917027
63.431262199
264.996435106
78.1802085146
928.622863347
56.7253254772
484.311635801
917.39695425
359.91095186
206.556797331
274.716826795
316.710563603
33.3665980788
689.255925084
698.859702579
432.268419821
620.878863775
781.733833178
849.428286732
496.588611636
60.7516573788
751.316597103
198.887951592
976.546417255
325.016536152
725.016980606
976.600290065
421.945262809
174.953070918
695.792037098
945.164278325
638.221400149
149.027884817
418.548021756
566.113665504
368.4927405
697.790925641
556.722706326
361.468666365
196.984359196
495.640048025
808.714004289
117.575948496
798.709384908
486.728036319
739.610122107
670.17724464
944.433802347
547.640486178
868.26756673
248.937676891
570.176650186
672.18732628
482.97583381
