154.507946176
179.31778157
61.4089430469
128.055954495
830.415234516
200.131259682
516.247478739
605.179181656
970.378770222
359.408665431
489.390184597
625.248574458
37.3738616803
86.1232427283
287.547130071
706.855895651
344.942005065
845.225038902
715.935090027
347.643625249
362.109096875
249.987215074
939.57603674
157.999447993
369.618509106
147.848207546
762.237939209
149.468936654
423.032297958
157.177346227
933.58382668
688.851671414
966.25784264
169.886635365
417.970997589
510.896730377
280.865715995
777.831877128
397.987965866
124.657096134
606.258138409
716.766375276
347.48214667
818.366694126
155.965195891
224.48284606
497.228024185
608.144445361
892.851074782
615.343544682
372.281820474
209.503225831
328.925641979
243.854896426
629.932286637
111.462738297
648.378048692
784.198303235
286.075559833
834.98772618
978.567316763
123.003955397
980.099656789
185.967116855
530.650564161
649.506300063
181.553365621
259.739638041
903.223344489
883.185931116
113.970115525
145.271336687
682.630246383
105.913369227
443.61109031
102.639975977
8.80347837801
761.874939277
390.078766868
616.268579171
471.999283153
274.681016712
34.7251501927
589.664529316
714.479275589
616.157032849
21.5127445653
523.774367283
620.363292976
114.620118096
759.347922411
795.149845134
621.801897126
812.504032752
412.775426007
798.320679464
994.739319226
367.949259754
877.561909086
88.2392378057
198.300662309
205.93659674
954.961007505
389.35302189
275.948673643
804.948366084
816.134283784
747.147449889
186.592535623
635.841845093
747.838501027
440.830344627
527.489581153
629.465431781
497.237488355
755.54299795
51.9905877885
374.083845979
307.778635763
857.41164835
984.009527374
423.463095639
399.582976765
494.526153807
811.154286792
77.4491974262
66.1649043537
113.245024695
881.219439032
971.382414808
45.9737720054
372.033856518
346.498232682
97.0956396842
197.124592157
16.1776271492
588.268084488
74.8403992142
902.777567629
141.946068334
302.151483332
665.329570211
276.927037505
68.2244320613
879.028030895
727.433786506
161.803379459
389.488591565
170.806831541
139.407621963
963.643215557
471.459458728
618.26713307
49.5447716224
761.938862921
987.848996477
186.20791517
64.3125005477
252.812216713
68.1305712269
824.971504377
297.695929291
652.423389087
12.2840755879
871.374670953
959.039699415
678.404230342
375.874957441
507.468586393
330.1757738
579.514288048
201.31191387
761.029766173
92.7265452364
590.513958816
498.047165288
633.89745851
981.076421651
863.889760186
224.164193629
912.074333429
796.29163216
494.673198473
711.828046267
153.795809398
484.844233977
695.046087834
634.466985057
821.396981718
795.470729619
809.366372817
156.219745604
420.416197943
807.401367329
19.1170094989
611.768226299
165.39811669
831.5391802
951.760654981
750.794891236
896.339761007
555.608054333
259.948144829
985.399277201
667.15937297
486.828027475
581.394440816
942.837176338
605.52376052
62.6566581741
753.318222462
1000.5378686
441.146419921
196.035353286
211.430979618
841.049565697
115.1564969
114.567416411
139.988387437
539.890033198
446.974406789
79.2619767702
396.749799512
494.021649679
955.690789221
639.547052284
497.348845055
919.455394257
350.484313041
15.1855160532
130.378099852
236.678180989
475.73256854
412.878301425
52.422996747
115.297355134
136.04366393
403.309201575
154.988034921
767.099410095
835.217467756
800.303649447
790.150764904
312.585608287
118.9935629
310.747601377
860.463517485
297.788078751
518.137075261
456.522934558
81.06082065
115.584882616
159.181783995
826.901039803
961.631991458
548.382798959
873.218265526
337.865699548
988.071274504
744.129901801
482.792814834
466.995726099
157.356845735
305.399120296
462.304771256
350.333278745
444.168079726
40.1128698705
648.530934995
496.767986163
908.899340823
609.419022833
782.838222241
582.288959248
874.83202132
146.220440744
404.932905602
509.460801617
665.765540234
884.505413889
525.162655187
312.360604355
674.103738324
728.748481497
722.374208898
182.04187515
823.1868278
416.429246657
949.24591187
478.794827493
109.87934392
982.005607584
125.392693649
701.632842664
669.578283241
771.513138587
628.456473987
392.695242747
354.765106639
488.987238017
288.548083101
521.685998345
355.907499359
512.098825615
729.141306688
951.23627
846.616050651
794.736438256
432.627276242
327.052874952
532.253830194
829.50047458
265.242420657
780.77010249
254.532250424
738.918865887
520.24053084
581.18902275
831.553431033
811.632265814
95.4397015117
75.5526621877
387.041070913
796.392937887
509.704082206
65.6062406085
737.160191929
828.134745988
788.749421776
309.137984037
267.328713825
772.453332143
320.592083391
399.970564078
657.936884115
273.380203115
528.862119259
777.31517702
834.163839006
964.106755666
154.964145413
902.393232909
672.412811748
770.28892296
227.691050103
491.320180268
749.35703911
734.00427147
355.617922057
827.041092884
863.788252682
459.783081326
236.37612923
316.827440585
475.863671194
799.794302093
808.532602478
433.997851283
608.092217103
899.410488818
823.146478252
519.898608167
251.257662836
537.557051655
642.271891818
105.29240771
347.555959835
568.621037501
974.167281817
696.614582142
629.688077908
975.078679563
960.86637007
961.713349876
896.462848343
626.458145219
51.2134839006
53.3434189952
442.727543595
792.854829806
394.55455803
383.418282847
922.267885146
747.227058675
392.978129152
241.771834721
754.843605406
872.828925565
565.379779505
765.259354899
498.503862057
99.1549605622
244.795913295
869.851260843
491.03338599
448.075747172
196.130011517
910.733275666
657.319032839
718.354897126
277.635967107
776.948724499
981.503996378
901.749840909
295.337831817
681.775235211
281.844807507
835.832256215
267.969302581
844.168826695
455.578491091
471.558899843
157.691644964
63.6838186223
441.457982718
569.52917886
642.150180166
757.171082483
863.399115159
867.755895261
840.184668181
523.416078384
934.370478018
718.399876828
594.918518761
16.9661335259
342.604038708
85.623372572
847.058094248
405.363567766
251.083920013
795.940083012
561.770073057
312.78737256
136.234025443
355.896650947
985.571246602
82.1681801738
161.721367946
595.658161625
963.453551222
50.9453321898
619.389982091
806.741810911
398.948043632
871.248249273
329.565059722
841.741326089
239.749277647
467.100235686
523.44914751
760.40239011
231.787541676
3.79255659496
374.108521425
328.667506815
193.185260935
476.178602832
6.96016533487
608.556367803
720.501298695
13.4137587823
63.3503305794
549.833717329
582.653090367
500.803015097
982.755410964
72.2198862778
15.5077324453
268.041891523
410.25160589
370.332314945
571.722086404
40.3645244989
282.889213902
851.774456913
955.28148071
9.52473107272
885.995413371
111.592692735
190.324071227
89.3789907401
351.477252389
50.1894727787
848.581605965
24.2287008892
619.386283627
376.773420627
990.665810319
515.035168038
872.522027666
905.521752745
633.773798758
829.711169251
675.067511377
993.869388124
838.712235071
821.027063481
190.694848758
838.310621061
371.941687034
91.03284075
612.467786237
357.387568413
455.046037897
590.883202592
997.700658293
283.831925026
796.148265953
910.363230286
567.426023063
963.348616004
785.151390682
981.261557337
698.422921084
243.363089764
171.822979975
402.862309728
655.493693227
218.587237663
299.448509244
427.682653299
251.522259589
672.764569366
94.7183721989
912.388516151
984.137155894
269.29595648
807.89051351
420.585155051
901.636114441
431.457306367
308.90546811
440.041940732
141.696944468
595.603587175
892.44826063
995.462029901
725.866545831
37.2903533204
214.725011482
350.542634895
498.23589484
954.831764842
74.5825802653
889.847925919
405.476072551
653.114873226
490.516612304
470.19739957
361.02219654
669.297899013
222.215010592
120.610495931
469.03687342
274.62193424
461.258526888
87.7490025571
940.579193221
959.687331476
31.6602877197
751.716636392
935.692803638
878.847672627
602.611135027
487.647264957
845.728836305
406.993328123
400.840660259
624.574008397
658.623627377
596.514020586
452.065951055
203.522869587
441.220899395
36.7544054621
754.832885962
427.05037358
608.762816999
824.953514718
715.066752138
935.731526421
582.926126291
456.878851685
703.216057547
965.126859778
586.986148383
834.408387923
233.000407408
930.895686287
634.507316765
578.141372472
839.696938768
371.103008309
220.525255375
213.586414589
112.296538039
222.35728004
450.962118802
746.463611377
715.068544489
240.710683857
826.122849599
813.790255126
282.731369009
503.423993528
619.692232232
287.424958748
394.52280689
732.761495631
976.794303159
343.356784646
586.228960925
748.674639062
494.587172475
303.229302238
770.88534446
643.048380548
23.3859014092
387.338156937
498.000531775
268.490627348
209.854181887
122.877429249
939.100932304
137.35087979
761.586619268
3.52894440027
383.25595327
551.380949822
650.060109274
814.310237149
570.143287529
551.000676571
391.120634022
540.071531262
787.786065686
812.639035461
319.914594197
650.597007373
938.350489494
841.469145876
759.78755653
520.947799072
277.50537083
861.641432472
285.732127088
357.407022821
994.060752031
973.628284944
522.576905601
191.126003891
419.159602627
284.829573929
520.358620121
29.9016688176
44.2090550901
628.645452259
373.068735152
911.274931854
555.038654853
547.420125779
893.453308088
996.293001232
754.625507061
148.273389699
488.641337659
403.703617863
509.455479768
953.64954003
611.209638419
533.877358896
453.326134869
457.608517631
5.14731483591
161.125403505
125.038928875
296.5880971
460.737761869
759.735516169
252.466997323
682.491874913
805.452486975
690.070333538
411.188635688
879.176473512
481.834761676
677.663670417
191.915549359
242.901196138
318.809269415
676.166228198
977.805785284
326.98796369
861.689659999
898.417761139
675.394912814
597.677885095
585.599791249
712.995703318
280.243092692
587.80113053
508.329374177
824.497960458
543.389910243
411.607921655
571.705544643
923.304282492
625.140696112
342.534814819
897.6006552
588.725565889
916.159007019
877.186935892
23.8609188315
865.569424469
73.1756767483
891.122551183
368.048486201
179.720801812
513.613795948
215.160077249
88.857656756
492.969711288
133.950094442
801.283340909
310.381855869
369.87359767
857.280000813
445.597524009
72.9838894609
428.315661551
726.610225221
388.713513835
535.276765529
33.5238637068
57.7325449162
520.568338816
115.486045272
730.923265811
974.571024531
812.911956146
581.219014917
629.907313902
270.119207963
399.284406427
338.652021428
163.984853405
164.229112452
458.834926624
878.228928955
570.193106048
801.19089525
463.115586254
737.095862531
958.486348653
176.648869636
383.329692107
145.812860872
413.149702566
777.300799528
713.157707581
878.665370167
655.921237119
332.821991781
585.834564172
878.306104577
286.647347363
903.251196142
134.966292196
837.813590382
555.695245257
470.536024616
987.167255377
184.340005332
554.136637531
471.79117644
835.307777299
55.6832978235
950.969679486
466.401062503
733.839158695
540.142700855
452.437238389
268.244741327
619.416363557
578.889395236
113.227303151
811.817858644
12.4235612565
686.334320402
541.008679837
885.857815699
397.205241081
902.037004942
36.9479790137
710.343881121
509.033662107
244.784523395
768.477729952
88.7557596788
702.744141954
163.11678516
673.764261868
749.690750584
277.076660149
285.268532194
293.681396286
638.379051281
816.934381526
794.664009449
917.568038495
824.938687116
987.012466259
419.867174685
147.522447134
964.526328669
278.607754657
998.771638815
581.177588811
375.681492109
506.985103486
337.681790936
306.618005334
433.468787659
874.964545043
783.442682638
423.66072791
819.829198504
966.792830768
391.718211423
282.100114627
226.892577189
177.869292177
904.464985543
182.991563136
928.908927237
696.644240147
458.958090342
111.349112582
332.85885771
785.202450216
365.842099444
391.86103974
208.204746467
588.233584624
485.406870987
990.882770479
963.636623389
558.904757495
526.609662659
746.295787565
412.000599927
182.955710612
192.984548879
608.14877902
625.101121778
74.1931787163
527.006992819
854.930286913
107.335445229
120.375081949
467.916089935
83.5944328371
981.287813689
812.993750509
360.121213792
328.125287015
950.500830661
700.47819132
248.415150758
140.125079598
384.490943918
290.643587776
285.516331058
596.017475837
771.02354049
357.499530359
446.340830567
48.6953031392
388.66703797
358.694531084
469.139625539
123.0561271
901.693682944
910.572810601
545.636488647
221.998709459
684.717822306
39.9533247606
268.1272711
558.015077782
686.883257035
372.149190144
10.6462929212
923.761525552
62.6081260087
255.805483629
201.389453465
395.204899754
820.282060892
299.599040048
404.154182295
833.353632005
778.735245613
165.551601086
48.0921834325
331.051944418
19.0725128231
874.384164687
371.244897977
953.741180623
891.187887345
884.740360548
434.953008992
100.082548249
685.96028899
60.181977696
847.747036127
715.999710456
951.994789511
304.352057742
515.490963334
425.639019807
202.860658351
952.364005449
886.898807792
582.548915127
690.311073694
950.706973855
676.12310068
277.406384324
546.197366918
460.222777963
377.203630868
709.959136122
471.676374062
51.6266674402
500.587254255
628.895859222
975.335926645
424.295917144
851.75156758
417.982755226
329.613196835
72.5058307629
113.371012553
776.471021637
832.941114915
296.184264187
263.0634582
431.499192274
679.049480906
667.338236206
367.511865878
144.786323839
193.583647345
802.149746286
969.852141283
24.5242134391
162.550245429
477.695377994
818.656232467
361.027061315
627.464995186
170.866153449
312.400455573
4.34596346057
355.771712459
843.58995566
512.828227653
894.351381597
694.001101855
295.370490485
210.437571889
288.669479438
961.283267086
182.772984477
645.480522924
953.913705215
321.213076084
820.515499702
99.8434152
159.39523054
316.375762576
755.361981625
191.887384539
211.616176062
364.982118586
381.568112313
150.942614267
751.925826758
640.28974017
845.356481108
881.300324877
991.236360462
600.786571428
608.704937861
50.5170052282
951.652409985
