542.660363434
129.958001636
347.378220441
238.786384701
462.887159423
678.1814712
457.652445029
256.224899416
534.868726376
354.735305897
650.637275252
303.249303367
914.598793875
834.256430326
790.025919937
110.553015094
12.9521783401
252.420104475
417.765578922
243.470550488
474.017520178
708.419527758
939.859284326
683.434833039
904.130373757
447.405042234
490.945963208
332.884646706
335.907922772
102.962055143
568.22371292
892.430388527
31.6405655828
209.858319943
789.398112678
886.061465246
423.05480591
130.213031766
677.360107679
837.472118775
625.807430035
177.596718803
30.5909472451
209.548332927
513.722760044
222.599882282
114.790048229
729.560885483
158.66554299
210.359507243
485.562767445
946.243753186
964.357881043
110.769155488
717.335663439
545.285319461
518.220394456
300.901924145
131.675788037
608.5026674
251.852772718
746.556010787
232.557002239
518.568387923
671.239607712
468.462022273
124.164049828
368.484291787
828.420446012
93.842366866
505.531655814
116.105734872
825.144735569
611.579292142
341.158861827
48.391384702
199.994866336
375.23899991
268.889741436
844.05036126
426.058345474
556.917148884
439.123251917
524.457949124
480.534368259
357.689855903
685.14310843
838.723094419
210.171148375
49.4543719048
844.068630781
684.384869653
142.315854935
456.802496208
223.133392991
698.111853501
961.38666928
737.635191494
759.893474995
641.177708707
894.09380666
246.237077458
26.1427462043
672.003964344
18.4845710795
797.31295516
128.753718517
173.872327172
48.6826141922
752.952989185
579.650580385
331.69105505
650.335998263
610.400838137
766.492342707
329.530799675
465.969114558
672.829819789
433.422826154
347.275260749
260.47036971
749.510977577
953.332546419
530.167666947
13.2205491227
559.06824506
446.562884514
41.4076595409
302.942303841
967.979124002
847.682394325
224.772835851
99.9486524375
237.708642681
29.7596337336
265.22743893
816.852025961
598.264363476
599.21588735
889.209323597
804.818584479
661.488860839
551.729717044
464.945611702
374.069319181
962.334200374
442.961633132
361.401438508
228.411359364
633.760511959
189.414242787
822.00759121
883.724198173
233.231012435
748.321132983
979.82935136
365.176191978
922.028757801
625.04741364
690.27185191
235.308435525
151.311847683
142.144109519
488.005177806
883.473705902
494.825731286
354.826509273
376.088332654
498.624262053
991.516161901
757.44415146
32.9338196704
581.627707706
113.276923152
108.390423952
916.115887744
819.231320898
211.341132522
786.681055027
956.375001897
810.810233497
817.271683836
947.891476708
682.116833729
103.612047396
310.209656505
475.386210363
79.9778499099
162.317980694
297.204046431
22.0921129146
977.904291191
510.940276174
474.468081898
141.21800165
685.192296474
281.169754551
303.239899508
838.256533908
591.374665117
45.9226405624
369.088714511
195.892354923
828.681468799
298.69631912
44.634265053
436.076934326
647.652641625
53.0639754357
894.262904982
813.302265709
245.602952589
322.100399927
947.874346164
305.1605323
456.822492002
877.647053
262.955948965
89.0920847091
274.417949302
1.11471152614
271.360839209
590.438734497
180.94151235
850.469321571
295.804629406
802.854628411
751.323418227
315.585157968
590.677906282
94.2343952797
468.492603836
882.46143823
174.024554926
182.065612652
919.823100819
800.264011908
790.875463977
526.930877691
782.969466403
671.466415684
842.278859965
786.648314752
789.458514751
400.666726886
437.058601277
186.628139767
673.854792981
433.882781731
383.272119612
536.546854887
640.109530152
836.09247704
406.30495144
845.642989163
353.924072114
867.470346071
678.242769288
836.029775266
867.178303649
647.515679703
188.542833117
38.4547764856
982.482623991
373.566203437
287.843969378
369.15673022
292.269202946
312.142688056
365.714294993
132.817303047
771.601261134
760.229072148
986.163633203
9.04040745692
513.729270539
218.45317605
526.127971709
319.336204378
950.169733386
508.172261077
412.419151034
659.186294961
237.568955302
128.840241674
219.83534276
537.193755018
574.773401599
490.06389989
915.144544841
297.67584313
347.82427957
803.438730736
918.455076892
212.244402603
684.082858463
741.650413513
673.67613759
805.177038641
881.395373825
71.3266456896
814.587869263
394.751078212
163.08014786
758.574711955
260.730542308
800.027776441
91.2605986968
248.146138829
729.933532798
873.338539399
702.409173536
156.267532279
21.6234346485
111.752288737
822.68706455
5.55882967546
550.932659347
625.124294434
421.03672527
892.149729366
504.825463683
384.213988032
401.991851539
722.649103759
4.27489678574
563.411684751
549.828285859
77.9150703662
500.259397072
848.11526003
857.572884294
309.331888935
64.657094663
425.736238861
555.026257504
726.777604239
190.407954167
395.912928498
901.114486682
643.790364034
857.851993659
919.274406383
219.44876515
494.967536288
95.4570919353
399.324758312
477.167731664
500.257395268
211.434976903
982.544796598
492.548154328
401.635606292
885.355797732
393.161993206
257.573528098
664.902528267
780.643940235
401.694498482
501.714381943
26.0253759908
516.960967882
645.729568126
326.893133282
2.08816361679
584.946677665
801.044975307
573.358573231
37.04281339
927.481770703
804.787683699
30.079808716
833.509736582
564.458973954
322.807644785
258.056096541
850.576514257
296.954497399
907.020024163
237.748145235
972.65435171
526.01730057
862.596056579
482.076018101
7.50508867003
195.952318445
151.273321977
915.802362647
168.630914563
488.254385511
198.904835607
492.672236735
407.795803864
557.224264356
959.387160544
463.223607104
668.077398484
372.737363897
908.017595343
891.085952224
460.139949565
557.985641635
705.641927836
324.806370569
860.410774769
341.930322324
291.407073576
475.902468303
919.980452521
925.814621671
594.961852755
229.525577714
287.389058085
640.424411855
136.481513487
291.781105996
727.273868446
777.102976552
283.146121133
64.9852952086
39.2197150849
664.664561135
64.2895887192
669.045959472
618.092884286
444.928516918
65.5654757812
206.77747174
267.89387177
918.779614318
894.754523542
544.655688519
430.457616492
904.954038303
276.070711305
964.197674783
439.063464088
130.484915118
773.010493482
860.928028041
921.610849246
168.273115197
691.043279122
662.211690495
403.715915152
315.924475843
58.4643317169
551.36538052
420.148470513
286.460765761
665.28672082
935.098757073
426.336531588
479.103408748
323.050886974
917.260314384
479.946365627
280.54393072
333.106961819
155.4375859
731.545596753
35.3841521747
850.914581511
786.769780567
467.878054562
766.638025513
102.637526313
466.23348504
198.746973188
278.31716955
78.6870050067
512.611408921
216.020687812
897.665169278
662.985909892
932.670587485
663.964059355
668.308591216
96.1861418005
924.405646883
891.94310179
641.962056744
300.16600074
650.363715232
189.336947627
979.113269997
1.11326131425
505.890414877
345.070038789
405.855240451
545.570684828
254.875988865
290.717352396
240.86288413
961.83048464
449.818910326
180.43865779
412.106219586
422.44435273
647.205990267
756.032078301
556.705110957
622.979472929
320.22328698
116.171403847
109.86969862
789.401587239
882.434632642
228.883533355
619.626718246
360.323578289
293.598771305
554.435436879
527.404415571
207.512083974
164.345630003
92.2051888577
617.728588531
627.453658726
895.312953125
9.45235542773
109.750248497
133.281027631
228.246013898
276.551747372
446.398635846
726.515462096
811.472506559
24.9549811063
933.442959315
821.613835057
35.2981127808
479.138253442
878.761900257
384.800056679
287.50345976
678.854603561
588.113363389
903.767838988
118.028191882
762.623680044
653.916605855
741.152774017
8.06998935771
290.296204084
585.215932652
440.681102012
547.566229451
416.276478322
568.861992221
781.165559451
621.830708299
625.878260834
487.591648178
534.901841488
822.963044499
625.443249515
792.648562196
905.809311944
718.746449165
340.260025392
901.491454963
372.291450489
176.216694141
994.504781711
165.861996152
579.047419918
77.3883890952
927.53800385
756.974386592
937.807563317
619.975965261
143.032962297
222.6077572
91.7942777519
209.83275713
429.209135153
283.774079417
432.49453627
225.625291447
362.504455988
528.695044514
913.209273448
376.618530102
33.5773516143
67.7992854341
170.242430494
321.311905313
587.918318856
621.364094184
571.617683583
166.974166905
997.074284125
425.726342669
740.215475808
17.38098746
203.879519674
290.956645004
995.406549096
661.518585911
830.880961741
7.75821826958
853.673833963
800.382548465
927.769719427
990.440227654
831.890973197
58.2083346643
506.460875254
754.988167356
717.503598587
387.457707865
93.228328615
470.648480577
296.942059405
864.32485724
26.4406933096
288.473795894
924.691215129
205.124700251
897.161790748
619.154649507
600.200257616
667.574034029
5.81746404877
335.010881657
926.337836652
628.064429492
79.446001891
403.915632
842.410144759
483.884104955
269.170269931
803.801542707
142.944620373
162.591603092
242.628044667
12.1316724329
487.182880163
275.748663313
518.762652669
516.899774563
380.248013533
652.862795512
63.5682490297
510.494585174
618.260543724
680.763679686
0.414878471241
951.19052594
708.300980303
396.093060515
428.957582541
578.860017876
447.589346793
185.23328534
26.6759540175
38.6609351279
230.033545053
845.789584509
521.314802982
261.035932715
579.106234589
821.132063966
332.920154789
298.377821581
830.430031926
939.521255647
903.847758882
790.988004654
397.348146879
14.7971708106
872.041482264
917.490758151
457.55025576
456.4197131
340.175068959
687.148686757
168.362961002
439.766509124
789.581779987
728.652766319
877.931600668
987.801177939
1.56590954658
258.781102744
85.5952417682
165.801184466
153.221718188
643.749236008
615.293962956
434.412523011
633.365414636
998.839328038
91.838435237
346.108057697
734.619663323
963.741270716
380.245410249
553.606696681
973.290532091
224.99418377
793.425578045
143.402388629
612.599201117
766.66573473
523.382626733
88.2178771515
990.006586599
493.025533226
253.159209373
579.571133819
290.907219459
556.577791467
284.051929118
397.705210879
573.662649321
886.207695436
338.178164312
808.025054535
319.424472632
728.367856882
77.2241584355
927.194971056
640.492394531
168.153889394
445.266268413
398.320060532
491.149231034
702.720681876
502.881227017
211.667956594
555.705914429
100.222627248
893.155220337
157.696950283
41.5251939494
630.399316435
327.653804821
878.534901609
684.4884555
299.549766128
878.154356486
384.657761975
749.940279823
55.154770012
53.0227420778
423.128197108
737.462850466
60.4974487077
401.426066204
44.627006953
962.742700988
399.24729497
329.52642819
77.8011922752
534.308794849
550.059723594
788.5986864
472.233090697
258.827556389
866.997331944
624.421669354
495.412642223
443.663778712
489.064218558
616.307552401
327.004909493
176.858859247
430.8912008
229.337258337
878.66610716
938.812773442
106.40856563
70.1885370777
41.5474203625
664.602190524
155.318993678
328.453319069
101.685806099
901.148276271
884.607961297
763.0930217
653.900266297
525.183111563
39.6393224071
648.14718017
661.84299716
927.772063302
855.599300111
259.406713436
930.756192138
605.08797153
530.132622302
227.567645272
980.432820718
857.542363098
750.155543357
785.34198966
430.317418984
501.110444673
666.321449486
97.7853059299
859.836392382
126.798725468
442.306283783
762.954896606
148.733620082
139.245606636
496.388250189
671.291374897
348.634965802
526.351097565
93.1535820242
137.134620779
637.221238754
186.622843732
96.6250990857
103.352307973
378.81947721
910.634715757
674.104998448
649.558322487
273.805800279
103.757193025
173.077381053
251.682013462
63.9027181037
79.1569440852
962.351699658
64.2783230359
926.401746037
830.961863627
102.999731625
228.717816778
121.989134986
689.315667703
498.594014283
609.972676304
103.469725701
360.997696129
360.540376861
573.64777993
915.278891693
835.240400293
58.410697722
320.195401427
900.776808725
710.868236484
373.22583719
726.560729864
151.807896101
831.408503453
783.022188206
437.980718171
734.536224639
979.100756399
964.379842211
419.729342015
163.952531838
294.092642226
634.58435538
943.98328302
520.123729169
924.881471621
168.924197832
698.548902455
658.47222411
579.235971063
614.192839848
843.186794098
287.586686486
238.2024281
150.726596695
200.874536133
531.99626523
921.509135678
723.827680148
947.390559568
521.701739685
592.353854084
717.985162478
310.176754578
312.251000456
209.838773965
704.514774802
962.104414031
577.588054606
974.509012485
306.514619225
55.8122382016
111.354629614
790.090889225
352.91345783
429.946949354
368.816893227
46.4245195998
227.853363014
820.888394856
906.797857629
929.654910457
694.673566092
781.114420449
641.637405309
577.717855692
504.07321211
856.728926715
578.846022365
847.166530994
681.286579531
982.300346626
316.088430987
955.900338338
790.728113899
587.313078852
414.724622394
209.484079313
863.285137319
735.19841411
758.700177694
542.616917757
811.454151174
56.6732496421
166.440392788
934.737225256
142.758873675
524.411950943
475.193147491
887.861819065
385.051911846
674.306020457
520.783772559
499.838272397
929.155421849
359.470350388
656.974612013
721.892995653
433.755069823
838.708263446
118.91475568
456.578250031
165.212973867
201.51751235
162.236377702
587.587896208
458.199956761
579.874261238
870.411877358
241.00744019
758.499831943
568.576726439
593.578404542
726.643546076
168.231292912
644.590506407
603.617145966
235.680125508
11.383968836
387.256894239
966.280851772
385.694643555
233.678445049
326.869173818
508.134815856
924.268645485
126.388406347
851.183644895
767.084733964
173.434159806
842.274292069
889.106923227
602.908042295
4.81432248579
220.202994654
924.481813274
302.29500157
115.036405256
683.987394278
847.048371449
319.258517921
645.631475976
809.966362492
327.64066816
244.413452978
370.565587936
49.7181165744
380.512939938
556.75936541
236.817175401
268.40966984
187.186693391
986.074548806
282.045234745
63.0845515394
285.38397561
770.815505002
762.619507693
719.673282965
74.7552301222
642.028452003
