115.320358005
206.916567287
813.540356927
725.088054629
643.664963597
174.296767258
367.320901809
860.373842103
550.997940196
316.795101194
209.749676603
933.564587641
684.459553334
782.714546999
983.76812099
629.057591186
423.411718706
826.480963459
867.636840985
749.999478669
81.1040744736
621.618476969
549.846263488
505.654615696
19.0483472552
455.999148816
623.85930531
793.695530541
626.819824987
781.401789279
604.94745701
964.045671783
992.20124208
262.494796855
239.337222051
911.584472097
980.526613263
918.334320846
996.196222457
23.3583720823
421.161325639
580.275870731
715.345217874
671.143332643
923.381430964
755.171722758
360.05305551
707.425441833
761.337385407
294.097462221
125.050009175
13.5280441921
725.93884525
881.901692959
186.729703628
20.8866847281
357.106142975
33.8270397076
482.70224156
25.977533138
438.260970899
712.408490923
489.442297965
115.723023668
359.659461147
40.8216595969
546.203443938
628.735877332
609.634503021
282.497295514
204.851371359
14.1071702064
359.580763088
444.6120727
176.372211048
65.2050646058
506.151594241
60.1044653945
367.754668901
896.999749857
153.529398313
653.23952041
941.629087698
650.724781632
820.225101296
655.456550978
47.9892452052
520.87755832
308.79300278
671.016262338
762.80638284
774.528784466
960.496670992
448.937378714
901.509672622
23.2833363023
433.331725293
916.417415777
553.48635894
412.219496655
880.905308363
485.182000998
875.210550272
564.594083282
235.22543832
760.23327408
641.539077768
854.658258362
238.675442548
387.014896326
217.398167737
397.980002386
692.227599497
703.841956491
342.146947555
480.837566637
154.666401611
324.003028805
603.036803785
732.006158624
550.699476482
432.602405278
639.844696461
546.756470691
230.948402422
700.839257767
382.023614481
248.504167952
953.42541222
553.449443297
761.342764949
786.120062083
86.180681759
503.581290726
958.455081828
888.098419299
517.68484247
241.602772357
502.539126889
251.094029597
478.444006719
671.461639859
267.631486167
698.138684831
68.1237031787
85.617025479
127.764163086
673.256687863
473.485578579
16.6064111805
99.6622429168
95.6469071802
963.825396181
863.937054367
545.547923593
506.821854073
278.233533799
52.1527824345
749.796988406
331.722868972
879.150305926
846.577970776
231.834062212
834.115978986
72.6030563727
466.926674847
384.085991405
424.369603023
237.719664895
596.069531832
835.988809595
200.323704233
40.6252754102
892.188643654
661.125530858
516.095818172
136.715070394
825.496664893
500.345755111
893.910973722
836.015198427
401.034100459
966.991198348
241.244792813
231.451644209
770.798790458
186.199804639
726.823829972
514.130172502
975.429612976
742.28080489
960.174673939
992.971089685
238.202362626
406.218759688
192.872577009
525.492888032
422.701869178
935.8447961
898.438470667
352.729849286
506.041678665
313.530857693
685.317353106
756.192908368
401.899077251
396.177217678
759.74952594
544.157659482
351.270421622
987.205590174
216.200251924
935.200285278
645.274899797
220.401617473
799.330326702
46.4719644698
777.257860561
643.081265697
128.904999982
586.362362476
994.317532011
678.981788759
937.536815438
782.986937953
956.553066206
261.982537685
781.777317337
675.494954817
335.968486098
713.337522324
19.1873849265
740.835133516
240.180883811
582.600930769
453.881869407
610.735211701
696.121932554
871.963534993
37.6499602194
788.713495457
683.176476703
780.676819684
291.219878859
240.151348022
126.079969298
230.259282755
72.1018288458
492.495161431
959.854176529
375.157627343
336.739955478
615.196656112
274.360117684
563.760419093
711.725434884
111.373799876
156.046410328
352.78524504
516.840323699
913.22329426
419.795120389
345.399096253
896.372025213
347.51504177
320.09062991
287.231334366
694.266437426
445.935828717
296.477313323
496.573617507
541.893120961
874.392459745
41.4861544348
817.306872778
703.062082938
899.528976438
35.1940602866
700.296423242
465.17343243
151.479590417
361.44563716
594.126925366
661.693115796
777.749300678
492.134241531
185.262991292
332.31527909
760.660533554
82.7941134029
158.816096153
797.692726508
40.3822650017
521.20768699
416.443302585
311.086307263
916.352502988
171.056403429
932.270250837
55.2371575778
256.981965026
434.486959878
568.975835178
154.288731361
419.542986438
741.581081131
553.141495255
863.441032707
897.946831856
877.094270798
477.68541262
456.856124983
949.354047128
992.943405673
999.801698864
327.247795807
638.193432145
903.390477978
119.242605815
699.919075181
896.346908273
239.74533583
211.064160867
525.791056138
831.975278872
425.281111626
996.332228157
255.577687123
869.467191983
993.644913652
628.555753097
731.678842587
103.184724737
829.974826413
347.194987652
776.22634529
905.659960892
231.67999398
590.919258941
824.364468583
334.250839488
874.15320585
672.513164863
762.333853666
903.883110373
180.919656853
933.240576362
115.912208247
293.27949751
616.816120088
914.172348127
582.79615437
811.216719506
5.15469990211
153.329437931
32.1910951566
542.070001512
799.123108925
425.400591892
39.2879097788
754.631441379
970.151742662
197.84861298
780.795312288
104.673067455
939.915448103
97.8294268431
157.860140235
606.192555922
604.175654441
58.8675520761
474.11907088
389.298444328
95.5683545744
851.226037373
502.206757727
338.838863552
811.12563503
575.061962256
158.652862523
525.777511
570.192087905
593.590628854
585.951192718
383.47614104
15.0836217953
654.262105187
709.661822482
571.124708929
25.7512728383
278.109240387
450.283160762
783.217830627
204.585608143
132.920928723
877.517304295
54.3573645004
556.034393643
834.27181019
348.873740776
183.72560343
546.217454485
4.05612157002
77.2200724397
354.769715761
906.186365029
499.860982981
160.124337501
964.088216468
216.500359862
5.56138752762
11.4966999483
199.560555065
257.517322759
629.855358157
943.312278372
53.5067561795
967.526774394
720.412471429
19.3615555261
378.062107625
525.026016909
791.974071104
495.852948143
502.984019266
248.569275165
1000.57762086
310.399138898
90.8393287533
237.523784945
326.445276984
638.623853364
324.02105455
906.500414396
904.047657359
634.894822538
400.114217781
552.911183473
380.678533867
896.011183125
45.3778616121
566.349067237
978.929465939
229.553880726
53.3856058452
991.245577765
88.9478500285
698.965718781
398.412432089
73.8852231416
325.896112953
589.88179085
104.413407388
322.469056916
580.496808989
239.847994634
627.531072292
18.7573393359
284.441876554
199.627923786
453.160458952
28.138828592
667.683079346
478.390872453
334.761945823
22.0915496616
971.482611755
111.187859291
585.031032412
3.22153068515
696.667023096
925.898316451
398.39258715
135.950810972
10.2885192453
623.823374892
437.488209213
232.305970758
861.557918922
473.464756475
681.623806263
552.949378728
261.003741637
274.775818468
37.3105658758
385.613037521
210.23007211
903.879677647
94.7791907834
180.63932099
532.933867155
782.440769233
321.691021015
413.851763145
362.563136684
996.114781601
555.120735657
745.955377237
202.845398487
717.124426506
164.825344782
3.86088696038
764.215676284
127.81313065
847.662131869
32.3552238997
164.382887596
534.44611169
990.148602217
962.18591903
211.526337819
918.910984774
683.837314482
183.912759228
260.935510155
320.028177518
450.685385576
923.825114774
447.935380341
395.335312686
259.801177784
120.477521938
989.590240656
91.2015534256
218.222663336
643.180505324
355.243287855
503.394564606
873.959538121
425.633818798
825.044525626
139.272503438
455.324697639
304.230608713
296.244570711
290.43288489
896.638170425
727.479586112
81.7669482421
122.901264584
884.694675524
937.197327335
44.5074356676
160.6685604
284.486795304
589.435084277
408.475655296
156.901043661
218.811286105
81.9990486023
914.386920687
565.422506626
776.289770095
965.198792892
146.317512888
354.063507797
715.801396683
483.125003761
168.34739416
937.445687334
639.870763257
969.265628962
700.60295466
186.141694458
924.567199605
988.136065294
482.800159307
992.037380707
910.155730416
391.903123706
552.417401629
969.728465751
173.137896704
304.963930252
752.94028089
118.172522808
889.237404759
839.575728324
581.163758957
190.607789624
705.424469384
710.552579947
180.19772437
197.828772727
538.568443498
128.906426799
632.020086012
843.263728229
295.474046069
738.293093533
635.044549242
344.186019007
251.531851587
556.147452176
391.760889085
881.04615516
181.597644093
953.382036194
180.885011142
731.34321077
308.629502069
412.710839354
796.929160249
680.384070654
907.154844046
629.634970542
271.448426806
604.092878682
701.197203007
974.651498316
735.999027968
761.763407258
753.132965412
200.680414534
551.846081655
156.034144555
397.459798598
694.152542292
426.940853982
804.855780727
497.099861332
255.76529683
23.9382988768
949.982830787
865.181586463
723.605821672
419.033334778
522.771478499
661.498680389
60.9231021259
161.846820026
579.371743865
766.061884641
285.096896018
647.427380071
930.344873104
831.758130895
324.393808108
381.309105707
816.035833443
851.67931368
738.593388455
742.41847063
796.439698326
694.877934435
793.559203119
425.422190302
987.295502202
901.063000029
375.72719029
616.090704405
864.281121788
743.750452497
791.505529914
241.358498386
699.464447127
681.219239508
789.19110677
115.193566433
270.337514201
508.426666266
420.828633788
480.652644527
312.615343169
367.086966139
572.93848791
164.878514909
685.000095794
247.490801861
980.272134034
156.203352831
32.9484835216
229.340826655
651.936297292
522.244330027
299.1873355
794.419213275
306.944707947
218.95202561
529.990550404
400.677620003
534.16967
439.413085591
25.4498754097
805.549874571
609.705547424
375.461107402
37.581208887
438.803768487
517.588830846
903.979568535
895.376012319
880.975755515
276.100843245
376.278783383
558.342531733
925.139822711
139.555432507
170.801221381
626.722343673
536.077035906
171.401986288
753.397945434
542.845383818
491.59321922
459.732717888
594.933529963
88.5285637771
929.043405011
689.322749953
382.328451832
977.102812381
653.650526211
43.7569229695
841.818051857
386.978465449
929.673181913
960.186996693
89.6536835585
143.117928287
644.060034493
598.529113214
624.157716589
14.5061684216
275.366908485
505.969325695
4.05887915084
73.9796127531
724.082008738
740.374442977
3.01426744653
554.164715592
103.562713591
827.059604655
195.740408721
150.808751993
530.481302303
548.074495836
876.412019535
858.648444086
513.5873834
923.032750225
412.782791694
306.275111599
121.035657103
244.124523545
782.141325073
30.4038885039
805.283279317
582.899488677
561.559724657
364.769296157
882.212029335
389.146186177
25.7102593954
714.071227437
868.046108208
307.533253246
92.9338211929
829.304269974
786.273188781
278.890977002
722.040656656
185.785862688
926.032544152
339.883962052
519.098776586
62.7382749065
386.023686511
754.761567617
897.864327352
549.185579503
314.051403162
25.6291720201
28.148309784
693.755837002
16.042333355
942.04499082
344.193817857
471.939473233
836.682821234
921.347793295
731.357058873
949.181801318
843.001178722
748.587897414
403.734241043
762.532907532
924.778344664
648.983743389
223.121799607
30.1427988319
948.246425454
615.6432713
573.280763331
2.80277312156
77.4561364049
833.852592973
624.299339773
567.174946535
346.885895237
373.487885139
623.376265171
363.548056822
425.52272172
54.835980139
543.447843114
112.588495922
448.187312555
470.304902588
794.108508846
783.295506747
173.009083151
310.478397513
364.339882134
885.146296512
106.121494794
930.795376276
752.443812587
193.322339433
670.117098541
761.662490812
710.405107184
243.839762923
631.86494609
982.126248303
833.487787955
584.856287192
473.984680118
62.4267480519
994.185333962
840.464581941
10.3536638921
977.623382964
231.327104361
636.569105213
55.5224973637
41.1014883886
867.263914562
537.805238951
352.425216406
225.585869688
511.533184513
61.8701369741
716.396463129
611.658985305
838.236302586
530.668750951
785.062703542
34.7256932036
870.23764331
66.6336825515
73.1585141124
230.068575466
259.338634679
664.490630213
239.089325747
661.050816091
24.3257832088
946.485815163
626.608206469
230.72921201
807.134436187
747.433785778
332.989891031
423.730350156
262.23524146
656.021209893
979.26811333
977.143211681
408.283223839
377.98398852
238.214473219
481.628492558
326.18965504
129.351615281
40.665679314
489.408024697
21.174859137
921.094129187
62.4043925705
296.645434861
487.548171366
23.2567709309
129.901216889
644.776999224
180.593797354
229.078479639
280.652766895
485.50189028
603.749490408
630.671688843
939.063724419
884.691705539
184.779714673
795.423889207
205.329885
496.212697846
425.019688547
229.082841451
244.625178322
977.220951391
642.756194749
981.286271056
129.747142898
475.764467624
563.381067034
318.96296543
387.105437227
461.300917797
133.458567372
344.293051314
313.59508807
343.858158938
109.26546751
806.632182193
783.996315695
480.267362914
313.15071338
909.147635027
987.57593213
566.117417127
924.003082176
719.134372406
75.3745841785
853.473006392
918.525057743
229.242588572
890.465891194
663.57836608
52.2006686383
776.924576815
697.194274686
132.669362788
851.494362098
568.821477795
679.617022801
28.25342299
926.737102562
222.413077145
805.08583849
325.163351629
335.87597817
441.890047518
456.359517777
757.066112056
896.217749188
875.521460724
483.123965565
492.913916387
283.992204226
529.353696817
582.460757885
651.029356531
3.36792120273
758.970750725
745.366667047
920.830300328
438.50615631
706.167677778
155.778223421
893.05015099
437.677098679
616.796641348
67.340691146
386.070530956
564.61939866
872.926639614
242.681587913
131.442748866
300.456782893
259.216855596
684.301431413
618.108275668
87.1558986071
522.11497321
58.8550032536
777.111311578
151.435933381
457.96545768
854.26938521
713.193682697
71.1989144778
644.716271175
25.027382353
967.119443251
721.625098722
523.608192252
283.869219146
800.815874493
587.678278375
906.795950565
218.167357816
535.568908428
558.901748158
849.751999677
699.009761946
255.925069359
941.461871049
622.871977747
