842.938238252
263.754418731
907.266450289
751.039400143
514.650932501
495.433701328
791.061498389
222.230163256
408.792447832
38.2493945366
688.22916488
708.756994423
901.179247895
282.10581981
685.984118203
238.743567434
264.675039708
425.978107067
740.909607111
189.239262723
755.861667568
167.219349395
118.849441157
996.479303459
937.058526105
140.942667618
864.451393044
760.080943804
624.976483403
297.307720129
600.43200669
12.0197950711
635.710729854
371.803182152
242.940041946
946.723546456
413.411571655
519.609388143
231.336780379
1000.65959242
244.899283982
546.772281889
726.734043555
775.421397825
784.80353827
950.761597623
787.260947561
160.296118634
958.172429693
130.92573386
184.07683807
11.8457712279
644.900481712
758.909920246
374.690243953
306.499794001
447.348212717
919.642832912
332.721466565
994.784318192
581.372203951
377.423800502
5.3484046227
389.699389685
850.260605019
993.597396517
342.10698531
443.450685581
390.905798908
305.503104642
334.994734988
130.770674306
246.14930547
352.398700128
626.025726974
659.684897863
845.20528654
328.90968813
275.604698551
816.84655026
233.600409792
969.036359602
653.875282745
720.428856041
182.280612477
326.945119476
360.540124684
585.240638668
970.015946562
115.180444238
609.537392446
708.164612683
766.740419446
142.325516787
800.514206828
103.98295925
692.449861255
719.160015937
175.132350236
996.583370553
749.696784305
873.043541053
803.055657009
854.064995305
444.752406491
826.315730263
768.902387798
857.805549301
412.542689858
75.1836896553
717.77982633
328.617640678
118.370322069
596.338614039
221.658890096
227.762713806
809.661741146
636.120916817
160.823959961
356.666382588
418.49663094
639.024471411
113.438898628
747.742415783
444.475490953
815.852053435
693.403473219
768.465002502
386.097912222
693.665243459
531.334336597
834.266627593
900.094426507
7.81145197557
444.090012589
569.418988923
827.301676733
460.511370098
616.062167923
139.268468425
89.5440696349
917.516093954
632.092889688
164.502008037
414.008130071
118.346100081
856.214800965
13.6727794194
149.650096263
715.980790343
779.768898475
586.204474247
450.202416888
173.662018954
75.379665172
786.227970982
69.7106117566
241.5051173
277.381867142
379.157047826
927.078722363
801.090173651
732.480041594
920.24050936
712.341438628
145.483025431
292.661806227
104.749938653
349.580764232
394.109045984
278.874071045
178.23343873
689.463030378
863.910326349
997.046678465
237.613900496
307.847344316
373.40488926
643.321229712
699.033875372
397.043745029
877.506964571
424.321810507
252.691822062
202.354515559
560.348437201
327.454716986
674.801556351
253.170165577
18.2617358982
37.9745421816
210.723391229
85.0457261851
151.056127569
132.957498499
225.181014705
107.70484556
540.356222642
0.268605731391
457.410650627
282.641594674
627.51453896
684.792956264
669.115805199
14.8163543326
209.410891171
702.683764501
294.182815025
118.004714125
113.936693997
268.998141833
879.280566817
470.896190578
230.414908026
349.577786559
276.811430422
222.833778158
39.0414248188
85.7916981215
10.2492406621
856.060879345
344.670073242
332.199453936
966.293368734
985.455733377
188.177073662
870.474173491
852.624722209
276.666097495
598.050203225
505.320983766
891.737352801
944.821597979
598.453798474
128.17219851
86.7640894601
23.5401307271
436.430007607
282.307729394
414.295696101
135.568806456
624.99669054
151.255877579
773.672854974
795.76544581
975.142560091
345.742781523
741.962749459
414.974624042
698.133115551
924.581667997
438.841949429
987.935490933
733.581736412
290.703917031
226.366454418
238.118255609
972.082457318
786.331441306
363.305468376
436.056279442
96.1170905981
404.815963752
29.5035293652
199.703586304
78.4198976735
445.51106351
339.365056609
590.196011428
415.07992687
966.209501503
655.497021338
696.42581659
733.829561371
304.514927106
475.652748398
545.956789166
207.764180038
301.855249399
994.249423844
229.565540064
494.945603123
309.492574199
496.734666632
130.962862804
928.090590028
45.296488836
302.168587385
957.743194935
772.452323875
473.936807014
349.702248283
143.771645348
953.921110872
389.140418341
828.589705225
248.920005333
956.095817779
283.015789066
125.45076216
850.029131006
896.008257551
883.926580572
805.851804231
429.682482029
179.298173614
147.163110264
493.605436409
941.051636075
349.717683149
820.197490945
704.028099263
206.058071493
875.957695796
485.735670562
387.505555722
632.494401278
617.680742547
836.15349886
354.219648633
261.24340247
479.152714894
191.784019373
973.850396522
638.503584004
905.174619718
715.16062115
839.120174251
537.592544994
505.855715197
9.11683202117
221.524440756
182.050119662
495.310762693
870.702148189
373.816528009
156.254216677
660.869428571
637.213468899
385.456504455
567.95067003
762.07243466
128.748560774
484.637815906
529.254006065
614.410190652
546.124603771
223.55018305
227.051734949
697.727503587
811.034569788
5.23488426045
977.25421335
515.14451604
511.17863195
308.587287912
875.51508973
110.679597945
459.404622725
292.220715831
53.1931900082
552.945242914
843.705006438
609.542396036
869.329455089
894.202284954
746.292863862
684.357748433
509.040189783
482.350650251
399.537017576
465.066580817
813.65523014
307.015057541
934.432065174
78.5379272118
163.794287945
339.135691473
910.854101262
863.002158826
205.365026952
802.089633764
250.275184554
877.704691794
294.707525153
606.139506853
602.1331298
824.690501302
446.907391083
166.258690552
783.192620698
157.94898119
427.760798857
668.225625933
569.773836733
518.112279847
248.945178283
694.986426447
158.940330835
628.500039333
950.989664412
657.718521162
606.204923276
365.223418822
694.406356773
752.1627054
368.129462895
318.49091706
30.0556059644
648.25151881
509.836241982
697.060931811
959.188204066
545.565649522
748.246713341
381.438852895
935.069606289
7.65004043741
339.246258008
822.536450737
171.960223055
49.6909253703
894.729842028
253.747029677
408.708815301
956.368942656
220.870546267
220.635153641
216.687848545
830.335957226
836.718574409
325.04989892
485.539444971
815.068116551
450.936457706
61.3012292226
774.944491166
118.146850578
17.2175197942
59.7610262526
472.413218663
625.915418281
529.083299172
839.325460756
845.038676826
956.18551528
583.484614541
513.69703363
628.697481022
767.064616722
547.640187528
601.626166814
949.787408485
999.697704691
588.575408025
297.758065068
808.860472633
379.698813806
842.833798915
86.8333700854
191.685052284
777.313153187
950.703140696
630.100331658
351.386609806
733.47442184
94.5737818997
28.5852817443
182.773479278
966.70714272
413.766004914
619.9500143
422.698445047
387.507304701
482.230355166
48.144619106
16.1732623774
865.849958714
896.034645666
829.904675745
558.583665574
930.118261935
337.384564408
766.68875356
142.040763563
315.06879954
165.684096291
448.002936678
45.737000278
167.732898355
887.569310529
219.573607729
320.307367715
160.607923976
1000.74455509
821.373278251
917.396327858
225.585966065
561.356025736
561.76515579
937.494199397
764.761471168
485.464765725
716.24136852
892.890651272
396.459262275
865.655632743
727.727385219
466.590446251
564.602982498
670.950046987
296.869144719
333.245225607
788.925245342
756.706125704
159.247989509
587.651059375
218.35760702
797.359369066
59.9263197056
705.161548565
15.4265431411
561.634514856
57.12143793
445.543635853
495.96737492
931.836483213
1000.3583706
101.228321411
307.046689078
554.433554715
261.764161001
316.321135238
332.734250444
104.040420101
155.299288024
279.147452224
976.895597119
787.449350854
824.54460361
776.128002968
660.84548126
868.235975375
174.320233982
880.091093499
143.656176755
563.521594125
76.4870961659
132.128015776
562.777850798
164.649363239
145.99227693
318.949045771
850.417196243
580.29979221
278.846253693
737.969607804
954.937732726
259.732823966
642.707978573
845.74858206
205.42138364
933.047683889
416.952452162
668.065119897
398.62147872
738.917660572
361.225908339
631.690978884
357.878835843
212.419360232
982.125377343
709.069852784
230.582054741
805.829086666
100.897032702
119.274971849
890.098107728
731.232662824
291.235009046
52.386311499
100.387006898
399.736552259
474.524208998
671.497624435
523.607848322
704.687114503
680.263847947
337.008545229
622.019249972
408.8735088
875.588064296
164.759666557
95.080653572
721.549293598
96.6979426897
357.111567352
12.8697819175
555.16311834
700.492421289
127.14915265
700.764716338
959.102252288
565.338816976
906.728196491
195.819126581
338.894483671
27.3294120243
952.479991395
767.368513675
3.64262739474
832.411682142
345.027741788
894.266266671
239.161835104
93.6556570154
215.461284126
526.931058791
319.758411114
691.436866352
655.644179855
536.267234762
147.602444478
600.305547071
531.070612838
530.977164436
985.56663669
950.092687204
313.108349872
510.571324438
442.847032432
179.670880292
945.756354764
101.157843824
710.718223783
415.075276859
884.832684148
789.588570746
580.093645731
892.502420203
562.873725164
589.852510253
421.876066253
229.886870831
189.686877804
47.3684095675
898.097913881
307.496928866
310.543427641
819.069985666
218.164306556
794.9635837
806.684670287
241.908636644
911.196650093
182.020621306
582.568805408
144.864532297
489.337742196
560.063189574
641.207294706
865.470160241
799.510958545
593.861574039
278.184372943
26.7339621667
213.10130044
494.44416604
792.084251968
732.923185735
672.28150066
309.579914689
682.322509294
962.48623336
913.012982155
662.328932277
110.782778365
577.711172202
818.721727042
578.49070701
446.791864306
395.459628689
991.477428823
161.230367266
880.879303242
2.60397978586
787.859098389
15.2161505403
458.736690646
342.830333293
655.400784651
469.196854979
398.551098839
548.516004351
796.838245626
410.295023648
532.505717457
261.788512956
488.211189796
512.404541299
810.518298223
409.409760468
230.008097728
85.9432184123
305.931569399
380.568360117
318.395858508
206.558526746
90.4566819854
290.62837105
344.192166447
88.0883503521
63.4494324162
412.949238404
230.455317408
563.100610619
493.047439174
893.352229605
675.029897536
334.271455504
479.535752696
899.001426256
682.90037817
284.671654323
755.324219212
173.917773541
737.084606714
413.80125584
805.507609703
535.700402895
714.181019209
494.417044003
262.640611359
407.13397993
5.11662400994
650.326810666
873.425774666
84.9209757282
72.86571059
58.7416004082
531.011663195
155.356575745
130.547402125
768.644754237
334.932404137
209.461971841
473.311556647
882.868572842
781.307099421
909.891551571
716.632882839
877.342601901
18.0204812541
31.0721032927
703.516205057
490.691431614
382.623050816
257.690199802
563.966773247
26.4860387634
937.713287779
233.539936756
464.872882176
913.476665264
26.3346226061
846.945020536
104.580777409
663.650311503
803.559762762
314.53564025
44.8536697981
710.726380389
758.795540143
27.7274010417
729.087768959
29.0832252479
645.893298551
823.245887652
52.4643741034
970.83911879
234.776032941
528.932948232
598.077909916
782.178176017
30.2965984432
42.709529114
451.831821833
866.498628858
527.69214039
166.134030347
540.146609975
265.07614476
819.334117888
882.405199252
555.018036727
218.765090042
142.058768406
387.806501064
890.104838629
482.941419761
477.518002962
233.687058851
731.065278053
198.998098677
263.792404191
742.922621025
971.113077191
718.501831544
254.129365764
220.111305314
313.632047845
344.555677208
523.495476416
49.5914303562
838.138672877
46.1508595478
77.1335294629
513.623745393
675.755488933
819.534530899
671.864007021
702.275144937
968.662671053
86.214166787
200.783589373
77.0206486667
546.109256863
149.133078327
970.581536992
101.870283337
794.301996356
396.903242854
701.748136191
856.701951278
219.224134101
650.101088578
821.401676609
320.807434425
908.977744866
79.9585392276
219.982835683
730.725832378
430.804509124
230.228902002
328.60457238
917.744657407
173.015683554
471.69630708
63.5605168228
230.731307699
999.219383691
61.2429469568
217.205847943
465.076375284
558.082773937
197.183811799
104.790975183
829.375505071
293.065255716
610.22316719
707.037841316
556.474709178
350.377450122
919.956210303
965.804171297
170.859526077
767.457996045
921.624053431
114.169988691
843.496508706
69.4838054838
931.181463424
338.635504135
452.067938337
899.902063458
285.289882448
681.647807483
31.6847302
41.3205790867
636.938511203
216.300766649
992.42625741
711.609599684
182.770299672
855.684554837
745.3301392
376.526989697
874.298668756
27.5185775393
726.354570793
328.625716508
254.82789933
448.839252031
125.255132935
594.956095677
566.32966353
457.402926679
714.865415278
924.06700494
795.764425992
815.74856879
907.951574808
786.812284727
217.921467436
141.30019152
778.335781326
498.875378336
371.487316117
118.817925064
574.310172057
212.775378392
380.132043576
947.478939637
676.696823943
185.157873619
645.73172343
719.251392386
796.10993678
768.115773063
772.661077852
257.819807156
337.687433267
125.692650724
50.8356108257
361.146791645
450.605615743
84.5834019715
951.258815551
697.287656597
671.306439322
777.63996003
264.695831712
123.316535469
938.415343388
181.287290737
737.205341894
173.548428285
0.0370131032427
992.402298699
815.506006569
865.401287235
97.6750042378
108.506084412
959.138467991
641.334193621
241.711402595
396.930670796
269.910362216
235.139928334
193.644689171
471.307256005
795.14749742
677.3110749
683.936851131
980.004015641
578.847252218
7.06745726732
16.2611675254
259.266650053
796.828733895
305.045776425
916.935152049
218.610477968
208.762101336
270.62185506
195.47518468
831.02558955
493.077079899
588.459813311
817.909849855
571.889374972
903.574751696
614.139329407
639.249154687
558.624532823
155.550582472
813.255089608
373.759497014
445.329578731
684.983025029
848.514160469
989.495282279
879.924444858
931.77582624
579.788273938
167.231110678
834.065475929
93.5683632034
170.146409454
374.045550064
96.9925886426
751.049284133
400.615134134
312.401941093
960.264548779
128.918597185
42.7614200074
324.48184661
401.36275348
578.459339228
