722.982764731
697.900808311
344.519244806
48.2680578565
384.234909109
145.70236791
667.489238564
268.874846653
941.809354476
887.650970489
60.4378871676
510.369936861
805.967571859
235.803541467
192.094435717
429.738124893
776.100257131
307.850061395
515.424977917
753.880373924
586.15941115
914.697044723
598.957581139
158.366497169
552.854999442
240.594256602
552.614857761
447.967371561
719.214675499
156.16327025
921.636721692
749.37157683
490.221615011
800.495584152
914.752882807
860.047149272
441.763802354
729.231460276
458.23105747
513.164561068
922.329059062
235.283391751
573.870440835
710.803743495
812.116004902
870.688185459
596.782016776
882.412047298
494.060331648
997.618738389
767.219054859
487.274284647
385.585909735
73.4869402941
723.224154498
599.914914977
193.642572702
974.700085752
407.216742297
54.2339677522
145.146298388
8.48593930485
215.387956254
473.328550351
671.531152485
982.499094343
404.251366595
705.108778379
890.615048284
210.197556995
187.569544461
839.471009946
551.774741652
353.460094749
630.507459681
486.755174632
137.644185697
705.967998766
179.337280086
89.5484005696
343.216280422
288.670369381
344.708737704
544.250011354
67.2663841396
213.891190065
700.834686229
281.36324808
625.844727226
939.044649469
831.533173748
444.805024416
768.0907862
587.021215531
628.968997229
989.624570357
140.475062282
601.693829907
840.13110297
71.1754474208
377.816711718
616.263742524
540.805299027
355.44316863
750.899637395
380.280944467
690.626678955
684.418827972
215.069552944
425.930942617
57.9134070071
275.544018257
560.587277454
47.1239743245
170.10607147
268.433231018
226.881245884
789.737063867
811.923337313
935.855671995
292.86346752
353.172384466
145.913633068
824.821154995
597.003648202
227.988230222
521.016909015
127.710902003
360.666792586
910.820817852
932.270177539
882.373517488
931.493821305
455.767873864
602.509407479
581.485909036
889.014497084
885.129928692
558.894418719
875.477305975
895.680366452
439.214605735
379.215019077
863.95622123
594.984386824
185.129935957
187.414427444
806.635778055
687.799210911
18.026779621
793.734026532
942.933924921
545.876198234
581.644566626
833.591944052
290.102727062
175.060436269
438.924000855
216.250619911
685.577973602
480.199655639
738.194336421
533.617052881
500.95807923
513.868129132
370.664015415
409.10462906
291.835709087
335.676769433
948.777003883
152.759454544
559.761343609
882.336133984
574.027755718
676.375278702
416.270248128
153.280316422
836.67824043
882.235375305
701.076370716
525.227113131
133.982468539
773.332166275
998.993169744
100.829716084
247.784088647
174.787205281
226.903880688
123.218633774
745.516994921
281.073153808
760.18451506
161.58996725
716.256811014
769.509089519
190.58694697
989.822939868
576.954068928
988.3938853
400.200032396
749.076428489
620.564970999
383.740478952
224.660261194
487.698038564
185.475912487
941.551916532
227.984837935
279.364734121
490.357184834
488.051917482
450.077672139
791.707854177
876.910650565
460.833072818
71.0223023719
877.60160853
295.817611468
937.995682052
151.289091225
141.652904509
968.776863413
26.5328330596
283.012261708
829.136341041
789.765310701
526.339652589
341.777392063
167.97802313
345.070407672
445.930045336
550.946680149
998.003824152
460.974661558
393.414536773
149.122100201
583.123153531
761.259562341
798.968990173
584.951159215
388.258080039
363.196413695
174.895527416
592.74546794
200.373463775
155.407834587
154.667232228
428.370820469
16.9505050032
284.811719864
678.945587677
579.02878328
763.233751812
592.75399961
134.396772456
715.466055461
330.459574554
129.286743593
125.266832195
738.605582091
176.449046889
366.197280953
40.3008883384
376.081892931
935.440023403
465.486143806
398.093014916
154.782493297
631.609053773
709.259313168
888.764705885
65.198147757
253.484865965
84.5472682362
837.868052386
642.288130963
539.58033184
333.105284194
43.0260812978
417.11613623
356.917703596
622.368028149
254.52795633
21.2079675368
686.082266583
644.463928154
844.99548833
631.595390139
621.467721467
321.524330061
581.606329989
838.767257736
667.793509081
395.857478834
683.785090303
849.460272507
128.46378217
44.7063139465
583.964257315
144.665796747
406.024347845
256.968976714
743.771820329
576.247198105
834.754488844
486.901391536
270.468517069
888.876803384
667.877448502
827.710924132
701.395827194
535.699160374
830.821361727
426.983446496
567.582349888
869.801844503
175.798407428
144.289489461
959.906225747
75.0500951748
405.269616769
129.272811277
232.302602239
642.633891555
998.654238047
475.314892999
730.751004435
555.734802035
628.670053964
165.069347762
986.662161654
64.0667142257
856.722615018
590.370711915
583.317288496
857.020040288
256.639067739
149.484877244
471.945971486
119.17166312
419.457181963
611.092766306
737.456370806
756.301458376
138.854899953
418.300250811
216.378197819
75.9308467187
428.56784176
321.300627869
110.331971733
27.490535636
965.102668695
313.517931912
38.715103553
306.665185711
856.639842885
854.192961779
99.44649687
515.869276686
732.65303138
191.143778374
24.6854656371
312.040667529
9.34687655863
618.712019283
121.561628632
264.570118158
120.071490436
710.096449715
415.205383036
830.609781528
35.8090213028
329.526054094
292.917971843
602.677507379
156.715448039
336.966365664
73.8339619285
608.588782146
403.137058155
36.8689965559
38.645011344
533.576413942
107.886573596
937.877667643
32.6843568267
354.355206533
24.7761559316
704.367626949
810.352165641
503.122732756
831.672225642
252.646107197
51.7841432122
838.690878627
320.765618201
587.823650502
603.834338403
882.46677682
389.842620086
216.186601424
861.079128043
848.691902957
91.8733214244
637.940794495
479.634055704
332.119434632
876.781147815
286.966687025
838.642926684
703.546975459
390.091320712
862.086971333
442.963025115
470.477240612
572.276261267
29.1583731912
481.709983521
223.033787994
808.504726273
865.238803938
540.637809281
455.933040769
164.99332984
77.3405243692
890.750722351
220.665963173
944.955043289
754.725858653
460.432732391
49.3790004521
350.750323521
968.267092235
16.1843718824
403.486919862
315.7295882
559.806621145
171.589126025
347.281726585
758.065556791
676.533694841
10.3172519697
768.880378332
877.372772351
691.145168343
964.212178624
22.7888302504
515.585274795
945.959614609
258.554252775
855.031026084
471.822582929
534.086644128
817.2722837
735.288926852
916.031329318
655.912978308
968.021923511
38.7071037109
404.286543585
561.585753489
544.551431951
648.758597923
672.036801966
334.232973229
802.293817098
340.247053609
853.962212582
199.033975486
8.36556710393
466.478711352
929.015122831
274.039292496
358.510046653
327.982559
443.613622837
790.659122975
317.191351024
462.307387713
475.796807366
135.650892188
911.685790496
350.556894152
822.452241554
542.431241562
319.085493941
832.449345924
458.780997634
252.365464199
971.407056501
597.55685939
527.256606476
120.462531546
486.269037906
539.862192357
738.640763783
804.537867796
732.185693045
207.471245774
239.510801114
467.185145903
957.126340133
377.7726101
71.9472376888
198.764780336
216.951111613
306.537112675
245.675510631
832.900700974
924.781550088
114.515533484
661.780516621
703.415337402
763.759838453
986.390529874
386.452156012
856.495712823
626.739269902
199.389063358
349.473741046
453.139621728
423.836755957
825.311395908
692.057668399
549.466878344
257.551351553
599.490085684
355.251305273
343.479861906
953.060047918
869.857247677
730.661073445
207.59869883
368.002527526
662.173323822
202.602588309
870.158736759
997.814635027
964.319290566
975.775911746
162.474865705
896.542975788
754.433081676
924.801970725
802.726939081
631.669319281
516.778926105
773.348188892
111.65540099
932.994316611
112.306956351
627.767825874
918.510958116
262.722360281
935.242795918
563.020635249
72.8222592207
382.684958594
197.331118973
594.62789461
971.695005284
250.454948509
365.799086064
435.08099678
648.915562782
90.5597982406
647.901488947
223.955641335
953.387883823
396.580801404
976.536341098
821.22502804
415.068185596
122.94223124
836.44515756
397.121775283
741.865458242
973.855653431
439.14330245
592.073748222
651.438578012
185.117477938
765.840969045
931.144281521
343.916003608
352.848923152
332.736910403
784.256607965
584.645966826
786.81459028
949.78057544
558.379461748
163.410697841
534.597794895
226.066847494
681.7856674
889.416008769
557.934585606
849.001657892
623.149062317
148.688804668
71.9842063761
981.761360741
602.587786182
367.235072803
670.552712434
115.004104557
400.992529003
862.124646554
389.621406226
245.495435697
270.872907598
797.037304733
112.067626217
174.74023141
260.426646334
986.428702943
21.5738116749
806.627809278
675.08886853
900.008116808
388.690014633
494.155610441
99.6809275814
543.556969864
166.571115531
767.480306474
742.6849493
228.368012489
414.014386719
886.772198248
444.262622276
281.54311007
271.527861595
309.406330718
802.330135981
936.387645926
429.631693382
911.012934591
331.972377931
676.930344812
478.990355651
462.628122366
379.338155591
625.032140549
791.311416054
390.945052161
326.997037214
436.68130171
798.022835595
141.199174698
646.950335131
173.158187414
846.523257365
343.361111254
532.077425252
898.696574495
112.023299253
596.976106619
561.671361428
204.553259259
665.921548181
940.969547468
726.728736268
941.282887411
382.631988232
452.545797796
376.630664251
900.343615575
381.539682682
87.3214488659
579.472273239
349.081384924
204.018008591
643.2211942
925.499534186
634.455973437
291.325948086
680.129276443
61.6548126706
746.482143647
481.557516724
141.377427999
1000.59258603
295.189090338
577.947600012
765.364946479
982.035426584
28.4340221528
153.898841626
256.579219715
678.303387001
186.215711966
681.591434556
377.770502059
752.845051356
528.833142572
928.737763149
182.880321843
766.556577593
284.713399713
1000.43734801
733.662478624
329.620166952
575.656569865
519.427305079
744.547125692
950.884279741
263.079561164
334.768287876
534.609496352
866.709124509
405.637171373
425.388987753
947.545686005
998.320270707
663.533486491
344.222521221
65.0564997524
662.81474112
243.340488926
594.747798203
388.804132194
150.020040178
779.097011482
774.430521472
856.960763839
979.874573326
866.613799117
655.104517335
318.555974825
740.869796367
811.444399602
258.932655655
869.785845522
451.642998691
626.290847888
348.533607522
743.55975127
469.66840285
949.64610505
944.003590143
858.499171027
42.2719491486
630.336961496
194.450790022
248.428249147
629.020100379
913.119136791
902.823447955
299.15534587
890.122737199
759.566713928
45.5523048937
201.719638185
4.54437410992
44.2003411785
694.24782417
384.53932262
410.894229008
535.048591323
431.833021253
627.586193605
184.694488796
363.107898079
475.292929682
856.052514529
396.47422419
482.107949413
367.274691372
338.236395128
357.023549248
404.733274619
992.425123989
817.816730322
970.260321325
663.640061823
347.791278764
831.787416333
60.953357255
924.663459329
513.755337858
890.961030004
416.81801165
372.069226023
492.377602359
483.70862426
725.376361559
537.386979869
825.398128353
219.209862043
99.1211587593
880.656501295
620.338103866
199.099468071
520.477886139
838.665045282
550.428630223
238.052216877
268.106261719
16.4622071059
970.779318412
768.865984873
558.303358744
190.045635424
254.416811501
330.484817886
936.290860947
343.436543531
46.4006279526
518.372018777
808.304810037
816.391973811
135.658012687
970.382942777
204.176068607
513.779409187
262.373287494
556.516632167
769.741504911
338.208399816
880.71467131
958.951755403
400.219024809
231.329323868
87.1881635048
490.25688151
684.426549534
33.4309035169
912.727207343
400.951583532
425.136492497
124.351277015
785.302310001
781.786192062
483.978959578
272.127352167
610.499697738
984.5542973
906.79323838
444.528131704
127.410656553
552.250960069
639.854434846
628.783190527
883.560800927
290.457573428
563.002880369
9.93713764688
842.424887891
46.1203081238
879.645532112
92.8226067378
808.297816717
494.096181709
749.744855356
231.450870036
552.339727875
222.023646059
964.811542957
258.428351365
815.669153217
665.382770274
542.826785549
862.162331382
595.572104685
961.351318662
518.898661669
805.624268691
385.856589088
680.741127487
8.33570225546
132.706282145
292.360261643
515.820961657
744.045396614
908.220051765
539.910740479
732.416635642
933.331582179
253.602525566
102.418523762
914.151737114
900.194526411
230.371373164
225.661831404
160.078318328
970.971014082
727.677725729
53.4364025626
853.130325159
603.053049904
23.6274336887
892.487464219
976.785574112
946.458541104
209.032256267
334.479266602
722.576956453
669.13442672
513.917805746
928.211449009
118.735961179
41.3419735262
347.593402003
229.058888273
486.623762413
593.385308532
477.112561961
327.872116882
302.672059372
437.413984693
505.431305129
493.677836633
271.758664686
226.822813377
488.726950477
796.891315363
336.661201988
473.928197143
10.0173103115
190.827890084
880.19767076
126.922753203
194.698563026
311.374304745
510.015242561
53.8673265484
535.619431799
368.832655915
932.595616734
316.544323471
358.69511516
807.634655396
529.940169685
564.784626781
826.951406147
400.012738511
275.702836925
545.322239264
531.366995586
456.48475219
1000.05724985
147.061910863
680.168178204
102.851601209
646.688659526
192.987202606
313.071266432
900.475435482
713.651020721
577.788709164
968.197659542
94.9829505559
461.97907726
566.766706258
221.278303007
107.130449613
643.727656894
625.743803784
334.499435364
743.842488275
766.27922962
382.811518664
949.307877562
307.511804874
587.367120857
696.008745135
994.706313433
774.607083761
866.532200346
377.253662287
883.544702834
569.793726904
683.14674267
448.060560033
618.216311745
2.41672337103
703.9915975
133.973240489
656.200199097
220.49822119
127.875658028
425.146340511
743.350478311
173.138467118
732.099555591
997.420760787
851.761293953
750.899006068
433.867606154
545.195361352
667.612131139
537.203451636
747.180493813
628.327889441
428.249018106
316.267517071
827.065556297
