117.457392173
75.9839233202
974.687231678
690.291618702
175.566651742
926.245898702
791.755993077
258.281250311
363.131714615
344.643488884
794.67816422
120.105249943
184.178338929
743.736242582
441.957540218
527.230835548
620.478069397
397.579445255
862.632192995
97.3596729815
171.960132746
177.719759495
358.769004222
480.02847979
747.61866669
123.074951314
353.617396323
9.89880536164
441.792183327
853.237495621
430.792673264
577.687584853
348.285534478
298.356637933
285.663410131
516.670468814
588.625567279
906.744916231
739.766685041
114.358327304
665.750854417
899.895715248
718.26728396
527.772264118
491.052726754
882.227473225
381.799929632
742.569208171
656.516960165
10.7464501353
841.001778241
224.280963096
142.055569517
678.442184478
414.545339004
688.065546276
782.279668052
426.332366248
408.188425706
150.596499203
225.059606834
367.950349231
313.590960459
636.618338037
972.780000653
648.789395672
55.9281572442
526.554819104
642.331479497
581.184056401
546.914148309
562.263027228
962.297205604
100.212709384
36.7032731417
623.776534717
33.9690084807
727.536267055
748.756042198
604.521118582
609.223644807
853.519688266
537.742934934
962.206567758
948.661787952
288.57663115
918.542862669
93.8351854149
802.544795707
176.219480594
748.284410183
198.587234855
428.610620163
433.440920998
696.831782201
114.633915353
481.120278406
897.604724678
138.359183797
286.305900135
940.011820003
287.66562267
670.678478427
435.428357325
561.862862843
94.8504315928
224.431525435
170.228734909
969.145050568
435.90821002
707.580668397
929.929622947
228.695092485
760.82029151
728.169013572
832.107499329
752.107811176
803.842521437
325.008624521
400.859639292
869.706404401
603.557275453
174.481177568
420.143665522
179.952537486
925.580491405
963.60384897
650.14987311
175.856865614
810.875239387
95.038679354
311.299892949
314.227376202
500.579345862
742.407143681
160.507066955
9.16301937314
27.2594389948
501.423781351
971.231018337
840.323897469
570.052720445
304.279971189
761.373297102
522.227393449
269.337557752
47.2510107878
800.778476974
579.661493352
602.295432978
397.569118926
736.414883561
210.864511313
456.265304189
899.072021033
422.615489127
818.003919884
825.054331397
809.55372037
983.915329662
405.961367414
368.796804391
417.308149487
442.794784728
95.2559200783
675.64799185
473.364136646
186.18030425
844.612661942
259.760341442
70.6758180157
556.796170869
695.029531338
2.13640157098
602.399789795
49.914953786
276.047894905
410.404246202
426.279774072
130.296690112
129.53703066
240.486727364
801.030089818
541.913169917
449.066753152
41.0206790568
838.135525244
450.032280374
825.433993277
111.278552138
778.833968873
804.577447078
918.834825427
535.596625899
610.190507119
957.056148351
341.819946282
784.075295823
620.29119224
302.643854608
585.056985411
206.767580506
538.270419419
780.065765881
63.3800050326
174.177974864
616.893911538
871.928181992
165.052392401
159.272483933
572.314000829
561.022287587
755.039119717
330.916622921
83.5827346075
349.441661263
583.940651694
878.939398241
183.504792387
122.13898779
409.491425691
304.567171412
632.567134523
823.848388247
651.356616759
822.703285371
812.424469835
732.163510984
680.922422414
152.122685917
158.774389729
285.261446031
473.591059419
200.10285382
767.696439139
328.291002903
464.863853692
523.431316051
820.150246409
189.713302064
102.703051005
386.312458744
342.134735649
910.72366563
362.040772565
687.172575774
403.255534644
504.855783083
899.019676071
653.150696567
260.532534291
524.748032266
222.803093879
626.291670286
739.18233507
799.513989923
417.240833762
448.853547881
112.094634221
453.020111543
832.294403597
769.284066521
206.60748669
144.664148784
772.966384885
695.976682263
687.772567456
280.185137181
501.897872198
639.387432124
367.377219372
46.2669510797
608.983240228
160.115927415
970.753277914
627.923380284
711.672446284
593.732254903
234.493179369
129.73127081
329.058641746
1.95042958792
903.119192733
805.699102779
31.3346753863
660.621598561
590.067548607
663.122523469
669.566384784
904.97515344
627.730087585
713.705522909
125.51700882
770.712260545
539.998338631
244.617112296
878.326816922
326.598506043
750.421145131
693.123014283
157.48392892
774.070322274
625.196479998
798.23113818
722.904888396
484.427240612
227.432194332
747.484072462
353.891523413
225.417867209
793.894615344
745.050741754
29.9100881652
975.445730575
754.542705023
143.330763178
279.230419222
728.520966537
600.058118573
414.118856836
273.521750896
375.096216152
189.693795679
31.138137587
626.508648188
272.683489683
760.74892914
353.626070195
291.403025489
110.27153578
237.594631027
57.0371345194
229.175160123
419.068206702
741.392686309
76.9568002859
936.842529817
709.720708707
361.821873805
509.309819569
220.581866489
560.062484281
930.591648206
710.612197447
749.011655951
364.067334882
121.18392564
846.048947299
112.895365334
598.133151312
729.259455211
724.715202788
611.594196231
380.499640695
977.512387025
929.035452491
836.1522248
301.655604135
390.138708808
6.3614285761
422.734316556
886.521807784
707.628068891
943.74740387
457.208294358
899.417468377
220.310424316
190.386037993
822.523364642
122.269175229
330.668571383
194.557471542
881.237704057
854.536310863
12.0689737534
93.6082442854
331.175153651
200.27397927
436.89168418
579.370332884
215.720300372
972.806549158
179.097052356
649.33616071
363.175145354
327.025173624
569.442074338
687.218203197
892.175409189
657.394278573
931.135889953
111.640419172
219.567221701
25.9517068304
111.427620889
843.89914381
203.268381569
150.777759332
166.412769583
959.360427601
298.574139651
383.065767495
503.601891573
926.480290674
622.719071033
566.859113211
386.718369584
452.759712455
982.044788327
742.50505151
81.5340322436
18.6038505978
891.493717167
757.743833839
863.358998375
615.785751786
118.250339654
617.703790501
763.446760684
759.771584525
60.2492307653
533.652677187
413.26768935
725.451938567
975.798997549
391.883508943
376.068635639
676.346163279
71.4835626785
692.967115197
301.558835117
231.769844256
519.098886797
796.715615017
648.026637964
100.663686814
60.0701249166
21.5127270209
580.464312655
194.997372739
371.586895842
42.6742646901
566.811890179
321.635744593
812.106201169
180.685622577
700.373410929
356.14998048
156.363312902
985.307447719
869.088711119
604.962137339
505.026838505
683.220430222
91.8848376944
187.654440976
461.229560294
865.842229681
838.460398537
194.715563779
473.940312444
898.439131316
635.150472159
30.7845668989
869.548047938
877.261211379
722.006502673
832.10762186
88.9508942341
823.057392729
61.9030674775
135.368634988
991.029420278
568.594285831
674.270816465
978.712567748
248.693707287
752.101717555
543.587452734
352.201161636
135.775182925
962.384401807
546.346375971
299.096223132
823.037946147
162.505431956
965.579883014
900.80215562
378.298396552
321.58808734
40.5039986828
319.623156795
815.195217214
413.80743087
852.468567747
629.748549609
245.578252023
184.092609313
314.97501868
589.354620746
653.800784863
438.491894754
468.798537803
628.160906506
150.557870776
411.964528877
858.998342519
881.327633095
91.4969515598
474.553370075
29.4730730751
968.197634849
999.229502795
287.27171856
875.210569677
875.503500823
587.008191611
12.3829824399
11.999258908
797.583879935
271.936129345
970.011342404
575.693892279
135.518668252
675.410059537
670.280608994
561.981338425
431.015620567
394.492802754
258.405936016
595.212468541
814.648219019
470.992467476
242.252579053
989.500734759
487.42796587
787.695436024
497.383946257
797.975749465
821.463832368
297.630232034
764.459978504
177.328598324
537.167936585
274.013429294
105.796233041
849.818685122
748.316322329
486.445732473
99.9447655041
692.944528617
731.698600223
742.985472641
612.717795012
767.802954856
671.943009883
121.833290544
570.009710901
89.4740467749
760.936363952
841.609630248
262.037840512
832.207813352
901.175216608
62.9075385218
764.366059594
939.403228251
444.052991349
0.0622864947238
946.579806408
450.11529285
414.513449738
51.7953202165
355.729938554
161.876732101
618.888854441
359.618843203
336.724794275
61.5447639315
795.723712163
813.711670813
422.90763491
750.583670835
623.654069052
690.183360174
33.020921952
146.650228496
132.92787935
300.909088309
355.844818705
540.595969559
989.586174086
770.250583029
967.076116622
812.45212981
595.726642182
179.714256265
335.185993766
940.441099583
94.6108993678
274.381863628
839.556149619
412.006621395
242.111849094
834.360703881
189.677138167
294.1481912
496.266707296
273.177310721
232.424212137
951.777538875
857.084603473
208.652172556
406.878926911
328.780333391
929.644163872
551.225256638
138.940715927
784.021468664
741.03526449
598.396205375
660.763524888
581.20226611
949.008355733
652.101324864
406.300766715
875.220637732
773.06390238
928.479628665
67.4701167087
194.721072098
794.979262989
706.144920188
396.97893425
803.000390587
862.555154483
514.831569581
919.34400462
790.64414798
774.483730091
604.211844808
309.567278558
152.124276691
476.613888303
590.268120673
469.074442439
231.228472859
632.105370477
211.333112135
905.363252483
484.076695965
0.560018534116
884.081509166
93.1204430019
36.4388174367
615.825077217
369.524491059
863.424916764
499.541048042
84.7734606829
291.117092203
1000.75644555
563.007883579
595.987904205
165.907379013
243.393918828
120.786124311
674.953313528
187.61880754
117.619752546
188.496581085
345.644488947
44.8707563091
244.515059309
869.051426712
415.277549486
234.13318929
564.752148122
550.899111065
411.332044976
464.810639341
529.459793893
475.170187218
597.714996423
431.690084483
732.520895857
699.718659428
137.241478679
174.109682309
936.796364845
468.607869624
625.135611982
510.051858379
738.139231646
401.013579084
71.5731577536
278.920157394
550.615509289
41.2674808129
732.13998969
624.662551651
941.832409522
218.733974481
566.212229425
730.228658741
820.531853464
884.958233348
25.5161543748
520.448119989
536.203514988
432.361232376
89.2519884379
11.9446440689
113.2764185
221.225111031
301.841832298
686.515729779
864.664806587
766.731486815
967.328510694
242.499729474
373.327597459
691.208232428
181.630255837
929.134005572
101.823003306
717.528588227
673.634504142
794.510474631
828.868379256
76.6231859475
181.904160658
354.890492654
449.275897175
244.891659059
663.776744126
130.224521804
838.503512488
409.790687171
658.959585378
375.935615949
179.192772452
315.888018479
216.858862
438.627579707
819.668416763
111.971710552
62.2285172186
802.600373465
131.97776851
707.679583128
529.172052654
798.343337424
475.408910223
849.802771866
924.738875772
121.84024409
832.138734584
992.136470542
834.50903027
486.216260713
449.096464944
684.148027912
697.67398008
399.527142492
976.553539558
347.033745011
301.386784073
830.976839621
657.197333165
576.574536802
825.823500297
849.699979537
109.562688378
14.7057113285
173.884727493
439.492140135
851.43322653
241.772359444
784.175764828
334.068699449
314.6828336
150.91963066
124.996413192
441.018935516
376.211138095
634.440205825
662.930866079
604.705900086
13.8596591926
688.076218886
943.10346154
899.253484329
838.021622106
262.439800092
286.586587246
637.228867136
816.610277829
359.266098658
285.847314912
749.336585489
345.928182727
794.603695797
506.294669875
991.993449614
591.496642726
793.497164885
128.595796286
924.342681077
73.5237918529
598.414716895
389.124932262
871.435704502
489.25341605
51.3406332373
66.8592953915
774.644315268
556.918651843
300.341150539
20.7776515287
820.504036105
94.865522493
367.981840368
132.98455725
611.255365926
651.262864739
149.718929277
425.643755402
679.722941069
935.790757108
496.761932706
355.995654902
157.944118784
929.624728653
357.005760601
876.14660187
393.562229272
616.103642653
467.927520868
181.413612926
796.546223941
490.605768164
442.72345608
24.8478517506
931.104779691
616.200070244
237.105369032
912.336205626
832.083275744
711.792573878
313.521510149
88.9153198916
116.060869101
446.716300805
695.995599058
547.544076041
198.916192322
273.359427282
772.243472212
248.653850826
772.336597588
8.89067396264
502.910268822
492.083393735
66.3177673113
615.128135289
801.436149754
566.777959559
569.546391746
765.176379897
535.326324694
698.657691619
718.1811859
291.809370277
203.508038321
337.194580587
722.02188299
766.036962524
936.298544938
54.1925984274
212.715627408
63.5567707691
362.744806157
480.499865741
983.71339365
833.938696807
722.093736292
98.1263915834
888.459447544
467.538268553
888.993299859
656.23170165
867.787766962
617.950800867
826.67753004
21.0602292917
721.067861069
775.287623247
371.835796747
682.324718016
902.697310414
710.736661464
851.981474745
509.672543612
83.7531680341
161.289600346
169.099228014
483.922675444
391.41950423
820.061676784
414.222897481
779.682337209
338.674536882
758.188897085
936.418799877
428.954636855
944.491859507
559.332803633
903.546468883
719.868801992
738.267110141
214.861771214
281.000211702
944.97244567
76.966858168
272.553177403
191.294081878
799.451575512
142.729739124
377.470560294
856.942657362
252.966110214
809.359355519
13.1353052745
714.478526865
897.309243036
251.282769913
70.0344325249
153.056276621
287.779024238
330.18182456
352.723230648
159.508025839
705.522672947
308.047424799
365.519000126
541.369142998
227.560177662
620.042039602
245.145997673
641.449151738
50.1846340387
188.928593773
582.899140435
228.745454519
871.179159255
680.638443696
580.881947534
633.76078439
390.731318903
706.066407059
913.700040046
819.126984452
729.948602265
622.272035969
999.438518236
611.278248644
203.815478715
136.469343255
764.157624441
786.952576729
623.491656091
700.962476292
344.358178805
474.358351522
276.480829686
582.589878163
862.032255959
182.667432244
213.486547941
746.153125263
18.0734142432
902.378099122
253.760970901
388.769563452
860.418542654
952.513561222
304.605504833
284.369282102
44.5174434023
680.969984529
665.699387442
381.408920338
967.06625411
436.097288562
824.847172154
543.445731238
840.602894953
34.8100695633
565.889666024
