400.098750046
769.845976166
189.033302016
125.953730848
536.818488057
863.261521864
713.115879239
401.214470682
675.654333187
737.481839546
130.004898719
469.136341705
31.1296489673
737.217824664
976.288911831
310.947793152
763.499631029
204.939797675
401.182699035
805.167500513
705.944381398
425.565739004
232.894962183
737.606937133
860.412324644
586.6388898
813.170376253
334.111433091
564.98678436
407.919399147
777.363062903
612.356936325
79.7402242715
938.355465677
292.459860309
632.495226003
420.968663632
265.316324766
858.160849381
40.8759438145
1.21125935443
159.215711732
291.008737018
440.042117319
869.050125039
426.925386088
741.247465074
960.047099947
766.253975736
249.653410089
963.081710034
983.437192372
624.359144571
670.089010544
621.60981796
993.376264324
899.238362175
148.390453642
371.309305365
196.719195104
945.267332683
408.16387254
725.687486383
168.635800967
621.328327266
847.359294648
300.800982967
912.426067717
727.672630168
294.268071822
761.763127399
997.950599388
249.914996695
986.996383382
908.965096353
233.291456825
607.590336398
409.950516858
31.8446692663
679.909209783
94.8503796357
149.341697191
53.3948643977
794.721069018
493.340199427
122.132370777
898.884618371
860.875760943
700.174318133
708.888446372
657.974935714
926.51849835
365.688144614
343.134758131
371.821293606
909.787982269
363.482271271
770.643711109
335.107628951
692.093338074
689.306289905
694.053987231
405.645490215
943.817221872
148.800662899
341.549028612
620.08973106
521.961937156
886.826387298
834.900479106
468.765173814
69.168742336
746.971655937
963.77283657
519.608439768
987.287574612
554.394624434
579.162914844
287.073118393
735.375921119
883.018779938
522.725115777
739.588027933
593.533962138
613.213232957
286.579573418
974.332002493
231.493476595
725.088082934
239.944867398
200.646741561
263.95447846
200.427898251
674.672768623
143.274893051
331.507805792
88.6853161367
121.109399306
123.388863384
153.85583198
913.933639611
304.87875794
925.208784038
84.7364978665
672.301899583
1000.02665465
747.595405287
837.437932202
644.409729842
158.207636699
388.886301178
720.293640363
693.683177913
269.821913519
796.621736075
336.667111589
298.357943159
13.7632853131
666.120442078
213.233665205
921.34674927
719.700070146
145.901259293
577.920331758
393.139926347
337.2853875
501.0964507
540.321236472
231.398910482
630.884618929
90.3157542245
350.897327184
614.869637591
745.749869313
122.963953916
256.949271747
219.151184384
900.154662725
64.6875018035
269.281053485
611.524500184
115.224900083
488.193900914
749.413585864
337.958065956
279.57984348
61.937558776
94.1258637391
828.328306741
751.372875389
45.0627463533
539.885410775
670.145616885
286.199044418
980.103860657
721.60652314
953.95177549
517.92626189
484.301528646
689.868837316
555.267432095
870.385653312
120.350998255
179.259214938
788.101041957
692.843914247
900.259563282
938.334238806
370.703722273
176.54046114
917.778502833
676.952621167
223.715239028
72.8933454952
87.7994808355
883.241230192
818.453691118
668.281490884
605.435713003
722.231428738
886.864370193
66.9598665355
941.690596
10.1817696483
610.429553376
344.91760006
692.676893283
767.566473709
55.1981704121
189.724883396
616.485039155
645.951584025
146.39878042
129.178807099
542.050455631
678.149173163
787.898170003
322.120165222
618.993936056
561.529148999
296.654219261
432.842245317
839.303759325
249.761695877
993.783942859
972.112826122
410.384597431
263.987955257
696.297049097
40.9870657425
419.167772869
719.830266741
626.818975366
708.559134083
682.9319777
105.705892575
435.009885016
98.7529712951
991.185016445
972.703634135
171.785679023
693.507037803
511.489576557
459.639443943
374.496350653
820.932011792
296.347903594
621.932929671
211.782572575
684.373137855
415.889609346
263.268080672
128.066777933
123.13467724
811.883952956
53.3196650627
960.869785501
376.401639452
566.350860701
423.828444231
352.685389527
440.784918228
917.394736803
241.979169083
286.752808806
673.289439807
762.918201091
356.497747359
878.872545761
51.661363783
729.443691917
163.027780542
919.23676205
340.814188865
835.419968254
874.671715784
826.861607463
678.123739037
70.0939706722
761.736918096
297.34684349
852.37118145
583.36312712
910.89795009
971.831369622
996.80572281
12.5941065368
748.399561679
146.846954772
768.978369355
945.998501939
976.820066953
985.741742289
171.821649587
799.457244785
785.173255647
347.606195468
828.750092118
355.938989765
616.979763048
657.336945906
910.754112113
658.988579665
758.620644094
141.909309894
816.455877918
147.927085638
524.977583112
82.4013739526
752.934282008
217.216929086
48.8019214264
578.762869066
990.032761868
457.37214604
560.534222386
78.5139957471
935.796570799
897.51301138
772.323145908
223.468667199
928.279083802
211.93478521
453.755897534
785.665722998
13.6839809731
753.629882893
875.569873706
447.748675588
135.127625341
576.994975287
353.700637989
977.670812549
544.526150215
513.381345904
622.321111905
767.729698606
681.882347789
948.098886338
786.279309345
362.166573637
646.514456969
143.38242995
342.431152784
436.468079982
170.743632813
319.017098574
151.768292681
261.611385284
309.557085559
323.41350794
486.070705953
38.3098037909
374.538985691
693.649287056
18.0480333569
890.82725671
658.869789472
901.217948243
725.317154032
381.826596243
793.167809643
583.671157396
728.618510432
226.545791376
329.015611145
483.196085184
489.735519435
56.4551746474
866.753377005
991.99668699
858.479736263
682.511369953
629.500459101
961.617698923
551.86040961
659.693070429
123.468792347
336.3722811
408.400565713
694.457834382
437.793714802
801.511937234
812.387399681
983.800823526
439.539871863
659.813596383
548.3721859
412.419844099
728.928666153
700.020296036
408.628345731
379.120771745
387.353040399
923.554864057
685.021007635
695.494223433
961.774792691
253.326457998
608.662197369
576.036169335
620.368811917
491.787246073
927.725359835
66.5767827041
58.1946778263
314.047131701
259.223286442
894.859068923
779.804978924
303.051658624
995.464046399
83.4699746751
775.493699577
90.0727171437
657.929813445
527.347523235
756.014856356
986.780410946
823.147210799
404.077748369
964.164340215
320.810560834
987.721978746
532.830644202
675.935603191
264.298033454
201.093114739
844.330480098
196.846538354
985.015431707
997.862403638
102.118573744
891.717935923
554.800846955
179.065833102
675.988051958
826.663966618
1.8204825973
989.500330559
570.27278838
213.561438691
580.088791669
838.349547352
666.91902942
842.390671112
696.886348249
644.174903914
201.606683844
346.012105064
991.834089558
326.397583876
424.09672388
230.629933335
834.120912091
966.512777157
708.420608051
762.577784788
141.563444499
969.685178607
310.268438934
398.892363573
802.18842954
171.687011489
21.2604500308
130.886296871
444.994509695
760.597420433
824.485851616
769.180037272
75.434845329
162.31815006
103.806934849
244.507552731
890.708479397
371.072935961
355.44953556
392.149938595
381.807627933
427.940836427
495.032791833
702.404455924
966.374881509
576.695691413
654.546870305
762.045679007
849.273080422
366.597715532
726.789839282
826.373971862
205.744132883
588.500430898
60.6709158501
428.546397205
66.3370706587
788.028282925
249.201771484
1.85438450013
219.961643056
772.709807242
527.626305648
694.019112751
647.308993399
629.929526457
300.113599815
346.555290361
734.627807893
697.023855457
694.262909373
148.600978136
966.54196663
348.946023529
229.641421912
651.593079781
855.830039625
800.472468184
894.749005122
654.461834474
451.240811208
663.283746897
128.083809212
761.894159721
825.261115962
987.733273829
677.689045436
935.406699247
464.015203842
503.999556108
516.165110014
658.012061669
167.01235699
814.810697793
15.7429988934
530.882125211
673.024625098
757.071187723
257.207453568
655.371543345
617.055483578
645.085895745
421.503344906
746.272540471
87.9028777949
925.10859849
782.482699818
545.559923755
509.864167166
341.943176589
216.311977588
69.3872787036
247.062007334
739.695316386
729.1130423
547.27920615
410.390187911
774.265244094
871.121665312
883.144285179
676.48225355
979.990946751
212.542650164
498.75287484
249.322136867
359.360287959
267.939748347
75.0942131214
831.370584238
950.226048844
233.094587148
918.763914841
578.437905017
816.739088518
872.921770147
922.31215334
978.085153682
152.292570222
160.288956091
899.433135597
646.379095447
785.39934757
240.178831519
265.170328364
275.197497605
252.087625728
432.46956276
624.58207954
561.426117711
419.660373988
736.323895949
171.20311573
502.158460212
492.636489326
337.114016887
308.806313621
989.544936411
917.417869944
63.5033688318
48.4791466002
65.5888625202
922.719407747
168.910645775
58.0391029052
468.825577085
25.7735278124
163.624266798
945.11319683
624.698958288
188.585364615
808.297594657
637.167638266
274.217434051
367.158049125
482.010289095
962.732037792
830.290487402
229.974188418
220.334497867
546.168344881
433.053148698
655.221815317
721.801181595
13.4934434431
860.174777068
152.639477111
101.599232539
506.772376694
496.955175432
196.350096936
759.455832314
478.245625575
122.380237338
285.840717039
238.826992284
708.065652273
50.7517201856
924.302169574
4.6532850534
255.481365
895.775556258
498.408682747
102.773194459
188.844945495
488.993312311
604.65690381
80.1605655289
860.510231101
664.86072394
150.383336754
375.201299421
506.651505802
884.069730516
784.110826758
526.727892656
542.526576762
483.125171296
6.5026775161
561.440056054
991.308278338
608.081041756
563.475972884
507.329750632
94.948731778
836.311328415
573.006073508
813.050531648
317.385464296
12.262349475
272.672801395
561.164762221
594.936957237
545.049819757
152.043846342
989.104286852
380.073974174
785.414066879
713.553484795
191.357599448
384.321922356
103.609510593
27.0243303133
744.109333612
787.464842063
61.6556667747
950.668547725
989.472829005
575.142629273
457.348695266
446.038603375
478.989423754
19.6778118989
768.677550126
627.010170425
4.1108550271
371.521842716
136.766311852
299.853248183
491.789521032
132.633223147
287.803133759
721.606247866
984.595460146
697.673195685
231.545394041
921.266326251
330.776290868
535.743124145
581.513349333
973.296219689
267.031131707
59.912528223
194.949731551
995.630916187
593.951485092
116.031538927
758.969199403
310.075389364
82.7804447475
847.614633961
445.515077756
335.663713844
606.900542015
253.933815439
144.325281909
636.318064073
440.280347384
347.019818799
303.608857502
479.437881319
122.304766597
604.763521019
646.654243674
304.486560169
488.146399635
780.086955615
935.84495286
58.2308325903
19.8970909556
853.720077572
448.267286284
909.387456461
63.1353500633
411.849717421
457.392384094
405.212801626
760.995928852
466.245532646
387.893698864
569.271098354
972.648935127
103.255269652
580.285809305
818.063233707
253.152640186
377.741849603
943.242347417
586.460770509
930.34133238
91.9294895745
459.196988034
420.204638237
911.871272824
630.502970129
631.608196075
696.369163232
613.761980402
589.947011428
619.836106404
71.006187979
51.7593591614
621.927200319
597.582279676
931.624692962
79.7477340977
451.741159566
596.429238826
653.413060577
97.6686913568
887.949798597
366.232076105
781.876444204
738.17689449
732.433778949
765.084321012
117.988790637
920.437859168
404.751798844
349.922477914
361.273485087
898.29202265
406.042433687
874.044340374
875.726376598
814.20935093
941.267689961
506.871686645
363.650969005
82.7723626646
916.458528953
506.222172717
356.960867061
106.139551236
587.693471035
602.489422837
963.368478413
331.073864788
753.886465131
573.801444645
751.132328178
629.234482454
256.42851908
337.266598308
158.713030995
468.502426101
327.349188851
79.0037441923
420.274228842
67.2759411736
219.284055177
826.013489562
578.955751129
141.515021074
452.26009683
631.000302782
541.837473281
851.057470669
801.711079955
835.307484197
546.81479033
317.936537087
165.401130079
530.089341865
124.141987874
346.403712019
699.89025259
951.370837142
673.163112814
534.972516762
939.04857054
687.012240993
31.177778662
711.01886088
574.762087824
220.739658565
856.19235493
955.269109843
322.073472899
460.933389804
75.0825947275
736.987429306
910.264710851
940.486084094
89.8520137537
383.502089183
403.557652085
228.203792018
505.433502995
323.63978384
384.244842013
375.560169184
56.275750671
162.380244596
71.2453782824
954.147949686
459.940512195
378.052099662
558.860502264
92.3491923004
595.071507462
79.1916627314
737.087802202
319.040919006
556.425276853
462.339969362
323.691987795
224.505530806
26.1845259745
915.003580142
445.603921483
29.2366716392
862.006980427
658.610209016
624.290127464
729.360326604
171.885866184
826.061867859
475.428872006
588.084373092
938.186920825
661.256860068
929.552043148
391.133810553
332.606991839
986.304314688
265.873042607
289.634049952
111.410720104
245.476782404
459.318246405
378.405055567
748.255329513
643.798112023
525.597296104
84.4597413415
755.968095092
397.508362054
687.491229105
731.349146837
59.9737305917
571.875441949
138.319674968
455.830179661
927.067623878
378.595645714
448.855100144
844.187399329
883.055195033
839.696594265
249.776417176
308.423792539
382.452046813
154.363920923
414.653363338
434.07577551
638.822103423
56.3105173788
266.200752536
152.807194581
908.06646414
921.314944975
764.916323702
229.500943853
858.009007495
818.085198417
988.780132903
620.747536386
296.440100847
327.924542694
771.306715949
634.8729768
147.344074824
653.187774367
349.74235612
635.720840897
904.634849236
813.849473511
251.72822927
682.674060394
62.4708775468
290.368026271
75.7968288135
339.522172912
467.813453125
432.628401437
243.624143335
735.946634637
989.183561828
849.201793067
692.197424429
548.206868534
576.418248371
445.574866006
806.984377345
190.508320329
777.59573835
84.9968015053
536.672207257
340.836032368
844.41526614
232.718830908
43.1332753721
43.5615649581
289.405317308
680.567596216
688.965201984
430.012059987
252.902414896
551.992916643
621.736119635
805.072104809
202.040938375
