743.782501421
816.461807661
167.978532142
446.601776882
532.513218226
35.2167012013
940.753388439
493.698689473
953.713410373
144.428291353
617.258679387
939.656083848
451.972260642
427.314030436
770.707526828
169.822249004
105.250041652
908.506307162
483.330804834
225.483623616
504.682232639
926.046766188
63.7620696138
239.924153239
358.517006207
803.698546227
506.831577194
729.386167038
11.7874006146
892.927911411
63.6165219532
670.345311907
17.6984479751
902.395506957
130.686003129
767.177247612
563.780896142
728.603415238
976.629913556
199.585910473
140.447366046
446.011178216
125.976963386
142.032593643
379.995435018
980.481706013
796.220034511
900.963090677
721.055928766
954.705358892
862.157327697
1.03136154784
712.485066832
162.191981425
813.302409649
22.1362001766
435.006903154
628.510540699
248.990359223
357.780704795
450.156177795
542.962657831
819.7043901
479.233073849
877.629936391
16.3014614306
409.672297984
712.595219521
967.82941818
292.573361013
118.45156547
860.711850677
462.767917466
605.636572676
909.079837745
828.006983921
12.9752614351
859.542528889
5.79449385983
946.186119005
739.285347424
37.4927159606
897.629358082
838.309270945
299.31429286
450.395201664
403.282271396
456.547237658
945.229646576
616.993060568
198.392432899
67.6230829855
965.594710523
684.954417681
316.388655153
526.604414833
501.566783533
593.893700897
225.038350869
2.23373113573
261.515084412
628.405744081
645.415004348
899.929399953
61.7440092842
603.862172443
787.211093703
769.913821535
53.0485914754
766.342741436
968.581966918
320.571578789
267.108448701
732.040896992
147.725024705
858.920748862
879.168909062
697.642681569
656.898183121
372.067829134
974.236678236
969.39036156
431.198277304
118.380521125
640.965636267
299.180186084
1000.24780132
647.792560449
423.905149927
762.789567151
893.088590614
970.595491431
886.506837769
945.060246343
812.64978563
177.83350746
713.303329508
543.260781569
221.036685992
875.982045306
746.803240313
270.080988223
483.809287408
987.642739665
660.681454726
681.716308502
636.107317211
291.896413395
634.847413396
264.552269882
417.638533424
977.644639863
101.845684927
70.7365877033
689.992681293
61.62123229
482.025851029
337.355992759
203.884824167
41.6599940365
801.881873479
117.920180777
11.447079325
503.881337165
401.745078081
413.323884388
656.448340016
25.482890054
589.912778649
223.471160057
772.378467028
739.442920589
979.975417137
222.246346141
137.594767713
555.98692715
65.2149687561
506.318845701
84.448951191
199.042530019
779.411844546
847.133388451
772.826563834
37.3332025402
487.795477315
508.240519038
494.269754396
255.154133234
400.286182993
924.073918522
803.365865199
126.040847165
788.383576346
164.429271514
416.085282111
397.934358762
703.061267753
893.858733853
656.335002939
641.899531008
181.689527903
572.101890841
647.462076094
911.40540134
677.582826248
827.401721013
964.619067246
533.604882791
705.159347413
837.023284888
686.933434982
306.693580337
196.471236911
640.174054234
887.022626923
647.756618166
633.728418082
821.909077352
440.731584656
144.02516391
680.130482632
421.195545436
679.261033968
108.97844494
643.847289362
470.731658041
456.247539778
802.21614068
37.6818656733
797.578826345
994.611281315
277.594863655
286.071131078
863.826324888
701.024091202
8.77914800917
641.7694677
87.2991429121
217.366035291
453.57843803
350.255573767
104.308258599
883.539837952
476.999713514
969.006877655
575.521058597
893.866913895
625.765000872
504.280668153
940.175831266
531.696763864
8.8815754789
578.500097333
648.055395923
581.46252327
826.484807963
718.90185315
298.145779763
148.242445364
416.15625802
506.242219502
431.240926379
455.901001777
832.946473492
599.707470881
858.463315461
689.579780562
462.21143093
128.880841897
291.267599347
98.4885382795
698.446761928
907.480016648
524.654637863
600.916385451
203.514630141
682.419920893
467.947778816
539.946562076
766.970100625
377.547277239
791.594962828
464.935701338
533.431056955
179.281870157
427.737167098
858.440397686
259.311647717
154.831345698
483.268327318
673.693795728
557.564525386
890.610754821
190.856052539
704.974374457
346.737964965
723.025607833
276.221395172
949.065834732
706.345197816
670.0407277
756.659054438
392.732536146
834.013974915
474.525154128
999.941903916
734.127417064
113.600156388
751.410385063
210.383467493
454.269982365
783.132432837
110.400600463
647.731334515
942.990178322
556.347728297
652.979581118
99.5388875177
974.626862374
420.101603005
972.187755621
912.225590974
145.639175139
750.905041473
363.294407594
11.9940439352
387.171320571
378.361541129
503.226599556
279.600220793
645.600680109
470.232711225
304.382495575
947.008887432
623.123713004
990.020926232
630.480734767
929.261357464
201.568951702
243.054634081
418.126096226
42.0160535094
727.646198303
506.630456244
951.635132733
271.037847678
945.995341384
802.113858622
875.773430644
408.789462676
52.3720619836
994.898095201
179.037847309
754.904908037
359.889595299
441.068949762
420.189796687
282.248165733
589.411859938
418.632716408
223.733204331
498.923612578
787.523225876
200.431039938
69.2492100084
234.162775872
498.455033994
388.271712581
394.400767278
905.901668625
193.251278489
374.134576061
704.643321789
339.211319505
557.103043531
516.155812995
488.720680313
87.0841049838
705.167864651
115.90754715
536.015740539
883.355304315
766.493897764
307.693971798
148.671315205
481.313852093
958.131709004
237.662207054
508.464585454
119.501121954
494.954023266
480.632792852
629.715436665
52.7144271584
594.78995003
243.847486381
958.871457197
800.025215393
921.488594948
25.7631648205
259.684023033
995.219570503
91.9458764992
868.059751713
118.970447894
801.327955401
671.916236661
110.090442571
551.910990257
894.388961143
587.999723066
722.397771921
973.559212611
801.629257148
753.963364005
706.958189026
560.635434679
829.873899771
794.648639897
435.096157826
494.968719455
103.050244448
831.405369748
385.283102449
472.366121993
364.072820514
184.052505115
486.440265242
124.306005469
190.871287407
205.310150143
10.2932187228
655.066008426
941.659770017
487.3494583
968.452363988
10.9281811202
321.598767091
149.25549659
870.305572612
746.519261819
401.349218641
341.019681862
558.595428454
947.02952685
589.404739
281.320166437
404.693239739
317.396532661
887.40013289
335.425857688
57.2770983513
352.773934855
403.107007575
811.073114194
432.147929345
994.141063812
950.840609625
142.852260289
207.219091529
121.265759916
630.862357011
319.39891754
137.053615252
181.68408141
558.540433355
123.092867518
13.2659425172
32.2544492365
635.778019665
372.687762533
990.968888732
496.948604985
662.83935384
943.435446399
875.978137061
754.460078537
146.462386016
17.1144919364
700.339764337
501.50931535
222.752201627
190.474585407
4.53486259351
88.7741397284
89.1384464969
423.869818707
699.788348873
277.829183118
525.37656036
180.951628323
162.542982858
61.1302448475
418.606842811
826.276064321
293.478239924
385.268694607
944.279961074
262.12698505
143.588870892
16.8978033638
156.659918023
837.994135041
929.75576796
165.796923732
473.251975691
338.364609989
876.502768951
271.287899229
436.23358258
79.6273136218
702.31758755
759.703414053
999.514752996
425.674210529
145.359709589
338.716140437
559.126695478
426.165655484
29.9695482746
737.051525237
642.036853469
227.804292417
571.954045353
939.961836797
286.809818738
381.468240267
201.689143013
41.729270979
250.174386075
806.826731197
422.697593363
48.2983179034
830.20644703
430.585736181
198.109840089
106.215432992
496.220250968
286.110836529
666.160879777
949.233418209
636.619702299
188.944920877
607.898370402
753.058810351
878.413156421
375.294635067
109.806608193
281.779657975
481.228330894
32.3543072484
835.43398079
973.547518623
349.588639419
485.987539623
723.612756656
630.41711712
172.042546516
238.976740607
882.045201991
481.269511667
781.22435569
448.824980609
152.340837698
882.169908635
651.71652004
859.147377595
38.389894878
932.04495954
13.1054503002
819.830105765
235.055780367
176.772549679
142.071724191
304.856333855
342.640342272
23.2072385549
651.706991992
92.5448950259
703.767904693
985.560420872
459.026439944
258.9043454
653.082108026
909.142221431
246.671164436
602.797664403
435.85573112
784.789179134
600.82650803
396.190111309
368.6386382
195.859221211
485.979909515
963.131193521
943.440648724
682.725191343
506.822103428
529.941474465
400.509930675
781.850032339
495.010354267
113.759888505
328.982820182
826.564969911
289.591149093
960.129688751
16.7688578118
229.053853949
896.795201627
164.076272067
532.979788714
826.311204027
573.253434298
817.853587851
392.689226345
796.40017877
89.9998402079
165.176480492
789.274784357
281.941454841
460.878032437
297.30591922
713.251293857
262.556629051
941.91059806
127.813011561
168.62317374
436.525592315
240.482564709
408.501554091
993.170656624
747.804293727
187.677300074
476.028314021
825.062127603
981.392135629
209.741959256
949.057025327
574.431971832
19.0916466158
46.3600990213
853.44217799
887.577823508
843.755748476
650.226434524
459.643260355
75.0005202739
873.256769551
700.519726548
789.917830979
142.230931572
908.750514821
231.510558807
67.51044818
195.306128526
667.523492879
633.826463558
561.464786437
582.614216922
962.508188711
270.401669809
810.585946391
365.285572706
30.8285396759
576.620065553
810.397781116
896.5596782
348.048055773
782.599261283
686.407063761
780.659305995
53.6898344957
487.013021788
871.173919791
950.952126088
885.818287476
163.986431393
359.805311554
343.877196876
753.734325254
753.270397557
152.33446127
442.690753802
910.979694416
88.5221467001
806.380843796
7.42154796491
337.617831264
923.294498846
254.596825355
764.891173697
326.576480759
590.580391855
919.211036004
219.493372036
100.298150167
143.471728136
139.772253541
676.366221166
235.589750997
7.41228158447
238.170585728
451.23861585
338.976950891
465.784286119
162.412984059
443.992731773
289.509830371
260.563073306
718.961075912
761.064906459
119.566827266
927.148088909
720.489772103
23.803294179
185.607282176
608.533666503
469.472564268
794.749691482
964.340695287
113.834292645
12.184680795
942.919094842
97.0879934862
628.429340025
759.788523929
249.907921522
358.096694923
111.310161807
728.971450178
14.5233665589
358.49172126
348.614932464
780.288638818
947.93163548
26.3728998003
589.581762862
401.666098469
500.93923933
849.494216887
292.9831673
939.466843232
42.8600850465
136.837647255
335.612792254
377.839707542
999.604638233
195.767608137
24.9431146551
899.098474054
774.990806189
479.937504239
287.424511777
97.6619794336
841.83499665
500.154543144
845.460508104
482.980735922
364.207164161
77.1878865013
953.979218136
809.138108048
811.733620761
386.935039716
285.824962112
801.626170529
14.5632800755
594.478517517
382.815167407
713.745939522
656.460634302
770.016389744
668.34750158
155.806275213
804.794655485
256.180375923
157.312923323
555.666991423
921.524630473
551.039025839
464.545805316
414.1151358
255.068560659
288.830699357
826.171189363
576.551580113
892.456693773
948.114025505
668.788239085
389.415913058
391.347693287
348.579971078
900.948711466
998.222456636
880.703053592
261.081801287
874.9083769
795.112572957
641.986313992
548.007120226
202.083133732
148.445718431
418.288695292
55.6506155699
926.067367603
315.044614373
797.499437146
413.270282809
663.117139315
736.475556514
371.71371532
837.65381288
21.4136467537
796.774002764
891.644402671
291.284265148
407.519278123
59.1336103383
306.389760935
247.298412066
437.306625279
684.352081777
386.009557736
569.317738751
783.7098547
259.40411164
342.347669044
700.038510921
886.437327287
40.0088378643
890.364658648
361.222370267
547.636395985
139.857397959
718.302959958
957.584601052
887.057695606
171.067913997
77.3403958108
567.726220564
194.917814831
587.835968722
536.978796236
159.872506597
954.065736924
837.893047199
405.07244629
283.458215559
425.679836098
525.038166786
493.546227326
500.490495196
13.6321820715
867.075776773
775.121719564
453.976973705
318.025518705
790.746458052
504.170701285
361.038980798
601.801009951
305.059034859
217.585327811
159.131112673
398.551058999
201.666277335
803.617410055
469.979167829
30.357541575
39.5260802935
108.417850797
58.3650890102
680.698259761
26.0620197244
786.42956413
932.66463466
318.476001171
815.138884573
751.851151779
754.222462168
702.624152704
619.238236066
813.552515236
225.287489684
290.501160216
456.696360907
648.141513866
561.411663649
514.20422179
392.659635064
887.89636096
124.315295539
737.797500359
855.519037977
352.344513436
235.130412079
887.433129751
491.348663392
526.804425695
102.097651523
347.097846925
595.812447306
543.526439688
651.181329679
790.60314886
647.004756579
591.78222707
269.659132068
264.295099387
449.916147214
760.337894401
948.520125696
437.177970314
973.62175932
339.312660255
742.732829789
782.468760615
523.825316754
28.2397318168
792.68881947
357.838542065
81.6655917248
614.815024476
194.806603423
507.526080781
998.388938104
960.974538736
225.913053745
107.966513562
375.494660023
259.349934272
917.725612004
406.294671646
63.2142746159
461.159852968
668.259428583
511.455745791
358.740676626
708.700554091
642.923263527
318.397961238
6.52508842849
842.613607193
720.774265873
563.413127598
592.280172495
680.890132178
439.633819649
561.417909001
653.829858524
816.87050155
140.739793083
723.881110843
463.423698209
87.6360689199
165.824150007
480.99573232
452.658315475
854.254251162
985.148081571
799.757463359
692.410685071
882.816796471
604.494646509
128.153332041
8.1739975386
398.380361106
824.440709564
592.79392384
641.500192816
305.661854289
465.541761577
949.86721284
717.163961122
719.874278495
83.8165007865
147.507082092
665.975820136
971.401906882
322.380692166
762.531767784
74.5685889669
654.090984215
844.410711412
686.81718021
200.037832233
560.741404486
332.40701132
675.28834065
893.279097441
573.912062493
227.796527178
115.143655402
545.473828963
423.078062502
69.5470962027
870.41404969
309.182861598
820.400649449
