941.901828384
972.318416678
666.418836829
195.864331287
393.334879928
894.470172581
948.43896127
683.853610976
450.046031159
654.62057606
453.709644247
609.670642747
252.189087362
553.014691284
461.380575866
131.916982385
521.744654533
101.438493277
359.71859566
358.95741928
373.285176737
290.331404192
110.123047348
488.177517163
73.6530118856
832.473734958
964.96441557
307.967854362
58.6582569106
792.990445168
35.6989202774
525.794699852
122.776855738
297.641976108
977.546699076
805.208692057
860.590003543
839.995251993
816.854554108
933.536992839
33.3950483607
403.816951874
386.777855399
362.218347627
847.807027644
375.095865243
62.6819393199
181.38012507
98.1991519002
928.277132173
955.908325445
759.358521077
681.698813789
678.884660487
954.534743073
84.3151413123
24.0558820917
40.3971656079
721.953657458
411.315026403
439.115048349
209.512272967
876.938228462
627.902933523
526.809953228
212.002700365
313.525034536
448.08892892
85.1240337128
997.530188539
38.5820777673
207.625801006
735.749612235
392.176795312
359.965859806
558.89417951
41.0294033293
823.223103918
546.677301259
985.794782557
538.487730657
503.906997504
213.390798455
225.920941574
994.251951593
688.443982255
426.942884425
904.010253568
539.580746081
741.522560228
986.235405675
404.780161589
133.817058802
635.471940255
334.184829418
91.5579089434
206.900237816
95.8333920367
954.874189398
420.761128775
235.370855348
878.147162023
930.064689856
62.9983715845
183.183984173
179.155804929
948.593298097
436.591909006
129.666082412
171.631252751
5.41064209606
50.7805498505
676.389059693
389.180533534
636.657034527
943.79829302
366.163163775
506.239363687
576.160373278
42.4247110567
871.133582737
203.312710143
202.885368174
169.665925194
966.150322373
515.820437899
609.881077363
213.167107247
876.774885344
798.730445428
556.366462919
296.811505194
149.736659626
949.868083651
790.377175828
605.501395701
899.198173293
525.650034583
55.1855016496
303.384290816
275.616526513
661.036407642
117.942427083
894.236588854
179.564070698
205.457262517
808.551299842
508.06590558
975.293767167
873.766392782
21.3601996714
617.773720561
80.9341770335
796.113822895
99.9285406508
679.535737806
116.678132743
168.309143918
139.053383396
15.4787122098
410.534948932
297.796403248
771.507497417
591.114595325
724.047901554
488.577616108
386.941921129
176.311832097
382.329214438
616.629549325
7.23937879966
177.566089965
720.706479339
575.644127237
978.338335977
14.6042898984
162.032299123
369.123308414
353.943866379
566.230588986
623.069588763
218.179668181
170.591719525
467.302770182
502.669821347
61.3205723947
888.640207297
100.184247931
43.0548427619
85.8238422761
629.684056291
197.975837957
575.400905985
273.565536392
257.431657588
621.059878768
513.534441357
134.840798128
14.2005293937
478.254901636
874.283071635
295.384382027
675.900737171
11.8508621912
14.8375237744
600.041688764
146.438359331
977.01363293
701.324013532
534.961995473
326.209940255
621.300965264
978.402121834
89.2391921449
255.837521278
137.849692612
337.985585428
503.679888876
464.235333764
295.894206096
972.915998284
524.766069553
33.2602357498
877.511137136
19.4845302442
114.485799821
804.566886464
947.279541397
460.756041132
38.0977886699
439.838770894
970.867999366
584.374479297
339.604919407
928.050996674
738.915384401
992.131141663
309.088865052
11.7742999658
510.669170674
494.831240483
403.62110526
390.746618024
111.463740045
164.112131429
170.578002053
443.593734063
709.028793185
286.29792033
718.174161722
190.812289242
526.603204734
17.1114493994
620.611713257
652.837902361
177.545577882
874.274184126
153.84038196
964.300039106
28.3849934692
388.313185146
289.241440853
404.326871702
703.128187826
772.276946066
141.614152483
179.316774592
766.764754233
597.947563832
707.61212351
11.3363757037
983.85035568
187.547886503
608.286589186
535.815074499
591.959437417
627.897908253
878.60212895
470.452907971
137.315148653
582.490218609
926.559087594
447.266529883
980.096719884
3.0492819343
679.779909622
396.101044982
454.077901561
116.522260673
913.849545045
184.434143959
391.175862563
183.016295859
456.863529156
115.892529844
62.1260255677
601.43248382
487.346238729
369.771150741
382.580783741
614.087689233
225.325230993
772.227780507
778.673741757
920.498305082
454.031635285
238.700867651
849.697188123
663.809555321
532.395705498
126.774455006
290.035089072
613.73578682
384.125252467
57.8465648188
478.4293863
811.450107665
134.08137142
712.962279268
259.067280738
77.6195527722
517.04171638
952.254661086
49.3748828476
637.565931457
995.015159427
29.2254786593
230.500374018
844.691351971
610.588646293
797.545289192
784.635251667
978.191699451
152.506001372
704.990023241
943.919074396
910.525954021
779.698279067
810.131836241
706.009302335
921.598580034
527.049737421
683.138263464
563.53167535
767.479487776
876.988177799
599.98361806
646.834152459
341.893371754
633.538488346
938.542659367
117.084551411
318.00628142
723.377279049
686.822046804
70.4843127783
373.948861079
754.793339605
796.241013174
246.11897555
555.900183012
633.05403627
300.043693182
828.168098829
224.780363492
977.678741491
948.72604938
949.271146264
801.58434588
69.7318923546
255.04270967
730.303183723
353.00985083
164.286966722
497.36496432
394.349210228
428.584582493
919.350003641
543.299937746
947.404206373
61.4855504901
860.873451694
721.803333491
402.972206526
753.313160921
624.888777964
513.072176025
323.487104112
116.947669368
556.979249639
854.850735339
758.778699662
781.11521827
147.713604806
494.380568739
734.558853743
927.029429868
293.069217208
788.218726356
211.815917475
997.728218595
635.484016033
482.470378745
708.810680625
747.554032172
767.920224998
147.640857934
340.764478473
170.311316761
951.674933156
275.876858202
487.908009914
171.977679219
497.982239162
715.136125332
239.205639383
270.478560231
108.430664706
779.321372181
11.2477130553
8.51546570601
242.789881333
793.678043905
662.353742782
774.144226627
209.462127534
147.813173831
512.51937774
861.523467977
221.444360972
581.776458214
649.708994265
902.901659419
524.650580785
993.360819683
42.7835653863
125.801420991
811.61643889
335.45428919
611.956533199
908.890568866
294.651648661
676.852781758
840.180408035
181.115366835
894.05030283
194.111416266
493.705694765
756.793717239
968.232335332
389.555212715
523.107804346
540.787640554
448.355138226
881.470126675
916.211394509
494.888951055
45.7751269918
597.780551723
127.091849455
786.18184324
800.648756629
714.095065862
950.748837388
269.068258852
295.811049186
163.763776446
859.423762789
532.527038489
143.945179038
206.774118374
18.2954001636
784.197732074
432.604328805
765.368092746
804.238651517
112.194663885
208.411517086
230.279010197
470.786976731
901.567718985
952.10085852
754.854963558
954.727569195
746.865757173
519.974406735
900.189858395
593.905079993
982.696526128
333.330425537
933.468992865
932.213498376
230.111635826
285.668390861
352.7142388
803.733653377
273.864705423
846.439877956
823.993460225
866.204744703
387.394433244
891.005074031
320.308340562
529.85800271
166.606303626
461.328258826
552.098752558
484.352281407
29.8191472795
365.80000805
511.790585114
705.667122086
421.61419639
482.538673579
659.435681237
214.577840505
125.443527485
852.827774242
616.180901648
629.952996182
235.355497564
736.370191339
345.844436362
183.915098896
525.327837217
252.390459993
464.202614885
480.715495625
757.579154202
927.931795062
595.812115245
142.225231852
319.84641893
493.772502814
559.478655882
986.315802031
168.345627337
577.228392382
857.353822591
80.4086353445
937.611183235
124.095787398
90.7467645705
819.826131546
413.444736804
939.368964573
671.526568573
416.424435924
611.638341586
974.906597703
296.182949518
920.259746524
552.578227548
882.206229752
287.200787376
701.376333463
399.666951701
827.263564174
448.030050106
219.731004357
276.470490039
512.244937903
246.489573927
357.37108308
82.2736605441
318.132269527
176.085863115
67.6586211923
884.788240639
465.216984454
713.230622755
92.5970459167
923.85560053
193.364582398
804.132620572
848.612631256
120.802006633
359.2079412
88.1752562227
136.719208178
595.386175955
324.896644257
393.244508
221.913276633
185.549733517
257.578708071
568.278403745
91.4460538977
314.881306086
597.593542532
275.634337293
554.938319152
373.631576562
389.159454661
703.252987533
268.809028625
597.834110909
247.86327647
43.716514715
721.814149706
863.017285439
855.500933024
560.385522338
516.585907601
934.64252736
489.949125713
644.421809374
258.919415317
59.4018134388
160.543080058
793.609646856
368.649331551
244.461182017
51.9051200635
212.278943217
654.771118178
425.363421261
888.982751784
766.44161518
550.147919429
318.872261678
258.882523161
734.922642462
754.487776167
488.436096147
654.931791387
381.182208632
450.887285305
539.638141503
253.372252662
377.605880647
513.306734168
536.878241739
15.0987723667
242.277925402
152.937615495
217.675498415
326.379100603
256.179273393
345.487531535
161.059568511
121.694002446
152.400374247
655.107702999
897.04398391
359.628013775
570.375261736
706.484907863
548.855995449
786.65411449
176.567597736
686.308419114
800.167112315
351.401700723
11.6324861987
78.3984478188
347.116258385
352.090449727
738.299737598
134.505102778
805.947870145
277.090340278
295.881561101
34.6004876525
260.392908649
115.864214424
572.695348417
96.1265788111
444.299210781
766.88871338
819.343288231
526.46368481
954.563365961
205.191332178
274.617694181
454.865167221
78.7213430371
953.438920847
475.477720606
370.062812043
935.77246458
67.7498973013
900.639788213
313.701949865
754.952354495
866.907340614
683.912927093
393.420045699
677.217981222
450.220726802
35.8482691645
810.433054571
730.087646395
454.896995385
556.983035082
329.688061768
635.984851032
331.092191622
836.986248451
135.162693895
424.412086114
469.32378453
284.818575003
456.54749444
735.486482283
19.1117336682
551.684221658
944.384501089
253.88298003
279.03366247
930.740758115
852.097543835
99.5248501457
485.70335956
754.09611662
960.744077587
255.193889949
133.105978766
142.983304753
209.107771643
556.924660467
806.700314432
35.6718622095
778.11909919
471.811994259
815.945669647
256.549350016
734.098292095
68.6449148651
978.079366655
708.543818534
54.8690304202
975.40262013
75.3902858922
664.562756113
125.914172496
655.029213587
630.461323943
975.38994445
640.778118337
370.135089108
980.078288862
762.141067302
501.402427282
912.126417222
319.609532595
693.221212546
390.982579489
542.310345265
148.238793204
823.185943303
446.821269426
332.943080342
233.845630865
238.00383383
167.452860955
775.932351196
520.944151177
876.289903206
655.891274059
124.25248619
423.689789933
944.04254292
705.680063786
788.28877098
486.511382268
867.861725924
458.684547124
778.020953498
752.515528429
664.611254228
287.417369965
578.569835877
489.07265137
648.239556127
804.621216708
267.070174792
879.856105819
539.790554064
28.0319700374
104.557932841
70.6703899405
368.674430062
857.248295236
79.5882222863
670.301170513
574.39914051
171.498849535
529.156839468
851.386484213
432.364369274
912.100402575
316.972758581
287.967279377
543.566445057
443.764002548
581.591734672
902.22420676
358.702819763
595.143425837
559.724304319
218.787833862
533.863929109
749.943609131
17.4050218335
487.968549563
199.061796516
26.7872509149
998.189057218
499.919882507
431.336743347
867.365171799
172.064331982
208.455439613
149.440651059
633.466356709
300.38921314
295.223427252
87.2553810373
717.012180217
489.837026534
456.984889073
543.414085984
280.40115671
467.998287415
773.725405075
24.4736968456
419.816013712
38.2830026159
859.755498993
297.548304202
15.2194914066
842.405938972
3.60653980036
504.70935199
732.692928359
363.273958002
38.9696903625
665.14764262
484.924821728
927.354811561
837.710692208
438.690821348
12.9224743017
828.885601332
205.023757043
24.8208012918
715.088342385
527.222888349
975.355110623
751.376288311
307.808277748
36.6701001283
912.954455474
473.179871417
684.50853268
598.235363108
482.399617553
265.269891376
89.4525279613
703.777787567
535.150148788
562.27913375
898.194815866
660.644888641
138.699495649
496.474752489
298.695889119
170.609455387
268.46679272
343.509633522
680.160715099
395.408133088
899.884463412
435.947855008
783.385211287
119.308042675
603.90811548
290.757644112
91.7511110583
689.976021795
338.286736345
583.211421059
154.51467413
509.119112723
487.408995536
684.516656101
186.620335963
44.2641159495
468.896938266
226.126422435
666.693911891
588.012107045
206.586969247
349.124973234
426.748417891
703.361425567
234.456348882
647.267764662
549.822761665
712.308111008
711.66498108
413.85165924
144.3667094
636.471972244
112.927851186
1.14468989476
198.029480241
325.053701282
171.81469766
843.664324306
5.69236061378
241.085752729
402.414099192
165.943884511
116.921065806
162.395868672
93.9418174643
469.128573855
900.513990401
198.087234758
879.967795584
114.844194206
185.622963318
341.918023444
589.134731596
612.062280871
293.080183739
343.746368934
968.544727371
451.34712047
73.135248867
334.902917426
982.445518298
105.052465143
72.5506804062
895.669001662
477.141435333
996.872563927
716.131848687
344.598961145
841.227602454
864.697454184
197.598040002
70.5842779746
840.854692035
993.301037584
292.75314556
591.625604351
257.592244717
479.392469761
453.334440825
306.392362179
329.336423665
976.806801069
965.655502135
248.581616301
616.18389906
160.31487562
566.392786613
550.203721067
121.643273766
368.383476459
425.364338598
135.252663632
742.441925121
822.125315017
189.455204775
415.247194433
30.3716175378
665.511706382
330.192976356
201.548745349
934.553784
257.393272758
330.987207458
174.704047869
871.545445122
619.265960908
672.359547417
743.956809288
962.514530793
535.832579765
112.517408536
563.22530037
25.7140268399
266.162316664
59.5493074795
85.4582523174
674.189453276
459.669236011
278.114343835
259.842000222
10.376683995
686.883511934
735.777971964
427.59820734
789.481194527
102.914489699
535.498661304
