116.342001336
310.97129207
708.540989369
870.39970634
408.87715174
819.495114436
470.090967416
280.04309957
89.7579478011
482.129090488
388.545939178
13.4277249115
487.43305339
749.59383567
427.053852746
373.797974299
726.154938819
612.466749431
389.143302425
320.83705796
337.302514166
259.275040483
239.825533117
506.309862022
907.546803741
872.176808848
899.119210285
359.70582499
1.08615349013
726.684630507
453.190413297
301.386826289
805.544373986
586.053837301
719.802714346
422.490364662
452.664243765
530.126307929
912.418147571
321.366842856
28.3250278464
319.660508874
739.648524258
53.2630029865
678.660582334
37.6539126365
418.912690077
157.33349653
747.254769364
353.500413928
906.85837259
610.23521686
527.130495657
747.232847241
787.991111233
779.454717792
261.106126716
745.595691179
60.6368120844
885.954578806
772.912796492
767.063319067
128.600887316
13.2435911528
10.5292980728
138.217091313
376.131331639
413.623818864
433.069722723
416.56633041
355.461112293
726.583850332
712.594110926
963.915057024
58.9272950803
899.287245531
834.368229611
670.565900281
509.093483916
472.998789534
618.604038629
18.9631255098
859.968804053
180.78013572
733.412462384
428.754879902
437.159492983
319.821613557
935.315448643
950.007713965
484.747407527
785.599302787
0.174595905247
58.3284385415
91.2424988593
891.611142237
373.930169347
861.471557063
534.845798594
102.660298401
472.59378605
644.251887973
122.543068312
482.19093425
524.585664986
717.447130269
55.1324426025
230.028645828
711.835511282
958.09317667
91.23750848
479.422427625
370.46267603
530.170445002
203.565054337
973.545160758
992.359757488
835.405381892
257.017759243
772.938139564
481.413206271
668.824932155
570.218599977
570.297759927
261.786968672
390.453628692
808.781893697
416.866969839
50.4027656631
58.3431831738
132.830149079
139.790908713
534.459462282
12.23442351
674.948013128
911.996727205
73.8585210396
640.210265172
25.3084738233
22.9798166937
636.026839346
338.835255404
457.204109779
648.015988615
553.5294315
142.205078215
897.873590472
269.412260352
800.983583751
896.900719047
132.60268401
874.627705316
601.733706971
288.454316699
121.171585308
138.794357847
319.293528666
446.350736086
814.148783102
205.461072914
418.073053031
940.404691099
7.68179743713
522.237178312
314.881816351
52.3880001648
798.572547003
728.095511089
619.884703986
806.868567027
833.46316849
738.607293043
215.851985641
932.003055806
544.337936545
925.907157995
666.860286483
364.58349782
925.350987773
513.569785561
567.299444517
391.607734662
551.350099854
765.174002447
692.940058529
25.7772787335
162.346498325
431.599041354
127.338826858
395.312800692
418.238085103
591.853498181
689.586820716
946.611227046
611.672085261
553.862887475
445.949687526
956.095579077
882.369909234
648.400886596
607.548141493
748.175433683
912.337594061
466.713908935
123.269857981
212.793449609
930.763563467
43.6003534305
633.112199449
286.556729835
78.5877767246
381.325549552
592.685780182
170.808945289
277.013714702
335.135699858
781.593694829
809.642185076
359.075827216
819.833472563
455.111506697
554.623134426
408.144847148
478.600533797
588.169036035
499.651349576
704.480671743
810.447264102
202.374557721
271.987138638
792.433694842
614.186215895
45.3982179514
86.548451879
43.1169276362
331.699834441
119.079274537
238.837668433
380.133629448
191.669901182
523.69484412
317.732656294
395.700858978
532.291701996
560.076324513
883.788266003
729.554182344
812.545564056
271.841423325
770.735279004
617.378593215
277.058666289
509.402375966
864.917086064
748.417128859
260.970368815
937.801035507
607.948588473
794.623123794
786.839073176
976.35194077
32.4148196842
451.246233123
902.838243138
375.937937286
571.511372556
893.063727231
796.691016347
103.195079428
549.684406577
559.059996395
920.583236464
56.7806187194
129.888569423
244.840550676
261.802787196
119.437626017
392.093697417
28.7782262168
480.255522934
203.539418619
401.79054203
655.341823436
418.020689848
489.747690213
423.551797074
838.220584614
821.862741113
624.151243476
298.479947437
857.116186733
983.290476916
226.678573514
194.99549574
117.199029603
169.978890678
814.856479661
426.907498467
827.333541878
451.250854601
235.557656644
759.080785624
609.653467619
759.646459577
626.488805829
221.204355587
970.175650365
256.58073346
932.110969349
134.600801589
654.238459921
624.710691491
70.2731922253
415.352703139
154.38934749
554.242340916
652.014338056
560.846390848
787.902586312
220.244444155
924.669617006
568.425610577
326.153058162
46.737613479
710.306511326
482.037312324
344.93847744
102.017652231
939.842208976
658.606049546
431.762619478
718.393307612
526.340897097
248.37129549
99.8551435654
628.368706437
449.045730943
921.82867499
579.765413517
229.027642117
43.3282931767
763.956924142
738.286609939
627.585612688
99.4510604897
330.417933194
202.070283969
268.539002387
997.135223155
155.348428152
739.904050662
481.961510696
98.6524226445
802.797289775
157.79289233
731.326162411
360.762521554
995.44528668
832.931463478
692.452288188
933.438753155
300.449117483
363.465594608
524.270939243
400.850728379
464.401580202
887.839214939
199.54405605
250.538678432
112.132941146
86.3605338196
826.545468344
811.939307325
269.290814636
192.817427814
280.517501926
139.929175986
673.393422085
249.145202824
478.495648538
553.62750072
307.966668625
255.808510921
388.948387834
872.631955495
973.816082503
362.558073484
798.10527562
169.308769063
529.783537454
872.282973119
48.3749695054
313.645240277
808.767493851
402.108896545
646.508112539
219.374440875
917.544678888
115.115270497
378.672307838
984.671628091
465.723890733
743.78968274
376.772465779
550.520307238
657.011118691
512.516490712
397.519257011
683.088271269
298.611710567
259.957701495
559.689916694
737.160312996
264.294611644
619.792951483
397.497140133
140.427066709
68.8704501419
421.963527049
384.858557638
132.656823259
183.806949526
872.097824381
229.01789883
180.904237364
321.709945778
786.87299252
68.0214025166
219.838263429
409.822339915
263.116663749
811.696358679
370.497934067
124.050688471
400.569593854
252.646688868
190.035984269
335.740031812
517.079228845
331.865329984
240.694230758
568.706927092
317.116340842
595.792952003
961.633931885
334.098287377
768.308672064
266.796383206
660.25879138
552.745001986
872.686985762
762.863385186
599.878372164
276.472090747
982.7771862
279.185181903
667.413124063
108.876600883
822.001921011
534.379441147
821.922299676
234.417706383
323.951254507
763.064786285
25.7353710257
494.355905215
730.316660425
511.800629025
233.002969454
775.328095593
707.594633399
583.264506172
17.2945287844
301.013334442
897.318649901
595.229918999
267.060747083
989.034150405
902.6635166
927.238386845
781.913848838
956.899146483
308.379651866
522.510047538
53.7814701563
481.96943362
802.025325545
739.730147701
672.219130641
373.410553091
53.5316198341
951.425184365
502.093397112
246.48877685
749.257487326
209.863922397
34.1493144198
635.88038537
376.210912775
325.996154748
0.940028259724
202.862636205
125.95254468
312.642815226
772.504765999
720.403417429
321.760833609
66.0401280304
518.758290414
565.091994001
93.8355106823
646.808262196
708.224754867
205.545676298
329.782874522
315.465911349
528.360659758
887.884144985
192.678091632
659.935365256
542.35378342
403.114616126
349.937649265
542.905286918
17.6872137163
224.056466417
113.452568521
470.336207184
601.667212046
209.648350951
557.565874466
363.035674214
802.320907753
822.945704598
857.665808391
400.067769849
837.043675931
339.078897554
687.57596642
12.352011046
366.769154596
338.407951761
569.118340369
803.54233418
678.149042005
2.37368767353
635.132334525
191.846786925
887.5571433
312.057187347
174.607209058
371.485241784
886.568643435
46.2501170101
813.583105977
965.657039512
393.916970255
911.109686533
913.049455791
582.525265667
614.449217925
916.862339744
473.441855038
374.139400019
841.209437064
9.25750836025
777.775307251
494.75534013
536.424659854
589.775364361
341.672241098
316.397104367
238.75293559
658.528599425
602.127594954
177.930130504
246.906376132
292.289394659
213.881638776
281.580321507
443.313133191
697.439284205
5.03997722661
628.779899918
481.157821262
993.016611048
687.785521663
700.990678159
691.08294613
696.9355103
999.332625925
490.437259721
963.978295633
207.28492336
124.157503976
563.385481414
406.095556471
817.748834108
756.865254541
194.930196808
250.401367431
958.799017383
768.867187932
146.291922455
139.36628559
255.565932928
617.140536081
869.814439521
647.330783001
341.900163678
307.091775206
324.627104049
282.810697944
593.984952416
165.576092704
170.540962277
417.418653165
278.673052203
254.962796626
607.89988444
835.885952103
167.111429215
297.637667764
668.55355632
988.421679881
431.293603714
79.6018521048
262.870734791
180.357245713
946.247408312
969.056363499
267.620882518
758.66662555
917.878247942
673.328113019
227.349611979
339.203503426
874.694393463
95.534675081
326.549043668
948.534323888
570.621507288
533.655342999
521.519068291
577.013659081
522.985469758
559.118737984
558.767369008
486.563026085
380.303083046
685.046720389
719.985427335
179.101422462
427.290321547
700.91814483
270.445217437
70.1627534615
189.983636889
649.862278446
3.96218071768
993.544826371
580.320308835
702.278818603
434.520593238
978.102673472
121.605056095
54.9362614658
610.302412587
920.960408867
895.110766432
582.484204899
496.339261331
183.375973178
93.5494600642
82.9125155521
326.171914561
758.51588184
745.484786104
123.202906983
543.114358865
498.857334418
910.475939267
171.077267466
177.092771349
340.758975933
348.480528984
620.29960138
55.3701753645
858.857181544
405.254775535
721.062133942
501.632104157
760.657989184
400.233889256
656.302427512
396.781057606
30.2365806831
423.766367488
460.759792243
270.884105044
721.030373704
828.259503827
573.277617233
716.211026502
544.94246288
846.292903783
990.199619091
689.671950503
431.444191887
81.9920514276
750.68730875
545.749842108
105.90890586
273.08533132
97.9262672523
85.3997481348
97.6370154125
587.622546152
326.706336221
219.945773114
247.381353436
732.596603371
366.878794661
72.6352127262
240.733665407
764.381817599
802.328218256
980.621702322
810.392582352
131.254927247
620.868500977
267.050446355
873.106826129
378.84767291
43.0228794498
160.217933849
319.702101266
934.366119867
795.309740661
750.654760809
842.132031557
646.480082956
733.611580433
879.5845218
950.247312675
692.792207328
987.057496871
984.740037068
123.119869832
981.318190071
354.044886495
311.648774365
310.524646937
928.146356422
831.56606633
797.632460576
378.143063185
867.598702764
852.168566196
703.388432003
821.225381663
994.896904009
619.425863328
769.551547612
691.034748816
558.41347553
468.486808747
728.405342566
722.615905793
719.4631616
507.212898531
155.334339768
889.189194559
89.4291423529
861.862973252
737.68527307
514.630815497
256.374014168
89.1994703566
669.753524517
297.265906892
588.812323976
118.079902178
847.026817453
142.928386803
759.397420372
246.410225288
418.428450078
587.131085946
194.772577316
565.590757731
970.549630538
185.45901498
891.161094553
455.746499153
926.426992698
532.55734878
904.282233637
805.59078198
269.345433564
434.616388042
763.233696055
351.530080179
838.555431185
71.0847714773
451.385759339
921.37296972
85.6705455827
628.345182071
130.388631882
524.377267269
774.244745593
608.151693807
305.469701798
421.161797962
177.374976303
583.284478016
539.052058037
318.010866167
959.439372743
597.993167917
695.715206461
462.529003861
653.770814404
513.481431453
429.058286204
638.922406052
590.563385849
216.571068855
762.74096837
777.743930632
1000.13053744
313.553726316
241.901789505
749.780945334
701.584580486
410.952750121
389.85447005
779.684099441
259.228452249
170.027049143
744.256280925
642.879556899
441.363677046
692.622837989
443.551608767
337.639629695
720.419659989
557.363608659
578.630162723
973.068956626
552.172380607
751.035200777
492.287367644
391.432018151
21.8422526751
615.87675119
972.206188954
170.698725666
230.679659379
513.983987161
819.064141747
306.391336345
421.364134466
725.138623927
435.314225523
118.184447939
709.135872249
615.558803787
900.682256408
131.215108988
340.113930066
850.732657956
767.372691804
406.738754818
434.760400804
291.566914879
922.472464604
736.743002648
975.544388031
73.6032780094
785.714563286
569.049507637
837.402502848
937.993411768
643.931715652
262.372139336
777.076258345
59.3936374805
641.968320571
588.311031562
695.89278412
568.173619594
1000.02464243
346.089212851
417.499597127
596.83142936
57.4731056071
631.394691065
766.748683526
831.712330202
759.379296596
605.70331228
389.770707699
210.280044994
884.389596974
443.957197889
154.29366888
383.660147455
417.980233946
366.162903744
749.102512218
514.366952978
454.403099764
30.3519388684
499.928058574
146.919736864
979.521547056
120.333774261
385.239058942
613.242177175
342.581140579
317.895764826
364.444366889
215.885433181
144.453720663
264.484464676
754.408516457
699.071695877
649.70705403
662.663310355
931.331478501
515.193479927
690.967159692
461.097601608
965.528404041
783.962422425
662.796145675
625.513505661
761.822710965
342.539592516
882.480472673
672.038278483
837.190957758
7.94800316717
625.102720416
881.459606436
746.695394265
322.421396277
72.8522027319
19.3894254026
384.483330989
59.131393307
946.649510754
492.177319231
747.895873973
759.780214723
859.817449329
946.692711024
731.470719962
678.065506912
351.662724261
818.467995445
445.00836562
562.967759362
446.803891455
203.769820341
699.853374632
565.884695627
503.860494531
540.767037832
838.711099579
112.599553655
8.9723459031
881.659742891
968.461426541
770.805657443
781.589122176
54.9226749032
4.32155551349
971.714173195
223.363420904
596.381080821
298.910289752
191.494482289
214.074673554
944.020080077
2.73126363804
284.642359998
702.047646362
67.8673287078
302.168713734
347.191497572
43.1544437719
514.521797833
666.385607293
958.936388631
462.087708281
986.502148645
336.526730081
