486.72678181
632.08042884
157.857539445
515.671732899
101.945633007
956.014811316
315.848903855
497.812525033
354.975932369
809.027580997
242.707892081
923.986321298
596.938288019
962.875276213
898.069506638
324.767443734
484.490314597
731.105002181
258.234593427
716.350733716
326.178054595
910.255809427
846.479936599
562.10799093
545.570419306
214.913215809
102.882001953
242.397387739
268.672372699
370.062116058
243.311190173
675.837072762
405.477564991
866.967190252
159.515918939
763.851173075
503.071353304
246.497410033
779.857569292
32.81991993
967.773005553
363.817603905
56.6953366147
725.47088689
982.116765306
86.9056259862
283.425363899
301.842992798
33.4996340222
196.838848659
48.5259124372
62.2742757137
105.667637815
163.167260718
435.519689314
2.54900618061
321.928709825
877.663541608
203.447813993
689.890019471
420.186703828
860.243598187
952.282385101
693.002304946
145.530119889
504.485496049
102.189698821
994.253845568
307.895087468
252.007612187
133.215545591
810.39629691
674.921990197
37.1506107601
360.98252606
770.303910518
300.548608701
601.910316855
657.932016306
520.45722872
214.263800491
922.850795488
326.12021008
583.249290089
780.516878993
40.5593795142
779.804367311
307.302452242
10.6001512874
972.551900562
127.916994841
608.489330834
743.184888484
658.662398371
373.505668313
497.551348189
164.082753957
28.1839122572
197.680786577
467.669928936
908.769959752
955.60530037
815.0073588
703.126251833
724.346128682
574.05354194
158.661568981
708.210850514
266.521669304
933.414058006
790.996340688
340.689199257
578.012679939
79.5954992819
800.818850734
283.630979896
141.385887896
368.018976485
662.697255348
510.083070227
144.618155619
531.713344848
322.226794412
397.428112166
69.4149155658
530.482062617
987.410597093
541.066857468
217.511462005
669.300919723
388.177519965
440.581629592
650.712362061
245.984365524
86.8510799828
152.34778747
80.5604799789
161.506778572
390.173425029
120.853955636
372.637856724
714.19252044
903.723298585
401.855225519
296.65514661
170.475740778
782.240809148
477.06708338
556.736353927
774.010223895
726.418006971
339.655239986
408.233401546
771.148102807
619.383862554
662.051535685
642.677554598
345.358864279
183.260807223
227.633697814
885.23351503
738.180572285
590.176294443
646.180369307
126.642781124
34.73432103
354.157805109
436.39090871
460.515062185
373.811544285
132.258703879
750.342467166
554.743234348
59.7407473333
991.855802243
368.571623768
917.647235786
68.7870483621
21.6645762043
66.7182996291
312.315473375
835.048617992
576.956537148
786.785708172
52.7961992166
639.554889927
279.427601597
363.408756936
13.969875024
406.570477312
543.309660482
745.294614943
79.3216577799
437.571220125
973.494068565
405.221656657
981.304620785
508.130497395
793.023954339
778.292091925
294.622060642
374.724105544
7.05912818598
716.487760515
214.022996629
147.921950811
35.7766874561
829.383730047
803.071267514
438.924726804
769.219177378
612.173536706
756.159146055
547.760292199
648.410475196
604.625991543
34.3644344423
749.169674785
37.7054292153
570.389838863
251.089390912
127.874197201
391.61794125
157.64471766
393.859340123
282.474511801
382.709216848
623.192918179
121.334805615
982.301577595
889.109093927
950.181740751
605.929615357
984.962910909
979.341101553
393.479122937
632.6696895
231.11379521
397.904950815
732.444591603
44.9486661569
913.534989078
596.722527656
476.915148667
750.691974897
330.246923266
982.283955886
805.141401949
91.3089989826
798.263669156
627.823689498
685.980674003
567.269811657
974.68217094
129.599527152
239.341492446
683.84299541
406.812224389
30.8102849403
429.10868118
916.007864719
252.728565092
741.181611923
897.433326545
752.754307629
431.948372675
145.76961914
327.558904143
448.853182883
331.23827564
333.901264166
888.351163218
464.104433179
538.256731389
327.180872026
768.593632741
973.396371061
458.211576954
823.494272152
565.318633794
850.63975967
835.362081956
719.003494498
504.071629542
928.421482292
466.861222622
536.942327805
800.191749745
59.7155890951
74.6043638543
701.998949633
263.284183746
139.636230431
35.2218619141
959.697619878
662.97084436
574.38382191
427.776770902
37.0852056646
178.40804707
621.772490765
91.0556310358
377.611041112
740.824946944
618.317553251
87.9880006135
486.464325109
498.071781152
675.760195381
311.456282351
82.0056124424
923.938807897
841.962755019
621.186766897
540.403210097
13.9364079406
63.2562995787
643.843332546
205.970519398
86.1322965371
112.56910511
145.298018177
416.809773204
693.338103225
399.531936129
139.319907424
22.6086467004
298.398338619
81.9128279416
71.7740748696
621.925734985
826.884319746
118.955288643
515.70064983
133.210971471
593.030808134
912.797285813
621.921056267
685.046892251
740.016388176
926.954360297
617.707569471
983.1391514
980.176244176
347.688452419
635.806216063
767.710939935
978.722724579
671.364468006
693.634841731
985.704404079
703.216379186
190.301031345
923.464186447
349.478780412
632.681842875
745.146615885
795.78259318
634.531937856
968.807310227
266.330281343
359.414174357
985.05936423
543.120176034
409.179153228
768.692281225
686.453267609
893.97910866
62.1899194418
875.147996861
590.763080941
30.9199103919
457.384319876
792.508368259
717.801524632
226.879854522
686.535822726
437.717540259
882.859360413
734.681971635
972.861740261
874.367341462
399.262473211
34.8170715576
215.421959193
399.333679641
385.735172742
588.263004247
778.128804318
599.379077346
252.115499214
828.735750035
593.450451433
514.067426689
733.536625741
862.382060557
394.622039304
893.117332954
120.303418847
845.937967493
102.430776256
409.206295699
829.919656079
982.194400596
353.043371882
106.159489135
963.597224195
580.975786984
558.364167937
220.189966823
593.016675658
438.238985289
490.342161827
573.695102643
465.448834381
408.624901341
981.189678222
383.235257817
433.794110727
614.284155603
894.622289022
966.911511566
442.325843849
976.488683124
52.3719207944
512.338760415
750.10502825
572.811783719
164.599512217
718.492746424
59.1607231187
850.086156334
324.929736948
359.613721759
715.677352935
725.788437521
714.312561614
178.548302275
753.867200979
382.041555172
260.945019239
915.412464931
468.13912871
30.842268857
82.4419054412
353.974014685
679.837397623
774.456244535
681.55054318
848.989673518
376.603187068
302.930927609
607.563040422
97.1455165541
692.173634247
540.13818988
900.158551584
693.591938406
99.5359089254
173.082199639
710.472725312
400.584781029
554.927904657
860.279975685
459.702926901
463.224514084
743.979323923
350.449763954
937.538964318
23.1096330064
479.812934341
124.806008546
151.990509884
714.874620608
714.512768894
324.360518984
993.14540087
751.609532149
249.026943982
919.017792918
736.134625135
403.968004362
261.42853177
794.477547283
345.829869831
340.978402634
35.9033290137
60.5926586569
646.082642784
653.033360782
955.725070509
932.787142527
482.591633175
875.746387281
822.308365786
226.320584491
124.971512043
184.163984223
629.672830017
287.368178618
843.439948876
360.52178994
508.53755398
760.825959961
743.084517444
984.565989844
284.555877027
31.6443943849
153.870570634
719.902133773
361.172820406
19.1015538761
21.5593290441
248.029295103
474.96620885
687.569060928
26.8977903102
918.337915459
237.267042834
614.249101527
59.1465538525
806.000566305
436.729613041
465.818202278
775.929954598
912.945089244
843.956406572
347.992898239
100.985209203
580.505319394
826.441592073
749.067167915
707.708882969
722.661618676
903.900717802
253.127425255
812.902212492
335.768376173
923.619466981
537.815129571
991.991825173
644.473742524
151.515894921
919.484086431
928.65101006
512.7973229
346.548152875
834.368713
749.748373394
935.748400759
571.349991711
579.172402135
356.301730176
505.750283253
796.143204617
811.8012181
265.231766619
980.858737397
622.137245117
960.3545021
288.479779013
262.14094171
868.310589106
293.187515012
698.278425851
21.6870129086
419.498159025
507.082411966
202.490382761
700.793826571
508.983660213
726.649808627
470.218224171
253.582974427
143.065486222
198.714262138
96.4434238846
303.321987397
288.066346287
829.618375519
982.472174999
141.253088329
859.474948177
64.7976623049
308.237751361
395.238169583
391.207204146
17.5638746897
580.214711559
698.591586395
740.726875596
988.435035243
156.343522514
804.81991664
282.899896253
155.525446521
768.577813383
632.774906923
455.807196181
659.334770719
101.259243438
949.398067848
308.834682523
607.407113267
391.691333445
637.440233191
832.233805668
60.6405332294
43.2677480301
839.553431478
819.200466791
495.137852299
488.690815207
904.610681382
626.831873257
617.159141194
654.628573823
493.291438286
551.442983169
270.56963212
853.30863633
818.18857619
264.219432755
31.3205244291
932.808154723
250.00739563
976.985933238
388.677538662
109.917650858
672.095865966
994.735070735
989.85169747
105.583244585
816.186897539
746.337866235
83.9231815059
59.9474528315
289.851423385
759.966773567
134.125773535
162.645792396
192.218102026
476.352576977
846.064047743
544.620845049
597.058825557
967.319456345
389.770636177
452.465006562
409.125490854
881.589194882
954.88199542
727.638125986
104.216383893
848.767717397
267.265357652
239.353097473
598.251089381
890.339217508
802.267815342
247.363280129
744.158355505
184.553587276
785.690067319
720.452009087
360.601627673
723.195228222
503.622012434
849.869795778
943.588200032
664.227659752
920.485228961
986.801329175
338.808369558
705.603825637
156.303823084
967.217240073
359.548467505
981.381895607
249.924296016
240.119315824
152.900634018
5.54831421842
29.972005933
55.1708431325
55.4632230635
738.908581121
58.981851112
729.448617625
859.461306948
638.05618452
541.790200221
327.422766155
902.80778324
579.166041962
72.4123670291
884.238785608
624.06383715
273.547087288
386.459486989
237.581274699
459.083341388
41.6671803436
90.6788444697
510.796819963
522.792665541
199.349365588
783.684114958
517.260208497
850.599698924
765.314353893
864.010494885
451.795366572
297.926746916
577.78104408
559.124148916
543.077128515
329.592454625
917.908320558
723.325917833
556.158633273
900.709720093
186.010433245
688.546237178
870.651544197
7.56848291736
176.628625988
932.071926356
85.0826742365
167.277235474
907.557832409
217.762691239
238.935359313
258.034233613
257.651124379
114.121083201
170.495669821
309.677427269
224.223855123
810.938847516
937.207060406
504.207127302
642.377382911
382.165631867
895.475018046
456.018122937
558.752598945
743.907576946
781.46985588
754.100595271
284.756841065
486.246742785
55.380421821
934.004361481
13.4988071402
613.917061208
39.8989417431
944.162009119
957.977309264
172.190972394
630.839276254
643.995241497
173.26077404
486.507093836
258.587234054
832.806166952
32.5775374661
157.147266296
504.979625639
897.294698661
692.72731186
529.039191419
831.544642175
35.0251133674
568.520074012
67.9013738848
987.816986996
29.741429078
832.46362228
503.905822867
945.716099473
539.642838013
171.674968255
988.225132923
445.152763668
111.279752827
619.149256829
517.691494848
86.0544023268
347.344326599
687.407364834
614.211215523
309.172853799
781.720198799
911.721746811
672.314389159
252.615719209
302.701492538
945.335263107
575.792382494
401.72314571
982.116536451
878.250384902
191.902759862
215.742052954
774.117007594
87.0079102316
929.767176813
688.265903694
378.099779637
970.319649911
293.022571161
255.64046174
65.5016917113
868.359571511
639.810300261
481.164069829
152.571054766
543.768497752
523.707782482
557.46468432
414.327456279
940.93747703
550.262835435
149.825683501
342.931262804
248.526298573
675.388383649
336.13706591
563.210676889
89.5964336009
371.931111369
133.201239703
392.793901624
637.222847059
813.415510816
403.100167317
568.280041694
69.8399470564
306.346051217
654.690413343
13.7785730204
690.86464197
926.169589723
285.781236776
834.930224759
809.891028616
98.4673407661
132.730798573
460.422524214
502.230170963
789.000881107
389.800805469
957.423292197
831.784641971
348.481096825
667.519958032
129.582904594
453.733898171
834.381943737
441.542791628
961.279395336
735.86534736
620.668666537
264.112871045
967.158269815
8.11287781217
831.169835667
342.762829583
443.588176443
960.227014896
97.283977542
225.099286111
544.619284639
642.073674534
931.762477826
732.618554887
535.942977443
31.0291931884
893.415345564
743.871745406
634.665153588
998.363001439
263.754390982
479.966511095
700.109429899
735.009703911
459.922410381
827.923347952
0.273535393232
589.411282338
513.370803007
561.504121383
420.127119413
601.710864859
75.0343404784
843.944916075
315.803985259
213.032851744
354.363950597
659.389151028
982.612160087
402.160490022
111.083946696
319.230222667
15.4588139052
825.397335215
419.152713639
451.304043739
273.954785272
603.463429274
836.851175135
79.5994258413
713.037306704
328.545493453
977.970501338
466.162170107
351.016510599
891.695104943
814.62424291
89.7703785935
996.213919373
476.10199117
929.108318197
195.586370351
891.538314075
690.864814375
793.391441893
397.397146888
329.574770091
19.5820243489
459.710771381
919.498815812
976.12361795
180.35467683
476.403089573
199.903400772
90.386710596
180.235611367
577.843230609
202.642461618
463.168644542
868.507288336
880.555263888
682.831268388
236.705647055
368.661689134
540.787220229
133.079716189
592.584070458
885.04613207
879.279779344
884.794889017
920.363576543
686.126894312
832.508671461
652.354885816
973.277718007
624.852870284
47.6042632449
293.488200037
840.571665998
657.348440053
427.897469708
552.713908862
466.62179954
388.083209139
699.405931995
730.100725452
229.087633589
288.784119852
746.027420568
528.91633789
999.796924029
362.545945532
639.371396477
756.335737475
897.39118095
816.209663746
527.419679423
298.901010633
917.747164953
100.591131734
439.019963701
472.299964409
974.852592071
866.185217934
16.6302588997
295.426323931
879.919872343
206.458617315
768.850846383
333.657218749
601.146098877
790.217766564
55.7307979501
583.046824918
564.87397302
89.2722778863
45.0382598641
