542.325631214
548.571221232
295.278252102
857.998931385
832.88181151
334.073230085
168.183046849
221.148154379
514.489610144
931.807712656
80.538427645
217.032227416
38.5712863828
177.708276714
426.161266374
454.737076137
195.521728406
511.937518095
675.339994503
117.132805637
494.139025121
935.453152155
349.96715353
543.233286201
201.949380443
500.462824647
112.215936124
382.662244434
659.633118899
178.934817508
223.161885062
746.938951602
64.0802757434
296.588472393
606.428633829
838.391080117
320.699736724
654.877945814
608.813929503
859.045700907
421.675535087
376.533076419
164.84107408
732.471257204
704.070839701
534.313608217
90.4350645356
523.757289307
162.305786355
376.069099287
681.643054792
289.326120036
250.656844129
145.611062952
681.528405009
46.4581020036
274.239297814
45.4275424449
138.555159782
62.3580352656
207.250550062
814.667860925
537.899650297
745.425782897
667.901588029
464.570661186
524.256242637
567.29886643
807.408457612
710.143764934
439.967363992
638.518845478
717.002082814
495.717387963
260.289539901
956.274698846
794.154337062
630.265321484
79.510840841
839.447753199
642.310538062
765.182390102
869.490746509
515.417398306
84.8721162939
376.121891858
710.583097045
97.773719536
848.289526758
673.043163291
796.944957354
941.585335264
420.116868576
976.088325721
902.780172215
129.251260316
447.978187741
809.311497052
966.741937647
540.886057903
552.695846685
127.711880977
173.603538628
774.180151461
147.93240342
487.712330776
552.983220887
243.113149906
168.264871938
996.825036858
656.440177772
752.245827479
724.149732195
319.073900665
589.212744948
536.426855538
3.10989288455
651.344922243
149.88915178
970.365384068
715.90649896
466.588745324
957.796670192
429.360967443
464.02943322
264.458393471
845.106821792
114.572341928
599.855303113
847.97410003
934.00168678
297.645718284
106.219883664
315.429793149
465.890410485
411.197072937
277.878034022
246.727425475
710.249424222
930.775853059
557.099997675
231.377028074
408.696630685
731.026802128
541.659358723
565.479643345
304.363336294
940.314275138
699.523218979
105.597751995
677.260528482
971.045894761
764.959323058
818.250402042
745.954792771
12.3092462194
535.264767329
965.111869336
178.28286698
690.027409499
139.317444084
627.314590963
873.808728962
81.8167898392
171.188741434
992.783716446
231.694169896
45.8350961693
5.97746627034
400.800581769
760.355608243
55.0784500703
266.462325463
218.883903712
102.15462007
859.9424074
397.985650633
228.51830896
15.7242542147
937.301295888
836.59357798
188.560557296
127.387342193
814.500719776
225.155734203
512.2034453
709.915502492
822.350693968
974.521514972
330.620130299
755.55023052
724.252473823
497.005665655
922.189442546
737.180524887
958.525202112
238.683884406
497.618381431
325.357752498
92.1167874656
966.225770358
353.377172348
828.335005789
771.443005411
156.582574526
49.7018757305
680.091545376
166.808474154
93.1976002555
629.713049411
752.955209538
549.435513042
168.742569426
836.254449442
957.009039139
395.708171688
903.85013503
500.738900979
37.9933013692
794.467059799
950.396543234
577.892044625
916.004268883
629.107195394
942.399800982
857.027198795
690.275388121
385.075448014
583.48547452
308.559691408
581.924582079
21.2090217693
109.564137858
231.544266701
399.470173847
678.755424512
837.115833702
447.890731564
647.768002924
439.177512119
305.731076254
547.57082435
147.475913014
256.534905149
67.328354097
299.336959176
443.704513483
653.515060615
604.783818287
921.473946304
509.893583952
737.185315442
403.240707129
968.89439216
833.495057233
980.262705615
567.656641733
762.871192024
761.586203791
679.478387907
802.735480669
812.022274912
347.974488065
822.189894032
874.824752144
185.683474081
7.72401415581
866.76833528
37.6405990781
110.168156151
562.399422187
602.136636847
707.143094814
457.592227023
595.959382699
714.867816582
128.895040002
413.264083142
387.511221289
838.94072663
533.143857924
311.898664964
94.3547363582
964.958582091
148.649316444
499.492549252
71.9011868764
448.874036637
825.290274459
487.551070912
102.602624423
854.732753554
373.165062532
918.393651684
330.025946403
228.48941157
129.37670057
30.2225133739
533.597195747
148.854575723
547.829062897
35.3472691098
647.097222747
928.31718897
295.051508233
153.623926768
522.374290564
937.182697482
244.751608529
92.2468867969
612.888902598
721.354339476
776.344736774
648.829909231
364.757112091
729.738061782
449.146458301
791.411478187
645.90320313
876.300873272
300.831265031
367.207672491
90.2654990306
779.062478263
821.269362677
897.516975471
963.701953987
814.0305146
380.344263567
404.910321621
25.7233155069
474.18302225
33.6855619946
381.339698032
855.829854967
915.439884063
117.793814411
322.699050399
375.97468545
509.735194948
616.51120791
195.452735709
783.046678835
95.2279833127
571.630910935
972.642491749
452.047294541
182.363944046
547.953766675
941.761794544
360.813930013
759.91217862
944.111911454
717.865339903
264.923758271
144.369876784
651.84929876
598.619078749
111.860091123
950.294192084
198.971962454
654.35497972
783.009949237
642.385258622
33.48595193
810.383369799
748.531895179
878.651216325
216.68469515
168.220553933
904.014337811
992.600294874
568.802449794
661.945337167
577.063715317
234.847656874
85.6872407021
61.7267708711
85.5455555499
713.922932891
776.806346529
830.716218589
281.942894709
209.435113541
513.86731624
162.644762752
658.924462299
112.118789654
904.835929972
772.101451111
410.529411265
777.796813339
809.75992778
439.05266818
226.466919864
127.147808781
955.541166254
720.386229635
369.691337562
812.139483015
597.497459939
241.93513631
17.4374360803
336.214183828
969.410160776
595.581387887
492.09608906
683.939819231
187.949522288
53.883924502
269.112044099
350.454252904
401.444525996
495.285221587
46.0759535181
234.909077385
365.570606895
179.484899387
335.407601822
263.474464704
450.284389904
249.763638562
784.341493334
446.157697665
892.211964691
385.611596751
222.842569665
652.643844777
378.480102629
626.024923056
301.696128664
587.397186949
245.430651181
87.46156037
67.7334636539
474.975409404
999.371787523
992.592612538
75.4137354712
237.009721984
423.123668317
147.748113873
374.306828376
347.124716685
488.149423134
14.7343790583
135.53752854
162.944809248
140.95585196
795.623744807
408.935823817
549.171098723
711.680755586
125.06964006
984.502975399
703.984794528
823.487749034
569.674252451
284.977747708
485.703397159
403.865162406
828.971925742
662.529459943
71.7485444923
302.190475537
714.685685319
901.316299494
428.508754496
152.556339947
293.7853996
553.775522497
412.536302581
419.963015096
667.171946703
991.604788494
94.8879949816
334.652965881
737.380858895
323.203040963
6.18993110619
550.819406053
787.032079467
447.668307302
254.885557961
769.79775626
238.627395174
449.677709433
603.295851644
237.698425803
942.034617577
952.572446289
873.156278537
605.295150742
760.48843182
176.37039127
880.132085476
541.996448768
389.570246665
317.96221854
634.953228399
45.5155213702
195.693040816
821.775631604
753.091011162
80.7735622612
137.274594551
109.697985875
884.776768444
989.613178477
556.032535082
900.897296923
516.190418383
228.895842406
613.72427044
919.753651541
743.850776595
978.688373449
14.6174108466
701.542095945
993.755012484
747.305938986
177.929237182
650.279892865
210.379796398
189.029975895
595.998892283
835.084397069
47.9108916545
854.387267552
793.545325154
776.563706374
997.944800822
966.013027049
142.969890666
87.8382632913
911.69270684
532.246008369
413.872163865
119.09201351
330.015583631
110.860775204
93.8771427611
427.104271512
509.242915358
149.721570611
951.529650548
53.4173950996
606.276794226
45.1348658958
980.896377975
348.59873293
509.865612128
744.136065344
727.549249578
757.384890794
896.092770474
749.356719176
225.333471997
113.635388229
637.876177466
831.430305901
61.7392749339
47.6252319106
767.672817135
944.778025524
709.22007678
789.250176692
262.143110669
231.366155568
571.127660871
17.5031605005
862.127940659
514.958817474
284.947456884
36.3932502353
943.062458673
578.842059192
88.5750097573
67.2058938871
986.703082496
667.153634065
269.749714882
807.417958075
453.987844257
883.978098049
90.4738573395
162.529963111
121.349745571
467.208494992
287.57596817
236.958711372
895.890358617
709.937392004
250.322625734
428.921374989
24.7420607191
939.027513491
534.621824019
77.0770009236
297.210130128
13.1053062183
218.66526344
694.036761993
2.86504863525
48.7343717465
722.478967981
672.280204555
175.64851808
636.716106911
90.7601658896
285.311815908
710.597105932
723.655618482
519.677439871
131.035531057
165.964317095
455.45371511
425.515669311
896.316615703
748.604048627
885.841092819
879.814830127
409.05037495
245.460195968
608.397757462
433.618726146
646.1541353
417.085224411
602.134331105
863.560401717
993.050388662
736.94471607
983.98358659
649.238990288
475.466344323
322.988410067
954.65488302
241.363421054
247.14348239
884.91826785
858.321484112
187.762087004
183.108813223
569.352420537
671.359221685
917.271701558
67.5416304963
945.761540842
997.337671353
639.977095732
657.877628055
44.7042794895
228.233724739
576.713768931
247.524497731
20.0971869904
215.947091669
142.509763933
384.993665054
355.465087663
483.755242454
881.22715431
499.510479368
34.2538981293
356.55398282
17.3576482206
535.704042832
244.46931859
51.1695796525
857.546595095
194.887104545
169.648689339
817.166083259
939.311739908
975.670441493
833.518816861
675.589994305
744.483959313
489.732206791
38.4910546118
654.532922092
291.712525866
791.179886525
275.351122305
126.356414682
613.459071764
238.715226248
272.594522237
981.022715654
362.579789924
6.33027509093
415.035922891
73.2110917654
666.919027869
339.666708308
932.812651434
835.95741528
73.3966853029
741.367189928
346.228795663
795.506539568
207.870275389
840.128650706
937.373633483
301.921248927
511.419295835
469.424131785
208.783684834
264.480518238
224.629543651
741.785986196
690.935276
889.598250706
770.401301776
915.355527328
876.012706912
344.008086924
601.616691775
34.4760301956
932.845691647
530.591045891
391.432279929
962.374478307
836.930300629
309.921983575
658.81431685
201.391849701
910.967247657
913.051490227
773.25054047
675.357176074
933.556267139
209.194043248
334.427365543
155.498489833
602.278588496
748.703497009
213.689103795
493.522659034
986.08373673
37.7093242764
165.259960709
901.276501048
969.432996724
858.245848822
657.05144963
110.897793962
616.865953635
961.243739269
444.985848285
887.346282262
689.015551844
457.343144557
609.469212185
558.299617815
586.880572082
996.548319453
267.895107223
977.71820192
172.946460399
191.835297162
403.27725234
743.190906121
319.699337234
810.515203558
241.978487298
27.3551463254
332.965123669
687.435345639
620.502853373
402.787190675
775.576197816
179.056424486
658.634013086
155.155338582
833.266397934
446.485931614
452.198768727
464.4637355
937.497469341
825.891267145
713.125726586
898.719738633
86.086822114
664.071914461
339.484357413
548.241676675
933.600876255
215.692956717
606.394541304
736.713281428
681.998220634
311.905415833
334.818545217
9.47643714987
863.363267325
771.279621295
49.47226329
331.400673425
230.084709663
573.720261151
870.094263606
636.700892642
273.328766815
40.2981276278
929.409479179
878.043965242
750.000035004
616.576066602
866.690834464
193.50902047
549.722456452
85.5419641037
382.434949584
350.822907943
903.445475638
668.941049953
76.052428109
774.324147756
842.479417132
651.333658093
177.873640564
959.403684361
914.169924289
217.047489573
994.201037371
430.143467439
412.918197137
800.071002742
471.093417496
910.46529069
228.714604117
975.366172293
281.735871003
42.2157310725
78.923011697
819.166030591
465.277935623
961.010955883
536.281741416
291.170163804
248.11885901
680.236899411
377.528426586
931.945606188
552.242322367
294.813037895
741.527419334
272.471471914
99.8240013743
384.324165428
786.714542203
518.962493836
814.006974212
311.521766217
900.88033008
784.483396192
663.838809534
84.4358820833
10.0513889456
497.702841217
592.201773674
817.914653662
138.396670165
248.139050232
993.190559798
512.499492277
493.709052696
683.17691308
707.614598609
331.51995191
392.989793081
223.5492412
390.652668744
784.852182126
113.082545094
921.470294123
873.283334235
622.180114584
798.420552814
169.336874622
345.27038419
111.984309197
672.592301471
980.604489666
652.008407542
620.41349029
662.68117749
420.795027951
449.360074223
960.875673262
457.885617137
651.330352074
831.231454839
599.834002798
68.1872429255
347.607195581
389.483079131
296.099463627
307.325495042
173.500457104
594.092232741
191.311262416
860.309123907
833.757667215
229.634884374
979.577132955
913.640692129
926.377718984
265.582056106
767.342486659
718.260203825
482.335438636
888.345318931
989.864762883
740.632111063
474.640771627
824.465050922
801.973604017
976.539029646
604.239636452
289.51762543
160.662634421
849.243852296
811.237469797
356.365125274
802.421494735
26.5250866747
418.029025125
141.063661375
999.597370375
198.927360959
580.248173131
218.360566541
255.090434704
392.601313541
791.438708731
703.35741409
512.367291751
802.090711645
978.827615548
352.052831353
821.994312429
464.781656071
730.629613812
812.219393955
707.922794094
654.934619797
530.351153419
897.490030849
972.900509302
930.876380028
758.983800301
598.51860063
943.700228833
328.267381335
548.990389029
219.747602102
332.856768685
48.2708725622
304.987485343
563.551139437
426.377070805
441.97652844
656.931672659
586.061573604
891.99071954
909.296051824
414.46861486
26.0665044348
766.357587586
937.832825086
586.720571372
257.783741918
875.076492027
416.304705471
178.629942764
21.0949622758
196.702777157
969.450969514
306.882377818
621.784780227
750.569941773
383.089076939
551.521863845
420.059227669
621.437907922
988.123148523
381.469797782
218.259825682
973.810479712
212.710064833
558.646300532
248.156148188
943.216276444
933.742894892
149.978988046
605.019967095
690.348813132
373.156868756
