337.039867266
230.359125325
720.551994987
754.482901925
652.177239283
155.265825106
926.254744809
139.053712054
762.979531263
879.076081571
822.089020525
518.826475806
194.895534489
836.550110503
59.8341487876
710.959881219
547.852089296
835.161560777
227.798601124
927.932237257
391.257275797
387.146402665
965.302761777
863.910330041
852.529424821
748.063080411
195.463443993
240.127480175
632.653783423
183.579642583
560.176326737
210.823309558
606.131165948
60.5143417156
238.482427668
43.4693968036
988.194360706
127.810947958
945.847499787
752.71312775
957.811146751
218.293149653
845.538082342
479.013186666
348.139367919
269.081162049
588.307100546
384.468416004
121.615747966
236.641390783
465.220276218
311.252191444
235.96586969
373.293067806
817.159659978
193.420427251
725.008268948
963.210170937
675.286357908
746.016816606
358.743368115
418.146719783
342.453204471
565.438792399
198.343704994
791.551116119
856.427377878
883.001850069
850.664043009
473.547451101
970.70345503
126.246550681
181.275035236
475.705898616
226.919484552
637.24190473
893.556779393
871.251168783
852.406531511
116.458828774
330.9364542
946.874817846
355.343947245
819.941402855
985.572089346
297.676788568
573.342925506
396.355025817
55.3142495647
15.0410557802
842.48159393
94.1335809899
583.815836682
16.5404623142
480.708034704
952.882545972
299.699998073
28.3058863067
641.857326105
806.614688994
783.286461202
205.893197898
253.430463792
528.504619131
753.29261438
958.858163916
65.0901347906
746.090561936
488.912416934
283.714012881
711.41547352
600.892169554
599.140834711
932.033232091
191.979571858
259.963614533
311.8350332
95.9874033453
163.675604485
681.007398151
570.476933141
494.315658226
181.544344137
64.8372583471
803.325396414
322.513772935
593.758713318
598.575199666
172.308798633
188.142695788
825.462261541
774.357911523
666.506053762
86.2679988641
459.284585523
600.332850813
873.431496326
873.838444549
769.91536517
698.996866323
673.178644232
938.460158308
46.2972724356
58.6779791235
275.378496578
660.572166008
799.16320736
791.380609218
593.571160604
25.424914285
687.902328151
153.906949951
141.049252048
87.0592939335
978.165257568
215.409025633
895.810403227
21.4733045361
980.508580461
645.406129317
849.878256281
519.427190863
126.276379291
225.635188944
735.110946461
688.485829233
308.616492507
753.128868684
269.60984975
420.129064481
877.178266135
706.479898072
515.047055233
817.421253622
264.541454115
273.272036559
995.351200271
706.450614068
748.632114723
717.780027865
66.018659425
76.8097159327
678.774041868
143.516388907
350.007207581
10.2815634793
781.535688863
285.56113433
902.15610908
286.222703144
312.616043657
417.837314844
28.052018349
37.8885528956
170.521913847
967.783593905
119.268240809
345.714604676
501.987876614
486.499357634
558.694145059
359.581017649
976.139918178
855.358788738
582.073248505
753.630300934
719.941958884
335.184313439
697.839115185
525.349747979
308.992689995
288.605283768
352.579702178
775.84270412
742.435995371
608.407485914
624.485665071
669.41928644
80.2093965578
936.643846987
633.218070559
410.205045319
733.187266244
274.051391574
202.530433121
737.224731323
694.747936564
290.438964743
236.289230556
360.173260207
733.261755067
929.120135768
652.105517349
340.072408014
452.158099121
461.170070962
249.393829581
604.678938514
788.540865156
711.638673074
431.21036201
590.696868697
324.396909033
817.708664382
698.649612333
563.834772901
843.578725574
570.957374082
553.12553346
818.782023221
710.937941374
783.462639926
161.029372873
649.612576353
260.18434202
363.355060452
709.800205626
747.728094326
550.507801045
134.287130511
440.161472928
944.648340177
441.176182792
875.815760395
901.368889038
993.278425348
59.1965288613
434.697878052
796.017991628
23.2983842921
746.233427506
203.821761125
7.71565037718
398.134579436
989.534939167
934.477819278
224.329034921
412.453030256
155.326091225
50.171923447
698.680602521
944.887395386
485.376661471
569.343109019
206.91216815
774.214326958
640.730096089
406.355903135
241.764201216
388.025679283
939.243322445
487.888158308
675.792963516
624.407260427
727.928574542
918.301061875
293.779063692
417.421814756
785.870878668
65.7601096832
937.913171818
706.852558638
910.569683425
40.0304057761
624.340750238
892.165600181
976.060558785
533.752998465
871.364621152
851.753340003
658.577725302
114.204759534
539.721620696
502.621450888
751.815703065
507.247919162
419.553357179
127.336845661
63.7189154395
75.9951083578
533.521791895
735.677231736
417.472895605
847.828971752
367.031997512
643.082385812
284.604201972
931.27950387
563.423405742
61.3566199599
854.037159341
873.726720926
771.614396322
542.471442067
454.018237326
738.496613236
492.443639133
277.548685791
16.1296502837
419.128205771
698.664553081
776.657540305
237.355191723
940.993133371
634.75471642
91.2768451458
597.979163234
450.598032461
756.45259529
719.207741467
159.024549685
707.231354903
275.529235258
957.316375776
992.751502104
451.379713002
857.102936235
71.1728053365
57.3817920035
551.926404412
169.189038637
281.698707862
942.484834025
488.401015868
189.96806714
379.688874312
366.351397782
125.046589243
190.056084603
692.877945338
905.464602524
653.540183465
224.205314892
583.485726113
559.907020019
929.057854326
391.713944425
396.373749968
567.825841538
820.8987152
520.576258181
656.984290459
494.058234309
533.048490459
678.544841891
681.096752891
496.20280792
980.997828952
188.603402498
659.596671309
682.569890919
920.465338656
642.321765087
598.664481473
27.6043536926
192.721509454
497.134540926
741.308060169
559.722200213
31.1299801577
721.420436386
142.401880369
245.418465299
892.330928992
565.151954632
809.991570474
608.563521628
222.214477254
166.698165854
627.447846092
516.880452114
709.819797306
561.220950243
896.353056365
639.713419266
985.343911147
325.056047549
220.760566257
672.889077627
951.090123356
333.002143256
762.816710999
342.764809549
18.9979400703
963.405653621
734.510161286
66.9824412191
307.970477047
857.901687807
737.973490621
53.1493485091
719.030215994
170.979781917
846.671623214
218.2744302
56.4970288658
484.330885895
178.455133673
15.821882845
753.372750506
889.937492189
258.611027147
262.035061448
201.615019685
74.1333164599
499.923099911
813.13843708
462.269388303
609.207899196
973.7830711
205.661973382
840.077884228
204.952029047
681.600581203
72.6006183552
406.841662851
85.4798106853
77.8622081583
576.488247959
991.626304206
72.2235225242
195.868933545
70.0455486992
777.569238115
233.823926072
967.003637654
70.245401024
979.507838672
113.892632125
191.922265125
474.641707803
348.619123017
619.907520768
360.400153578
954.770227882
725.335876517
213.865083638
533.985023518
747.557098267
664.184225113
397.448085225
448.265170154
396.171195135
369.285547258
558.440007463
644.469746994
83.445661329
14.3555985069
500.484351833
158.139743418
52.3852925408
614.490090659
662.156652233
45.954848225
15.9348081638
200.735167528
383.857094575
547.42987614
437.63325701
61.1476319784
273.316780627
24.5787051875
980.364113751
2.00814584532
623.469173703
255.334971324
496.332480052
17.6528279325
161.386831317
984.728761647
289.310888183
434.222297964
13.1193764223
458.216157796
343.547238292
449.860722439
559.262439717
500.49768045
570.829180092
236.43446131
800.388178137
886.060622045
0.778603037476
438.921785097
991.64252246
517.711349951
21.0662699601
297.520673911
303.379950983
777.947383651
45.7026003908
389.268989749
852.453614853
496.431433432
388.940220885
41.67202235
730.415102831
636.303864611
931.869894374
96.1549190983
343.143973848
487.674227575
569.54408923
969.257382821
865.550548933
906.66115991
113.726144564
886.438737365
626.320100521
789.018549557
790.433067947
322.517933692
636.157433724
517.507895192
160.877223763
905.007799212
614.834528536
771.14606495
289.664462171
235.00473352
483.119354941
777.5115464
526.889123465
667.596743571
503.058848206
755.421751021
281.226488544
440.905716796
483.807514011
606.57758282
959.440112139
932.196143637
691.920066502
142.663186881
12.3049618321
761.510956431
717.1250545
104.871948713
668.271407058
596.813569569
789.991112613
408.823255435
994.139979258
849.03719021
948.420007162
33.1704843366
469.53396252
556.54939426
747.602955144
987.008695889
89.304248694
945.490821142
626.20906382
581.69762391
432.332876911
720.520429512
948.32261368
352.902526039
503.116839212
617.670159067
469.472054727
371.650361209
685.405019039
93.4877623033
949.122804224
345.919751345
775.987041339
130.762731195
430.536922931
272.101697399
11.0549326519
578.66152924
965.9313104
662.808581617
424.695627729
731.193026367
446.63324642
605.304558273
386.222755539
888.303292116
683.292814405
841.134799556
393.612952601
577.211271003
457.253245425
623.43269027
723.881244761
407.38149392
493.702755792
135.033310238
736.530758572
441.92506962
20.2506537416
181.500159246
465.386800724
203.961473556
213.502812749
168.77129482
947.138365807
287.969944749
802.207950868
36.9149015064
308.03621909
695.466756749
99.4136122627
225.057463547
797.824296823
774.892227267
118.715764398
228.926459134
317.845619348
368.09732042
338.182626613
138.947839023
964.48968315
608.100198675
5.00735958079
100.348048833
405.332672611
383.138918698
967.27698438
18.7655966616
464.538286831
976.283867302
358.53108327
42.3044764127
213.390064317
744.909526059
250.128783769
708.250738547
181.086655864
22.8430142544
534.372080048
161.842992384
577.970806575
669.40896706
562.205978786
665.299699295
680.727811631
436.215218996
605.714100927
77.7744667217
373.265505945
390.942815818
361.219738348
518.333933504
345.549003632
385.801611817
957.901473092
657.157746587
104.89580743
54.763135657
517.903843314
225.648225047
94.6843454051
517.796610464
72.0664153426
911.860800099
632.068437247
495.996621769
453.510155875
57.0797110974
533.819886515
308.912088541
340.038281783
802.202054452
329.617600489
203.661726181
488.127499521
336.175186984
748.016362027
78.7680480633
669.227208384
678.154522828
556.973411077
515.806693493
571.477100443
96.6272608838
38.466615215
442.408660256
423.415494308
529.915078282
215.400395737
654.972560025
678.824025598
372.138722399
573.657827259
819.294005483
124.197987902
70.0854216495
975.660123911
472.16921814
467.00170753
240.86135981
387.78138981
777.142940971
648.922470327
843.588684661
858.467962006
756.605303007
188.695058676
189.204366993
306.030163053
528.145839372
828.899526493
513.258247615
491.67542208
976.429726425
213.427586449
272.165959506
132.516939747
152.953355921
60.7619767786
399.052374497
105.543568655
370.660250857
805.598461135
318.009608946
808.345936198
772.563110112
40.9994414623
310.481965865
370.895483413
297.982562943
474.088714211
204.542390773
690.220801036
223.636147765
448.687458164
602.918484124
601.129385548
679.242222179
540.60879345
327.406587443
170.973285406
663.309127027
890.482641126
903.337621898
998.440858414
550.314167493
932.193428133
850.704016136
550.149616879
97.7464134956
56.3000820205
537.654225362
463.764184487
603.438357871
14.8845834687
983.498857711
709.31620698
634.989384949
56.6587373557
769.12396638
143.964952151
317.80908254
138.101711091
11.1663914811
80.0224369529
255.228544265
651.07801122
941.151729945
378.680139196
490.212508873
585.066241213
923.708329324
718.554518444
550.468923824
35.9215338981
349.955179858
202.113450335
897.291846336
917.180834847
148.611706298
272.148605002
757.716555129
173.042750647
960.499724324
595.555085037
250.321231555
457.213034564
422.564667705
699.948995976
956.157627275
176.572139812
964.182015094
403.244962199
434.358611698
988.979306608
260.71806053
574.349346258
899.999507433
330.418897791
134.369718163
570.229368948
994.408466804
603.217906132
529.834069294
89.2403905769
231.06120153
288.310141781
804.773013469
1000.54078118
184.225797682
202.994644994
615.403388863
320.728290001
776.026785311
775.338246385
955.376579286
189.423491268
224.719334674
947.359351017
130.201348842
449.206084105
876.424151796
0.0850917870461
868.083203499
138.155332423
377.276181704
898.816245962
59.4325170848
50.0942313381
90.4302270081
845.627232797
659.949113058
422.326817274
313.330422369
136.014774168
617.04964827
306.99044037
654.260184216
115.551615813
839.254724037
384.250331746
117.037893352
117.074142442
741.378987996
394.227807429
344.418689453
849.501961026
873.918613509
333.004451205
53.9805359388
290.675145107
601.868297098
730.882198978
803.616091935
704.790386879
167.540660988
69.9398894234
489.598570288
386.153261557
246.654407817
519.295736449
366.517508563
562.139982321
399.363424331
40.3461398413
544.736420478
143.749176251
541.920626175
554.596550182
267.089442208
712.249849654
198.201582196
376.75549287
435.959211943
88.2103285811
915.998962912
369.020924725
388.605943572
601.90446664
292.37807112
428.344693533
977.023190985
751.482180417
255.034440936
535.039296447
861.751870293
505.334668629
842.80242106
82.2821487168
754.007128431
398.281318674
340.995157849
854.776521074
274.60296588
916.515843971
736.888275689
672.738581021
546.046383389
31.5007908863
377.607736233
863.69665339
280.221811163
431.680877557
561.194690113
304.962107654
129.173914618
20.5887536248
927.153448416
931.587008657
585.756605888
852.415003249
729.466464979
193.080022955
169.149407736
148.866188284
765.798759506
31.4810246732
659.126247809
20.471369998
265.169938387
714.784512101
905.948343956
136.598524748
263.13337184
67.0045345867
920.961624422
932.357596425
537.527451338
645.418217215
379.92345731
665.420226774
324.261544075
81.3565353294
557.811817081
56.6957772239
1.7865720933
607.029411696
549.009064635
565.004850392
858.286088045
425.810824524
267.35636673
881.001876909
342.033242872
354.246950061
479.524155592
829.474899796
337.805610963
492.874397736
108.002076865
895.389210767
297.379149106
3.50261189487
750.306245752
457.224522898
311.616762898
895.483935112
296.749740672
641.671850251
784.663042112
573.261778187
718.202133224
871.38378308
88.5344797331
839.131805442
179.246998407
