100.186399525
461.28574693
37.1757123003
389.742679642
969.61383826
814.441258849
531.436515287
434.921834235
96.363853548
711.666437133
918.156584062
786.368887362
713.742440249
319.978623022
722.775912217
235.116275896
604.810178528
948.444873051
620.329531437
888.022063619
318.072683769
77.4485650509
376.213231403
783.73262954
468.76216973
950.038057584
74.9121993155
18.5181303799
720.888408028
372.995746162
719.139114254
350.618394954
481.302626539
169.568234095
469.447647089
690.351981644
830.567532751
442.145351066
893.763760528
361.915127019
146.086665178
946.560950983
461.837877877
48.8803517496
998.109427587
915.47324631
908.462989085
228.193051713
979.171205058
919.408990322
646.342204315
31.003545089
488.755599134
400.686006601
452.944037139
841.603090456
922.180789992
530.289697514
792.174197568
548.11623207
455.922019048
189.307857504
621.704125415
424.208901008
52.459836211
184.358805534
413.521244746
196.478958005
373.486706969
582.970752468
997.340162323
23.8096783406
276.078300555
161.809802574
37.3255219937
80.9919140517
464.533514853
259.941439954
344.921956718
772.237318177
779.699746155
212.260680219
898.800669633
98.7372016848
658.523111108
331.891079757
967.671874137
899.00490013
593.313870646
917.417223387
584.304036709
216.178037439
946.664450022
184.91811301
513.808684105
298.520420385
354.499827287
740.194877035
3.15776644003
949.606440941
954.707264471
735.120101311
902.987425971
601.486387501
401.348861794
510.38841946
978.419084633
624.863616139
371.770171568
525.100946239
45.7996659573
527.459127284
692.965054061
485.696653056
191.628021782
325.416787478
854.253058699
717.007786723
651.53132233
110.959595529
619.546396945
860.714641092
726.346864744
202.302817973
996.573040462
7.20627303945
982.388265727
440.125358977
414.248670627
178.841252407
245.590968838
829.023778802
406.628555761
769.889154144
564.338260797
603.9881694
233.606392904
923.116386488
187.418044938
768.728126962
904.371876385
900.271530726
615.674402596
548.252478615
946.015696707
964.845148827
938.909197946
237.113325581
370.308283995
344.973851985
357.092787522
930.443656631
294.570847282
22.2266544863
141.798099211
427.875643177
775.190587945
412.382658258
788.212889633
467.850411784
920.013212636
796.316281008
570.14171502
270.797684386
739.645218364
313.025328357
118.153808003
145.060665476
540.979301453
309.648363764
485.330995557
528.334356833
862.642806325
259.582358349
885.96809056
704.806667667
628.298565728
827.94805602
934.185519632
147.519001685
402.658073516
397.294135624
729.581043
336.488945079
537.398961938
606.73750287
591.414995885
702.814679174
654.884415276
1.70344683893
767.790989424
745.276277266
165.163789795
288.532391229
442.600368616
588.55943579
522.880713851
734.987706244
750.194154162
773.459396744
714.718006856
655.316331232
238.074244442
693.640513939
303.897754049
890.419072425
334.610208689
888.055688429
52.8117341277
411.996340687
334.491577652
998.720781656
684.859523825
537.05472795
969.727447312
776.168019398
325.234690331
942.114175662
677.995617091
305.528956074
210.641937232
709.409472237
577.978465924
796.310109632
409.572806362
263.971226252
718.561814855
447.002256951
202.399528494
330.15406487
478.697031609
736.801377334
213.672549295
44.9658651263
268.190473795
215.618094551
91.2728014132
430.514234376
842.451191723
483.741526066
610.937357355
446.478918932
733.71083521
749.095714419
131.143062539
649.507457672
821.609586434
421.960232806
202.25812684
154.542426169
405.823400378
488.496589036
404.624412224
409.331367827
391.497671323
632.641513683
243.957989092
118.023717966
497.754984363
241.927016202
122.863077205
674.312049334
660.672411223
840.927895596
954.182353976
419.729621691
109.769715647
928.593873768
407.42344083
852.295287043
925.956072936
519.282519353
950.006785538
805.672195982
351.950022793
4.07239393014
208.623291669
818.747584355
768.008580969
708.229384839
534.760219389
191.1950057
346.653185612
129.42307564
873.47699432
724.034859183
957.426431814
724.200325828
205.94562516
122.141117337
928.741285096
316.291252816
467.617296435
875.628875253
554.109718717
315.862304912
616.119665788
40.1602948439
48.6505896657
369.645825701
306.551583873
448.902813446
589.693621854
588.798157001
702.338535262
481.662327437
152.196432899
710.027074493
538.809459125
38.1222686769
151.24250071
604.901703232
634.770604036
573.656265098
718.021715586
902.547972851
509.817385058
135.189882997
749.289172389
53.6164721612
569.984578552
79.2649907147
147.079834442
826.321273462
813.987899915
329.013196019
911.938457264
826.171407159
209.548377805
19.6637739395
836.330195231
167.419849888
378.511048579
716.613923912
912.614073172
909.873132178
993.766376876
20.2533676292
149.256175511
733.58452779
436.893307156
26.4532678317
894.349753064
803.084848912
813.827098149
591.480611126
521.583068188
670.471686334
110.777495541
270.38364482
138.690136901
81.1871724813
760.108645895
590.359756233
733.510512921
534.645670127
292.484649504
694.998291534
659.965107016
945.642425057
831.077490846
328.097880474
293.872876929
846.912324058
941.069255627
1000.2256436
829.061959097
192.563997958
833.124919144
47.9647355204
72.2083658979
184.092463664
308.00422189
271.736339054
907.766628893
428.737949304
766.641574246
670.79727915
112.745104575
742.161150677
922.779794504
764.348275408
692.891419284
120.812912702
255.210313252
800.431056945
852.668530268
71.8088066797
103.940227541
242.007329575
191.678786269
544.598567956
934.723735517
790.965389689
328.947479075
761.664945479
164.709145145
804.006710195
916.949011542
383.272843801
11.741668324
807.037030896
571.093456688
500.597307694
758.499717754
892.432169783
477.130804771
545.714446806
218.115806973
197.485788987
95.0824256729
764.984864283
363.858944864
326.057316192
971.688707799
85.3810684298
959.950760521
8.98318993464
625.120775442
684.524148448
783.884276619
979.049766797
335.639192019
853.283401033
564.132180774
11.7562470787
948.663024988
401.053471315
171.891307109
101.806775007
265.69716894
950.932773811
503.112952749
548.450544597
738.518930049
587.624142379
512.1589998
420.569044881
178.562572177
687.81884536
119.450037599
616.888175485
820.975287255
819.67767794
699.019241894
909.528595729
89.1386780456
464.13911516
806.40946222
198.143582097
194.292669868
338.445343583
530.42006256
419.227869016
176.599271383
894.9087441
621.172012597
582.070659275
39.8632429835
347.360718261
708.646703772
129.176253
934.09084735
990.288738629
44.9363557403
231.129482252
609.699269297
121.68097193
775.244752286
365.335406572
133.05056651
643.834979088
910.913775845
729.248475295
371.337165713
401.654217067
68.8623831515
650.187416217
75.1961088886
613.725358157
562.18881744
675.57443646
697.926978205
558.870017432
397.062866954
722.897320084
9.4954923534
405.811295852
587.198024198
315.140763091
925.459574238
735.048902034
990.777153161
739.924608139
8.78504350257
371.822446315
279.86923349
711.39200123
534.571995164
755.534774385
983.596297784
847.709044909
134.173440131
509.135241666
482.901607656
804.206986392
572.420943074
86.0564636143
91.4261320319
119.035976701
530.211714474
999.756224643
30.4090022599
551.883875929
654.650219057
454.621504261
118.053731327
731.832379254
891.347020522
700.45723831
815.390839447
564.462048139
36.476847629
881.764435927
728.197109627
775.466353986
32.2747886917
234.562010366
660.432021949
535.921207259
664.259136623
924.685632172
185.958584094
461.156589983
253.793142077
470.879458703
793.400501683
427.155761728
234.324640153
558.331963194
231.278817671
59.6982479944
901.328695424
978.812274692
238.279229145
851.866933253
0.957599550123
130.859425224
824.498495918
460.641713658
382.195531238
309.136101641
253.57623739
520.809069484
622.123300295
718.223056631
146.33990402
505.740371901
234.445877946
988.337529101
530.052680349
626.332933631
878.987213274
933.030622245
98.3286599413
749.082324784
974.720284823
389.677126242
348.424909958
665.488570676
103.999931614
63.3023520786
312.966122864
340.868400712
1.24671090468
161.530010184
85.6827410603
637.330820963
496.455799153
935.788921353
308.997245497
171.849824027
665.840082835
609.549652045
247.234341755
144.630674552
849.167347954
808.071567129
106.752380888
220.011249584
448.058564479
261.633139613
168.045964166
724.303370618
624.26018877
911.515203006
225.399564421
260.194263157
351.610262443
180.426839227
974.765439225
160.681211494
910.652249973
311.598850763
536.321168241
371.735425808
667.666441689
976.510440179
649.025248338
929.521666147
480.140999519
471.850633031
590.708248207
145.180795
310.997378363
962.248621446
865.328259325
668.331777535
772.368876329
550.786418737
878.588980685
421.868962622
671.768164962
399.448482291
752.598645384
433.243912243
607.617025073
879.565443518
58.2929294435
73.8497593107
204.161641606
598.86512594
574.335913563
352.224518584
528.037132591
162.41157696
658.220677578
882.10009329
647.492025095
350.182068924
947.217051004
934.122375989
110.719889382
254.209812476
424.054467005
244.428996056
825.679614893
554.379281902
222.749559605
358.307529724
599.199174054
733.202200626
907.585430498
707.878954272
1000.06162106
960.254865098
582.224550922
701.99694603
236.534399863
10.804280809
559.902424092
272.020658381
420.621392027
746.324766723
747.729122049
206.442772735
753.011622345
324.184899285
799.597036776
844.232421316
264.350460651
74.0894452395
971.376169298
131.729693133
743.093099554
609.610284556
140.625294382
743.839549923
537.990475233
148.49763908
164.125301807
995.327962521
70.1973013966
48.5719611061
716.079851347
45.4176614062
886.609763227
676.09946468
44.5454576699
341.761518148
845.924235801
878.325579513
237.941196754
706.327148747
254.751834691
328.090141604
711.353841688
76.2567289338
722.368617463
130.874046141
937.211242293
392.061187854
804.2411135
638.184862724
929.852347761
600.196745667
322.75396056
211.324682464
697.840597275
402.466180908
887.118505649
963.440784308
103.865461497
664.603790708
603.328748341
20.4593887369
134.415470351
421.512630159
948.939820623
881.104978713
440.630543518
588.848669816
900.593222858
220.759620558
526.723508121
779.906368809
78.6587434015
471.587743506
226.858311835
118.096608929
282.744743111
537.491492629
740.233591587
169.007327007
639.448810678
454.973079307
716.345257232
74.8527346383
383.450282071
924.203767495
302.818826551
603.707718557
164.669429292
36.5667347125
191.033604885
44.4593503055
22.9463218709
713.374568062
628.314347344
564.78255195
318.935973232
603.235217368
534.681144034
980.236285477
69.0619906719
459.010129072
138.588596797
909.742508746
626.212165592
722.846877928
101.588146652
967.581858127
298.686831997
881.782049993
651.471102866
360.310919288
960.814562154
384.363111354
901.034168793
81.047703319
556.860348511
224.72759439
836.365627203
326.378988451
388.194656652
565.917765444
473.466919969
157.859548405
730.182865737
441.82994813
431.952754165
250.20300012
736.299032946
404.974034631
962.208899735
56.9613785594
852.05123241
371.052448317
208.712286196
833.882028877
508.656390178
378.662329083
144.298361497
179.258377607
940.467438686
738.505463943
152.673750602
378.136540338
718.556348249
824.408358049
204.531903491
8.40392203372
753.252115613
469.859757088
432.480995553
599.762649474
487.161195389
853.920826673
713.660553114
573.275803583
471.946166777
126.074684559
935.185450008
568.684072138
904.337203728
882.444628374
297.78060408
306.736588153
85.2421013393
394.477073948
535.303375521
606.533566739
275.263342771
939.050031849
562.724095505
469.515471402
115.138446584
609.162785784
495.688125524
862.853543783
382.157656204
947.153010669
493.726300044
546.67162549
828.258726924
831.408565624
273.851869385
549.243464376
140.629222769
676.620746228
505.156098831
277.353935312
491.736638618
726.590717812
988.679325669
14.8982805642
659.288548636
939.416024408
236.627991488
225.16636463
51.9587303533
972.590752418
541.623228837
296.66587049
793.271955859
248.71875904
262.096055047
377.57693335
946.402508823
718.539274394
349.03106772
428.082185254
776.386233608
737.020162881
61.4958889566
61.4173806386
113.870801118
122.982241996
227.727683724
192.760781529
220.644274537
56.4216283066
516.720590603
108.623280885
187.198584674
532.99670294
415.936680922
575.75331455
196.128226755
470.259903515
730.04145077
206.000510195
880.845083904
975.953973691
653.827824321
181.844678201
88.5657045379
647.604219766
315.858484465
939.091890141
916.467936984
640.066045504
661.084494458
644.811415823
74.9418347058
401.691450874
991.512957402
689.014097437
52.37102928
691.638383169
427.291679605
873.509283838
339.911757405
311.553000316
419.086754194
570.637883683
532.129122466
317.933275271
255.244479612
289.173551691
230.014954002
502.725054375
938.63027808
48.7042983166
876.717554001
62.6715115701
616.675526646
487.246876509
154.525663358
951.179861209
747.122924796
985.779474342
100.179353449
828.616614626
49.9445864407
807.911339494
808.103371625
731.485289179
139.544984919
492.583966181
406.986258858
821.021004911
184.215212151
179.545784234
69.1347087845
838.970150266
468.444207418
198.817222355
474.711548199
239.267430853
705.269150978
250.04192097
768.693660175
165.628429293
451.979740639
32.7619525622
920.014351761
245.424210729
178.537813691
115.761196272
539.082069184
461.592844061
308.048456929
157.394473424
911.283673912
241.720734433
478.667041664
611.837333904
415.007483799
570.129895538
951.343378042
176.149588741
466.946891287
20.1892307727
583.257698079
403.239674831
478.485299193
369.918813738
622.921164295
567.545540455
700.360134193
712.050294503
394.185377226
930.516294503
402.702393975
584.414067207
336.703829891
359.171191873
914.128859884
571.612608274
463.186213545
229.753012983
498.256373849
240.969160634
270.240398664
306.325800644
803.385559083
392.441747131
738.310196962
673.742652827
546.458519593
555.382151991
434.037042514
714.02185959
143.944155735
382.402925959
902.733025646
517.723007283
264.79848662
679.302454917
