81.9425549988
413.912449183
31.2919157792
84.3733998537
814.779642349
958.624980937
120.399041455
967.056853318
429.936965951
675.524109349
11.497955511
540.969489077
304.556451679
670.076537285
618.890471409
667.687951109
803.423869811
958.016352305
630.69137905
220.751737734
571.968432387
829.831010048
883.545560517
407.40212395
571.839841492
754.413409978
936.194542981
964.780864381
667.629546186
382.624497754
240.848719994
280.035584054
265.20059237
463.93168275
156.565487386
429.370280289
566.313414715
504.662675702
163.633980661
726.705824798
476.434262488
87.1813584271
723.706029471
765.12671147
374.946723086
150.932993347
162.663670021
841.182055566
567.177356417
764.931710737
753.946897459
160.781428423
518.045295636
400.628845045
696.019591864
888.045909619
861.982268631
445.792024353
160.90791968
711.034330783
953.323512949
879.071336917
601.752228164
249.355692217
135.583784699
614.005636186
527.666799955
360.400691001
873.961487347
100.075387659
408.140750223
90.6446879427
247.738379187
582.850175328
588.760350318
47.3253413235
548.7179086
702.734626217
123.124166651
202.760185373
928.291936137
918.843109458
35.5705991965
693.142175099
743.043985363
509.113611176
930.5902936
364.253470521
216.524789412
441.696551975
123.791147974
284.520610451
566.355564032
549.49291768
415.389922337
613.049387194
814.62018822
470.746693717
552.572931371
659.66338412
22.0097493002
382.201103867
215.048667971
266.392749279
738.009757913
596.831429546
419.53538699
451.25947284
469.510599862
771.532945873
545.555386634
903.56289997
380.660280633
58.1885472457
437.687595263
868.961934333
456.86595256
736.160718885
972.528437395
161.525634839
789.625897201
889.508522871
810.823948107
657.473408998
612.680628215
357.779705599
524.432661194
839.935738742
304.433453804
911.38848561
607.45958116
202.200769295
122.905594036
654.016109016
777.593927562
985.444136826
872.171564579
528.257668558
170.8020622
441.042050138
527.038701076
733.116820889
398.304620268
684.148130474
361.731500267
936.750310877
676.679483937
74.208242895
362.811949486
853.423749334
338.141935725
78.0773057149
157.760739424
82.4122163573
560.862963146
901.493608196
197.746101835
438.84645281
157.252766503
800.706517558
31.004099304
484.257207317
83.8485494657
951.167258106
696.320556591
480.775770642
756.226476353
981.021522357
13.578753068
268.404405368
956.650071419
746.451610965
770.420687881
63.3301840854
105.966464868
407.432521031
940.315398539
745.842154983
39.7462627371
687.241841479
259.225059661
639.405497744
127.820666878
514.149296923
282.773543858
673.230555723
528.698274751
64.2473954738
229.389637278
227.331493681
545.748180779
819.478703045
465.711009586
692.604165174
163.706449581
320.983539081
218.565670622
531.524368472
183.966897042
875.10566272
420.379211283
914.81975738
452.060067736
474.902997131
129.246375331
385.709243075
722.406227797
922.64566616
476.963601495
732.445504129
439.990547013
311.751468062
780.114293314
134.790405271
758.536811926
416.256577758
23.5108722049
500.060717826
908.24597713
158.552217334
312.095705781
872.737417194
516.712460263
593.649835519
738.705237963
702.119928997
628.434226356
886.430553108
607.507438728
929.546459385
813.115502652
407.410983145
991.378398359
22.4122667563
822.17539347
393.876408595
770.128722828
104.377461486
875.542821969
209.732090771
277.199361025
12.9991259085
574.506883147
654.470904705
644.445451123
228.131767785
574.20603745
750.398250958
993.10422968
512.951440658
834.19186326
765.061717698
715.769023434
934.422345816
961.545810464
177.612747145
882.918130528
347.71961796
630.861980576
983.129490914
94.3332800816
103.006186496
133.715010289
524.027686352
972.15046921
610.183444139
900.735220295
660.485014677
660.517019474
161.862042751
515.70342778
982.777896686
92.2173613392
982.381596207
431.061839509
829.731357278
535.487504263
316.562095197
933.64608421
316.047983569
616.516197239
117.365260945
756.025862305
322.336258624
354.933543755
707.39679912
533.898299487
475.656243326
44.0749006195
864.792040013
806.461078747
717.610273637
306.637093143
948.405793125
806.582184968
773.73483134
822.030533955
19.3091302598
313.93004756
179.547187031
522.765592897
43.8982064614
163.135020747
70.2419420749
262.90650942
633.680853518
241.202172169
589.87412065
647.523074417
832.200819424
451.255149331
632.244616741
349.52784993
42.4317990932
135.230388016
349.294337776
976.734063285
874.565617066
120.783479474
369.664090382
484.532177039
292.967369237
407.300059457
782.662437534
505.375043139
284.925818414
221.989667568
299.730681308
441.78176014
218.70796816
463.024217789
387.216886217
530.384282057
526.800371027
823.376407184
506.02917441
390.168761462
703.575355476
404.659046044
88.8823917796
641.326050933
815.83893233
707.077092772
92.9028716537
385.112254149
156.646970316
170.088639156
242.172510075
310.088034046
396.719594464
347.914817672
998.205144217
718.058043916
963.862550464
652.029006076
2.52966311254
987.706698975
589.148510973
94.3477032245
58.1153964058
491.536285072
983.615687407
881.166993369
794.6837438
660.315600935
43.8615648915
157.038276368
509.15297874
413.091705833
789.955493652
83.6375402942
619.92999273
105.236423888
842.786476495
339.751731368
378.981011607
368.090395967
19.7309846322
787.734197049
49.4582665373
599.852549457
450.628040017
630.956169027
970.439048122
507.696110009
56.8315311124
817.426318709
387.246555869
286.783510282
6.07272097475
255.724726023
417.079929582
887.009665198
491.02932655
31.5433147751
478.701811652
688.314669239
429.08512129
714.133948343
455.661083331
5.80958460125
264.259381749
865.559957293
725.665484216
5.36416410471
974.440971875
726.667031587
722.772919434
289.004711495
986.373161342
694.086411259
264.149175157
70.5498658036
763.809436987
907.44509106
732.367046169
278.441250326
699.369396565
313.145240727
209.338668348
556.155745838
962.159815221
838.087303215
627.716570114
111.567842046
837.722896152
696.253694629
421.211331991
497.682408319
647.571872427
149.328166322
560.104235866
838.592088982
362.027479731
290.81946259
819.294642774
563.852028577
728.798285825
504.546475898
837.866449958
629.007819424
402.279965987
629.92480015
16.2172788035
111.018452693
66.9781120177
211.430474273
68.8430770161
169.280963564
49.3449007812
836.295581019
561.082932443
576.062387555
172.670131291
38.0679977831
605.571230701
530.045282601
936.145448502
50.2516992497
878.216671716
80.9730286398
145.973678518
824.443738793
802.700152977
357.526155883
324.730281446
463.127905704
656.766467629
687.477798976
930.640163482
396.97623648
668.666821102
946.435411252
297.226200706
462.475742293
622.064615638
394.400680755
104.233991117
187.580185818
205.040019836
555.003722446
226.829183076
104.579963261
453.878668338
628.102547269
660.958951571
202.975551138
469.965268118
313.74789954
239.057625063
908.479603154
82.98367403
945.458678221
973.938491018
123.65199744
353.693535177
786.257600311
793.816328392
523.242948761
243.218563816
367.572282686
338.215400465
190.18000637
448.750328929
515.718179215
216.920201205
295.017719082
585.745184698
373.971018053
551.388830526
416.026879185
611.968674544
535.300511052
633.342350356
676.994028367
183.755933097
863.085778306
995.849174274
349.172919268
712.941703092
698.852947562
196.448953988
671.117600845
711.232399505
773.300742109
131.389238254
352.918474352
1000.97741472
216.639287676
410.813660074
252.576553991
319.344063956
902.456922283
631.510623001
381.214440171
13.47800934
343.985423227
286.409877068
866.73616522
35.0289089478
358.372864047
183.48191636
733.258800672
986.652883175
365.417985539
47.8364915196
343.458468571
649.25351289
619.708398347
420.967778529
653.614195126
164.29162514
347.773516021
768.909658439
35.1382903319
868.536726797
262.573194308
831.963477282
120.33952728
463.199195317
730.86473748
938.874189253
962.581317038
866.070596193
929.823092833
10.5178357971
762.819630493
237.17006892
632.141664408
959.579453375
536.604175487
268.630824414
70.6035335317
677.939915436
468.147380744
959.722756462
792.741992579
893.996742943
22.9846413981
959.858993321
399.377713689
971.162978912
404.202578796
256.910167693
844.483455783
401.18832551
660.397267586
579.219442995
840.711176217
219.141262571
198.084128268
559.455083714
374.323121415
465.889405617
227.08383728
778.784979666
599.938045731
992.278093517
678.37993037
408.07638092
316.098540155
950.115543999
881.53511144
106.853311801
843.006113358
81.0692087772
294.791571818
137.831111378
772.702527275
756.051100269
274.366679546
408.663584808
538.65926538
125.014596367
17.0593611223
846.691048194
834.579479789
370.152505941
986.54393866
683.658599576
457.150935373
595.796782904
357.804626038
222.146944957
516.104041989
574.93149101
543.318746244
145.619302919
704.38178765
278.193095908
410.141848845
232.035391524
572.713409035
408.89085601
510.399728578
18.9412110607
40.497994168
903.879397332
450.009181186
416.414132647
248.707611732
81.5467350435
427.974638912
950.077320513
659.073007834
336.324167012
784.670666025
567.471465151
544.641731098
963.895776481
670.287655831
155.431998842
428.909788521
751.457756362
909.104909591
881.160299221
980.849062302
353.785780688
340.51073339
330.256691504
41.421238275
603.067209948
527.718516862
629.132519544
666.918146071
107.664374559
631.116029898
604.211542567
336.629562758
742.424969708
234.951618816
80.1565679455
999.039880748
197.931010923
124.508410267
444.627700547
503.356804145
691.987816096
296.201711153
687.899197206
535.480829229
841.459604236
390.803446433
16.9178084547
218.160512001
224.636415057
236.009368771
201.463902283
672.685720979
735.192145445
27.3580805105
222.95602542
390.242938665
175.272059577
569.189368988
474.301976199
915.685974628
463.001253954
123.682364525
768.347478419
627.639810857
909.928034257
505.702215842
790.20002911
98.7129224605
82.6220503555
100.553822189
735.647294256
142.557635193
369.245190285
223.394501296
206.054209227
871.840015633
657.725718679
73.0054728574
935.627029002
447.510774315
337.1580963
979.211401594
670.974781332
245.555743627
112.693596581
757.097998748
716.101147026
509.972493623
73.935347079
551.644614398
853.287493639
350.136246712
820.514870181
69.736527415
652.293747537
46.6411898288
592.082159157
641.616276842
941.028554908
594.146811124
665.586284468
340.657216993
833.094574329
701.510018305
48.1734805173
274.571906728
427.93077421
334.960121751
935.083078106
750.039543063
347.671776535
69.2073528074
125.453305973
25.0525816948
913.349860304
472.48893608
120.25543533
154.342844158
462.483631013
969.946837059
74.1988687435
112.118439998
960.663558693
941.974339715
636.387468529
146.29451886
430.213510948
589.742027159
237.928332452
170.296657355
210.513248109
216.620509211
444.941617756
948.704062806
516.37705736
967.417602171
529.747557361
433.86596111
32.8145589663
946.715351033
283.386700609
765.14193909
827.413004005
704.259788623
0.368456077008
914.247081652
129.06518593
655.256542903
87.8947273839
224.817575979
981.396728916
1.0289294306
243.784395704
623.324442719
314.070863833
345.176463032
336.932129374
200.506907575
801.998506934
395.476423434
459.073893408
266.093733844
682.946790542
95.7583616554
78.0887488821
852.682479081
940.476923998
375.032218134
536.779347917
763.928959162
41.9799880697
117.336538021
145.951721841
543.664355486
966.416809758
123.974717867
811.938547934
722.774269007
774.983112949
860.0928666
506.742399933
747.716795043
100.397837054
381.943752952
6.76417578291
386.657720958
186.120770612
956.243292771
714.886557521
44.7016078909
586.629015294
58.160527809
742.232237405
809.098321599
738.295879147
33.9708371448
112.676065124
849.144407652
442.681720557
72.9420992228
918.813179287
976.064263763
639.262509566
420.358905101
327.146055375
409.992361251
2.81714441802
415.189349598
963.797465017
631.151538786
679.985501916
465.20945052
215.231374284
901.672291624
654.805056015
994.867324576
232.453963948
376.887747944
964.142270553
95.178830955
864.386958267
522.354953342
385.926599786
389.636203177
277.246971897
263.604770278
899.421003396
415.408380108
948.60173508
430.143047563
339.497380176
300.078171072
220.684595271
374.330356456
466.842476179
511.840625263
171.170487842
146.741049611
24.9345776702
59.8650311684
202.98634776
617.388519863
929.28994321
624.038395865
999.258221043
773.752937509
319.308190449
281.208610781
431.50958116
397.841141583
704.778893445
841.385117593
807.278275963
692.993657747
988.192560378
127.26467899
454.076814393
864.532242401
647.055284244
988.84492868
369.082983064
479.060275274
875.639824198
793.403521433
222.47729496
210.605163854
549.054540539
557.737963689
198.824536308
655.835252347
350.892741899
40.4969524853
339.6288881
102.96772677
42.498831587
676.823084912
770.823973497
485.889600386
434.181494049
26.9920528132
801.098018878
292.996666989
912.341268815
729.229471527
478.159495661
449.741810482
661.332262493
386.267793547
899.97848873
26.9604822599
905.893168895
311.885548301
484.786900694
755.249005699
1.74855712889
195.511294887
46.9665073493
269.862666579
910.608207414
205.613621913
50.6333595725
285.139742931
853.918741006
946.478727167
132.124829186
889.548244299
927.146289445
47.0568840252
697.580339109
835.823388666
878.209989092
885.835887898
268.443186416
15.3926352566
36.7225532712
618.98168443
784.585666119
770.746747644
232.217507033
455.943640649
822.502277895
335.557054418
842.650853045
103.704580082
302.919883383
817.347506286
663.083425433
915.440012707
398.392185787
417.368972706
46.6010471127
980.63433752
666.102036272
910.740354871
686.035081218
239.803437887
748.236202392
247.154523231
719.756738625
329.110515867
565.937791603
950.206867627
820.072684878
299.204403363
305.692545685
813.084177591
625.692655383
85.5685419702
433.003536118
193.622258088
519.952754848
515.262184184
621.872800808
286.058836062
587.096188954
331.613078367
91.2061117165
66.4371338887
39.5518207844
800.490028422
708.437479468
22.3322266351
797.665162872
