318.587089489
893.682736663
286.238792755
231.230106063
448.508247303
286.150578898
650.484601955
677.416057841
116.650000522
986.860659677
828.306663621
936.370832945
14.1819296067
860.250244244
981.012297563
417.907888006
822.89408251
687.021725345
120.399879335
469.854584517
429.044877862
669.462285504
914.317932504
364.767009505
988.399495375
361.858091406
550.409963369
525.797125809
94.5617452783
355.559598338
592.341503864
339.936056739
853.638760018
58.7960002362
335.679754271
218.445476847
615.197340704
675.984439204
598.636660077
437.912152814
980.921365888
104.050162095
499.096479385
687.702462651
330.466284326
170.338923531
941.112303559
60.5287336177
407.268062424
419.921916212
277.115962242
253.088716843
796.332497316
546.756532065
163.3446312
785.274220088
788.087564086
887.810532303
426.077873115
59.6943376881
569.281846388
608.757041359
225.79159132
965.399034464
878.301452451
524.620892136
967.087609236
303.099484879
22.9340963003
823.171492585
440.875829203
202.224310191
9.13727724694
645.80342329
227.173869396
811.194183255
890.067382097
429.530158293
427.186422071
936.304707281
628.801845317
873.156113522
972.163652293
422.917210535
825.845370036
839.900463321
672.293315191
85.9595697927
239.909672657
759.554985388
33.5134671267
537.310871802
98.8907521139
487.657706639
549.779274801
188.695883174
863.297855194
733.998772321
841.487560904
820.33098932
917.003558641
62.8860353542
794.11654227
66.8629021413
360.691063801
493.249015475
812.086345393
45.0247246273
860.429124906
469.492553725
947.19049339
191.798074485
994.83336422
508.148528531
445.884183313
803.728043373
90.4540299717
737.860329419
977.814144265
873.853986582
947.704684413
95.8629050135
702.007436967
623.864715813
810.040508844
224.184611999
876.935227307
748.804042644
280.233225197
219.031061372
344.654474104
794.606313091
691.144495443
308.388539803
797.779431367
928.240877931
517.978406727
569.005594558
327.786004637
511.672201644
202.565329343
765.279861494
543.136510787
213.89053573
926.033516007
911.18691217
876.430538479
594.466123797
34.3120731674
485.371298636
794.994095862
431.674248281
783.66899681
910.513988226
145.756100388
809.10173188
155.933263558
398.24016731
500.991565068
597.47261515
279.414508251
874.631019865
361.100646947
376.546790838
144.392732506
445.848093994
92.9673379689
562.206741077
453.263744993
198.388398367
369.938772172
29.0603094544
263.570616324
735.852267176
354.789751678
367.479531594
229.439841056
502.843646885
310.348483086
464.72574596
744.051775494
694.189629253
528.504511334
1000.74299461
982.846221414
147.826583284
925.812365861
287.229415734
515.701738131
709.424947683
82.7288401793
806.844306868
141.633904072
534.269100679
840.144545
927.355204882
506.358006627
857.138472007
971.032178013
610.486878154
795.832343843
350.033073899
890.046270065
315.857446589
26.5930229752
731.073288369
522.310860857
381.585651885
738.924527006
413.315873679
650.030412779
83.8956072361
562.861734144
793.980744585
968.040889856
391.599422872
753.319784033
678.788115847
469.568435998
775.785783187
49.922666271
752.493188713
586.621819115
797.746166358
715.681432701
203.877995692
527.090261191
633.622005913
663.148217232
64.8743020618
883.248691189
166.431360173
562.357517753
108.047659907
169.63317088
77.1067306347
896.86907976
880.032609782
889.092131335
443.620461928
141.532936906
788.704825702
33.1943022474
947.620032327
1000.01457899
314.340961807
414.793964848
326.75841413
995.007195269
409.308998001
922.651112573
523.5394832
39.0448475677
875.758052374
927.333615132
470.354747274
25.4139675429
297.795298658
800.767986691
610.129487975
903.957103289
60.5734387177
323.347488381
851.480527985
965.056379864
468.713660306
724.89959394
846.377935062
753.721641074
527.058905331
244.134030674
824.735184723
513.616885307
511.754552168
210.810784586
724.555668591
545.018288195
786.612956928
19.6278619107
851.99157059
612.725271206
357.026018277
70.4703466603
599.092427582
602.968521207
118.335298548
502.274902059
606.579741163
527.073250635
68.4413567098
149.356744231
325.854391853
82.582644948
263.363395462
685.620211765
389.495581204
905.69397568
61.5493237413
19.7006510301
852.393023163
917.821792114
588.910787276
224.579544302
590.423661701
733.501460717
258.639672828
893.110697048
901.190093297
483.79064476
589.954833493
602.644164511
246.01287481
878.766472129
62.3866285532
308.067971303
511.252663896
174.682930157
667.660795871
256.803644782
630.924472656
447.038909874
27.9777078531
226.35473296
215.237670915
55.2857878139
936.968230748
134.884619478
817.370978252
511.024590241
432.990462778
284.311055998
92.3366330864
357.030291238
887.913706691
594.481184195
798.622734167
538.463334849
627.000017091
874.586955267
222.675053713
558.64341254
358.705815145
825.2522416
377.554234675
190.023754174
294.831924085
663.249050616
395.586236908
204.652608719
757.124150227
187.184195088
993.771205143
830.089438956
46.5081374943
1.96378993791
629.497103447
307.908163703
351.548859961
278.689740385
489.602109209
607.299791188
809.460088486
565.027996181
391.579266422
554.138223208
796.940485454
864.503930217
348.240515207
249.406341135
806.371159838
974.220416734
863.149165041
63.2715937507
962.8503489
855.037983265
160.095081434
253.330863793
629.978148447
379.406201432
510.218780478
544.669802454
769.23221903
111.484879991
212.811517427
223.94676642
682.347945921
531.778033045
70.4809734299
24.1934098977
527.016967583
857.462746107
982.489026788
571.300956583
480.53204517
139.809517107
417.746213838
956.807935031
767.873800585
418.695162802
419.921451324
265.592220828
986.684530526
673.457385788
599.257637401
913.950875039
420.659756518
446.710399543
333.244142446
196.632058381
938.064724021
331.879949254
400.324562143
455.86168066
249.322757515
12.6202882999
587.048505945
152.116497029
217.235348846
384.978699764
548.258498666
150.885212359
142.566708732
199.628802481
503.029843071
50.1070930913
915.333142997
65.4147367159
880.719020552
888.347178702
87.7849385757
871.101703067
812.997888682
169.512560304
506.917349452
775.303159126
8.19505823228
819.928012848
790.675889273
554.979975293
150.66718942
370.225768442
585.67256281
15.8491072163
68.992559845
109.995284017
655.005157037
913.174711439
492.594209401
172.127913218
859.906530084
861.033803921
47.2290465695
493.902644275
42.3765925266
596.958146685
810.23114198
212.476834258
187.186133923
584.604423177
42.4324303311
584.009405932
795.083871001
224.682715671
837.496034492
47.5300000208
226.770616181
766.698747195
566.244609332
564.800872999
558.292605554
854.389070473
653.118889141
4.116463432
422.370521447
67.6626622438
434.67813831
657.07747381
853.259196913
145.221407684
956.773770011
117.868726582
325.04538968
400.74770957
41.3180568484
141.721968194
761.276274713
703.036521627
20.9824782427
667.729375348
928.684181573
87.6329547905
402.016337663
111.451157007
889.777863254
698.415892582
603.429854827
56.0618277896
166.606616295
812.990158928
748.19323898
568.689215802
108.754241787
391.682783645
656.473660886
289.545433242
15.8906029221
341.129751173
900.456173496
487.545941752
164.232250955
756.289705998
643.891570058
861.689866431
149.706042985
937.800330361
643.14831851
485.754902242
938.241246204
361.480204804
695.841770166
776.54415945
344.476669245
17.6809799586
793.423978029
324.522351845
933.611296123
247.068446476
1000.35024308
493.951046066
540.362511777
799.056794977
113.455015038
994.383533715
427.978182608
28.2353275293
379.308829674
886.912315572
958.291658331
150.317232142
209.017441531
173.722042883
707.628645628
785.451334739
688.201876702
903.309777999
173.912270727
827.786076468
754.083500003
615.809589086
765.562860543
70.4403247004
301.205334682
727.239279077
828.313046633
392.86784017
100.078239649
412.732756289
609.425903184
307.862720937
746.662163378
809.233564244
293.442254331
934.275268314
206.895025237
30.0648241079
771.858255643
329.742685292
822.188753289
237.309643008
226.804259113
710.467017933
64.8704042726
98.6155567482
638.748600857
418.874831274
527.273121306
900.332111066
728.294611368
346.620364253
131.867778015
566.528619873
447.894021043
593.311460312
854.809777225
456.067404468
525.751104518
822.498877718
824.37416971
290.336112062
743.371134176
619.198430038
844.886146235
580.805753272
557.167384447
221.977427813
538.256481457
197.526302146
97.8470257873
850.233265014
334.559452849
841.535145491
59.3974965606
517.407128414
939.493006674
776.867941054
749.944385881
701.591800746
195.594685003
677.365359659
863.882420858
762.751743441
858.20950355
857.213294157
136.750567269
6.30453953313
977.190606219
561.620098814
499.532546795
33.5695116648
146.388633526
181.837439392
47.5451919263
391.014035882
864.784420068
940.835252469
825.620513074
605.096371525
952.383450077
437.943842208
864.835403534
288.188858937
933.481411213
302.598395183
812.863551011
432.058109461
429.579052778
959.234194417
792.970063139
335.155461585
21.3309425189
254.311139814
515.019849585
937.525288995
950.90718657
128.460016829
865.379158331
321.761733313
304.306736461
425.24720636
441.544391915
8.05894419684
717.622780784
435.372961468
617.460652805
309.100035062
949.665283337
694.345054584
617.403351136
163.022792941
818.203635841
591.402192467
951.329214558
180.738994297
190.317968286
176.781888195
227.062196173
128.055499909
693.914797838
100.403530549
126.563135179
243.312932794
9.31248979831
107.690903039
462.258606494
78.3253817321
217.789574778
473.701245695
58.7584342426
903.332497168
232.095096961
199.775614591
325.725762566
237.91150181
565.835862549
939.489505404
505.203360623
439.763187513
830.554554296
485.346926598
181.82828691
61.3627938513
210.586324191
373.749595657
861.650729315
63.1703700293
382.541513806
584.227227604
97.681233272
612.784393224
174.235672235
97.2488412492
849.508914389
408.58213029
888.649709499
801.35489939
427.687979584
493.067610513
899.606108214
336.39363681
405.372218487
923.237134597
119.6649044
794.359399711
309.353058805
635.749320187
484.063248867
2.55612150623
976.321574436
60.0634966859
851.043724252
459.780017492
749.913900637
676.272476192
679.946499005
380.389682338
531.707984683
22.488156758
547.995697883
527.253855581
132.472440666
230.51114007
777.580847364
513.243743006
648.127822493
895.412374495
783.337282754
466.154775786
710.657800791
598.045412561
842.15520921
18.998901907
728.897207882
349.494724842
574.2909978
16.1839644649
991.744364989
512.50633751
120.777477991
472.355518105
76.0882861754
316.874539704
365.155546978
129.122075434
477.101852719
394.589990611
703.284093249
257.732653419
860.642466676
780.768151073
644.59163887
419.730264193
92.8287950115
26.0844856089
421.724083721
809.510648818
358.932677016
670.475582141
583.72709536
974.018029862
747.02125307
273.934195349
107.441601579
930.172523338
723.573536842
935.78496596
285.223859846
969.962530871
21.3874006004
277.583433003
860.887177361
400.922218279
784.13451343
766.039109578
44.1697697696
419.748720733
324.10256306
277.010618021
195.985684018
141.486957873
840.478638917
539.58308504
525.551582411
892.440544302
37.2339937919
449.793312849
829.127899104
777.761700355
756.572225187
715.369974231
882.04539089
224.545616717
612.789731767
528.568381733
420.002057831
77.9479191765
103.701439919
879.411666466
963.756832798
353.622566445
193.103424292
17.1855221282
872.339370599
977.37764498
162.295732343
116.040608536
951.675993869
118.22802802
47.7462223803
563.813566087
530.015167646
344.944654575
877.020375849
203.605304631
768.448015907
680.058543793
763.910233967
695.751704921
650.798464587
413.134767841
689.972427343
394.273528989
956.985224479
426.197794012
910.241605982
335.415962652
88.5347410042
169.808273463
65.6927663077
858.522089235
339.337228374
622.602825077
482.231742117
948.464119494
696.390509418
907.695741589
889.670527721
986.898090101
589.482978829
191.670400692
359.487613122
260.548232372
386.619303086
554.510414146
819.01497857
929.949573212
747.701999432
47.5350901588
262.822379549
284.374245422
187.069660117
355.605807499
778.008671773
183.984480845
43.9760636708
356.335644151
249.002280408
921.673457503
664.429817367
138.145589955
533.594932184
267.633138149
495.083915985
923.528312498
930.216427924
997.925138494
228.892823275
134.140502161
940.341904397
654.252169471
921.181680302
149.901829331
227.403863941
296.768835514
836.836100416
649.911849453
384.823104111
453.299145759
658.77063519
220.141520538
927.284185249
982.841789838
932.920276204
3.04886461873
337.819723711
456.815277753
359.816425223
416.061491569
615.514330464
420.020380562
232.294468067
228.295870541
151.633201707
194.305697723
62.9209422794
257.529023235
168.54468914
788.686598105
769.61698744
736.381692809
177.862402805
72.2598532745
614.158180357
228.399948241
339.431975173
409.436606933
178.687581867
285.166660264
461.713117643
989.644464185
786.985884489
38.8899756655
178.327490629
592.811667097
869.630808876
867.455408371
317.461775309
537.267903665
46.5949389575
592.375256402
336.523223957
52.3658765127
566.421391147
771.112521309
19.7478957925
118.270739913
990.803743721
510.368068503
351.421045426
952.203561069
7.52906992932
378.305612498
970.276404024
578.794232057
211.929597637
893.12664658
700.315051774
304.012396862
822.397108303
499.389576445
60.7028139355
937.014240155
677.41004817
514.917648317
739.322853056
595.490711323
982.006604548
162.937381134
635.441174645
932.742918737
632.063306992
117.483856116
662.013898799
847.76972597
845.5771587
382.653070914
464.54580204
887.458594074
14.1764469566
408.165676318
227.084413066
726.669328279
672.272862551
126.071198802
915.233167088
324.546545526
483.534640789
178.151181076
313.053944178
769.047769091
529.874400604
769.708118778
522.59169209
169.598867255
667.614684923
984.822572085
938.497995016
44.4489732033
82.3477095171
460.868809949
64.6853608625
231.938586636
48.285814204
396.822919295
15.4594406163
16.6740760035
917.858207386
95.2228554094
847.973460481
503.898970019
598.270131196
