107.966879652
908.018506524
38.9020677723
80.6172213887
887.169080132
191.456360287
241.137454264
919.43739476
870.371056294
935.413828266
771.338621747
902.06043819
967.048554141
439.15716106
803.717953487
901.332529864
830.996455889
947.405252113
15.9287014072
923.43606124
75.7913579219
859.516434387
11.4516351235
228.976056611
176.152969185
139.114953049
205.485837999
201.714329875
902.692131793
989.147717097
768.447522476
321.008664665
524.682179579
65.1927742778
408.643651024
154.344747513
789.81762191
879.981988286
163.056798592
236.498704782
349.801887925
480.749769996
592.13549733
635.850047742
858.328599542
774.232705566
102.26451745
85.3253864403
152.0980895
796.299018943
779.736049779
287.694581205
490.717234307
21.792136984
905.024064362
747.490834163
688.120383181
596.353128776
143.78733096
271.658058062
318.660919334
581.449252378
502.16495435
2.26909424379
380.678366707
509.005045222
643.304825223
880.659198993
367.843511448
661.310573108
740.335120194
951.604047525
257.332031905
129.454098449
634.970276577
595.467298791
61.520157209
128.682242122
919.775521292
840.547116825
207.57136948
475.72240703
903.742451011
906.988328386
688.30632126
75.525659784
244.43440807
356.951972143
421.063119468
890.528905379
929.733365807
704.050633532
198.086323936
131.386096775
960.597546005
676.304112948
63.1315184547
141.137432462
130.961062442
204.006605654
271.099589455
815.805659173
702.003562103
451.661234901
23.0473610165
631.957475634
449.286557914
46.7847701774
911.453062799
871.625508886
521.513031031
271.8874788
294.857750263
436.991853187
254.156505218
689.467478005
742.111780875
12.2246428847
388.921344196
203.39196944
245.195739805
807.3312175
687.410932369
152.109592066
681.471146929
703.298135806
955.658983324
257.473456049
736.713125874
427.40887689
755.28077081
221.375172891
281.923619216
1000.71801867
724.378999459
995.020874016
418.399913766
921.025229281
31.4119679835
190.620996736
806.96826223
18.3222443948
123.720521124
205.219503433
626.172532402
476.920989697
532.648161972
283.892245878
943.891829893
84.9735208376
736.933582353
234.184723531
67.6767045321
253.639560875
14.125414229
403.238052877
303.139331962
225.08328365
144.873453199
477.099112322
793.294214523
123.586966357
831.798959447
842.529914314
579.713542916
846.501391982
307.377124989
666.909829445
652.033524487
552.467088795
215.822155161
342.059467529
497.823654426
523.811878962
53.2932680454
730.919919222
378.759209519
287.455443324
786.64179495
44.9050428364
729.014988805
435.394737825
894.043504465
923.689514473
357.250697312
399.466541598
54.33178952
645.838513462
162.006754696
808.760201299
57.3165787334
296.57239969
897.863870784
150.229034445
825.116176757
327.109879458
567.029992261
228.562369785
566.006499034
358.629217369
865.823741219
658.524108919
158.619986958
536.931125865
516.487
690.840741759
977.405950508
467.227297696
201.667956107
127.682816621
819.754133287
361.705486719
593.21072767
628.647968116
316.254750971
26.6986909487
821.256165677
771.995013065
111.902704497
537.729822564
132.421178377
420.307448696
996.850517245
379.064750028
876.52884861
531.567235885
762.512230628
259.207358294
213.944356657
886.076681363
190.091521768
49.0682288505
390.311393347
592.453099217
556.246026746
45.6077934871
107.739068785
103.854478385
651.242164244
423.89533695
102.32154958
596.252381996
686.363301007
380.933762948
655.597552386
845.260765109
316.201898392
609.790918664
824.400688285
142.603843451
129.119972762
821.203327097
95.4025943248
995.781665036
651.021569921
950.728346305
313.858699793
526.404534628
26.3586677247
317.396939488
953.810282545
726.849092656
935.427609872
975.158448208
481.601230194
39.0195174606
990.655168537
95.3442044489
230.968133251
181.760469351
773.078903619
616.203606359
582.090834253
947.621626809
331.170099047
812.662833882
996.610254235
42.0262459607
596.608848782
7.945641024
600.870524406
977.993550704
592.236477483
840.886999724
911.026067592
375.340571922
99.3893612756
159.041137356
484.133153477
406.462221238
884.414722533
877.628656954
268.790422193
411.361968837
120.612587975
218.157556692
476.032147924
967.718001717
696.999072264
904.649019507
601.187641416
682.863734423
531.401868892
356.893710064
215.446959753
174.732273863
528.423783521
871.681468885
470.627521051
148.769106481
788.993342709
636.483386607
358.203429624
315.864184153
653.993734609
223.865667573
751.710323683
505.996098055
743.555799574
239.222595791
614.229802903
645.540925873
724.819490387
15.3279951618
34.9661952104
242.253020589
351.765631969
309.464072385
300.240041814
390.772982337
157.684063674
490.018322014
11.7414423054
419.807706623
375.465443859
589.768669814
185.694475726
681.877990553
722.711245252
916.889131586
973.413818203
774.00768472
800.280268777
142.898216902
884.338654359
34.7031374038
502.914566429
357.630477794
305.512761759
952.238065434
707.500118364
390.299957889
142.523348021
411.348190553
87.3198427212
731.14057376
336.402757878
745.523058796
605.246997736
889.605762573
72.1628627775
301.934305472
310.370630139
331.019854392
692.599686415
376.09759082
69.4302053842
232.392734001
461.677203515
534.132722579
511.297977911
305.489803448
401.943326747
94.3829582773
906.245947845
846.010252498
761.791504982
144.173812729
941.321806805
302.866198255
742.665170439
334.391031148
577.275050083
374.28725959
362.771814311
578.245947863
194.243998836
670.153242067
271.379106143
798.717263476
21.868592822
537.96457749
530.201306579
729.272799072
781.298799618
722.960989845
315.262622387
810.902633526
203.171278088
943.577508293
278.976192424
89.0252980442
821.123434042
729.256941212
49.9221440796
505.278724229
956.910168996
720.226415826
18.8201114646
638.834561786
567.147219921
842.045710007
613.87413538
438.537357074
933.573584248
231.428829131
574.585718876
939.02505583
647.056462852
845.109482471
870.353751454
298.1641028
275.868268645
136.824426582
733.259353875
325.801454547
519.677794981
755.174906768
340.132734524
887.139666211
924.562095516
561.258011443
990.362236767
405.376896987
838.208033712
66.1782930592
224.190646634
626.184643774
498.878033589
778.167446077
802.216225935
681.428160324
785.816089512
913.708277327
856.600122018
195.430926306
657.60740452
104.897212032
537.619478645
652.349863204
7.47328126947
696.913178071
169.358793015
450.58560678
529.727749795
105.274298881
484.543252959
155.097606141
455.132443795
658.172133779
297.093465333
660.492446898
46.5077193705
803.031967782
374.230357155
465.853465585
582.77676705
385.669205001
267.36447954
997.392251361
834.424500601
863.091694917
932.105211857
341.284980207
140.028001356
520.316848983
234.845016348
544.462147983
821.102524549
537.016770451
967.973774919
747.712769016
694.719220636
918.449018924
486.53660402
636.001620437
605.304979752
929.525101379
415.59768258
255.605687251
844.152692576
200.959981401
627.571237171
669.943866863
498.320212949
801.916830729
720.507000606
146.085329457
996.097484147
107.372273021
47.819322761
546.248654418
364.822205618
677.275065369
735.197779877
897.08802018
861.33933189
935.485806808
689.321188114
635.873018508
926.066273948
410.367912597
673.379784943
353.449208035
927.544392761
711.07841186
322.968561094
61.7565827214
17.9444379564
602.988406134
696.125617991
274.645658486
217.68809407
395.188331953
248.63889211
91.8613921585
509.589889705
459.065748306
838.627690244
639.788257178
731.857824675
310.627575045
114.887362286
368.48639154
674.718213159
401.066243452
179.230195246
458.021413123
848.873900899
138.842453949
936.472954526
405.860307287
728.595413111
150.976197976
780.511144728
784.513100084
80.4627626558
800.115905054
358.420244569
845.44463824
503.642638786
856.660039892
484.150951709
831.102754246
682.877188326
640.876500022
496.849015374
230.899269037
685.576157142
107.530488661
39.3286015212
577.751880136
84.7496555895
173.47492744
454.49248385
583.451221823
205.597895302
46.6832031343
491.495885544
964.400762275
185.221256903
743.083044891
103.125781295
1.55376112616
432.372266538
9.78501787777
118.273377789
186.640579859
522.658672528
942.495552323
29.1297534963
361.034860124
792.836119508
869.53385927
759.614164638
515.170073819
936.850681509
756.468668804
245.8323645
189.517503818
142.863302639
105.542370933
121.312174228
697.632906338
595.710076863
275.495683937
988.951541338
195.407406516
957.51295516
293.569166365
733.78886624
264.375582144
229.624029999
767.366048005
267.388645463
749.715298397
871.503775208
358.843567132
525.343822586
2.25855701771
162.786997811
2.729752809
125.92100521
530.703874394
473.061111221
117.388161593
477.429838037
660.550567866
213.605967464
281.965432572
708.681464412
202.338482156
151.713971325
151.618431779
542.812550273
20.284332142
260.414101633
320.77331633
451.018429387
385.670939322
931.435910117
312.336477158
11.7876926633
356.498430015
703.205808621
565.743502825
155.772841226
364.487009876
831.954676961
657.181259326
581.10771113
553.385969739
184.223117499
209.481164246
37.0873699777
703.765085663
994.539267344
204.138308267
178.706436054
444.168352856
684.588052353
496.932023604
891.242391195
555.054133586
227.276718576
63.8486076887
893.602033648
479.703698282
436.943558428
546.963633947
97.4867509674
915.251224536
58.6961668566
776.337377691
785.655141152
273.72735283
795.229057885
611.131636254
666.817329543
641.32000707
761.310956072
534.362037804
882.097094228
78.1786844946
820.853450819
976.244746615
430.715003977
822.472942875
765.099728261
634.725346925
182.540027343
223.852671303
591.721417221
295.868407171
545.22699733
657.769024482
767.464367891
443.136043913
806.163925341
422.213980449
639.764442207
667.648988588
636.172832795
26.29999762
549.038759579
152.595830984
299.252651622
508.565784403
551.15613759
930.773846777
896.175664845
507.298128359
394.68606123
520.757112712
586.356113212
618.577124125
442.813452945
118.408414856
680.261112004
163.397953067
794.848139259
276.861774438
745.558320612
895.532434627
39.2749749506
117.603314028
848.503168783
648.909277293
925.889516946
208.525365201
412.60074221
410.181760681
801.806426372
497.228954697
734.843999046
418.445008258
834.751541062
80.3934001992
567.932536478
23.1446371795
274.255206798
449.892266754
306.317684914
443.197010399
169.447031099
886.374909203
578.817534954
769.934188295
954.811948597
48.8912467917
254.440778034
580.645142383
423.244921111
301.986676408
987.955995671
43.9143132436
224.080952348
145.008957607
77.4495116381
569.902483458
625.27660601
995.26203874
58.6261401699
731.889814147
204.705421761
337.067172407
808.724861844
655.968437958
224.483896346
580.829644206
866.131295948
427.710890358
248.662087032
276.336970676
688.048270589
962.98966345
5.20720516041
752.641657465
86.4459816596
36.1654426526
905.135729089
401.876990264
404.599866618
76.8043964087
767.864792017
281.025088069
190.229001168
563.629747998
313.205819396
718.656036908
301.11397175
320.690987649
521.000305165
8.48400082439
569.301394927
678.371253733
137.317428523
29.813005252
465.479722672
753.873215456
390.791857153
499.392592061
330.232398046
68.6055183004
389.75898471
64.8046496245
771.962262344
861.13015437
780.641177361
518.343409572
714.726126246
891.5827159
748.687144082
679.897312615
702.727823265
912.15152817
946.691747283
49.0132214423
822.022792122
279.921340798
768.350764976
480.160556518
174.345274375
453.120757549
865.756663861
492.808120694
714.256900095
374.221450396
394.589724241
529.094543737
432.130951773
225.194861261
922.415341322
367.159690054
737.907407201
594.161808845
656.112064946
591.879689703
72.534947129
967.73255926
868.533922825
1.88296329264
388.44491548
724.43120788
7.77065920066
885.94266856
602.578206586
367.250561284
285.549222488
428.805294074
624.75473114
153.100960317
643.038716915
340.051979386
125.225048046
235.150378243
138.19280315
665.115447452
291.445116591
855.735945094
23.6786211655
857.942907301
996.426830585
25.5676557662
764.557474022
629.537114633
446.457544694
248.19742395
686.951997898
296.191835411
605.590792101
385.268075619
815.579731429
689.587180494
987.08434055
618.50713842
977.099102749
674.924318872
253.44958643
664.049422414
24.7749937022
441.595704115
192.616315016
883.652060581
497.752873791
64.559797368
970.529787011
503.766814262
355.065245234
696.157228066
711.344854041
458.974388943
65.4377600718
523.468895701
584.687360149
201.366547678
983.850146293
880.974146642
455.061619247
276.867838466
50.5970641039
285.20885703
808.524846954
732.255978349
410.275827928
283.23405955
230.354926109
988.406976913
948.563599603
77.4481783851
353.597165532
996.046150698
529.601136451
892.922463897
403.390782039
20.701735038
859.841697405
50.7081339284
819.774081648
60.247042778
25.9056591717
531.259390848
566.895370263
453.3933044
714.314282247
290.419201039
666.307180999
813.038209833
423.496922232
70.8904499938
768.867149493
174.338087458
102.782669852
996.755453443
791.134664544
25.9284266558
837.634398478
10.9587454595
661.224522769
52.4945146781
266.453131867
13.7191485923
263.284081602
662.431634097
166.959051157
845.998724788
594.210828455
896.097579844
885.995076578
837.624270294
661.752671558
308.309136607
902.667963237
409.931143035
464.375472842
748.174783957
561.13206019
875.038782951
248.681610728
744.463648893
840.074345805
697.720288035
307.433091551
824.067224566
17.9445820865
816.993455463
348.07032347
907.34293879
826.243740458
345.284588313
135.002750102
763.277777301
990.815887999
417.477664757
22.5709567259
209.58782956
379.431238101
472.466079363
556.803532119
80.2927049784
883.303751522
991.431634863
616.052526283
878.857287803
994.645244333
858.94871839
14.2953563992
763.836564015
423.627878001
303.362403813
927.592969112
525.414130459
633.02429841
225.295563906
630.726100574
682.894865288
726.074155537
994.919616117
24.0330923175
793.523061065
515.96020742
823.526966153
671.970793302
66.2664816965
505.279113347
482.345497191
982.314782556
673.810721039
251.909579531
847.062361565
