228.275585626
354.718408858
795.923809883
712.337961016
986.853731361
910.817963631
269.35688621
505.183320826
316.727127446
831.623487844
758.650843844
701.007905318
979.115087893
940.439754654
886.356406988
772.53207927
183.168307845
551.107185678
212.604274171
717.077549599
852.539093993
804.723369829
580.101176427
618.619268817
250.040324028
337.539125887
926.667791448
861.275483069
5.40220249121
233.346270565
226.301149147
408.863542524
991.441190542
535.891237698
818.092514736
52.8687133082
801.978422542
390.708454098
809.266459532
718.928499785
336.788129208
454.470111194
782.008596133
389.028890053
253.385918937
50.7443447997
519.02141347
580.256671098
377.450336241
336.238517627
495.091534412
887.433236817
200.467392792
117.93967256
942.761618655
110.736564433
764.984069711
964.827720553
728.499557144
146.684062847
276.97602706
274.270876825
114.114643294
876.107355858
257.210683293
517.388937571
562.3924655
231.672110253
945.795974353
228.631092301
581.831508352
168.128564863
11.9311489436
918.924335606
512.925608716
504.845643681
785.273691151
773.571027505
736.129369716
120.313581745
907.618186796
693.358780218
167.116994608
537.433090764
991.486567803
902.538242343
858.099278442
25.5376620414
55.2544409759
114.330352547
946.660747186
501.847678468
215.303804942
87.3057497691
611.324906066
372.297673978
434.457289383
347.093733241
500.75051252
545.932490295
535.658544331
473.979141895
43.2720093288
647.919704739
20.9763635457
879.63232627
409.700187001
945.550918838
13.2700732423
802.95404553
423.040801285
56.500154557
686.412491558
550.104510027
775.456622908
234.924798796
525.909131778
104.015023548
15.9917931994
216.04059644
205.011591136
711.453577368
935.82690427
726.562147068
448.991570608
230.393462143
468.390644589
451.935587565
669.255898388
926.756173586
899.236558626
834.168616602
350.784686809
357.849036266
358.429909939
177.701818843
858.876809379
563.603349281
388.757306676
808.933667613
218.716643201
131.692093528
664.715579184
382.099093953
678.835085853
47.3103064372
849.931990723
749.067793534
763.423151342
933.284606308
609.306857303
690.60311677
142.158353239
104.903204543
424.751458857
353.394994018
33.8843494903
429.443105591
568.067317903
329.907397877
171.235179376
261.792070467
591.162298076
992.510074639
61.9283413634
463.18505686
336.129147171
708.469915135
294.136262023
740.86631385
545.3802742
913.179461883
341.006226305
604.280578182
796.99951684
243.06547642
554.758490499
824.344817519
637.927702109
358.025828602
687.661296992
284.723288487
850.072753142
204.66217149
861.976575891
279.159189342
19.0918013225
914.506214211
199.267308577
206.13054141
676.18513585
420.513329073
886.061296723
984.370321299
702.062807035
558.532420833
635.06879729
644.046269237
583.560495068
169.091978562
281.892863543
532.911805582
633.662264016
124.839557019
68.0810927087
563.097131863
535.579208404
219.045059581
360.352665728
162.646646056
79.9608326566
868.561333865
424.5879486
544.286451862
121.160947255
882.029223137
102.643585896
240.519965925
974.250194351
282.495034829
546.960388273
947.915198074
51.5117992314
209.475519822
786.770506323
214.23750731
858.313461446
166.585472161
714.779867119
449.545708784
802.304010178
404.803809329
465.419987201
106.799494417
755.108048115
883.463409124
98.7329105103
469.736149325
603.300980042
305.519795277
541.939152564
654.907533797
454.093651223
629.204232222
48.8391484055
436.462581128
330.270236807
135.447929101
303.239175643
817.27151319
391.433015841
15.6883571836
860.975061256
95.0543332452
5.26189468824
901.89369298
378.044948949
903.958180651
408.273548073
255.633546021
218.160722972
423.929898304
537.473967415
977.795392893
861.520002876
750.721052152
329.31334266
755.33209648
372.740272753
848.563215145
981.211441202
912.645024548
500.906843005
546.573619816
59.851136716
185.901768008
150.279430894
224.862233582
547.357798932
140.323109937
411.20631654
860.395254555
817.607294082
821.294732954
419.748059597
609.387637451
177.405478038
861.800618707
617.273785925
342.243259454
776.689440372
266.922410023
673.811287693
758.246994963
546.592278623
12.5086115034
124.666585809
290.160793428
144.043550075
667.247037066
838.378349159
405.0190149
700.092269531
607.446455073
478.628943171
966.58865403
751.995947797
808.336745899
48.2504464924
267.019872482
389.167941779
109.061730241
388.661994117
545.453628167
320.218065334
866.333273616
104.74896718
567.875748312
100.849108308
412.349618776
977.254860468
630.839096046
6.84411488524
633.770366618
828.208664287
914.813493287
747.674486916
555.460426898
658.794398964
832.485733275
702.892399936
506.356571419
254.391113558
916.778104157
458.575784843
146.018399381
95.7333792193
853.404492085
603.363507768
524.380984081
259.977053445
939.751504603
45.837828705
816.190406185
921.152861707
852.27955016
634.596141325
555.620793172
377.204965508
482.248805088
449.318980088
567.564344866
470.155954623
685.377931113
405.533891508
279.099611305
925.879500865
468.087586321
541.278254028
453.351020352
222.226280593
788.655986656
666.09040378
642.843281092
821.228216923
522.607236727
494.356514416
449.054254634
569.185882569
748.924897921
425.528848581
28.7547799804
550.51588013
860.996287795
236.892698469
357.655570088
611.61206057
232.155212549
90.6991193317
283.775381078
485.205846704
537.02435699
907.549153788
96.8337734839
447.26836137
491.881211757
655.838044295
21.693493886
212.332115802
613.745259466
413.692219846
700.270986833
803.825461357
666.092288493
452.612930003
642.640135249
86.1092236055
881.142957342
560.986294618
36.3332135242
754.281973954
927.530930842
619.240893165
830.629349995
688.801967608
782.461161135
833.965626629
646.093279708
958.673068197
299.92508271
934.221071124
722.518375891
572.910987898
874.278426644
777.833178029
407.232037702
775.426612496
323.205335044
526.489653135
290.830170763
381.222577438
665.552468445
232.117344146
30.8378426782
92.1625810442
589.739033644
737.304486827
473.508936433
476.219848102
714.420819413
700.801852394
427.375374962
889.645749552
10.7833300977
871.771377807
902.524623535
243.152115535
972.351669774
910.756005675
321.670961431
763.620925699
70.1178473926
590.232212553
626.810599102
484.852033758
56.1955610325
483.960530251
195.761379057
893.184125711
863.545473382
374.52077099
751.745581102
953.549829117
614.906008745
792.702884392
225.002592624
170.976201092
784.222425901
881.636282884
84.4869404924
722.713247691
963.462456945
462.399116901
200.988980773
160.961796023
31.5436168211
411.93682344
273.337969704
121.373665209
922.550378739
720.077094713
408.527436889
257.945092632
737.943384758
684.479735536
600.421482242
584.392539741
572.402403562
139.119557738
366.382942468
562.932764523
394.72689442
973.763468686
726.91387613
170.472288262
931.920101318
265.632133237
484.483456839
55.822513055
906.97737183
510.25826508
196.608917728
310.639407602
776.394044018
738.439088268
57.5443654613
857.091894573
49.5936864466
546.204474478
106.082227584
755.031693998
386.494952885
296.668136405
884.966554333
512.703499683
588.530901336
26.4513237126
698.111519582
963.675462783
523.407393372
439.410733541
230.408266108
682.229696399
755.792181032
770.578012287
356.05057089
122.435846204
680.799495439
969.062593772
407.732319719
101.080126581
940.329928534
961.658151665
961.562852546
45.8195929045
955.903996906
230.348346301
504.183630992
386.759501771
307.733793868
965.627491177
436.600293627
250.63452557
950.578358745
820.123400518
638.805673147
235.191836418
388.691398921
54.1365895921
841.092164749
639.962904782
872.065786401
198.656924963
95.0364643558
8.15433082111
796.735060792
78.8883272892
472.075564749
635.132949024
42.5108117088
665.626443401
151.36699872
873.950315128
783.33154078
790.616886844
458.072128223
682.747744567
989.036821618
908.649968649
365.749464971
896.277379832
638.766076463
693.630204757
110.287066343
401.726908598
619.936774974
832.551176256
505.378192651
155.923800027
370.579737519
565.401870037
233.08264
806.24684368
912.147387752
401.933166609
580.243580546
78.784006127
197.308416002
440.014892019
83.8244106499
188.819894158
897.323168867
210.279287238
882.799033405
404.540198264
521.848188982
838.677479322
150.091171273
427.169926867
334.129676812
538.672795901
359.717958785
265.863864333
494.220067366
799.566931438
143.488735682
282.82731698
777.240751403
763.385451377
37.1138960905
882.71271044
897.968911179
523.126957409
10.6952566362
847.64620625
929.785906415
410.077597674
257.806574962
67.7413400443
351.053440663
789.871859271
982.331118541
453.334403154
545.069638147
770.768663209
465.713295175
712.755614499
595.98418753
692.488747879
197.097715771
708.216434833
604.540939838
596.02272734
687.865963135
234.688740502
923.089348089
583.616079471
591.763035161
135.234537293
946.35936781
695.271200251
429.057133374
172.495954275
540.398664153
956.729734236
14.9865163427
798.163183136
146.780661036
844.368207105
774.132342594
366.990936688
777.054204938
317.229264582
746.784197457
866.449550515
669.965138194
251.569229828
83.6452979007
732.977780752
167.202235764
865.516550713
495.717155175
635.954929954
69.5439284548
681.092540844
246.332732914
630.81534851
501.46564186
713.051631307
421.680054751
972.336850901
364.124440942
827.141305838
346.563020143
339.444207318
333.313841232
908.702566564
772.407670685
12.8834967191
66.3927150382
661.734780469
748.391876978
468.475881582
852.307069783
347.444681847
192.394089549
880.892163132
857.717411626
512.846561436
745.0235701
868.98380066
1.37492205956
89.5032497783
410.066397923
527.260512996
888.371228825
341.713018838
998.939801228
155.159643481
315.753067904
24.701691938
87.9846255552
603.85144437
118.74173913
173.079056573
992.841277584
846.974215974
173.658376132
947.831987453
745.063895804
919.777714071
917.842825271
797.310641145
159.290198219
439.173430913
873.821615926
20.5297102716
744.075867797
915.411834135
631.436879052
783.716633279
899.873198365
592.438481454
648.106831593
199.832444659
768.537229209
250.628371386
36.7106124827
238.962243139
555.43357893
774.77982085
201.454175508
598.605707599
656.600510504
148.151603446
57.5938084573
790.619163412
164.898427793
581.834977774
443.731989539
958.553763515
913.672303603
286.330440388
285.471756612
26.5933021531
131.976991055
162.834672653
883.892296677
773.911878526
879.820489948
529.499867873
398.215834213
682.782667451
338.231225376
157.905661179
458.518217994
958.569142634
425.462298033
419.623757906
666.565872463
837.236859646
873.990428768
390.728548569
326.22694142
334.30473041
591.913351212
263.092261322
897.191378996
585.554425713
904.110383435
129.877955907
431.969576461
223.536614584
259.180925473
480.03560924
228.908392659
918.298108735
706.757096179
684.458641718
743.800614211
112.766969318
830.232986338
476.515621084
205.778941405
921.848808366
10.7077676987
187.907756235
885.986727925
189.44349844
96.899832868
697.888004173
348.341113561
868.375591252
515.054891645
170.983177755
681.889845369
119.215269094
445.142559376
290.241992071
636.922789125
887.91941147
475.607222586
662.714178363
552.275242139
428.487423939
517.651527957
590.861553973
802.5910479
742.085933222
439.636831701
225.566800994
292.942596368
873.856106044
128.380344827
556.814441823
47.8107256989
713.751971869
638.956979579
852.609933631
515.222262649
686.297452908
312.104399865
657.318087166
735.876316762
954.027008071
218.887744795
270.891015042
735.936918166
512.937516521
666.652979555
650.726971509
100.548802675
600.493287691
5.02495577386
625.484514757
868.045812105
950.820115931
176.068456839
143.796781675
797.547381469
419.613515377
914.581101219
889.20907743
819.75056676
909.945336123
35.5686430474
800.625938248
612.574387823
390.376227055
356.96384302
556.487880495
148.11485021
926.902656433
896.041624236
237.048987215
735.63946934
71.2198441629
520.99427979
577.64610699
105.182321694
269.47000603
435.434479882
627.98639934
395.571654101
574.905631951
33.5409690372
321.652385529
819.820369748
210.433943319
168.067519206
990.896239472
27.3858061395
955.302827184
898.841952899
912.157102406
41.4978055875
163.088582348
807.353614753
206.975802953
674.92400258
698.389879559
386.62508616
198.578245976
696.094387011
234.511641896
369.977269236
94.0622343536
942.871939378
498.52342937
111.072993162
678.462700222
750.586383773
305.428787319
114.167807262
287.681187904
990.441757738
204.658991904
577.144744986
153.373809803
947.818924129
862.775676924
792.216557321
908.694042356
658.223263883
37.308221673
900.461610588
331.375034906
391.06297571
234.910705067
969.816071096
238.072637783
94.2451784716
725.274651816
729.916809117
713.341377937
259.226682465
917.041471505
930.649153704
141.624691306
895.389027572
619.153308402
696.944720972
906.916766058
847.874984124
282.48357547
723.404341364
740.409727324
14.9698899211
676.77337255
393.420943864
274.923377957
239.928481596
187.179632493
429.573383119
372.918333939
633.816811209
606.151386865
127.498674927
801.772722235
533.266352914
436.323161323
298.250232398
307.238613928
15.4003785795
428.28722599
383.664612368
333.260500397
149.995628448
188.898313466
833.942845397
138.119638765
555.386023056
941.675099937
582.749805317
138.025941373
499.30458362
700.468299151
599.567137067
604.663538045
58.2224699764
633.183958536
67.8273525712
284.253086621
44.1280501186
72.3252908186
464.44167111
563.590337974
755.635366579
724.806875328
773.966244351
959.328428197
2.53138678767
334.466830205
87.817781304
256.50623852
415.733738743
303.342215789
624.729846558
182.446809443
403.571420226
889.598464087
518.312914108
559.684959218
331.311486237
957.986613577
205.537892567
819.460076134
95.264287412
275.628580923
483.607359273
856.501279697
598.487130964
477.226302377
708.51637136
804.238295551
961.342252652
660.214185029
969.185031002
753.329744679
765.077425039
505.722724133
292.377636677
804.771878026
395.355401455
719.677573085
887.432542587
296.54312548
410.286914622
683.401234924
999.953043723
