290.711975658
70.6346604626
875.406034258
457.453047476
812.226144283
701.251013812
657.224615571
486.669262574
649.7588856
640.015522315
244.997104509
15.0512422642
730.798843043
346.983402432
253.196251956
35.1937788229
848.112491422
576.246456764
263.513111758
124.354980747
101.554447117
311.045618686
415.321518993
333.741549727
412.31097173
55.2014986618
284.657340255
154.763015463
973.698680567
608.199846442
304.159333995
14.9008491025
131.071075839
718.991971037
246.829160589
922.007052947
242.509837354
516.359925898
32.4644545895
580.801289598
632.674174568
387.471507694
811.812157266
212.033790724
46.2744732571
595.174444188
504.800533513
282.206503119
914.756633208
134.621349396
683.69325261
994.820544453
970.382255891
861.717146957
197.099444839
942.7138597
478.562038482
372.024633912
174.494534976
924.697724304
632.351149236
4.41645823779
945.03778711
684.546518619
437.342461224
878.035444322
717.404551279
273.731548267
890.211413435
503.834669484
751.440313994
491.866274921
454.821685185
498.585957154
771.368427975
959.298376383
76.8452192298
85.8153158821
348.534850381
426.897045018
209.66692098
559.889359848
22.3513256029
751.328739231
989.331739767
887.344756695
971.88609859
856.946571299
658.226281804
410.868680598
233.47204243
339.215228727
116.921735429
829.322367239
332.941728609
206.569481952
991.096243638
66.3923721405
124.134243151
986.228980662
680.223269099
581.257075659
327.176496456
401.773899221
733.761941282
167.412587919
591.826912832
543.164685723
319.920001047
812.114861909
514.038731974
288.685860397
273.024431595
375.555545381
858.253746505
956.557443301
627.739993533
340.42342406
680.882046607
915.976854249
841.229241138
977.117738902
150.863060504
862.025030335
288.006300744
837.997643506
797.756365287
156.418796873
235.815946396
233.001979699
39.8635865898
355.213824883
496.952283209
816.196657314
669.801299856
719.377902908
756.81383537
296.835202921
580.076270038
98.763782531
483.352070271
910.317325711
827.857333391
474.479874395
39.8532148713
329.77122463
201.939243834
140.876806129
134.570688129
924.778765102
969.464880113
154.500827798
22.1969254139
395.903369302
328.781291905
733.414239644
269.827961632
988.281735208
158.21338209
217.398501621
726.76881525
232.907837696
484.380340107
963.693984061
29.9975455519
106.140422672
302.022809719
993.085160216
80.7142750434
419.357453009
428.554497624
778.770999862
938.114394323
390.778265149
71.9790018791
358.87164845
303.611208545
58.7074623606
617.381199022
329.589186335
704.393612714
51.4226680717
782.147321583
180.901338662
939.250140518
121.620560758
845.157475435
569.541185425
498.470701891
915.517713623
782.387052016
613.311980293
180.670563677
517.612593341
203.579419469
581.519708553
640.16325951
879.921727909
707.461161606
397.425068171
526.233322318
155.437431662
776.991818356
110.056356549
194.772746923
374.866104187
251.783629514
870.788388121
633.318721231
722.728004996
747.056918645
476.700777181
568.215907848
21.1833149684
995.639682625
54.4369710368
370.046227124
640.047047722
382.113789492
321.471919751
718.806403526
153.359362575
632.441322507
160.017330241
988.59684023
352.279202246
123.096590183
123.205297459
985.38718723
439.887856931
575.259225855
171.641550941
444.807978592
147.97333894
991.602251758
783.540247509
149.524658294
476.479153524
565.565163912
97.8942116998
200.312164532
656.004237545
217.750570805
459.777427
63.070571421
648.870872493
317.57282225
366.336329011
149.539781167
70.6351935656
785.11086694
431.215221803
123.451155699
264.670842744
236.490763115
318.084499394
853.969032725
89.4551495558
457.747451267
524.211873267
761.616949973
390.390366334
29.9502541252
797.400351712
629.555060456
24.3318558378
475.294629464
990.682395443
830.879467437
952.066684357
450.17603471
209.883737979
715.153725059
142.741804131
192.020356709
375.063592617
727.650464863
434.619580838
453.905211772
605.494480449
614.213218213
81.6102460595
894.912683701
941.164321176
209.881354837
221.126944516
935.451341337
454.923820169
298.704532703
352.141230652
315.411884676
228.369866673
775.948737733
490.032395236
742.89511975
974.241035478
891.287969115
134.851002714
27.1027466599
180.060494414
673.238681636
48.5574944258
857.772314875
692.177919025
800.621969028
291.650019829
222.547181279
861.850449141
97.5818236454
803.774617157
25.9380415258
464.175970222
597.570387096
26.9547445637
724.8042718
319.484802967
358.042480569
78.1747973584
50.4740804161
680.397785624
243.977170128
279.565384302
996.043331939
996.189796969
560.858427194
670.519621173
486.683439816
673.900510701
465.163832808
520.507808246
663.664583697
348.718967408
319.517299163
565.374687472
470.218036342
441.013078648
444.460975888
942.908631408
438.24961302
273.664020483
523.569884942
918.571893895
500.420811361
2.93798115474
125.776473232
758.463597796
574.305442805
306.064842977
986.773330277
700.648851744
6.13381824706
756.36713537
893.009344099
72.820030105
471.109784612
3.57095686026
920.98488248
641.400228958
178.035092404
897.591284247
491.558052555
122.240024921
766.030556379
273.49442188
477.755160316
281.931401479
562.521165666
79.6587979936
483.300355505
599.938471245
513.818140749
505.695627154
825.750838418
554.364047058
334.100250575
919.636677983
542.848241725
136.948439983
322.388676688
865.285613952
844.58338243
186.052585504
619.581142982
17.9968646257
362.575014257
434.112715751
275.378504728
75.5214014394
782.280564726
315.078353748
641.749117059
924.081115436
293.959874979
632.702891026
749.731453844
340.398087358
694.531740331
903.177535234
814.540775709
388.032135019
635.474554588
866.484199857
345.733074248
130.636678513
941.959481607
925.809151681
189.210592414
230.697804575
368.119423807
695.780953562
125.358789203
529.821011816
773.089979218
61.7916684974
70.3793669334
902.479811122
206.05905464
950.785719348
681.883769646
102.035077298
877.420032438
756.349632754
761.306802138
963.912211311
311.121695937
311.15327722
133.90554765
111.325428875
397.863525845
964.29075328
925.967495492
567.592737746
272.678647682
739.657745422
149.216071296
252.619456298
90.4539685124
498.293906799
980.81011323
414.258196011
767.61523692
714.459304108
740.345012506
14.2482724092
956.537257393
580.396756723
127.014274243
795.545334616
708.449616362
718.625720572
437.232314475
362.749052157
714.31333797
726.829445714
327.907321776
703.334575665
174.984843699
402.549465909
53.0737050886
391.882363093
418.797404017
878.36257124
130.101600667
614.60372252
48.891914602
707.826672347
558.433527693
183.839270336
105.538043692
186.306869667
504.788737488
383.623450383
527.007168798
221.980578013
795.252227152
84.6384552478
970.744742577
692.243673662
664.519086552
118.777976629
277.479115389
394.715772393
718.689474169
130.434727161
98.1151105782
21.0847995078
980.992957618
410.056833284
631.700965971
949.060605129
614.589274816
604.053870808
788.399236503
867.395571418
745.227573615
391.164497774
13.7718228311
676.716110726
34.5296894235
105.133651217
304.797582226
91.1780474489
975.808974254
901.026415047
851.896401651
100.830701441
556.604760482
253.374530489
353.8024538
329.424416717
565.403144706
715.467051896
767.109699346
250.360942746
814.127517338
303.156898721
439.929411503
683.043043975
142.712977532
825.72756406
292.677395449
225.741737142
16.2069786649
332.956718229
951.255548081
594.674953216
611.745324497
652.559879903
886.724094889
919.92158678
53.1618804982
956.405994821
535.623619643
632.298997911
893.190909838
730.295598555
535.472931944
666.240073074
608.601279804
228.450116138
758.1187988
349.393752002
668.371290405
758.183683818
294.270022653
783.393959166
623.875481897
799.606432012
596.704041547
737.867321367
754.143734396
832.525319644
657.303600774
646.843623064
301.381811722
714.683222788
462.770386434
971.253258466
386.926340767
144.28630806
813.608386854
914.822763346
166.940790308
889.872745415
507.79549023
358.220413582
526.905085861
56.5545178957
128.363508573
329.506347202
845.906769796
213.358974469
236.110081366
284.671468795
496.487073419
984.097438229
432.378554378
748.889258397
955.840823358
456.998509914
606.913782876
655.800468132
739.595807387
634.511071384
149.89146408
189.051046649
689.388190168
642.563633147
698.313841646
589.997949416
614.192206373
15.4305152584
122.377961125
274.311168468
40.1794086793
69.1563496536
190.131365276
808.404077562
143.834875396
100.422908073
823.941547487
848.477841316
920.099716685
122.515966636
822.761811894
764.772316153
284.264369893
648.007569595
732.073677563
936.521432601
291.042736223
557.450255194
768.073459901
326.725599516
383.018885244
599.55249902
427.00967332
306.216221738
669.178786045
887.869209994
672.992394894
648.796554363
503.260020548
296.201462454
383.602577925
130.2587741
335.438566344
940.91128758
425.333885215
140.505774745
47.5491130831
711.951544198
642.911357733
14.4208907994
693.595176977
826.67233988
547.523521466
921.797794425
386.904471288
89.8143040757
761.84945119
845.577482511
704.357348961
561.72792553
589.699807532
13.7719869665
61.5553701738
950.063199245
8.37999071084
311.101081774
513.099179378
80.4281088418
441.405217551
831.308761923
77.4657466256
205.142622453
847.371490749
209.780356127
877.709211578
763.971370548
183.516239283
30.4465949093
871.145285082
489.792276813
417.185888631
453.728971056
721.999228509
296.261560865
752.619075093
116.640785795
413.374747355
635.693044271
530.154897018
94.1648801165
366.801791953
261.803315313
608.802193955
990.249590991
186.651314826
751.652093841
133.842418403
520.56625986
155.169241748
219.298370284
893.354048183
353.499018493
83.1184269243
266.833422411
92.2321139664
492.751847511
16.0088221528
207.763310561
635.901762293
846.45964243
853.67492004
792.320115965
64.6435147657
735.12772202
552.586165966
323.756535407
792.326411742
380.618998674
176.679191739
404.732307335
357.08263065
315.777002547
14.4571420374
632.114504843
278.624117551
693.95802618
112.081181272
476.660355668
712.610317372
508.828590447
792.248057161
25.5879311553
721.58557596
970.296187207
80.9536706979
563.020758045
840.377554771
589.611187007
584.97978957
187.378261763
349.918206151
918.726742443
254.88452485
58.3148829
586.232507761
151.397479749
804.459604802
129.182205139
376.281822776
226.770587014
893.608070344
600.122444079
524.980792733
30.1713535778
973.413137919
384.65385025
727.706889737
387.82428681
776.179830226
385.364250251
320.801768716
755.768265063
753.706995895
936.929115524
392.041468776
661.207592967
292.989209309
635.813796055
577.596771962
655.187166636
352.720256069
103.249191511
628.453632698
439.331575642
442.368235718
499.807986187
742.029982996
276.161815529
929.691087752
767.66094298
965.394676193
933.777317345
351.280993176
158.214127617
193.22412708
241.352119743
922.937572892
361.468954378
159.581725304
427.482932985
910.202544402
682.220269598
956.297051479
242.167653939
843.478907703
378.059855423
405.072329001
554.8774075
823.918942631
339.701811352
464.039250529
701.495542323
256.014136657
1.2532310318
22.5690766959
276.686258169
393.679092554
21.9542870425
263.317110668
487.379800721
625.689244111
14.7542392231
264.361840343
272.946435117
876.691284095
854.370777164
770.293443559
41.7987867223
619.86891536
930.84995858
298.263662785
276.59587992
964.452702417
728.460111087
570.369552047
249.310018673
705.860831955
169.449671822
856.61309743
318.263538555
617.389102972
5.86896958519
279.107036387
747.42704488
916.684873265
106.060427106
873.523026026
811.140010845
575.067181642
415.445343466
53.3202608474
288.266005113
720.081489364
817.831306162
680.775249686
576.219805178
552.297522473
691.414211926
734.072209444
774.166662941
217.746089945
376.375285522
851.439816073
540.54152016
124.964150299
941.517940472
357.477130743
478.276109915
294.159931139
372.093043672
979.22269284
989.727032704
746.611090287
384.908250604
295.138426934
406.122315828
785.633697522
597.676310453
792.689587644
405.391125934
469.945981836
972.496386328
114.121175395
438.578388378
324.383189094
222.100969739
750.5552676
53.1361749605
282.444097342
458.637095312
436.001691157
715.682875244
574.833889719
497.713589037
271.484605341
25.0898856541
489.485913156
677.177144412
224.299806287
201.953093433
796.14453496
676.770225806
265.801876345
870.888108438
120.312150448
785.801321907
166.252435154
290.355874038
283.029103722
697.176470954
895.793670973
516.545065281
706.294948634
131.023815247
829.468069842
411.025355727
33.6315350643
880.458256556
231.859441735
225.1856811
930.103051915
911.934697281
679.136034576
393.274275109
952.039749025
133.049315893
583.503421775
337.444470813
133.769499215
66.1377106931
993.32803516
469.313274192
429.431589054
758.147880598
608.120003314
166.331528619
607.681672384
817.560057795
250.714990755
280.152880034
7.96858402147
855.398698931
420.727984362
148.608417831
464.313806786
966.550825254
490.823702215
747.287509057
829.498251064
492.361815183
755.11676661
893.010891616
813.635971092
655.723745128
485.837742759
854.245999631
404.787194745
421.735669367
397.07901931
751.627422499
568.220602378
112.771461244
738.070682609
750.610801988
778.570401867
810.047099142
522.506885772
27.3923665138
10.6248760508
166.09371638
692.903741221
262.96356273
345.611789305
388.185284547
105.685649934
709.780775938
675.446594829
165.359665035
59.4161628143
45.1271606196
499.12650066
950.29841065
272.078116659
118.519817181
632.774300538
160.198806627
46.0652670031
935.239704817
461.079545576
196.594348567
95.134765952
114.559948477
594.864534239
704.265737583
722.832306314
6.06886516254
646.775488612
936.021086754
574.29964129
247.237261747
146.168616908
397.718327439
830.017622591
277.228171422
906.12386767
457.570879586
584.004123079
978.645948391
772.004006157
371.867797286
190.511090696
4.53444759031
979.000898775
727.55852728
245.303347652
418.531978723
598.944704621
905.533622273
146.494706153
196.572022448
33.6871473649
577.372115979
131.976041564
468.538728099
82.915757891
811.857314121
