19.4642953376
571.399896982
392.064245881
146.461328176
412.57530098
716.323165386
240.164827008
455.379349455
918.777693454
925.776108726
430.833952763
420.271450239
997.795852071
885.894009901
385.497828622
57.021193052
850.358966763
425.485449859
498.930268355
795.693727778
772.159947937
611.704509867
979.243331242
421.905610198
716.281389302
930.510337953
179.684872387
853.370693312
941.72866636
540.624827826
745.774691173
91.4668711023
464.770560152
393.034966295
569.350221399
768.952588085
182.361865283
207.326095353
144.675836821
291.737630682
592.901715818
529.975511037
122.399838899
676.366771679
673.155738296
833.845015246
279.965297096
342.753211391
210.414063513
377.532622741
258.327106041
520.276517321
960.052693788
42.6234584784
183.033910049
693.918861896
242.445199909
239.522585035
278.088333223
564.814303993
87.5614100796
691.516151885
248.140160982
116.894255914
84.2107345023
9.89705631628
576.970061025
223.269830966
240.562230145
942.483418621
706.365321112
197.09675547
332.452157142
653.052640779
510.066162666
264.996779458
699.396663755
888.432610695
344.721938173
555.245064801
167.209696955
539.888192458
604.720928457
66.7887049695
629.024666086
882.559627183
884.011913994
13.9089825834
753.823292632
876.990837633
267.533124731
510.403549233
786.874073799
181.583920353
424.551004617
45.1364593223
762.3646724
717.888185559
519.082451103
761.127591478
331.166891752
454.8260425
803.967178241
518.869541223
74.0136838827
315.595986236
290.446860499
971.548813593
389.258899265
812.459860184
532.92873357
66.5466355618
930.36355943
337.957573555
735.911309896
931.780959098
24.4987866297
5.78653847409
346.47131047
82.2565499624
942.324442059
804.278426171
801.567227818
632.01664656
849.573300656
109.84095284
665.365010192
472.04379428
600.77658834
249.432949388
441.734400427
974.382270066
915.742549733
125.50188612
713.090201306
688.298687941
630.4961028
299.264401482
139.522273888
721.308983894
538.825504868
87.3420886613
394.785005361
323.841072123
167.537588714
584.45886195
80.1871808461
477.975468887
931.514336224
629.48586469
142.720553935
252.856095861
608.162213107
526.42685865
277.799376536
550.231800994
975.560064495
950.01318807
72.0503772649
39.7294115798
406.724831208
830.440682157
675.22635105
43.2165923698
843.65476821
626.35877612
704.173839182
622.888745118
25.057472904
672.489166444
879.314139731
336.012456891
16.7942854291
169.236350228
346.340206039
736.52200309
312.907450774
72.8634977469
754.499803932
365.854391748
764.992786366
85.6053523685
349.606219532
68.8355347017
425.475333708
818.824856451
734.945122031
68.3488845133
296.599694296
68.5780456713
510.292801844
665.372937499
217.709776707
51.1028014071
29.4449106644
857.384591909
582.884643258
636.659445127
334.716633743
12.9279454923
55.2120335648
721.181113126
804.865298152
345.78058989
626.340898351
593.837766307
681.680173228
689.93355574
416.574436785
530.626558367
738.897343279
347.702166405
930.435323514
861.251348498
775.414516656
207.803865795
412.866035972
246.195136835
263.663510394
752.144702615
896.51525237
288.259621565
301.995945031
835.764193422
798.001066675
818.831056468
254.908519006
484.065136616
46.5617851332
393.429946447
443.172464317
934.296705919
502.812618474
616.82827246
256.77039874
574.345494351
203.121524104
76.6960798366
878.56868003
0.903499254174
899.455251441
288.220595391
518.2955129
361.789282279
761.733086124
387.707775176
471.219695457
908.360204781
627.561393764
545.338514431
622.570125978
150.362230543
175.66252214
22.9110472718
94.9466871138
493.679255317
892.731127069
532.698092384
247.965046875
427.773821875
121.539938767
31.118042908
872.83732893
790.978137017
620.958993354
430.803330121
499.699124572
406.622061873
531.161176843
152.219145523
984.774721742
116.982733806
349.803837131
62.9610068332
780.753566484
58.2671835737
530.165745987
109.590080737
251.849259211
125.007831288
517.676778657
890.056803954
179.326589713
12.58192741
761.264285234
890.835319687
885.296950219
663.706694676
420.708464847
868.896857598
526.568885888
132.256785092
343.342022705
310.272395671
57.8060388822
652.147726515
144.220840279
277.713070319
59.7837967319
569.514884121
227.081575098
535.489759887
857.397030597
883.098589575
745.281227669
987.608166537
922.422531733
685.847772945
579.946170477
114.397303349
539.168800667
221.142417234
963.143624237
295.13082017
109.568828961
890.22240581
699.807486531
561.353956728
233.634964102
693.353971391
174.438694136
686.800265919
709.173650168
822.295496102
50.2203511475
653.603868105
617.442354151
232.345543127
858.975339057
507.792001918
83.2790250388
102.575328929
223.436500788
185.998527405
141.242682253
924.807657321
283.229410591
705.248003006
66.6287071646
294.13172728
746.94575227
232.659763174
373.097689555
385.65818034
460.683817019
786.579022095
230.770277613
646.023576403
58.9727469861
887.545768516
67.6639843958
300.644632428
527.571901989
674.078375373
94.9919213443
316.617607698
717.027327119
965.878535336
962.80021769
299.906114456
555.485169147
736.801738612
340.52462466
260.350866351
404.718885062
280.734713461
680.300335718
561.856851819
712.830103734
298.130827848
381.709991103
293.184205619
25.8102434096
602.763132798
975.336457083
446.669466576
900.277727468
508.995712593
971.180505452
533.072734347
367.661311909
295.36305716
413.281936391
117.937534017
672.037110677
336.402546201
82.4664187548
223.245098652
375.23301171
951.173816995
214.973213012
528.275280373
546.680474572
483.544775492
459.444196897
351.850774637
707.025982794
429.270925888
456.106366549
929.496065882
426.812472266
187.364349927
643.191809778
421.621905605
269.948964401
166.296306207
275.518030451
1000.76326437
149.525411401
879.745907695
271.436008715
511.251971782
372.454251505
740.308426007
243.722177885
911.22781864
856.096326971
352.467784834
778.713458086
182.928686312
426.503933349
357.814761304
721.757623792
689.921408646
833.282744993
542.653085739
148.971713862
633.955326437
252.35788423
47.3610339739
767.973909609
949.072949959
953.633345329
189.424480642
109.575612856
589.680586371
336.477333591
914.261352364
953.946810639
817.155104882
518.696317367
765.29761178
899.556072503
340.357634458
737.54664363
254.743626043
939.997734164
932.296309653
413.350032456
598.093945292
793.955502338
545.061363954
613.591843872
502.353059817
341.775018847
105.886513808
233.604989445
610.511853134
877.336532872
227.532244716
71.6307725006
275.041814782
595.07520998
453.754876963
382.566090802
29.1298360505
263.851355621
139.573643665
680.322969179
62.9012667179
98.2643042586
768.610970032
698.33440891
71.68772772
885.192275603
454.385741406
358.835876671
494.313245646
895.155480649
62.4067774302
885.583188531
225.179252983
409.747434481
5.72832778851
178.147225778
224.563428365
483.227502332
563.85013921
642.441263421
839.637603514
234.126226758
434.925220675
344.391917352
145.232689414
766.290718352
76.103425505
491.180257422
38.4110782825
367.083941374
187.925658965
406.301888914
765.590947206
808.395394877
153.684833409
651.775205435
652.722869756
985.730283501
814.094216967
534.085368957
200.902563631
468.347918285
772.456555259
595.196526877
14.4879917197
410.430856179
890.335670826
523.273869929
254.198189325
391.318455262
952.262943467
223.74422476
232.818821043
266.057179475
865.362824917
303.142005165
800.752795832
983.343251728
354.412582043
249.91344899
989.455311458
354.105326785
776.707654574
645.596469519
108.080726761
716.615151354
781.671857723
63.0454025221
848.337508282
892.762831417
84.180538557
406.377437708
865.276502667
88.273574019
611.421308384
451.422906381
997.581245039
860.925413586
742.109910206
625.639005753
261.328930851
364.633401103
68.8171137985
308.433853839
706.88178822
600.284102956
321.693169204
257.974431973
785.260755397
97.0000864876
424.55610812
682.000214139
524.070797395
789.706012937
134.894535283
149.51775233
840.322235241
805.151410352
736.216130561
380.634109203
646.120760719
509.944775599
261.75805971
184.202620681
291.49188015
44.9898852311
867.859510481
598.578814774
116.211719276
800.102670525
453.151595084
232.697393086
331.440513929
316.993930851
587.81339395
54.4135712447
78.5699717927
893.022368849
384.873189062
147.673763914
836.124393598
529.902228591
740.270298608
6.13653602929
856.078956657
998.749739016
62.9150824049
924.684871325
89.2423832303
266.330989742
242.15178375
821.255343721
150.887363884
196.477009626
93.1743899315
402.876952486
733.813584719
948.064034706
283.300226377
868.319308001
417.110327905
496.923268033
478.652593014
106.230001182
454.907501164
224.389802113
845.455693952
720.580344454
72.5700241557
540.976184899
92.2317444467
55.6579812465
543.846050959
0.786675251588
500.932566705
865.241521101
293.936835525
223.422629796
66.0042572041
194.730481687
394.624777561
157.038391447
547.145856501
577.755561293
505.120575509
63.844690315
832.569090496
253.830578289
617.019822951
494.300607147
745.49508065
6.7965206174
24.2529753213
594.195394553
108.782479068
701.778382429
35.7074789848
125.223589418
597.784913912
871.890649467
740.995432513
144.627823826
885.790733555
475.650674953
609.383693117
49.7682032872
207.072435534
370.228142717
803.335100408
203.59657947
661.052799769
369.86637822
446.772537563
885.870314151
234.977960398
778.297774476
107.646652
398.448857349
156.234868068
711.081847742
478.758957235
825.219902421
60.1382448764
857.009121491
780.714335718
104.832511895
921.350889067
162.027137174
777.306728524
285.689637304
38.3778296465
619.601736636
139.016878012
332.02389035
187.115492945
485.688781197
573.422641479
399.956709216
161.870251074
254.137852749
751.147494366
71.2034476402
533.195520694
104.460109085
219.417661191
769.838757409
105.903628472
77.4054265129
816.222931499
788.908820078
434.971863072
58.1198778109
360.539727532
333.266362728
803.916660728
975.144628604
227.154915005
715.758600133
8.9965913682
950.555055995
816.290603948
502.391830966
595.822207754
331.139226768
965.333921304
186.734877658
713.129921351
269.402516271
539.078847607
158.216560999
680.732760901
345.664105777
132.344632484
335.759526323
720.282486907
776.117467399
948.004205852
505.083024102
211.659162081
271.990186155
959.087044639
420.032215707
39.079430468
22.1804925447
87.225042662
153.44567894
704.710929402
20.6503540974
429.66321959
146.494758867
917.194831003
425.350184026
445.273572295
225.059677133
329.639676167
587.095006816
477.563554278
279.981635302
130.522573395
555.421538983
978.088003541
167.515461669
62.0859902423
668.072856296
541.097023545
169.042293982
943.387143086
293.661546416
966.417405021
413.549181216
726.157399115
234.233643695
145.435291211
674.073884741
599.329598434
105.505291094
315.404338736
688.813324384
180.570047406
608.658552989
477.164204385
22.3862535503
194.111874353
118.236004369
558.133596795
902.194965441
71.0775215971
954.05470535
623.753236092
596.882148455
165.660392283
198.279350337
803.624295854
89.1841555724
794.052081325
747.148378978
234.867742761
750.181334674
836.140865253
533.926983013
612.550633133
69.4003922618
836.75918525
985.570178278
310.771041674
423.284285996
453.924428279
368.866266671
646.252868688
468.797771826
289.635899459
486.375080468
919.024407061
860.529261618
86.6722352617
912.505975429
606.059709654
991.186770919
793.06572865
3.10333549876
486.807685288
550.963461136
396.328667332
856.35930605
853.267884446
240.998410689
144.553151177
57.2827275318
772.905766527
39.9088892835
488.298524211
227.57695003
727.031693738
334.606641141
451.788691961
708.824048928
221.972063711
531.118788275
133.327412308
231.195704282
253.294323897
737.03402444
829.864691007
651.826325411
968.35618106
305.805685042
197.936016564
389.37473217
888.133325029
37.9436787515
335.422677373
124.539098156
119.27725241
229.054462285
725.093658676
169.454229472
362.02869661
515.971845823
811.646423378
209.924543849
543.546303874
705.413630547
264.862383698
483.204648366
756.791095266
976.311017237
318.693363379
596.680139903
689.098225254
439.211048527
638.136994578
455.594155117
814.9482171
525.608700812
587.339385248
531.821504032
412.061013307
797.897950503
236.732286926
19.7274401325
917.833272375
815.253845835
50.661753421
620.753362917
108.44582562
535.012744319
309.458151853
508.238340387
910.279292768
136.173220366
804.348402647
179.368670119
361.84752097
904.905934279
560.636775523
992.004655267
87.2663230447
676.496331684
565.221426358
358.40628627
516.561123248
747.83930711
437.207979772
780.167269457
209.586976895
728.890415465
873.971058307
159.820674339
394.119074442
318.439920944
630.410887129
113.383674269
590.206586507
310.115826767
839.249693486
660.914865526
575.268213106
130.206839705
708.849146302
456.783669097
635.806082263
394.342287784
373.127106903
69.5957347872
734.989682247
428.154864605
407.64026651
389.977656635
152.371850943
52.808225823
697.28607316
428.031054301
334.504313278
349.353338192
978.244798139
594.475761145
698.350018985
431.116992858
782.098752875
324.977131544
25.9505343164
216.476894439
9.27580895692
486.257440747
931.478495871
745.94874798
693.745962453
464.523275636
297.242441032
47.8486444399
243.932579938
233.078510224
440.533838861
921.367163796
357.838022457
984.459698195
244.975675842
414.916420689
115.840507382
466.436455742
556.734591099
714.969411215
21.2663411897
741.605451311
11.9661868276
520.137073363
636.22228131
329.801450006
34.5488348066
244.891161798
30.4715854727
534.923516357
787.569143986
392.861469682
288.534891519
867.893075397
96.9467810482
263.775355262
593.947745923
371.277307189
597.598290842
544.598743631
381.929820008
127.630645462
56.917146997
448.411568929
502.282819611
367.819364884
975.930452763
69.7990689159
273.622789492
496.971616525
549.024504714
820.38447108
109.331877568
484.993129483
745.979599966
345.950074526
279.143615886
989.781136076
868.98822449
775.942826917
161.369850246
144.837762234
382.029489334
676.080366985
583.905451966
887.456825351
554.664705417
580.086462606
108.626281116
