457.895166834
642.727433265
353.325412775
447.956563979
676.56750456
578.640194343
14.0452255328
360.367775965
173.426139671
726.802018727
132.405428591
645.031105936
672.562823376
750.591524471
967.075373876
622.732913408
759.082140238
497.289944675
7.79589781759
929.949320112
314.925853048
0.325756063462
459.076401411
697.232601931
540.484612981
142.851290539
865.574309837
498.331591565
145.166961993
337.230044799
899.346272701
75.9436175256
87.0209053752
334.988149096
331.075836385
897.128728631
751.240615337
65.2968661306
96.087531586
463.332009884
257.416030443
41.5629800519
399.78118655
203.477391708
198.801380176
75.5155914663
510.151519288
626.358664502
686.195245447
278.651336269
14.5063474592
494.140795698
92.3692452662
333.667748091
401.207980211
252.445317567
256.437232799
599.841856325
654.803868665
603.076439256
272.721992859
800.34191095
984.083314926
870.335716771
151.481155872
433.873601079
523.063630621
911.005070858
173.890627507
218.156616233
220.286507343
236.30814275
481.536623771
638.991814491
929.178163503
500.53743652
320.54125959
824.780736668
683.667822056
918.213305172
917.970284195
646.72501428
991.679006159
401.434801274
613.06572528
293.606471776
456.287371173
255.646523462
714.68997209
220.955509282
252.051860575
155.975572914
725.611594616
409.169276378
387.271487199
318.500635758
572.801413693
292.598237756
110.578603182
582.879284565
976.522811514
564.355362043
892.333412352
470.943731391
831.505050789
106.248114966
685.399279924
785.009957399
912.524731224
397.835283478
608.297290987
746.160487943
263.780209412
963.604312763
556.589115192
767.810388405
230.486510368
387.249655506
64.3180641409
285.536302125
99.38938526
821.37888877
648.706250004
500.034916059
690.435951469
744.7199449
123.835143841
954.174787339
262.547139204
637.866897111
493.345167865
577.18626116
61.7620858009
302.138496618
989.832315278
275.412492538
500.37919396
584.98436813
641.739631543
964.195160752
500.191997765
42.8582647557
868.249479353
345.174234125
349.082252337
845.193628708
243.056495572
286.770511643
419.592248972
949.562276001
521.868917942
11.8327877107
663.95744121
26.5314733409
447.281182306
524.929378237
546.682070998
8.1969800096
331.48196772
721.651285706
301.688106194
126.788832504
630.244927905
408.96744075
623.138090208
630.590564067
774.026631618
308.274968136
385.533943185
831.895199675
159.879161396
675.23954684
840.07051374
34.2092768238
817.241803729
700.215968348
279.967879542
639.392968466
528.081475566
892.800132911
814.728200078
980.643826313
831.035305524
221.308110373
20.0504416422
385.241532262
335.410177569
370.855462508
786.236924829
566.553805522
637.195313638
83.6482182052
947.202393543
802.435973653
376.768702224
224.133236151
663.319318754
242.405516026
372.351228606
968.466359558
478.202923153
436.514692943
574.750736769
893.766500316
90.6166144144
38.4476266534
391.968529777
105.592667677
202.303218237
958.739787841
200.048338891
380.207009686
998.235177914
402.976471436
812.381551679
713.400289632
672.739987039
518.426967667
733.890641882
550.291734733
155.456839611
1.9723533364
953.681912874
1.02631366313
506.25080898
522.930396732
510.426837384
294.801182022
592.615797243
605.815607416
986.127340562
220.74055337
742.317695528
534.77655101
338.562249274
664.989408567
972.969711265
701.140657382
417.914431937
287.94407874
409.447483411
650.280810544
998.992206314
858.003120711
849.508548211
701.260770294
656.119665493
259.507878916
822.140684625
388.76711807
351.207217627
465.233061995
198.172746401
459.480501372
135.651764977
918.98563109
656.609796226
287.001219297
268.517202028
6.12830465997
368.927840164
641.099949479
700.229413992
633.916059261
388.318273352
188.560361428
761.307953974
510.257656606
70.2064022041
372.177493323
289.232226999
114.273708276
348.910206256
566.609487563
29.6675282059
682.622674934
851.066895844
154.679073838
789.953236757
130.297411875
552.602266694
637.831879816
437.833275523
440.028067051
178.316126589
175.41818317
743.979066918
770.223624359
770.054445735
240.680695686
86.9320390032
539.937396154
596.684761732
844.751105214
583.551240447
251.898772973
521.065369498
674.599799635
704.601588629
432.090091418
950.397173664
449.603870265
834.471704136
711.377145073
972.845838024
163.935870232
36.2126050532
714.13676555
508.014073505
359.418611209
793.278326483
513.493638787
486.85503601
905.549874516
447.725877902
664.831977178
166.529461908
836.164435219
22.6282026469
399.191304954
422.037508565
269.187472773
608.178716845
724.781951006
672.850665802
380.715779818
191.370446696
478.486530093
887.64143251
279.933916561
241.742881813
860.690451336
159.452908642
415.924211558
86.2631172173
329.930361028
126.447401214
29.6488802387
375.922528554
28.1015986855
594.143500158
657.769346996
986.077265773
444.723711522
741.980849394
622.147704086
322.014159785
666.102478853
694.899416512
715.751303938
714.710700318
619.963978424
331.668260678
633.505220345
261.338278589
383.629516459
15.2726667544
369.207963789
763.001123066
546.027055717
199.435608963
465.884936428
359.863753791
676.962390379
759.976529402
750.677774103
747.564220246
0.323910366903
285.733263714
130.883135982
708.516918969
450.045841277
362.823737765
599.423301301
867.778863514
789.246963831
5.21875506402
889.336080064
85.4206664351
410.787900954
29.0986082117
706.685769966
872.215301146
474.891088531
35.7640974748
844.376945415
403.686582485
387.978140359
945.535366217
586.017897798
204.61416678
405.320311806
130.931290838
207.556076212
652.048785284
141.321715858
680.370032995
265.851435473
630.776912947
701.392383776
723.183045176
383.719078256
18.9243802234
92.5802951665
431.096338683
632.687931231
137.973863993
683.87820471
146.741979513
292.848951727
800.734994121
955.21418034
981.367324453
850.150349792
373.103230139
799.920601951
104.44116484
478.606129687
779.576177297
386.930335785
850.910205465
336.247437626
417.403751222
196.892556419
884.679360442
802.8674135
588.414545264
891.471619229
562.11678593
127.539114948
767.291098401
889.60416513
120.680702248
434.508160837
451.629833977
721.196976079
503.655587686
980.461766553
926.97391955
386.092062259
822.308583084
393.949442419
124.433299436
376.752748248
538.748685692
61.4391616215
18.7139907676
358.196930659
221.130476897
542.755084451
479.751233896
822.160938766
952.857397301
264.178375062
752.470860768
757.758612274
141.031798614
721.307636467
143.174258328
514.827820865
338.039018337
755.914501041
237.376789169
834.680192844
213.874051837
488.606736835
640.114641666
830.2376193
966.845229517
883.291614392
265.052995902
12.6081315642
225.250284015
667.776287581
902.73940271
162.897580113
929.946564697
438.620688568
618.836312348
547.684971585
623.379567676
567.5612707
20.038834751
872.237416698
439.568246241
667.173822155
147.439183212
319.899513265
558.319071123
13.282866097
935.777026797
495.874875344
893.282151755
19.4725848313
547.620579648
332.626951261
509.473148422
626.324506868
189.168074496
233.010835061
792.774679578
413.830686534
643.609609604
614.588063151
633.179530973
208.77444502
615.160339463
942.573794128
435.781274862
726.151578665
682.714195253
403.508561452
637.8519178
403.528237543
985.485185449
74.1761838224
107.760020739
18.0201901837
405.322363358
364.42776813
761.633473529
689.455345533
869.780447576
903.551099458
102.665143573
95.5487278806
299.920288896
945.392833968
352.185493254
823.018766317
527.427546297
361.175773549
661.536355181
734.983438258
832.723166076
467.452539078
476.379370817
767.150161566
694.185060713
223.022427367
600.320971661
790.000933058
625.223110317
902.97541848
653.715499758
367.123686901
690.495665463
121.494088838
21.8864837555
475.614811481
876.244756284
23.8250283388
61.8523184792
717.792078151
678.404856123
427.535073491
447.028829826
211.318941571
77.6968708714
312.162818157
995.262926656
443.454163686
490.748640486
769.425306479
880.146314838
733.40529932
933.983071495
147.122840486
754.657834048
19.8997438936
894.99236252
55.277807373
975.117978706
592.577141908
208.339928279
830.461539705
896.644338181
371.824693961
346.415017592
424.762927081
808.091492436
572.580821623
644.841122007
614.721747795
621.586550889
837.586601525
51.5846560092
305.520700924
93.1964288539
737.70888369
341.096465783
820.180486674
252.335253537
103.49567162
457.230985859
426.241642616
99.0059278266
666.448415172
886.84814077
829.5875387
563.712478498
372.722316082
264.039141463
804.019164523
761.831550129
599.097857073
385.890754279
795.328735115
891.627050104
534.547970488
540.107064406
533.485034067
84.3109886061
41.2075631343
606.082809214
522.757448848
535.811484573
722.998095968
278.94294382
783.32139413
144.534619677
198.845647542
950.166806259
465.478638703
338.890633908
350.030487013
150.999432217
359.253739534
417.351205502
437.036796156
813.483684807
165.572211223
373.607209564
830.414470333
215.77070417
192.063861136
568.526274023
417.375567004
25.4197311979
586.559045132
190.182383359
572.325770924
719.575241292
701.555340766
608.227558762
943.91140423
343.269695726
766.935914637
256.221414839
563.167982753
757.169255011
131.446142345
241.257000859
536.561567886
521.396268513
380.254315769
405.178188881
972.793228894
652.31805158
400.047544335
930.109479915
228.03398104
857.883991678
337.395735008
731.991016035
952.539412953
837.409403472
245.582321179
876.08856179
81.8172418087
525.973476522
302.379642355
249.237745475
259.65596719
957.886917238
855.027880987
558.406082095
102.817854966
671.93926118
137.778858454
915.30813096
941.583323184
622.656513356
626.51556314
569.498440466
40.3798701861
582.281330454
706.425451041
596.057120336
264.640373604
404.310081523
588.034562966
121.778880137
616.284257444
264.007246507
309.486563971
813.721330306
906.143566457
216.306284955
586.273488853
176.67331964
941.420564223
482.209903239
723.563042565
474.196771371
816.943407294
351.070356175
178.407390901
598.130345254
372.780429101
365.377933852
126.955023852
735.936286462
55.7708002225
807.044817265
272.482687661
200.655408395
366.290875993
514.865553714
16.4767185459
449.138580527
394.213627459
351.637065953
398.714154387
283.934676959
305.711876303
57.7662905775
808.802098034
567.690731332
396.961343691
301.228319757
62.28657356
403.044227066
823.136136031
690.114668112
798.570629736
329.890348389
935.909383093
395.759737299
340.143559572
748.779759867
527.684461736
7.11082795081
103.726559099
507.830988657
404.486549229
6.19189519416
200.826964549
806.287390967
165.554310211
688.267340833
728.002655829
4.50117224747
28.178244549
964.364798835
478.955766933
314.088624
795.919849217
445.319709976
985.187275157
739.352095272
487.085467068
999.116525653
333.145685997
482.906683355
525.505163741
652.338505202
556.283216448
992.921309063
308.841807982
896.014585056
988.878688002
664.057920279
403.156783297
59.0591236632
716.776507057
230.42075544
51.7965138373
620.255672794
874.734526664
8.27392006444
528.048006797
903.65058246
108.179358196
707.604407808
894.070010188
669.829860475
666.894537976
146.125710084
998.214363741
336.777143995
944.996600371
227.127314107
898.695491259
411.782869219
778.968533968
956.316858242
388.128117419
455.573544086
512.632656943
593.814736332
399.515727422
874.535890393
212.214657362
118.489342169
299.008562704
398.9726593
489.367140145
758.048261375
73.9945721372
964.462890988
750.689468357
114.374715475
255.480095829
663.888894971
157.218659573
949.539470921
437.854845647
129.470824748
196.97008796
218.252800551
95.5945721429
699.164848177
559.85961713
656.856931914
815.449037984
699.891880488
249.08718872
630.641246415
970.806610926
821.152282606
130.186101511
168.208086164
950.74532676
655.623766989
754.624121139
595.369407821
204.633769047
395.655427626
92.3446394367
240.097122135
517.702418045
940.688062654
633.059340536
292.832623644
523.502418322
813.937114302
997.116967399
516.015935745
144.633716026
417.246712467
529.991029003
717.796288061
1.07321341954
645.754359255
842.523373118
613.152713482
30.9439225863
500.122974531
299.473232389
447.255961024
224.47303117
854.374333302
837.605878613
368.563219287
232.696607611
507.5587862
881.939349766
189.229794211
104.424228486
522.092068506
875.111370994
5.26431347629
151.670920838
117.894401511
212.0837705
624.245820887
776.594229814
935.759029675
460.700107186
845.554155496
911.627140335
406.555334609
391.806656312
423.627794646
155.932709949
575.104100488
495.82129668
537.352220679
292.863611016
824.720970327
543.379034895
532.326545863
740.244861149
694.937802924
543.330608017
260.204943749
390.595185745
686.425489419
870.95547679
667.392435305
755.628183675
312.638805075
561.233391391
430.546631725
388.057967846
449.668980503
646.045245331
341.943741776
183.013175535
600.906215213
718.032573478
233.314208375
240.377481209
352.2932888
201.048997597
501.611677675
610.779134668
743.210205043
562.64629242
310.610198082
922.521441766
459.10588744
864.897901356
978.471637195
601.916644245
23.4357159147
922.192432594
793.301919768
112.400109947
203.868294367
273.502067387
542.517504311
380.136886084
316.598078595
76.0785488542
848.526352502
330.833276671
1.59604119111
516.435026391
359.906919365
208.002657343
634.20492518
188.330538637
127.99469655
803.379428885
787.876520047
99.9563717382
381.40661113
967.285102431
465.982605403
710.101837381
177.428663922
265.023238005
627.261014518
199.214526077
351.068524669
921.985019775
529.652838545
67.1699870804
319.403314119
186.025283912
781.198202595
745.011269046
41.1284087258
307.337036429
498.318310077
512.546624169
550.069520226
217.41229379
604.008285505
320.809526786
227.210131971
104.877642071
295.711854189
894.05523679
398.684691245
668.064280177
764.640630948
798.147406808
280.871423906
545.848008427
672.503204916
71.5972975131
525.617328037
408.512061297
999.09804558
742.209524859
858.429672942
626.318947433
869.224383563
465.719541756
278.594982989
423.121134414
861.510476957
532.332171504
76.9007733064
253.245190183
133.690189844
878.419461414
