851.787132627
789.585993933
581.301897406
454.591561452
528.654284602
353.861954053
514.903874884
954.087396815
523.034830621
534.82405047
693.389640942
752.972695103
89.5624035334
43.8582957229
99.511374815
133.18100011
422.34172228
105.717922829
927.828080684
986.248597445
826.461251257
73.4922169653
697.329470474
388.213762855
643.256431261
36.435029906
770.677842576
196.329043589
920.219754131
859.328251505
949.520132045
960.531636322
899.246733059
729.799743387
424.400920801
946.752482562
391.929278568
985.803080667
147.865327242
581.276647794
535.826710503
161.456291571
670.748975743
993.11434641
981.173046735
945.08212338
296.976149629
100.919379297
300.280693102
820.786081559
718.239819341
168.463061616
897.184567971
516.141627567
232.61020918
702.099919636
983.008665623
693.241894532
369.485795548
961.882058335
783.726712724
936.42522611
130.693825922
943.727986128
457.416720984
712.545546212
450.789745255
229.341676149
722.551357738
464.330831654
704.52840199
231.031698805
569.213224053
351.693687665
121.738917777
241.678314058
576.667933947
546.700692466
492.169109651
916.687131148
651.783081329
633.380277239
262.835912319
893.538231145
759.819771445
684.892906014
379.483866319
757.033735837
92.0144140375
240.372092097
838.585464204
983.907031153
916.048678728
919.585191086
587.41145587
719.616399874
102.255874856
226.304324403
449.396558141
6.82049992218
562.662027335
71.7488106915
647.263908085
566.359474623
279.804498287
266.696831941
869.584623029
559.704698839
356.918978958
912.231728094
763.688013689
61.5549479518
786.973524992
107.12140108
73.9175506211
939.377840632
779.227834309
39.0533260895
888.292317936
907.002789185
947.047150092
876.034715002
143.341198855
64.1803220127
589.671672279
641.070302733
431.997351751
883.261799229
866.154875056
256.661097746
777.279926171
810.56775014
395.489832447
281.721878331
210.53660639
804.759001016
46.1280226189
365.165151022
314.89783913
694.494787918
483.517201489
758.546365326
152.557997191
720.53627153
603.589321449
406.202760379
474.753802714
234.211559406
348.132507038
981.465852337
759.210766374
595.754185995
358.809730361
483.76342572
774.261544394
558.896047125
759.989576357
331.428515949
38.2795669795
431.229171136
183.429824699
921.018069356
661.181006472
312.985069356
926.835955158
255.362024981
106.534874648
958.358662185
476.730000385
288.494908799
63.9134058514
669.836181489
586.600404186
375.17228261
522.727408467
518.228827272
920.967139614
708.052863879
831.217054127
72.8881913725
494.467625331
370.298633592
676.547165959
368.333661744
516.029098107
971.973356799
536.682029462
979.822161729
560.133592196
798.335994398
389.996730991
612.628075041
440.862940105
727.651315359
556.400493002
351.560906053
19.7135141225
863.102292836
514.483328292
973.625841281
723.763769557
843.109761168
95.0966072375
539.48637684
186.58283217
638.999366065
816.250380916
196.921275057
895.895580649
829.874510449
267.962347708
896.119667217
616.647628873
715.626466655
102.800164875
394.693439999
351.070605624
558.25533963
115.798772652
814.610792374
903.260504086
53.8911660691
407.37995257
621.944472198
533.888270032
184.374829581
598.126762522
955.595505978
457.32555747
226.989686967
50.639069852
949.439235238
117.02729617
775.917833815
241.073393128
995.612005655
497.58115975
24.4871673169
609.727619611
512.44728887
906.427403643
597.912088408
19.564695965
44.4504629386
319.305713432
755.679833519
467.870586135
311.289820465
122.020772697
466.58444499
701.979367724
596.264731017
653.854944791
874.951043957
219.635285186
78.4650455892
359.168718572
225.833097669
846.535465682
503.717150617
849.990446375
36.2001339323
472.455047215
794.538180833
565.551503508
14.03641262
812.505031765
54.159116927
827.104877163
655.777346339
287.372534688
792.556055809
815.95152979
997.449503657
641.531483795
162.312255925
885.075190126
798.594499664
2.1701419395
531.066290379
262.620080805
768.61303597
322.140597496
283.573236231
645.753527152
264.624479325
878.602446702
352.190927539
198.602558232
354.914863465
170.786560283
559.092510814
190.938062843
122.509900412
263.794915126
770.55252896
263.443903506
760.666177526
88.5217977815
366.075349158
337.23581861
926.722799951
107.945532789
697.567869938
114.244276477
460.093865185
271.303904257
930.958777811
134.327461317
473.267325005
449.86816354
195.889221337
283.754501629
865.577931256
663.969104514
208.103494216
177.169871872
835.242823647
936.261614577
993.553741745
867.233483411
805.902536819
143.787033299
945.560497306
823.618917364
696.558045267
550.393319295
38.403918667
617.072901584
861.781818887
909.938027339
900.801259592
48.1855582137
905.715058265
349.743678687
943.249873707
501.154206086
826.611496693
794.964482589
770.350554669
698.748648022
610.226727545
361.030181101
790.412795237
238.496664457
37.4590653013
990.531817003
697.51343179
197.806565936
946.417153229
749.372934764
185.578669257
291.811992299
796.781369366
497.799346278
57.0590831361
275.833989744
300.464122008
905.347826746
49.8569683164
394.07093646
224.817044347
154.929064786
88.517034113
12.5223004288
44.4291746896
787.298563232
98.2089401827
870.152758441
973.997302943
537.491952217
155.122277522
415.715922604
32.5210326054
47.9089485807
28.0990426282
445.643075133
107.623241439
73.071252444
153.615043747
250.574124821
46.1683384586
801.723341482
926.63518748
112.225717671
310.96278333
265.769421963
536.038016921
262.282131766
241.465456627
330.982394597
798.900904518
829.262623584
95.1071344285
732.100596519
773.409981454
13.6558071786
19.7897956354
374.607642756
291.472436045
340.192232554
140.613415568
798.692533842
615.830585996
237.04868969
580.66432783
587.191537812
27.5210620611
224.000274604
645.589846097
701.629621437
142.651924374
464.176879709
786.399015528
271.993246263
509.590956052
743.856529222
409.740739713
799.918058681
681.203369068
929.773412224
28.2212319223
290.640503366
131.864359255
1000.42830863
118.141041312
884.93913697
791.941499463
771.778563683
949.590196436
591.96565162
454.777167203
916.904152084
22.4855532943
955.661605879
398.101278317
972.352558228
344.350744042
341.974631923
789.760825827
879.630066932
595.139628138
460.347518084
90.8280359963
75.9216704916
887.855347056
438.73112421
239.752964488
203.97446543
59.1455579633
490.897218457
117.118703177
435.485038232
992.687150431
353.505328573
803.77352856
553.262168435
719.700722761
181.534924223
43.3780994789
993.424346523
851.896679309
995.684862452
27.9764888716
652.271511151
824.540310343
386.287016196
810.269418412
554.292469557
895.676123513
661.192334923
773.21815463
669.12542751
371.335905508
204.318825163
959.095864391
229.68665204
12.7394272669
743.164004717
452.14187209
141.188006663
444.13312778
196.318857515
171.659374407
685.125195963
346.862595591
94.4392250195
655.078853212
45.9442059882
11.7796858396
283.858345324
524.558319201
82.6302605063
754.303628794
46.172560758
79.1215470403
646.089579268
431.042349186
71.9326060057
672.053939561
143.671838665
4.35472089789
178.070296735
643.629068501
763.320129688
271.666863712
709.285614546
955.467860438
438.164277499
795.822351642
670.562511822
919.359880577
342.955928771
835.96176706
280.550312035
478.94007564
248.10685853
245.811253152
600.160600447
361.730531343
275.780217148
988.00914196
986.630396249
138.463940149
820.924721295
503.309556536
44.8019101311
753.308251721
922.639253153
921.960132516
551.689893782
970.164478235
675.148091128
678.439156361
318.045823511
347.324042923
186.107775714
912.078211245
409.364792744
548.711865177
300.708146158
224.359842742
116.107183708
142.751190255
417.969014196
516.598266
217.999473752
353.260497371
122.083154683
902.168986797
353.84301321
532.492230943
185.446643253
137.985128898
811.955008768
822.800366282
683.585154757
79.3421108815
383.827957146
504.823296519
807.322993838
587.912080839
570.685332445
426.834087773
884.410183915
423.850760042
353.03865074
214.473455569
784.620440731
686.862086364
960.173497196
122.246802999
935.33381223
994.071220878
193.419785697
49.3644715184
30.5654045995
138.440556608
425.129627843
996.154251697
237.121559149
479.064579874
258.472966389
808.203163448
742.770039304
432.773836775
851.368630069
612.300449535
484.21631867
895.554897041
706.253592724
502.974161968
395.225246094
34.8066284826
423.825886593
88.9368537689
414.206967314
302.028971601
887.386058283
705.252162722
973.232961558
846.578692339
401.558695276
634.977712647
900.469973893
865.546968948
193.580253043
6.09440317923
247.220997562
851.144206554
933.795481078
977.921002952
225.888956042
156.471577977
542.995848213
799.941870493
167.961795577
296.819038381
419.670834918
357.979673034
954.775743737
951.691322022
819.088321597
619.914017067
410.991749517
534.408066255
34.0929203002
500.671705791
379.268633976
923.805657302
681.931830662
944.45936942
262.107757638
630.376953191
232.902467223
629.323298997
528.182173008
601.859394755
481.796923404
431.351658852
584.280796299
298.718975266
912.943562651
340.727812133
389.470605029
816.981589769
122.283340163
548.716797428
672.555927913
609.436760463
827.218868016
844.594428584
230.609696465
249.604535032
391.040377049
772.51614556
1.62306576751
689.163789053
50.5198811975
501.286624457
129.476368014
845.580454205
711.293732394
286.116525379
239.217306212
996.898886065
646.423896658
819.3872032
979.720721614
283.003878666
604.756199255
77.8069687846
654.787618375
696.617005205
507.728088841
336.633596721
573.133846325
626.127451867
25.8321649779
754.061981518
557.861401337
748.444664933
768.89702022
22.093908688
231.008815335
876.408869057
309.958237539
227.849255715
904.499063384
946.406879576
96.4500853227
278.302656808
85.7656726673
531.681462445
89.2425836822
401.246751228
351.137761979
318.227030761
355.275242821
662.535098083
427.95919833
64.7880937649
277.430487045
509.552002962
388.879629514
780.488747591
662.433254665
879.642238584
926.467648507
934.503489904
663.272924864
467.328221714
84.549844615
942.717489857
440.741733294
244.105888136
801.16062606
694.078607558
580.165251362
873.830002091
65.2714599044
343.283198969
478.72313796
414.583577626
372.229165538
657.531597417
322.708992269
633.420368634
589.892337175
439.776068758
133.405289847
428.80587937
845.442937996
187.067646915
456.365970349
788.809704929
973.635991587
400.47261294
657.915907692
974.204384845
746.744153243
268.981916523
662.308639428
856.884103959
584.40916212
155.303753792
81.553491357
881.297865581
280.664971385
555.763653125
536.68804384
718.415343461
600.213267159
285.823535649
68.055147238
45.4656580037
549.524900685
180.867292236
655.95993955
912.743825012
969.000367671
938.09234259
598.757271889
853.444002706
961.795079333
749.893472392
897.175273687
670.151739423
458.094071833
445.666707252
164.766530361
843.975237914
372.370407329
16.6371810035
560.486208816
671.523038219
553.686576135
662.219831534
421.38344267
60.1602032746
847.914450461
241.641658948
405.608093719
941.330914792
989.987959854
449.982053968
669.742019844
410.249271157
531.613407255
225.526574738
855.74717273
673.149275748
712.590854524
212.602066941
430.989355801
47.0132818442
61.6021974429
494.037270233
731.340939491
753.182786965
490.373949925
98.293546549
859.646879552
344.37475514
553.711823972
941.357952063
981.464746427
908.33214664
14.6960366724
536.776578398
429.674874463
819.258352554
729.248337528
787.133924442
237.35926976
863.833991567
72.141305537
580.061679181
325.187318018
45.6832198858
332.163223948
999.124304101
584.804024614
980.917303084
373.322186455
541.235503356
861.29905058
992.087242318
127.769891664
665.37107173
114.923772624
346.193304187
197.107019647
256.770495034
69.7113625299
833.892035197
695.053860667
706.330906571
498.10199464
36.66374332
72.2889090033
705.49650583
730.563957684
472.34826484
147.389612636
199.384814205
451.467454359
733.468446014
494.353106297
429.222315617
651.149249419
48.0348131598
241.827056125
100.492204685
558.719166831
577.633613179
28.7281169536
761.223431864
926.846284594
309.582007941
459.304375739
752.264036491
31.3322233422
637.000666736
126.967107668
435.772569419
832.496543649
980.951052404
499.556162188
197.412766069
516.271881653
803.190459377
549.362257996
650.253403322
30.3392499367
423.090420013
115.149816729
886.131786141
821.93111034
995.981279688
706.539540146
97.6473046398
399.603534333
430.519592114
341.509278081
120.976598667
79.64830984
302.614086614
632.317872429
114.133840426
23.3286835449
53.3221999447
88.4461413175
83.9058427962
305.470455015
882.612770279
993.117179669
223.299847355
161.445614936
549.844355541
681.656624096
975.81266739
96.9534755034
733.193245562
815.834371467
412.529324025
504.309165159
924.027056924
354.105027182
189.434132252
365.456675115
404.089649512
59.1231549331
684.732798073
819.174601004
179.822135926
460.987798328
465.301871504
306.294427597
308.791470683
589.890472086
407.155962974
695.887684316
579.559364311
252.058235541
398.962921883
441.155653694
719.021968655
181.109157521
603.862315069
536.007250824
239.374257175
606.839656999
427.66492868
6.04753569075
681.286560368
87.2138005797
843.797316044
821.563344542
270.900769912
412.120133971
614.861970206
319.195311191
534.885065328
203.892471844
883.219177501
445.080948439
573.609911027
466.540798288
717.854742253
14.5230690672
731.157119981
879.230185768
31.1921352838
170.081364778
277.006811866
222.660399375
605.147167481
438.49110256
872.261468075
478.976771195
878.621873001
429.535337103
50.1458496856
10.9452704285
954.408836807
500.03317617
969.882991544
346.493727539
23.6201070948
579.349223953
571.966445487
879.032577097
481.9175484
485.578157386
458.635532174
580.448403114
269.891574632
545.641054326
372.641086657
741.742450505
418.424564132
759.309034683
509.431454557
629.171417602
9.09034677098
846.722027433
763.925491946
921.893131081
762.267528876
985.597638509
902.713681052
989.204343929
144.09632739
228.040303151
49.0713790877
92.2108163769
905.50301319
823.46468859
704.12843337
