960.810414389
309.824851274
209.762087957
106.583304885
159.963836044
898.620113471
265.548580161
811.468662812
184.2940003
796.214272183
255.752008024
743.134455005
785.522358447
434.762412448
810.413108696
582.469148547
52.3926380307
403.09900725
701.740355979
77.4403406781
256.266714797
206.314226466
337.252729675
78.5840573382
734.40875054
739.879354653
283.054223425
459.568523189
570.473174355
550.036020702
60.5132437122
364.624583407
479.991007304
357.299614755
287.552924661
914.41323226
85.7751057122
663.957952234
429.705118124
31.8644285773
104.763922382
399.107191412
554.83371399
506.127231612
962.328411993
290.768322741
632.406611924
515.788293602
412.722502714
818.77373471
41.5355389173
945.185803555
3.12365050171
395.88256103
119.69994596
998.978523717
849.113617448
230.018553062
960.67761094
859.311953966
139.409225753
293.104234124
483.100515943
224.338551518
359.493431178
639.746068116
804.680787638
835.130071909
443.127447956
418.334304645
74.0867506655
0.295309182146
955.848090261
174.933429105
451.896745154
91.8766884356
627.185130415
433.241021019
23.5229940016
594.873218613
819.89542672
861.787847002
36.8722348211
600.959590107
445.934367572
254.836535389
105.843921786
635.438240776
124.153271604
642.642077068
255.300629781
858.714254802
402.269857486
737.703028774
212.976433082
848.914006996
749.662425092
372.560482315
518.175625577
864.917352037
192.76085979
990.238562539
508.869706138
537.004889931
875.009523835
824.026252989
320.531030944
755.858932299
713.428913663
885.355075932
64.2288244629
471.536486211
585.530178764
798.626208858
904.465856856
439.102786213
213.547609949
392.549985794
714.395196842
455.995321301
341.471278266
629.753561704
705.660723691
756.491695887
822.380145413
883.064003817
844.824089845
975.971280675
809.651849924
959.908506461
363.131562047
392.463956782
879.999571145
105.957735896
881.298548314
891.463139451
99.7698147965
975.596177755
953.077934249
101.087474464
915.824247917
892.737156359
721.15267386
764.353377666
599.769905772
987.399070445
747.021086214
47.5458074582
74.3231533047
974.647976513
681.245762612
877.871486258
508.265667351
93.2457185461
596.250755974
204.366330233
57.148082591
676.192294878
167.036758361
189.55748477
246.765571349
313.49061206
578.83655206
526.783719911
981.192802229
635.678286992
588.254463942
506.667474251
904.41948236
45.5278226064
910.837984841
619.793686542
186.945918474
956.505048162
583.813788461
198.855209597
445.325422652
771.61594262
658.548403908
298.711389686
382.034319539
515.827248235
128.84858259
104.397883927
194.604174101
893.143232268
409.678440596
113.027307726
143.067196619
657.809802131
127.845191215
924.895778223
408.804743383
463.046004715
720.971381239
288.342182656
818.371172685
821.127738435
272.614449892
433.307102091
638.060914554
732.60088059
30.5204788937
407.275821502
477.274606229
654.776313409
162.849352861
685.944016978
993.970032953
272.416152624
560.987251833
764.320990548
665.021689185
298.350228778
584.759703841
388.59601342
179.357051223
154.411716523
363.498896338
127.124944578
13.2954645208
632.266044618
786.671448885
601.510589349
461.368387331
309.336233655
104.055124264
557.550250063
627.552150757
115.229923082
223.64316204
951.840548459
187.848905157
565.786204903
198.49614426
83.0895228236
763.643069891
365.488042482
131.558895618
572.730439358
632.852080493
799.295578235
781.68939824
199.511313256
969.745737178
582.939884565
51.9082027851
657.55478148
179.890993003
840.464908953
596.64646138
477.240244365
684.086313426
223.23122674
302.811947922
673.918230834
562.684162052
738.226853971
798.340810119
896.824565074
404.203636816
581.627749271
20.97184788
817.02755611
403.281409231
933.787048907
567.86870784
555.710392051
914.514090023
666.512653965
800.307415338
570.527110126
499.926281849
785.823244824
313.403707893
263.280233694
44.2183642843
955.589351611
570.122264313
831.925929431
697.628798631
447.665366184
934.232981869
114.07619196
856.561862747
555.166655462
20.0570958904
302.130537759
89.7797559238
276.085264396
619.504311506
308.840977886
616.088290067
828.581870914
924.390493228
764.055977446
642.218988315
831.211487497
620.646130441
286.793314545
175.380758162
964.679600973
104.363577217
3.88561339066
74.7765150298
828.230659735
602.15865958
149.913966856
472.426657027
930.151690529
608.448928774
138.527938127
33.793270721
328.852040986
569.849589305
839.654948587
261.162375548
263.100661601
36.2172689951
677.274882758
600.792421386
77.001897609
207.056991542
768.143211012
935.547324403
658.481289003
974.800982901
166.058308495
989.259696369
597.793038003
602.905478757
618.652443337
15.1394714736
592.46171135
113.35620047
468.939284539
57.146021605
533.867086037
278.515051187
404.420863569
981.89618499
623.058833799
533.494182767
867.505581951
56.9746606007
227.642847366
912.195926755
969.054845634
328.445067129
436.828336166
883.701115568
570.261952439
514.899893524
407.887022856
446.594841365
137.391808312
565.933629071
255.535496827
716.597744899
76.1015963211
921.821630864
158.252319859
622.264286801
528.044116108
592.283649224
47.1654584064
377.819472031
580.415456251
311.544820014
637.951262105
216.983343282
210.160095094
431.667701183
120.894059084
633.891256908
194.598992791
223.302974573
606.826825589
661.334198965
579.473066941
448.847463771
182.890785502
964.957234874
195.554992206
981.993129407
85.2847032995
342.960806192
782.244537531
85.0358732723
957.470844894
953.235431018
50.2136207254
437.657508159
337.282059621
631.450751526
141.19291317
45.8948027457
549.721825198
133.929926867
734.357851053
212.863990818
285.226570105
647.436529797
3.79187639254
334.240974572
480.983344265
650.402307746
902.241695739
13.9090519513
291.36681047
250.037186925
352.745326024
503.162176894
250.942005834
457.110294626
157.581982293
520.418372466
888.922930202
450.817696977
754.919049774
744.278969533
68.2955936306
0.900897167201
867.358633057
768.695256624
606.863425501
507.962487522
737.883368131
617.304368376
612.683087301
516.249338027
50.0745069437
72.0591840738
421.727515949
1000.99135299
156.161176503
510.861787278
76.246534014
231.98795843
515.758303862
70.6944302152
238.749731154
264.57727974
236.727723581
853.539701556
156.530828842
195.055871992
245.606139816
191.520190899
301.394605322
14.8594407242
407.901099902
803.283000114
281.720448146
178.404077259
302.529246152
507.959165052
738.10673161
37.728741079
270.383539786
54.6128547167
253.624417334
131.502066981
766.164695611
180.227708292
300.771405807
599.656001173
798.75226036
690.715422793
50.687645935
483.722532887
917.884195977
940.157812806
425.37649403
615.510584951
181.390465596
13.8490154934
588.736731224
780.927935576
10.4182203699
631.427421953
554.857579181
935.337227706
870.963012431
466.754131388
721.487355923
483.082478301
805.74196951
954.962200403
241.344000163
331.609332276
120.672142719
193.438822318
754.223216087
753.551323446
737.156814818
465.288560991
555.945674744
462.667532097
312.579050481
816.771239173
813.256764606
444.292642018
119.617318768
70.3637256368
269.781823624
131.779288012
646.821773323
988.131732532
571.485087633
414.8412809
740.834349178
29.7826087651
247.817947675
577.743706735
875.216607529
145.843595907
463.666191325
681.179462645
806.283633736
845.908638313
336.32059768
940.307746993
379.075597995
405.858520767
641.950622426
491.679220494
194.905497317
290.441707593
449.924190319
311.82563888
853.451147237
631.097899848
878.078624211
583.511588666
960.886282229
362.075049381
367.447414553
334.429654753
572.199246173
71.1483252937
338.193418954
664.042336647
338.976201888
803.702735915
856.930084954
251.890924626
944.13711069
627.617543563
776.044840986
639.887549839
432.016889173
69.1126150803
138.632397813
227.854207017
977.559533522
944.101547999
904.367219297
333.575352092
351.313342036
266.19946852
224.283837746
521.039243877
836.551972164
142.08051618
561.702063836
807.551557732
542.512214864
363.880381388
657.666757922
74.5482623296
457.199870333
268.774004484
921.745275757
673.349991241
860.823287808
575.194811725
459.526448673
820.33122772
758.336895241
79.2957900443
984.999805834
971.829297652
864.205198361
463.874072906
424.110799037
389.250469867
659.292782438
984.303931792
919.825476454
787.764439982
762.631436588
846.354076842
333.919116096
503.982014896
656.112476545
92.6649983193
100.06188466
768.43255759
182.018620657
635.933816117
113.888450811
366.498781583
674.641069547
610.169851009
350.861266898
909.247066715
239.351418637
297.003181433
469.317474054
537.59588423
863.327132333
760.893373472
88.6357296462
674.217853867
378.610850465
527.645916326
830.56470435
665.279746326
283.869814749
620.623997544
96.3859773852
396.099824582
878.578830091
847.500021274
709.587119369
559.214441546
655.094033099
147.371598663
644.572181914
981.542862075
219.763901235
721.014838389
747.846059184
429.499312096
433.502202407
917.222579319
182.200769556
232.00257706
124.459105711
164.372546232
894.249164401
785.968153638
865.140704005
574.525641625
883.781390945
584.833134446
590.277432483
617.661517107
963.615758332
849.679830352
973.334343673
738.809217336
852.218112366
301.475044285
941.147047429
248.577385316
600.18632406
657.322860559
923.092739963
185.900685426
666.772350893
749.612862435
793.687166581
394.018194884
950.900823227
625.792576244
241.210376275
774.189492452
771.210936099
807.580193306
227.247963316
71.7390343318
392.20997647
176.809744095
356.355014774
466.085008332
654.124315582
500.771506591
852.955200183
339.853801125
87.1866711441
349.87527108
185.880548189
788.061392229
90.9326602533
68.7268242418
561.373734103
245.810540418
405.831220761
186.88314849
561.146569088
49.1559286002
304.353785952
325.491070307
452.430612982
198.736950333
515.084648816
800.098263556
307.830819909
919.239566363
393.432261374
887.920803752
227.237100171
731.752948342
281.304773993
73.0530620059
440.929803411
469.768232083
965.357060559
683.940873325
980.663833822
718.036803398
977.621608388
261.498047262
765.910144753
458.917734236
979.679520732
460.437523166
637.527307587
8.85495656179
348.097427257
249.296007289
436.939400891
283.906102707
809.097731526
5.92678029924
600.105263177
688.002047345
626.812158995
10.4114716424
240.80554182
341.362411228
157.879674241
764.407282094
155.974779564
7.99236101978
431.699628122
128.347415194
816.368349599
539.379956427
323.339466554
916.647758201
30.4058935851
175.800146962
637.699892835
917.801951338
385.297389343
714.567668426
567.72761102
276.643746978
591.01375691
293.353459103
104.057597559
312.123641718
187.786785978
224.408162265
294.257482308
767.105315851
359.532552757
757.787455
219.791394229
925.350975771
64.9641983646
366.818206162
9.24856091435
759.4640254
180.056005679
14.863479435
449.009667514
891.89671594
409.101715068
350.851236354
932.234330259
302.040327326
21.7200638545
759.317789254
2.03708961442
275.058125335
421.669142374
101.545443932
229.019186194
121.638319416
493.585590333
610.938186429
709.269907266
658.240939238
695.0924082
298.293991969
523.07868639
193.488770299
67.0435631708
317.611869975
679.302837603
930.098417933
142.394557783
516.117230347
415.032056604
92.3401524636
649.308961788
339.810259239
955.047825549
563.467108864
401.51441075
640.465609282
980.559381818
214.514690697
764.433432437
871.323827215
984.368387168
321.860925806
724.945835816
98.7548217352
246.904230466
627.929862717
889.022147038
331.322995609
762.829040804
464.402772997
347.431517095
614.862365897
924.124066105
694.440662509
684.195652648
644.099679376
292.67071991
769.373052088
718.777294774
29.8719712799
9.19482894627
90.158423045
355.215345265
753.360421279
773.190454945
657.365844705
671.765253051
68.7168608441
34.1642149864
208.821524905
60.4242143506
368.57055621
126.049476547
833.914202742
135.315511312
38.3165274507
290.984318121
131.969598928
928.399371518
681.964055008
133.036509278
199.687782502
634.706923934
469.211001637
575.897458589
253.531754709
74.4877558376
122.731450315
205.801472307
248.660415518
814.174568852
350.119301747
5.85537508357
451.336401752
158.451389089
874.705622784
618.772172604
257.491898867
853.70865596
702.230707334
524.206169676
165.45288298
96.9504915891
336.321641128
311.992939768
633.457443948
791.473321052
955.12283885
179.962709446
944.334566044
718.207166017
254.142297511
383.784252804
890.271424104
254.494717275
129.534565273
704.061770499
851.277979753
331.02412547
898.958767199
302.87787029
964.398811501
129.938901538
913.666854661
933.905400383
819.833425412
135.54856851
165.901424279
776.530318323
7.54953148032
386.07433675
405.007547474
138.050673928
65.3306368026
230.65765846
852.10463816
305.779738184
794.813029929
214.650708314
257.797510817
323.592354657
977.661206314
234.645222467
522.182434965
617.006187201
18.7776554118
177.728614474
819.867308186
915.391408941
226.87134928
770.1398879
643.850304132
488.313032755
463.817559605
346.972347564
785.288717718
943.530970969
367.49543722
665.130134327
111.14576831
873.611270249
559.680465882
469.584927175
882.445772085
627.713525087
823.035423356
740.039286792
191.605415016
291.903505411
747.572349538
698.501080953
780.502086313
565.190243286
462.323908087
306.157206715
450.513373213
189.594460525
736.952048536
74.0567957341
247.769047682
456.15389741
605.623237991
197.420084681
236.603558395
242.22703336
365.037782802
738.428235306
274.386171413
534.703326825
184.774686295
210.369221435
675.707741662
969.475835143
774.47961739
886.623935918
177.929786076
813.787674926
368.920481516
668.97904972
479.853612041
612.718720502
147.406948628
989.093930613
187.667150463
165.926114204
973.533388613
463.262787006
436.77500911
214.98077319
845.791080127
263.830582468
693.300626907
103.751034828
385.277726114
157.361999931
303.893047651
903.89456571
730.129396604
921.61659259
302.959703588
997.40492305
879.179461158
284.583954852
745.154406115
749.719695873
799.098938052
950.581027463
777.122721446
886.726114613
730.212562798
9.72337930136
