338.62510414
960.743778432
280.335107369
293.475942336
804.799263605
995.828523243
497.551406291
376.086552558
484.065241667
224.354773049
394.952635943
56.5751396224
436.099866852
797.275549704
150.447795917
114.9655366
104.75269428
930.038878367
619.063741298
437.454460582
195.055935558
957.693217035
567.776012485
307.732535936
442.208145789
75.5191141341
61.1392514061
247.084632997
432.25893629
156.075844776
602.435914927
41.7030996104
890.19776665
86.9529942548
899.398455539
734.157894876
374.084653112
225.329019677
721.200671648
652.654735573
574.970094538
3.71116825413
21.1615164913
277.220003954
226.732744246
846.032792304
161.692121355
330.09251172
226.183075512
404.441517953
235.598294205
687.613348016
377.218433322
702.15538521
733.233069057
947.607169618
569.413870063
891.454360542
859.662589641
772.237472694
674.474612628
862.000551335
340.111761187
310.652779603
275.251225328
920.145943481
627.665238738
577.114337808
306.868070726
637.920613434
945.575820037
914.161738543
34.4907678764
512.011619439
150.533271225
448.720907367
587.447248511
67.0148942656
331.966346507
21.7359476668
142.888786558
50.5802161214
327.647348002
690.161660469
887.896898477
164.424404052
447.369231795
660.827253012
903.67469063
442.703549713
852.733007442
741.533606393
789.440612631
123.584431225
809.64890376
831.838115726
219.8545277
44.3522707657
409.277638004
608.429866605
766.962573466
405.894182126
965.499850753
161.096522294
569.971159448
738.070176581
334.460715131
967.595468848
382.40830045
689.52780468
299.133623591
351.795073871
67.5578362355
675.552592398
709.571265238
0.579862177047
331.272766777
697.665204456
457.443501136
802.400337062
54.5352745374
405.842786718
992.250673778
988.34492
918.996007193
301.414890181
605.138108747
639.396643546
418.668472851
851.63389677
198.091376433
781.443102547
436.642136381
859.446485017
361.897327363
271.123951543
193.673837715
634.051701677
435.756452825
542.451817403
969.396962537
568.856260708
836.58775181
143.048837621
929.524046526
985.665355232
990.762340376
376.923769485
982.334976496
391.785036667
3.70058363626
676.850337373
895.947207683
611.325298365
81.4888178642
191.509658223
346.2371443
872.450910822
705.924986317
965.615343921
225.030524528
945.39645666
962.043220733
714.899366487
805.466324124
222.262573986
691.116523701
657.144453768
297.212162475
218.067696303
989.922516246
356.367778776
844.376171959
207.881766713
984.736589995
82.9290904303
478.479395377
339.267251187
144.596883302
786.070915892
931.788953188
610.354171706
601.417504516
591.890426888
911.652075967
855.124192823
701.450296696
968.904002211
509.227201536
996.244063682
493.411360182
623.745183052
262.787033018
835.240107096
818.729943844
575.680158808
10.4010167306
602.808445872
578.416294864
813.58468842
533.764054952
388.569946343
895.99903272
211.195619704
648.957005913
659.276666699
940.34936
472.101855328
501.10393278
524.633016376
644.151057091
516.582832519
827.477225283
55.3677178164
738.350549881
711.34520475
491.430949131
529.078946287
623.309124894
293.230729994
694.67746391
575.471602157
50.8605019192
783.106508164
469.110813819
125.805218831
421.935935647
154.09843177
418.299329895
117.875246805
478.661583977
521.280653639
179.738527795
527.96119669
373.893599959
723.702789622
204.329643741
794.289525886
844.867428432
253.480050583
571.6098511
956.352893083
388.791667249
755.307594032
212.297376063
524.4640769
712.466724884
646.204210651
888.795271746
56.1275962362
194.188422895
932.609090361
140.370808429
337.325508313
169.417028407
979.556275454
68.7038901211
61.1852855491
682.332607958
760.983596176
413.528125468
769.462195576
633.853010755
272.131311599
884.038614269
608.477377116
698.641734576
298.908046642
507.821962527
483.098273613
846.881354885
626.249077191
322.797799163
339.414070707
376.478891027
897.409704289
116.476010821
962.939264904
658.842767244
546.020444323
886.548809868
848.524701897
344.736087938
826.888167261
58.2393234535
393.02531642
49.8195263926
34.312925902
237.727902087
573.429535555
620.54372024
886.95770044
36.6862617169
59.682006055
334.951298174
584.6130633
967.49489343
65.496857588
50.9561437761
591.243694909
577.245898864
967.994225087
330.998426033
524.973665111
464.700394941
386.055975689
919.364419436
77.3344538615
854.017380329
942.919404195
615.096790402
454.06190475
448.782897965
166.217604012
384.636803845
425.05485651
967.400977418
780.187272363
106.904896641
293.700782523
610.66739107
843.130609571
604.463925564
962.295125092
981.837200776
467.320662852
687.414441195
727.581142378
366.551087004
140.959259974
370.98132447
326.59911781
404.387609445
589.450443091
673.319181859
815.076260856
555.478819625
704.376017544
689.349984776
391.707137137
560.83932617
107.755365873
236.053993998
298.795091851
70.9489130866
322.28273481
115.059574345
829.862178209
272.179568111
880.534741953
190.715935619
189.84255541
817.142515305
259.282109174
248.862728351
512.101014402
759.935209549
709.090075083
213.380312484
351.883043085
440.26289344
913.182586645
178.562224008
425.741780396
971.40600463
808.019458137
657.069469375
385.030185503
79.9713648843
261.940830649
113.29477227
683.98260196
295.999520013
419.018162741
271.633596606
189.315698599
362.65117404
991.600388486
547.685809191
294.706708932
509.403843611
686.137160989
374.591402916
109.130466352
555.538100931
949.951415604
673.680530517
330.802103556
248.478722038
177.958361321
793.2433619
2.19427946069
530.484260525
67.5404498735
503.300803927
876.318525075
315.262802126
131.507338506
564.885102832
231.553363626
886.111236307
688.024580378
959.315921215
729.871688087
842.725305937
793.797738056
528.17826444
513.206366412
641.241947445
628.592229647
963.914766333
269.94185479
28.703414165
133.152496492
808.762159114
363.405299512
149.653707626
483.182292268
8.47116553437
249.392446165
456.642404219
992.700919233
209.165468419
619.486326566
888.347924533
730.257091762
504.44019841
407.817777919
63.1583327057
532.205340407
888.757459733
131.093140396
27.9246389489
170.750352669
893.189834358
324.716069429
303.382927511
907.938972023
355.103070845
976.3632281
904.509559526
462.73964754
314.144413455
402.640337041
803.857539502
207.422919236
103.773526459
687.677427962
765.956129331
423.385297834
692.21065763
676.408463461
391.559557345
983.812827337
510.585969073
484.430006664
217.868028033
266.165421269
517.216674662
899.892632159
432.564272759
448.219317588
848.899622661
697.441773697
214.671347675
566.610873485
330.186131963
937.673100652
829.683513286
412.393809021
169.434306766
550.684264322
784.182885292
921.289388868
556.633560972
380.594771816
735.013664783
800.75687473
934.545514107
847.129419215
777.238567669
133.34242232
735.926422757
656.58936146
266.902762311
564.608633963
488.888665912
776.878229513
422.449027856
181.375336532
211.705720772
664.09128339
49.5733160434
837.219593389
42.1215525894
215.092513
973.868289768
419.69718937
41.6216150451
487.095124005
735.452504053
676.300788871
120.697667496
354.019551067
224.938500142
908.537131757
875.673730312
411.718659317
55.5560732491
100.088178431
5.35681052312
30.0032240409
468.485803028
370.853419083
769.796880449
161.044257452
399.188834695
555.603219283
65.6667312694
972.827393138
567.206005366
355.600739693
200.900234751
929.836244184
528.296808688
287.11307467
502.150465783
909.356824061
142.756703111
214.50728639
849.85480987
202.761317339
358.625158606
311.01597164
563.899418939
717.291762656
454.958104406
83.4135592099
671.170537423
791.483213432
456.476603934
542.852547086
232.379439484
313.199230845
702.925988878
796.560249431
6.37897749377
838.030911528
205.819554285
147.146519336
689.232792364
8.19308447054
330.50434315
126.851275738
71.8448617739
400.643934317
627.955391522
458.493192909
132.063619533
572.405533791
185.872231902
335.875121661
710.516249765
857.896660291
775.568706724
704.433068259
215.489458797
319.692079101
428.907530354
925.341836654
488.844248355
518.278072838
822.029800016
955.812695494
849.207622777
108.912650393
610.348543413
8.32193698052
621.280076605
223.026349824
15.1555856238
274.009506336
243.724896579
845.286162174
856.753666795
284.694920289
914.613555555
500.222547521
510.246396988
755.207965363
552.099857706
803.769573104
514.991256943
256.504699753
996.313189254
554.978232604
203.287677412
94.9109322619
56.4824487948
342.027425204
934.11408413
452.935189593
389.88595294
815.140638354
749.440498992
652.107110196
623.943094312
646.901280135
13.0492197858
730.929951095
787.129883403
750.383205241
678.903483272
18.3709192941
368.8046325
260.534129232
343.523226766
423.69579467
165.734699925
732.615030291
811.191641638
913.698836135
265.273461615
433.960051745
434.216177013
352.00633244
505.476983393
459.817454709
747.451885822
376.40484761
41.3828015992
497.19390913
94.8155106894
355.245521333
98.3699438719
982.342777619
159.758701911
747.538609321
599.161424736
27.3653813564
722.93831573
604.861031895
599.34531453
532.905321114
426.708957059
971.995885447
321.066143059
277.486170751
907.285956669
163.310682981
190.312237907
473.116839296
947.458037817
766.127732664
517.968851614
506.247170729
140.92266755
254.620258065
742.080553056
851.416274554
126.195874147
864.302662645
970.38373075
101.064973516
190.283754289
41.8639906231
4.51081226747
697.204997311
493.295255691
678.859832407
351.081706004
195.886173204
885.038489866
83.1469499412
918.987504227
924.018238924
751.435910576
600.307908498
956.28573128
753.30869727
66.7808358988
371.179098969
242.140346712
234.382763932
252.613896207
320.797609188
412.936241788
401.711690445
727.39258199
102.353310841
578.150507035
194.191868988
815.711208372
905.235740831
914.248333095
124.061871665
588.018609047
430.681617389
886.878117989
613.586321729
641.421331
515.730126287
749.365395503
863.784901197
488.440760222
886.549811984
991.469793621
945.070111395
821.807293304
309.054278794
273.65786598
298.703274165
753.086799671
788.485741437
406.780603809
613.471398296
161.868676299
493.044868004
288.830990824
545.291398477
613.91124668
718.241112731
821.205670436
720.96879207
741.557849429
336.836020009
875.413023497
882.903357242
497.175299273
966.374705518
71.912899145
426.974683065
859.45569722
940.004921112
779.883258056
653.173851244
645.975022313
296.445172004
880.949971802
919.964546005
69.8076011903
778.25095602
338.713806467
954.985754761
5.29087474438
176.521874464
624.52648132
627.377854433
152.716593684
441.106724732
405.205825452
788.148679973
325.822286858
825.93069336
127.301422183
639.240498608
777.053436223
147.142256682
978.217761371
683.975671881
328.588149778
294.704800693
154.797412273
961.636170669
494.384906656
975.783747119
636.56665029
75.8524866362
111.499607054
423.529164426
768.932464745
57.3642280277
469.407594763
166.668647231
864.552726596
33.2754084265
952.234017278
530.855585585
22.6347874985
428.009545075
58.2266723258
516.316981432
53.7129253603
313.974686242
707.57505663
77.0283207615
274.966115282
481.452783225
823.358129176
475.503821908
645.194984688
980.491767752
878.579409535
783.397115558
894.077066458
627.310366006
270.97158676
324.290474338
510.476933804
762.074361406
764.390939985
964.994262699
127.22609299
572.260587859
40.5073851467
329.743122554
107.562075666
526.183839955
892.886366748
618.536117045
544.896413604
48.2462193206
470.074394547
305.888930135
543.066304343
303.159635131
170.382858356
969.39277213
623.745828814
663.897667751
540.290037888
101.390485786
419.974211634
349.508232084
976.337654961
290.990359045
943.360909836
803.32815398
522.985241988
37.4718095808
449.908165309
707.499853311
894.682747063
194.841611659
359.469946715
361.846017061
685.483164587
182.169575371
508.456831785
644.258158684
331.851796611
266.961243006
257.770777541
821.697298674
130.075012875
637.744760715
136.463442908
72.7638616654
258.236227838
967.514534335
382.175124159
573.531849715
282.624927768
254.938013426
818.500506054
536.003930061
678.846346546
112.898915902
299.902631195
771.676365179
421.631078965
796.42859486
870.80579313
522.721974493
434.492300469
430.793446366
100.742195485
178.348819713
756.202676092
715.6590092
306.778698044
513.716173405
153.645600937
144.865860696
20.1268444157
987.153263886
578.589782345
994.371434279
211.128999609
353.852797254
468.281291263
725.636320924
640.753854617
419.087805159
558.268999286
482.70954363
674.460300917
70.2848540954
770.290995463
417.74468528
560.5272372
981.293553426
553.975526822
642.867318048
328.348528647
845.708906341
785.3755095
79.2703811755
668.523070714
300.825186235
295.883807865
91.1458820228
600.227767063
81.5927061745
511.516271135
746.851695686
599.093637348
618.483567037
280.774706202
689.491088847
995.578752942
984.288528095
751.785067868
306.323368951
320.643574367
119.879109375
205.270545155
598.962090323
85.7327993288
172.319944414
171.832082665
732.162313996
390.553571631
374.828749425
228.208313826
347.632318528
82.9444748955
647.476997781
243.154394533
811.28126925
733.290456757
606.623239713
410.822458397
657.275745905
682.801479256
740.00051542
560.417823787
982.864813396
936.245975965
597.130190802
420.9327053
893.455443332
484.981971756
410.280136218
323.805548454
201.492730847
331.141507212
996.369659556
114.485465677
712.92152116
325.200989398
400.695677867
815.700210847
671.149462781
608.45027741
603.106559301
80.2546476925
370.159621726
112.365106625
505.381913323
290.850010041
372.720496111
810.948213942
879.231647981
81.744070547
609.250515895
887.377054398
780.479695688
530.552930288
249.762364802
10.1748693828
381.645067554
599.557056111
952.025448957
247.717721078
568.14343967
376.96589524
588.832439338
954.126954142
745.506695343
527.575878361
176.063450799
227.300161371
121.003549417
230.256919309
380.83448491
157.35138297
821.936898576
692.167328579
622.164047992
232.748362848
265.281073692
851.972346702
799.406557205
460.728738906
101.413986048
309.039155634
573.521773867
958.515206525
308.5113331
