559.042863847
804.379323796
905.629158493
406.921985994
469.624220073
309.895322859
727.916482186
709.289178317
158.226009124
1000.5396616
191.86247168
290.586415514
608.804655846
441.852767351
706.822840876
189.938916072
213.520356673
803.418893767
230.658141688
83.8767703264
793.840631087
123.464831035
696.164521308
713.188221137
867.146729497
838.842599732
750.433292583
471.418175604
417.845348139
855.232881108
569.53431408
162.573881841
820.005110654
966.851338066
477.316626275
625.064577913
912.01685624
809.279321448
259.644085574
54.165345607
622.405867396
348.898311836
347.16647566
430.136310072
218.24785101
912.933761654
949.858760326
995.943489818
704.679046474
341.957179633
50.6215652888
110.051232262
483.419172917
456.764425568
773.026080572
124.31801985
210.942620611
380.160390657
946.842847111
538.633195532
294.092565497
407.661868361
583.553600893
466.650286899
511.051486433
978.792087988
715.432004419
968.849217978
261.040162481
405.463797526
149.152884216
834.236341325
574.379321523
169.532621927
831.150126677
397.90543578
527.313937101
573.926154246
287.435402763
603.650896383
611.788946908
95.3977465641
859.927552801
14.8554803779
681.63106442
404.837568318
569.579907859
982.045143048
340.939687932
888.838101032
68.454095936
682.342715871
259.016072475
205.775206973
60.4340824474
558.156666187
888.360386916
593.096875418
396.211554318
95.2517068988
784.168837945
604.878016711
182.364449545
944.009851615
874.59885892
55.4722515456
221.294650983
294.585322891
717.652828307
657.682158187
554.404460259
990.916654604
988.349270353
124.882254461
300.05048229
412.538266962
269.800366734
517.293596805
119.55367387
552.817323072
869.007210071
538.688991697
880.846394294
158.668169613
506.483739304
540.139456031
617.773074502
714.77097425
41.3411239573
568.931076848
542.83027639
638.529497789
698.204378191
817.965734781
584.977930812
854.711438203
246.430571637
85.8038095596
521.190145497
480.283429268
122.161612704
198.077963056
8.92365139578
902.212860458
357.743460041
264.892935382
910.852335451
73.8794415714
865.762431497
650.920498361
768.978158139
799.080771201
848.054695084
699.269245303
886.222385173
277.93488551
445.234837777
874.850542219
828.08014842
703.812934987
857.251449096
581.185164119
257.121214345
813.647255282
339.698114147
975.425059033
509.449921082
964.551182865
565.5320704
212.69601062
285.188592278
623.713453714
614.547494307
202.39456531
9.9623879274
876.664616474
549.831123896
676.481740003
771.995441412
605.93510458
629.154291213
644.206586238
51.9568305195
166.90066716
572.336108669
693.330303621
604.282980723
528.178108569
489.844223806
68.4341245707
338.739808888
229.869861983
868.959639829
30.2229160707
786.609732273
199.30310228
172.431680092
923.400762965
86.4390534516
646.663922033
39.4557081641
929.661603688
634.475228953
629.647081662
117.436097404
395.733609492
13.2423259168
764.900580752
515.8531333
897.015871786
269.082450631
585.377542024
180.080870554
433.28899384
725.509684245
133.688653011
677.002685993
148.828417601
991.22445805
777.070375482
828.017825924
747.54464537
610.507136316
717.632909528
670.880015985
994.460113624
817.496025897
718.908632957
401.679778486
659.780307482
80.8585308897
919.107154665
355.038490446
452.176960215
94.0904794709
914.02238748
252.701166463
37.7930194182
986.016153206
85.8031942775
868.148892503
954.122544927
948.753450117
939.395760467
155.950434864
232.3646687
888.722470828
878.997686781
260.07417652
386.952841255
487.859250464
732.489819567
487.72654953
144.569733259
794.055589752
45.3973770363
807.808602725
619.977335748
495.81059061
81.4529496895
638.922516201
601.79624455
614.965272893
620.238067569
599.086232601
124.281039518
645.985186252
671.236391818
415.859301368
554.970512247
345.551916155
682.687146288
581.359220083
617.648242825
622.204366951
503.704623753
292.819591495
81.4581117094
529.644091781
929.976811516
572.066947233
748.045492606
528.245748708
155.219231229
867.733950083
348.022245754
731.54252247
334.632395798
787.154985331
110.775927117
466.221803462
799.545589741
453.817025966
828.825874096
736.066778994
781.435192311
526.090014192
53.6236227893
326.810790914
948.658656598
960.001021293
815.053585699
380.392192511
815.602906291
139.859326505
130.176105675
180.417308861
61.5689424364
97.267453395
504.993532617
873.239237553
452.423802875
805.375425215
919.671880744
849.769847193
662.688238932
990.138350621
917.260816833
306.295286472
920.909896549
689.667959197
293.365883533
991.188107905
272.089323749
185.847115021
213.500123725
922.001156777
570.952548441
736.249550937
625.447602589
960.305049171
808.730313071
3.00878429578
390.494238389
663.202064143
704.412157847
486.346700526
317.486563927
298.384551261
578.367288543
224.567190781
77.9421997393
690.113127606
966.80918128
298.570507437
869.205634946
605.113575362
424.43045847
492.072711859
220.201042238
240.977949989
684.27453995
58.8234319967
318.891573665
536.0085221
252.228324642
599.312920945
528.958443316
588.751791219
565.674279374
409.881987458
714.938350782
138.707712384
618.440373513
665.541344654
106.088050621
705.826078402
903.691550008
162.581622432
164.954418542
938.485236947
493.646009411
849.954107744
958.629220979
3.98682256204
119.060316357
384.549192985
312.053815494
371.328326238
525.533839005
438.070510374
882.024819914
832.588123472
325.220367832
685.611012633
578.691407959
887.648737605
183.009220324
17.3931581751
71.6538573498
346.990685959
709.782552435
177.587675956
516.750913208
585.466767598
256.132137454
836.915910473
410.160284506
413.044574317
889.015080678
43.3020674842
313.967357661
534.967783545
794.929504275
598.174625462
97.3914518721
751.32261832
91.9415596425
781.39196931
433.151681459
712.852714781
88.2165053564
723.781847173
614.107745718
888.964827712
761.982517956
248.81107316
300.038006047
202.409923991
472.867910273
760.146091327
917.664355309
565.297255883
79.9903503823
336.460421387
31.7857583038
661.119608792
871.599268195
493.937920733
492.43645093
917.179606525
204.733852932
231.091415642
613.297678617
539.271798259
239.705256942
843.899470608
589.777652145
334.330761865
981.109887248
68.150249602
467.94114252
744.225046486
377.014102181
909.236985846
451.62173752
799.910133279
366.381091903
825.647655594
702.383634751
609.592264604
920.482455229
101.418488847
539.865181474
919.329495692
851.147254073
392.756698207
109.921257217
966.155372291
100.108317441
288.028439469
984.292540371
263.215860802
1000.83072002
808.186273336
261.131989995
915.386984476
703.049877025
622.15024771
275.103426073
305.552920007
775.50189281
443.983645246
713.64545892
921.729637442
716.205656059
861.94188176
724.121068821
979.419483533
808.187289771
797.739460009
141.170223812
389.563760348
532.722653722
861.030872833
152.628874889
868.087981608
542.497106928
923.040738922
595.458005801
180.324569025
873.282759939
765.250611485
957.816815661
12.1570382714
988.321991305
875.482289089
868.668702001
660.148462549
709.190723606
608.556155221
629.364033223
371.611924038
145.685771528
69.9650268261
342.847794277
664.373399505
905.285761638
211.671886591
527.731478467
93.1017834413
218.921264876
741.549181714
175.414308791
429.817528197
113.029963852
158.837519755
199.180724003
649.836308905
796.414889141
150.148245988
717.339230414
970.248360932
962.30237265
169.696277653
728.402809393
553.889112451
0.0454067274734
915.999537705
948.340285159
583.668528804
770.588875222
809.231034555
962.498340043
230.614035929
806.819600842
569.330242596
644.762256549
343.142667333
485.327841031
17.2874861295
481.382118278
548.286257577
448.285465116
588.194338542
402.162688645
786.943294312
376.099112529
803.79356018
862.536752228
748.47261905
586.24394651
961.982903289
903.244354663
198.070493373
501.268870956
445.445087873
412.017358925
188.329325392
393.742301522
28.9606619035
147.216077399
490.260076023
168.748366163
773.90587507
207.3570956
831.653512544
440.646969173
210.761357771
134.789107029
315.225938627
182.917670901
263.906732739
758.054960238
119.859826211
46.6326026768
184.151121364
150.324062458
938.631904945
779.213121295
907.245197335
931.341228537
442.273679339
691.478252974
817.958949829
608.704950765
635.005255974
942.487037481
67.5803981975
185.070920223
272.917426212
132.888553733
910.399298693
434.12813787
115.094212906
377.453679799
626.754960971
193.614721493
605.138974647
584.620914537
569.078150416
931.772673173
679.321202309
51.581374942
784.121584078
284.973061824
347.515617264
730.580614697
70.7265404819
670.664532974
204.808300616
924.585018745
815.458698086
676.408741416
162.009338818
827.787693434
654.874434193
799.093614189
368.900325222
802.416024798
791.107976896
133.636686606
469.613025457
675.355788057
369.196155513
810.656467119
344.512759241
745.43900297
977.950870055
927.885013726
36.6483262122
620.894423828
0.163098571601
955.524546277
500.339993899
898.172727911
67.5862658859
756.558386795
356.023399985
507.777189815
115.961213844
848.854083017
66.25626547
157.033612452
301.817954208
607.064348922
127.603464918
36.9320727248
719.352544735
598.114059017
995.922844342
457.803225481
361.757968298
519.282617464
338.874044864
75.8234580149
759.795503645
5.28650461201
392.463180443
880.256186653
738.849071476
86.2988019998
914.140352567
182.024641395
500.831782088
357.693037271
795.050446384
773.565992621
855.85388442
107.54857673
674.621019763
370.246001812
417.496699782
5.56257831975
864.069646082
276.534181656
36.8520093727
386.944192839
271.03193066
334.009696465
755.570758571
461.269712266
332.15829911
967.211150797
840.137739734
686.245315516
37.7768273429
984.592837205
72.3156383917
115.747395431
594.866254302
442.012066136
635.704044324
876.242458312
150.599296409
191.735868874
548.362121966
401.594695001
179.331752147
484.68236828
493.146725468
639.880974799
811.327834812
329.402631516
395.57274672
692.756555485
471.986465197
795.583431443
398.412630684
915.823269366
30.2319225989
113.282278272
360.407296968
739.188866085
254.903268749
676.549549751
666.122667781
528.561514041
484.769217194
905.877783014
122.756533775
357.693428512
217.954489103
641.570972701
634.70633823
480.540140733
107.30517295
194.299205214
295.847080019
782.371144313
855.745281998
434.553930143
406.08737686
324.426456284
239.208765591
959.753626436
162.304090363
806.886089083
679.368386246
114.505876282
295.139806798
123.662385877
612.150033034
173.909646408
231.74132205
750.065849875
607.48553591
473.070880742
783.521295875
644.187929524
417.394365799
527.170104139
171.650389219
167.743856868
968.67914754
604.8731429
955.165630659
834.076462504
514.087601223
521.763728715
521.035760943
325.127241572
199.415284571
29.6826076444
850.583284049
661.253601839
101.322757681
543.336647688
248.663682765
23.8891981968
383.426046682
744.736769369
599.006113295
223.523307979
562.035636958
14.2168035689
387.005751473
549.303395332
756.833765706
658.928539924
553.806560146
333.424055836
59.5060792142
314.434196993
652.13223499
871.36542563
306.628513895
597.126680419
395.394026351
269.61311975
743.728420311
69.0316059585
949.556352939
788.431230538
158.56544315
193.632975981
368.392108898
841.458410863
373.763952601
926.890751641
315.930267473
593.732934736
432.679204934
197.759946606
329.482791033
752.911805168
516.52167704
923.026401486
18.6225924301
648.459455101
343.954238276
842.203254329
618.303352907
864.048328354
844.712815253
427.037105294
76.3452621742
302.325422111
927.943421511
591.324678529
1.63706908784
891.796308665
464.183413437
797.171498676
146.971218388
80.6733757445
244.92385989
105.438521555
176.899354222
967.276881324
238.498300484
754.01503076
129.096598595
51.4765482653
805.424172283
996.506098415
842.29730801
788.391696644
927.355076178
436.109496944
76.0050578559
800.946163404
471.793866051
959.75660735
429.222938513
791.286218547
637.133318306
885.065075829
156.985512497
986.662516487
223.376274245
461.996088399
352.000289417
809.88970582
227.570494626
248.141588341
461.122997994
655.074187912
181.763036508
321.201286359
279.848307368
862.756441308
535.732461898
76.8349799379
992.679364687
606.951801706
366.076105908
547.356030126
680.984591357
13.916163948
39.3691961235
725.173840631
592.518629708
112.512662139
195.423197817
79.8023563957
159.371541076
801.505825083
995.652575146
81.4041382057
27.4180883236
212.968779929
370.426565934
143.751169391
496.130881577
771.071580929
3.87119560698
405.31796341
289.06751698
620.67917547
879.434972088
474.403992433
883.935674969
954.190673646
33.2305340169
267.142008118
618.320378369
602.195989257
510.00298102
685.897948484
984.676618072
831.901066314
514.344826537
710.505159409
28.9909759334
979.507322568
139.785988791
877.265886826
156.896688401
159.61951239
16.4583235903
677.596302509
715.01232321
472.928497883
970.871692104
792.743149726
498.4907757
651.049474263
181.131027792
936.707447336
711.070614474
920.711447178
741.509155031
124.717876335
597.509898596
975.232955719
160.210414329
449.081920713
894.332829734
262.337958846
457.925467605
923.173431564
427.586478454
343.843963261
100.915010769
948.762483249
24.7914204359
300.344918996
523.414094488
9.89954629571
761.509345952
300.798833191
880.848315854
192.352267366
455.701091964
583.390167825
209.831759081
843.782881744
401.205117318
489.143593126
819.648346332
405.355105757
968.634562749
584.921088938
233.736833858
188.125995195
512.485928979
541.305291343
246.663201384
603.419672754
556.394931697
617.455590318
709.083518178
20.5415480611
888.780163539
557.78716251
6.92154666914
62.4077777321
848.676501009
518.41721269
498.17531432
847.352212793
286.494155363
891.928465242
185.871126002
41.7885264917
647.903014432
566.614486368
711.083119937
778.46678777
648.416523959
844.082117488
300.4143912
738.732392834
729.971850633
446.88704122
333.194337315
605.217461873
327.547916933
779.107130093
980.803460309
985.144495146
568.804971436
266.035057859
52.3013814396
924.182403298
977.902191637
688.056374673
795.032784245
444.058570336
