998.006189165
422.258825365
843.839214489
195.232164866
436.175064307
623.474896919
751.174880537
1.35181662093
876.509327086
964.883588025
265.167006346
646.520110312
484.63822146
277.811980122
481.234710115
31.4764786531
513.340468152
789.685780086
838.652375568
314.243293221
124.903002863
909.771600307
810.56811379
447.686258789
135.216178251
926.464325
978.385312797
951.350309139
75.4039613375
366.453375073
459.046553052
718.96523068
570.158030018
267.135699045
938.380283675
451.813096734
478.90778445
127.943686318
103.502679949
977.223905663
261.727736832
943.967292842
691.088538556
513.27350126
290.45532403
785.680548408
805.148352541
462.68231794
123.415028231
191.343260002
255.009471305
151.87508774
380.549678289
155.014957511
848.991433634
508.189701582
126.289889154
257.853253766
833.178103283
694.238572653
800.197752771
401.009856187
2.51734699494
932.852060307
47.276159558
888.646202394
153.853905763
503.194961959
5.44842591882
587.836973085
402.147104736
141.462740003
962.480619479
454.243111678
497.612859936
175.38662033
467.106962176
179.040552288
394.040062777
870.274564946
769.673345549
748.897376249
807.424615333
939.201189636
744.85118016
616.001665125
585.628105304
515.394308871
311.6589556
610.141773719
579.8855197
583.945396982
268.471951189
500.696840712
403.937639322
41.4062344837
410.511713786
850.686377809
91.1851647008
301.026191763
70.3211407416
79.3978322961
555.008226724
259.233525339
185.038245812
482.700927882
385.970176236
769.615904534
580.895576439
839.352344367
488.546416145
795.295025891
688.081992917
242.070399635
663.444322911
1000.44649773
723.731574197
402.278120062
726.433912608
873.005073341
978.502054151
489.261922811
231.131580872
502.265857452
989.799721643
721.083816442
212.679431132
457.295264482
448.100881116
301.61431342
688.04532858
630.260093016
789.640523973
265.021891551
802.758205177
906.807095716
807.083863783
779.483481997
915.503271524
10.6226156081
326.082903493
193.142251134
433.201228264
593.601749491
702.019838667
394.979020515
43.6526458059
302.383388818
104.957275661
991.73119182
580.09940067
162.932623611
106.227395696
678.291283789
743.279692962
801.747312375
603.859346039
71.9554345581
966.709075777
864.759310985
752.824181268
824.2272231
85.3176125533
139.370552741
191.546166573
389.371919333
60.8290272513
747.724861726
309.288067413
735.080934865
116.76529411
201.476114894
875.456422048
275.498505338
389.986757938
444.191800596
56.8767932932
4.73861731632
837.04081808
982.994653775
132.558685845
783.827416941
2.61380325326
240.338632281
176.541460855
82.2172482845
433.26487344
927.428987754
541.118141475
293.742576525
741.285329933
945.396737285
785.493158127
347.24736155
952.518919546
764.558763811
568.815440209
432.408208452
659.338765263
143.339895729
586.682005797
531.968507571
897.28555158
699.935932573
994.264964764
222.676810086
894.84919505
965.133008691
691.355721714
229.759514621
281.601470643
833.84886639
921.666013495
178.751114827
127.030947101
228.35741109
355.701820183
918.568340385
171.57228591
245.984932219
897.412242637
858.449049288
844.352846175
514.148301669
305.199213646
776.966429889
554.222531578
610.745596998
941.076236909
717.041109899
944.115875147
140.847705302
222.067554413
925.107066545
543.05824084
779.639918914
979.406365654
88.3516942789
737.359404477
581.892578055
169.153771288
707.475734029
80.2115711186
318.306730943
624.995448792
897.287352218
252.182634688
589.16607112
583.147718167
18.1455193955
228.198592543
685.441150344
505.419087244
777.864291901
20.1084401119
789.062315773
261.4065326
997.681696577
620.952065667
791.525749783
567.291801178
878.436550187
831.633379503
864.430351857
169.796357298
711.277924578
642.817691951
834.469493121
219.314071734
134.586029422
433.356449988
698.671968243
376.746063115
449.254953875
987.216979429
826.607740809
114.77536209
199.13032728
899.136673643
152.253523792
172.808346264
357.297809395
896.779359297
781.296887285
972.851519872
678.871829839
111.903201706
426.279978424
855.232491892
373.742324857
523.236190148
678.163853026
884.231575963
777.89220997
448.972063243
858.614995451
113.487530252
899.684486132
224.860286442
796.783347024
964.014559346
327.930652284
479.269409661
400.936820084
958.197406712
637.456743855
858.24455266
640.402537104
150.325789874
189.592665983
604.945807132
155.876103038
476.340262228
222.101812417
374.955904562
29.5291295007
930.899541301
629.875562467
157.732477719
443.689846362
462.365030351
372.375054649
982.954916295
196.831947276
988.405960347
128.503106956
587.638845628
189.58322477
821.095419317
618.601745102
103.215053594
951.744497983
760.265159224
113.056625808
597.814833344
666.048224753
12.1412183419
174.390087824
854.484867181
43.29428988
791.49304313
684.727347326
673.454636049
620.118939694
452.070387439
547.033944716
943.327676834
108.859102555
656.446071847
702.818062094
326.932764923
390.137986382
941.593505646
61.3255535127
441.334675469
625.453347161
833.249560311
573.468769676
139.650436448
251.786156451
323.357110457
623.01024302
650.897208538
521.215623033
133.853686074
650.659112723
701.358959803
769.131245119
209.079388674
247.209669033
252.628013621
308.16199522
432.402168783
401.244307318
842.697106104
862.070542203
787.826382417
877.474091394
152.163517549
151.562969576
389.186857828
618.453763016
856.114956829
226.638718644
264.929633381
815.307020505
132.789757213
433.672794114
703.767940581
310.077492593
466.587552459
744.734132776
378.792585786
139.393815868
327.61215395
31.5589431086
846.294510131
271.009464394
67.9997082152
134.667057618
255.039554353
108.153909652
194.556668977
851.265046594
142.600629648
20.7858692476
862.015168977
432.149686345
368.181383591
846.847233233
375.123672775
450.783610219
296.607028048
961.43008907
326.707850729
55.2296083405
313.019781444
537.528346436
927.803936646
746.64026908
120.788567565
23.765411735
24.0436496521
226.310984931
406.963734325
540.434042405
484.569318569
783.027547129
424.449145937
459.930612668
915.215186089
131.582603043
351.353964367
815.71683169
274.166107276
154.632533918
6.80788552762
755.878693673
555.070245572
257.085291111
233.384426933
256.232487358
71.3716905856
758.353768738
983.579732769
754.663646903
904.285038635
649.383927051
513.52157627
493.450200659
347.930540442
74.8865286367
246.207196961
753.119578547
616.455737143
823.406854521
803.811308248
372.603071436
863.916274101
908.728692082
890.957580422
912.92852715
818.120783022
356.770011667
23.5190064688
783.43204731
181.398120796
544.858904788
256.525285944
772.044187668
373.296734509
143.185660324
96.7208446424
720.793879671
61.5112409336
736.734616041
867.931515261
117.128164401
606.08153874
709.710299551
24.2080607595
842.67857962
625.209336995
133.521844353
429.403877024
345.599026733
688.969915952
764.904870974
542.062629286
557.581833014
744.738718217
962.599767651
634.360686607
693.814963164
237.005294542
496.198344662
155.027367346
920.132232458
316.937698196
804.4689636
794.316060203
742.942971035
14.4535013341
619.399633289
835.702931267
444.914435706
988.477698708
962.229995577
484.390770212
741.090634596
168.38434806
741.109045608
71.9793060406
349.562573013
448.553379094
263.145684083
656.885450428
254.954841046
653.461384533
468.942380418
254.560269129
101.51683237
226.247474278
399.435004663
318.525065284
339.055289186
124.216363067
464.926895874
979.408761001
807.959275259
138.137608138
145.447881427
488.188706447
215.148400994
318.029424289
99.044775209
674.188274591
947.661992193
25.0176304272
938.192948094
768.360583817
44.0180321205
921.034315809
432.169787324
442.610554714
181.582227463
629.315451662
241.614899611
627.414928737
687.016226919
234.792568089
327.017980783
861.468348924
453.050698597
102.124692805
721.980022802
146.632811327
238.357003684
30.3048481654
716.477932069
235.414592484
68.3323797486
643.361033566
213.159228694
627.041264529
855.897835865
386.165237508
611.147477624
876.016662619
225.264801066
551.122464651
13.2591482844
455.916987557
306.511599447
611.56147171
940.628213043
993.790334392
300.053943611
546.602858307
409.724334892
637.443978065
660.657176277
226.424427589
301.19199172
36.6045574593
653.24135361
592.589608141
788.219894864
590.128273542
70.9937183112
147.491101523
183.569109257
439.024016077
762.217603581
401.880872726
756.376308355
258.004818332
393.860403578
846.483646881
306.425939928
318.255461729
312.875892238
136.183938355
989.240365272
741.442861674
755.7771683
334.666562767
462.528123704
958.533048491
668.789301587
269.783071116
832.003308341
349.076713125
106.875860868
236.992645217
10.3713297631
411.252423902
594.182443846
936.075418076
969.017872338
566.414843109
832.969692644
668.504117891
824.638038502
611.003039711
325.65169517
474.451929428
692.181679807
894.395769974
763.591631147
288.256368453
682.603064732
113.796616772
289.164818829
359.131175668
214.20678476
522.500199836
162.747910116
502.646475431
771.432018736
87.0541984643
452.23678419
675.428825572
642.925354717
404.183866672
346.754412755
509.578704988
790.326912186
288.689079467
692.919258537
73.8749765425
291.253869914
924.739776972
443.410470443
442.085470444
737.090855105
940.315136448
865.584154153
564.849403772
172.071353199
645.276664222
150.328476282
96.4295155925
234.238362844
802.789666673
710.572869601
765.397145566
586.315947786
99.5334373162
891.101166022
567.95521749
48.9240904746
707.172294134
467.352405933
689.318940075
225.595556531
21.4271309911
429.063903548
122.186635962
505.15067522
637.719616866
527.252629946
387.721150918
448.377732378
676.822030309
128.135625806
537.080461102
570.373607484
747.545685942
489.996440592
121.508551596
871.748024542
609.370413801
659.761357812
857.94421423
100.965615971
536.585505178
124.8468188
158.777736692
825.89249148
728.499158967
674.556363636
606.213779109
830.084250122
120.906484515
458.773347866
235.710901755
620.701950226
426.62112656
556.866790489
241.249193759
80.2542427505
39.702512728
524.445020269
311.912027928
272.176091581
308.790493641
648.062432289
55.0469546664
429.591133502
427.419473996
54.0620634665
763.2729818
216.040742117
45.3255578797
881.331696947
119.743531533
449.244397844
277.790441319
75.4459139054
436.47519744
233.314315224
883.230832017
702.936986996
951.052847525
69.1276695306
982.741276894
23.4025152018
752.334000634
158.957606513
179.229838381
189.74215689
445.784663266
826.718042625
973.475061028
957.713169518
478.49181436
126.707560222
746.508793197
756.892197742
29.7064650058
108.381609871
546.653009908
159.734386614
106.125312967
996.978516459
679.092760031
861.278475785
96.0587832046
545.434132119
443.053548068
102.035792782
892.110731218
162.823513976
929.928710793
438.762824993
90.2970265536
753.607001356
986.761879218
55.456758854
33.9564417042
698.286713882
265.203515399
272.225217624
547.364779802
471.876135442
553.413205715
117.095108027
628.715058656
953.726274323
122.835762809
87.8953674139
845.769765322
58.4439279288
833.436739484
472.945563357
312.224399072
319.121246669
132.607303355
497.490980307
264.841381981
897.667041129
450.750955037
862.057936046
969.342601697
973.592877095
608.808313707
600.819672234
744.001526749
891.373648712
402.630814352
76.7338432123
333.807609539
470.448266559
299.02019389
156.941709618
580.264808125
174.553872246
254.782776994
195.140643128
776.266187696
865.041841027
444.756222716
97.8811563406
378.585771401
986.149594033
631.54854724
115.799985011
909.087480249
48.1638694005
791.843993765
367.777086782
382.421125961
479.126183639
191.401393341
887.071904548
520.969269921
280.062169917
387.045150147
820.299082832
269.564627812
853.494137674
268.259201718
383.05678501
489.091581521
273.156075482
212.227368473
982.396919775
416.511162387
355.408554221
678.512057397
435.711215247
147.599219009
839.726958411
969.126389288
220.186179684
887.894141847
924.501127066
478.845745772
805.767881958
197.640608604
244.204473418
782.664048739
518.493873541
806.078224718
74.8823101688
485.559882424
476.372245601
187.581218249
49.3821358722
541.819460171
445.545828556
751.746185975
523.360881126
646.606790552
380.42269571
922.560083518
635.048136475
788.922567695
495.940680962
688.374579731
77.4781882468
280.54785476
313.894294665
159.094182285
482.735075829
973.34440277
500.502946491
529.424685898
903.856395937
118.907250289
23.5315100963
353.032014589
31.4218214107
298.700952935
518.018402657
400.17092712
16.0194613563
824.750298301
539.032841473
983.965672265
462.105659519
553.180322392
737.971679871
627.326911916
735.167712539
636.304689986
394.238461148
610.089596663
113.600883719
987.855417309
160.954811563
466.126239099
395.452148958
122.051923373
748.929117198
726.347325136
826.182207561
2.14032550375
430.977944393
731.208246926
813.156265122
869.512503668
629.239016951
887.228425804
558.616874699
534.563977186
330.220166694
8.87540260537
749.254064966
638.608775099
610.296082312
913.365945765
347.245002417
278.006535295
670.227769225
545.290187338
446.359877029
342.822424309
720.022826264
201.857294106
741.835590586
577.820026383
62.9535660273
687.717780358
190.959990399
750.960674366
258.774252659
755.762686065
832.96515636
781.228872911
752.72093319
629.666362237
648.549079964
977.674511783
376.623892852
971.834893817
757.636144876
86.4772198922
479.540450696
996.764081188
896.471204102
913.86935335
846.417512512
766.736571684
114.81717697
234.588341764
650.39034339
396.015877966
123.033511558
459.83423795
171.174695263
573.821031682
294.598158486
957.222618388
137.127573255
949.669230252
951.508182166
696.043344102
230.375858231
890.63708744
560.707994166
0.281685717311
835.810480984
241.673483375
792.187147332
83.969121875
895.105179702
358.194026565
554.271636513
162.13002656
540.548752878
1000.35164094
472.834517488
841.076308486
330.243488227
781.684963239
501.834426653
736.575979362
50.9812814868
995.701792601
337.573765583
720.425250157
824.535431186
697.362366627
657.943222107
774.917411593
185.856145853
701.643128933
915.666152477
