637.629721327
942.374542622
161.950831871
84.1304793313
282.411318936
82.9443836649
2.59423747858
959.637881961
816.586614409
813.276747208
778.352744382
494.364399231
339.139222985
814.928300077
714.029719488
392.90023663
339.400369516
537.795290345
346.364487622
316.012628294
398.553606624
753.210301356
145.417692422
16.5370797337
868.512508101
18.6860155133
918.450012969
654.130700016
60.322969595
568.859741769
797.479598713
399.931081425
736.716506263
272.365535643
471.278960056
376.3859859
933.898996296
531.340711866
32.4315328163
346.485283003
71.9342626137
401.694699882
356.926748711
550.372054602
965.857970075
749.05563209
895.203058634
294.226097656
761.928834619
307.354248265
798.592993684
725.852134435
249.263864219
486.783445867
982.684875381
50.0728019165
88.5564135326
999.593739162
801.793654964
72.4596110049
871.474356679
719.172587482
973.829314503
976.805840386
23.4411028198
887.887181642
223.56602799
939.136525326
911.539550097
974.999247258
584.117567304
843.185619784
893.049795513
305.216841371
793.081891038
476.564591747
648.644301773
209.811843943
811.880936093
607.192867262
949.754296409
62.8409488491
236.726913772
699.427916749
410.619120571
484.204933127
444.997136822
639.789358381
720.637781165
991.695576271
685.85428362
258.438326004
194.501934051
400.02100901
455.118415146
49.8615183078
280.388974505
542.930216444
303.666119667
670.909723634
347.856333824
175.943261044
243.570160774
459.278067448
390.139630075
548.213993636
232.362896789
478.160163918
48.8506689995
737.675952868
345.158438527
908.211927682
936.169658492
474.469660238
454.560491909
541.016489335
303.753638635
498.234160254
989.426487817
619.105132962
226.290927919
566.970860208
985.40010272
140.180997186
712.096345946
762.083669509
2.15519455549
608.96950141
774.221264082
92.2536532433
379.559938317
532.639280743
170.388629044
192.019145252
13.2863215682
638.285649075
34.6871241996
696.634204913
190.118052121
442.875971978
215.819699036
290.980601493
143.067385807
20.837422522
190.278260397
99.6734877865
524.499046425
825.164238832
822.567950239
173.09369378
24.571338761
791.460926547
74.8468191583
481.602821505
429.640375714
292.014590718
922.385228582
552.740558377
856.023094905
217.419018611
780.607219144
779.08461941
309.356575473
125.659346689
850.31289103
109.411124397
776.58121869
198.523023154
110.203725579
157.849031437
379.720991195
832.354263085
123.313330524
443.368952608
478.59973164
735.178188297
449.851589522
965.713656235
478.939040674
394.083463916
276.804707422
233.928988099
635.552844474
12.465229127
579.594021078
420.62403614
868.540655798
448.921154427
247.20641344
788.770330166
424.765423836
149.328647799
648.637946423
539.88411897
566.186708433
64.046417956
438.205362378
711.35831284
562.304283935
12.6630404255
692.662096768
164.459379195
618.029138926
136.113071261
3.70825904034
63.7005307814
435.063143151
126.767293664
774.570116026
398.536832004
497.608441184
574.766858186
626.798230644
297.657246016
796.353917742
518.651301342
259.988994969
474.019005359
408.880822956
989.309535144
104.6037346
318.843310807
25.7789687174
183.475114573
145.393031059
983.794144852
476.569781482
606.194273329
254.650773625
277.522349821
471.310390265
309.820295083
861.49161885
933.676580781
89.5164089094
971.742870829
419.603235197
101.989680233
219.497894267
557.591261016
456.113857085
26.6037830484
138.576110935
72.9064011901
994.109502752
947.673397959
454.508166694
736.663546474
993.927781023
698.920647149
399.829772559
712.538290382
834.171510802
994.280355672
47.4968896966
970.633568808
667.45089768
224.817470917
881.178212288
500.53355998
778.380432861
662.723539214
830.387109009
260.516296894
194.199084413
174.15405187
700.496233135
192.805551961
146.163493155
591.076776834
712.272931023
655.989020292
961.613635352
11.6284541739
899.199455355
881.217134522
945.526070964
648.910966983
687.056108698
945.387535258
41.0669328798
378.933253158
502.548293063
766.901785975
484.810476196
964.324070638
812.696583983
408.988919341
54.8602815233
792.79917075
83.586061459
672.551495592
702.364333716
877.108857265
858.832292364
787.257887798
520.81420711
623.217018669
234.140427369
862.091874794
76.7757364402
757.511306643
424.344575054
993.997275311
304.24484135
500.03180415
11.9624993394
358.962206048
705.730620021
846.514368243
654.747443948
975.341365332
46.9139638851
410.205061237
264.411062233
645.785784557
40.1950278073
969.731879789
101.659758356
500.020279132
141.349955704
968.406962192
641.711581568
242.620028456
393.170328534
201.420634352
902.544300813
669.59110934
924.041318079
340.122018844
882.774094997
112.429466554
828.663638343
447.94311621
396.89401276
436.127800392
59.4702045023
115.561845696
354.252603215
832.752880021
977.970406731
145.438850923
362.475930702
475.514949719
511.679389881
779.517173866
703.283920536
452.447832645
933.228062573
281.206523571
814.663266232
350.620939266
532.178927135
493.559526289
292.162304124
565.933344717
77.4306392084
399.916317599
828.785963126
985.206740452
394.906013882
912.40056094
336.403503753
250.577622797
302.153549477
244.357437924
30.2773820798
31.4265707732
944.772089725
589.625683018
953.708736078
258.208184372
789.852067742
464.070438557
504.840449073
585.844540948
631.470421769
176.582623637
856.79950744
711.214841743
619.930726807
689.754425515
659.248431835
966.681394503
15.8066617508
497.800310007
605.605061613
848.073921107
404.20902345
739.888872858
455.217693015
592.944555688
379.249345886
748.101081872
40.7115967031
224.97174482
54.8517286783
167.658563817
283.480169682
65.784789749
767.167929461
437.850470705
100.049520074
277.888105641
385.928844745
378.076797401
732.794994776
5.46264545265
673.000048289
552.944677347
848.36954124
762.405921794
678.584087097
776.774160165
407.855933781
857.390257681
466.20401839
164.290028545
740.175432142
81.9733372664
292.050224545
50.4796827726
567.192550521
133.286625863
21.5066890525
278.987898818
74.0471013219
303.158859911
960.095193116
499.044206762
405.855296098
305.312030055
60.067480566
939.549949789
677.46494909
759.158325796
347.482351091
172.706186372
178.305363116
688.828203218
912.735387442
959.110812906
895.828388579
243.745383513
988.530714396
785.87690301
230.466689752
699.581679864
540.958920402
158.291996341
453.766512551
151.368266927
183.248462527
811.095423761
887.656546722
422.900533951
539.442497641
82.7943939183
327.92754851
520.6148247
669.379587399
586.978743849
278.24882912
821.657800491
413.294041186
400.056396693
564.58066493
293.44776178
3.01400763984
215.965973329
1000.4856514
893.904697127
846.529552502
266.23677709
551.794297825
967.546811859
924.448540063
143.712927068
429.628884387
442.76179996
976.399970591
255.45969705
87.2820129384
148.905811976
429.127177426
11.2916460516
658.823205841
279.720771397
296.302915797
29.7824358755
707.711861493
865.920663468
698.778315941
561.340081286
237.569402052
743.465453005
73.5844953294
955.612781558
35.07519221
359.448761981
822.89714635
813.704867309
961.773759108
314.544075531
302.84328327
912.119598261
748.013646765
308.360706974
316.594678248
496.881618563
904.233363899
483.991176458
261.745062441
461.847377339
873.672624657
698.547951754
874.360422013
1.3290277545
462.290571531
984.147072959
775.925398599
974.798212211
118.650971439
46.2616301993
827.257608364
770.650584328
590.921130482
965.03943914
986.115422149
654.241151827
568.915862833
986.953345118
347.025746228
383.273511951
789.167691975
386.372912202
940.088812946
531.681262879
31.6810727672
938.097856717
140.429565525
971.467613097
38.6845071172
74.023608017
243.678679297
146.494160649
622.121740077
609.23325589
343.933555306
587.940855789
851.640801228
872.825275375
221.781151558
294.38928404
693.596675277
200.477823851
882.730806151
343.625825647
144.266545376
873.743019859
861.755699973
949.276622179
957.317157868
418.930226114
625.988127919
376.895192505
452.889875726
180.345934527
713.303406998
281.026101412
708.094015512
211.842888707
209.458817673
893.971147365
287.522941566
653.353619652
832.266369314
170.999083478
370.205111317
716.799524731
964.181535179
426.850369496
74.9199466665
539.778757397
312.442608203
649.591408069
889.154439194
786.305847155
332.688337607
67.0750431375
675.629328084
156.546898238
652.634444149
888.690765406
595.636014201
110.218038495
319.085247678
851.094945405
844.738078378
295.853776318
338.381329598
710.880527487
389.533553632
849.11489831
456.987702988
935.867921541
881.781453641
38.4560636511
375.335954414
87.5267628152
910.197178764
860.904142885
330.554502747
494.893333961
13.8505821681
371.573664379
669.911739718
254.836618417
753.061979827
755.734540016
884.055505472
710.970068016
519.171189366
942.048105215
681.717894754
593.27355012
375.782919815
608.216430143
874.297355356
808.325999014
95.3089932538
667.790165818
428.208398044
478.22420505
135.213060707
891.531647025
775.080572
20.473099205
337.887842877
109.210049486
869.448283285
57.8763027306
15.0041299429
430.017003706
712.050438206
483.820336095
244.422154787
884.863137852
755.030844723
590.321607198
54.6638684933
51.2750631616
384.479319626
762.039260877
756.690397322
136.692778689
753.930182134
651.400866167
538.816622543
333.743579031
65.5478962018
800.294745871
508.459199968
863.531637272
244.338511867
947.798411309
982.844994959
68.5380688474
428.381059583
886.865615244
661.557480309
820.041700596
165.616835049
253.797921455
741.029212099
802.076095762
96.8848953312
135.744003196
121.458851321
710.231881974
298.532058209
264.028923331
478.51554136
637.916776831
424.823168519
859.106558573
619.977521109
426.65749068
135.098827202
847.243873271
367.269510337
355.051397372
22.4387284078
381.256347234
52.3107275644
584.929411868
640.054374168
224.832401838
296.08584142
2.42661007268
840.215785106
825.070295328
121.812724873
527.470157517
421.74559384
120.110368176
465.491024117
858.476391323
863.65421065
898.497755644
3.48085900198
694.92321008
548.434462489
824.34042932
903.747274747
898.476423748
381.395966685
779.709482417
79.2868362038
374.017339906
469.218254623
457.902288846
412.999677146
822.471527423
754.929941489
431.157188931
520.283023798
461.898919635
206.58469377
958.576006854
569.576645409
267.572443862
297.643380086
736.788748567
521.775326439
426.545668166
774.665361449
692.585130885
137.174231943
439.728305537
986.660662841
238.476657309
154.545716158
496.328745919
914.205614808
504.16067982
875.097062483
3.05595267491
714.027777573
690.77297811
594.593709646
852.534052896
437.566134556
843.83526361
877.875357287
224.919281364
96.0863844048
212.922691387
206.903115411
85.2766380098
59.1571814351
891.290089573
362.664832097
696.406905939
165.872206819
769.615819393
262.781018512
333.231219475
295.97565526
402.232522723
552.122706895
128.590994081
840.787359846
76.4423031153
818.62569611
662.389243756
594.645121535
518.124827997
951.252442756
618.864145466
945.058296913
235.545861755
113.430090283
380.844826628
33.1271654378
963.929733969
767.247792309
189.080737255
726.600633732
486.474378669
343.304911532
979.594643635
737.071070744
455.171370794
449.246497573
354.799811266
981.752920478
90.5664617941
578.613439703
97.054571886
512.576471793
671.954297392
367.438736009
886.025972347
203.224972519
416.265918102
815.548466501
899.652344841
214.241793941
502.957004208
841.803714137
319.818782893
654.142446338
841.650316778
83.3590614196
559.905095656
519.723916095
816.607613568
307.022756697
737.567623498
578.193009263
220.215636922
966.506136406
412.954298805
984.708705162
421.852241818
595.276669544
514.273965114
933.996646557
235.855340718
683.099899282
212.863195941
675.158986568
618.994106226
871.304816676
928.878850739
659.203178783
588.729151731
223.565318204
421.781112791
154.221538773
49.4791986596
609.748691367
140.029272596
875.887082416
431.320316689
720.623101937
875.764050372
730.556546627
69.1850755711
294.214971819
839.812197101
520.792426424
964.868416954
279.521651446
41.8742457579
264.732426745
836.008665898
522.070076975
570.907034456
670.132427947
442.955333507
132.469789248
272.79099999
326.891889013
372.49711979
515.917363789
567.924191759
116.202241449
481.766083311
639.226285988
273.879323958
116.848274478
885.869800534
420.045486273
969.114394565
484.756822892
662.191590258
51.9459698419
849.442129432
990.422541488
700.199387641
900.683174937
88.8406172187
449.836256499
409.79160446
397.35235687
400.106254965
11.4320697761
437.174955198
289.995544097
616.896324812
955.740863787
161.873517694
746.872999178
790.591458439
669.549760333
727.354581556
618.712018548
932.719944459
490.968719215
98.0943219599
917.681118388
505.208307912
207.754895089
432.08286749
626.703015815
455.01288332
913.515121164
427.213043925
178.57607843
697.808694507
612.887030043
639.765752956
726.836556433
537.674656012
272.295010217
163.41874333
184.313858663
548.549460557
650.126505325
717.043079858
624.158974068
586.283936585
899.503357554
915.512723487
746.164934678
826.525672928
605.23820862
630.937626021
379.51398239
272.676665419
953.301724819
662.511646468
910.458121223
383.82176933
732.837575447
913.775419646
248.596216315
410.161836379
531.336592043
658.851789785
574.781808257
648.017398892
316.135060377
567.259081839
89.6641679714
163.664137833
476.539097103
545.503177718
537.030838293
955.719388761
810.957109452
968.099801778
475.415420938
961.356731721
846.64677053
865.198720112
335.1690569
636.93265487
882.187978566
234.827390217
272.363652988
169.992089795
317.732830946
665.368057483
839.772036431
492.598951312
407.083812895
459.792776875
313.928733365
897.453292422
915.775858391
421.880596079
917.884387159
862.800587331
372.676443718
602.921362484
681.434836494
201.781293808
326.421987285
489.725146337
448.274576242
788.11561641
532.751771165
687.199963523
909.88190972
686.311109082
388.225162894
398.091856113
487.412753194
720.789517298
195.462808724
802.458634997
382.524904678
39.4146529841
270.928778382
675.943069374
586.064776601
987.053196536
