983.356711649
196.431511661
327.038312667
464.80161301
466.436812889
271.018450402
372.913206547
124.035964382
320.802369247
883.642177266
123.784747299
571.916219642
653.86002002
68.1424766085
341.223725388
953.674399004
611.90272684
805.085291695
785.017876288
322.32124686
652.001893343
175.091242198
564.764776389
102.60971667
242.990084488
54.8289473423
87.556737783
429.466010398
265.1167248
690.011781767
747.132204589
782.597871323
925.210516544
752.061689638
88.3355056017
31.5411825541
502.451578796
648.190541553
258.047955445
666.798581264
918.987037975
551.368475197
197.390599829
5.67801611791
213.997483441
48.5154161897
920.208996388
692.574359615
111.30103121
630.97379989
813.33252367
667.205545712
641.387712144
641.21509062
517.151991589
386.505498233
670.803507602
597.150008668
236.900508673
613.909202618
55.3634048099
928.539830284
115.029199137
749.429203403
659.842861109
105.001722915
908.722050543
745.255183622
15.324379315
920.923583457
471.697245231
227.425230945
818.657298714
293.037421966
798.219954413
805.364846035
505.875297946
869.452663256
319.672216162
259.636802114
464.580640594
156.095407916
988.212350222
759.357226771
435.559703969
963.633319861
707.416902183
411.753174187
134.898813625
716.323502453
352.542336337
497.383613084
26.4139616419
691.923118525
415.440601822
150.121961978
588.844426601
504.996485614
930.476345723
904.054829819
451.273988053
491.985473149
516.98219559
816.895317703
942.164379688
540.769226633
246.669869712
909.509997452
565.500558484
273.308932878
921.581003763
651.257826556
229.829109129
659.451504463
315.31902504
983.952107985
261.478644187
422.109661374
763.954226691
483.654524925
299.992907881
843.426765999
227.536473424
751.32756377
179.661656755
633.617632955
547.699840032
582.366550401
464.929160183
489.275029892
93.403550394
97.805601244
745.543013622
698.804937342
423.223714994
716.863478965
9.7626718366
683.854323713
156.332374953
68.1830805143
690.152759448
711.6105349
501.226898511
621.610680204
664.647710603
886.931845289
206.252082357
52.7771076901
118.710173356
232.822820166
699.274602686
51.5890352662
523.712034131
984.105818664
459.666893992
533.129441824
978.85540926
661.211533669
153.796145859
166.036224221
967.950314775
678.316555766
344.100190135
875.233906531
879.835322239
509.481317729
133.389957838
977.533702132
348.643234205
277.852172722
436.391986548
337.51676352
550.477784126
858.246291782
430.398356625
438.507641426
596.872411555
106.225480798
803.594939604
90.222622194
900.431168476
946.887436759
133.543973192
935.67552433
590.663265227
665.483425437
722.765087356
935.282741138
909.301776815
297.014607555
107.915057483
357.753374127
628.230393099
556.452241391
945.057912971
701.673662228
284.543340895
173.458129633
111.534057464
254.06349417
279.568754875
368.847934239
653.667627192
700.017095446
389.311866247
751.045340714
993.591587536
734.905058633
322.944870601
152.911057501
329.248733324
914.663187477
566.109381208
864.880588646
830.486272928
687.014796103
327.885760146
829.776690335
566.671926588
260.333169886
184.481856628
806.008202698
6.73299934102
920.89882174
163.35679889
371.012406925
590.384888365
613.888968971
924.622999971
349.505341214
52.1863010549
547.179274317
301.38596337
880.509291377
723.484899111
96.0809020311
933.081110473
970.817874316
97.2331307239
657.043272811
237.021434073
116.95455723
803.393272813
346.468820441
178.053353166
87.8550344342
925.816341059
664.984263758
205.086556439
862.158232124
222.530900964
946.884129644
940.262413195
376.457455019
319.664508146
229.041016612
861.814873482
278.319589052
459.691324716
67.7162199633
819.579316516
305.624113163
979.395771913
419.515607174
952.350722997
679.021246108
171.101956739
399.990778129
10.7060518188
958.00413311
837.587411064
479.830152279
641.104332332
842.88660833
637.571190306
112.710213879
215.906408184
335.735782671
446.921599546
577.627504651
212.27299754
470.451095811
641.257159479
476.887652094
69.357459143
790.72135563
941.707603298
279.331347289
400.504741407
640.723679893
103.332703759
166.314008648
987.857537354
118.222706336
361.660374377
239.044589451
3.37887827887
694.577716138
952.124472172
835.97372066
619.842193935
225.356561895
186.279626629
821.448971564
340.64953207
58.7952613272
247.82616208
828.705256735
403.341887163
196.052368242
334.472923115
90.9802404496
110.475525682
382.479078671
78.5913308057
705.343648705
201.679015878
196.3247976
273.709025892
985.882766701
95.0660954957
837.341263513
986.801829852
990.935645832
440.755131411
182.612790486
906.001151742
86.4860474462
394.66568106
451.803458189
436.640821605
653.048061029
197.659727406
936.483454943
84.3560323626
762.827200518
791.654884114
754.503809799
886.231164312
681.784170896
717.184688999
235.33535698
364.060951018
938.395855457
930.556152717
692.091689394
809.78227103
183.97713207
728.000249305
247.648385195
716.810222807
287.296761752
883.668118209
473.133465075
171.144835057
77.5083575384
828.033037378
897.676649502
219.320698439
821.323784365
63.9456713921
587.423321221
756.152716005
197.888465544
136.411422798
416.232224988
3.44131183187
901.841174522
3.60817468988
109.650421225
176.898253691
524.283094942
1000.92342204
541.471198836
465.045353
495.595445921
449.35431163
565.479241929
291.112725727
561.295129475
469.012765197
802.944744005
306.403148152
237.680744317
850.814861981
589.650245384
763.385468923
613.766481577
956.310976076
849.970035727
674.702231769
844.879809366
959.458012309
994.64982273
646.512606101
921.365266403
782.36725676
49.3847750158
532.976819275
377.214756872
702.923322915
352.99787419
785.990053258
378.846180786
140.873734827
819.367999391
523.082833666
572.917990384
847.037101767
773.151574479
230.117878521
248.623034183
480.725802377
622.034883403
0.848043622609
935.188499614
550.291932976
308.392442634
649.065696066
671.457098933
903.204791355
753.351723283
599.302831045
160.916887036
341.109069769
445.072204023
303.410120356
833.878267984
342.025045218
134.644165048
166.570601678
839.259926832
373.152633664
736.386426262
930.776993766
462.529988179
18.1954973396
639.596246996
723.656334918
215.5779588
139.420310276
801.365658564
313.380726299
592.162632744
364.918226462
107.548765278
161.931614532
448.866137105
994.56292047
288.699145189
943.086414528
822.340553699
189.906472551
285.35246808
778.010448882
593.139257574
652.672329856
565.757109653
60.4761442951
11.2211751435
164.339642955
179.121580643
565.002432025
492.384213358
339.019620706
78.3659126899
65.0534767362
970.883032387
201.204631474
293.302900172
820.564865207
252.358786195
561.036816425
763.371913313
746.654045338
441.245677457
172.174061245
518.125128132
571.865762005
673.023638261
5.65531444361
9.78884623626
410.415676691
634.226260519
788.425238976
828.847920604
761.523390083
301.31199009
1000.43152503
767.565548563
790.466879782
11.9654373795
607.005441424
338.358251871
524.223749808
689.5665746
243.687923669
869.734389302
70.6683755934
462.370568562
758.730367461
444.204235831
373.288689652
541.121982832
665.459404305
933.677517432
359.242189632
321.330077626
157.777429631
411.330031235
370.518575902
800.653775171
809.839298372
244.763240871
34.8367740706
56.3931270454
266.70937244
303.784912707
832.464241361
245.885222924
561.896952814
393.236123607
246.856949667
517.879242565
987.271652057
214.41109701
638.852383815
874.825859305
47.0597263448
573.895523354
861.501176368
908.267680879
705.029649657
449.956775242
959.07016436
292.80375187
557.000432278
575.243922871
622.686578104
228.904774781
28.0206651122
267.575152715
323.470375961
109.371876073
581.988662604
917.784070676
176.005668083
208.165814199
279.85933071
171.04775464
441.399091458
951.022918091
988.722503008
218.31283724
934.192191547
88.6586622176
779.22872648
312.40134876
666.977602354
853.587148937
973.280051924
32.5646900629
390.560366157
126.489558784
208.063912082
148.507824899
156.576719156
622.116935794
133.127666066
992.621147917
792.772526213
240.10422406
272.509362316
199.857886651
75.041989018
565.862974904
662.475777163
106.244925745
378.724922359
676.313745062
657.836448543
421.069574867
400.540128002
839.558928606
573.260670712
963.267616227
398.474484722
46.0584501393
153.46205308
369.55593881
941.661251802
118.42882808
533.935842605
800.136620511
199.083200642
82.7974786754
453.529233978
37.1494461045
328.917468218
673.51384622
587.100284487
25.3520175031
231.287481167
731.79432058
989.975122868
741.174557994
314.313065161
684.82302683
849.046946933
732.520320804
143.586830351
892.121720782
887.751248908
355.202561396
580.218696422
600.688107838
592.878610759
565.566244094
303.701740385
470.577887242
504.501194212
305.011282096
546.34522611
271.219891898
782.926615138
186.433776445
886.225400767
227.950399447
83.5314352748
161.498560581
550.202605622
621.569002544
49.5511273968
223.156358682
775.258252498
610.683196244
879.661276561
667.99642708
465.791391892
680.268932196
377.532990032
579.593063179
28.2926561092
801.300441465
756.866368614
396.767371981
940.065948832
699.471183565
694.292209202
267.121741889
375.478721897
234.621518627
543.269787649
650.548878595
59.906145233
537.915739548
481.259331897
792.671003496
870.843210469
918.524164516
570.277225552
479.535987836
462.646773245
462.825758086
599.257241503
927.720981067
211.868263368
244.401670721
679.17326778
502.431553767
255.162115726
907.491620137
511.404734339
143.474928414
158.110251922
967.758053159
423.933679681
102.801412502
927.843958095
87.099473727
716.186906889
313.811597929
323.557175958
944.339650548
549.679054249
929.429956917
990.185827073
180.309285316
7.6984731148
441.463466227
758.747765347
609.093334286
374.456681475
553.36266652
332.858719708
963.256981652
986.514001813
973.359904744
558.427984464
169.502718246
145.55592618
830.909690786
243.964173736
223.22310827
277.61162114
816.021781488
575.316975184
249.528770743
447.583178096
381.50883757
463.998052304
943.978104826
379.867820458
388.20114741
645.783704876
745.363358995
693.412244858
634.924162926
45.4749140205
930.544964894
845.332173708
535.548164224
290.598267025
252.661702745
786.690669785
332.293517592
197.837452302
892.873449474
892.973242318
308.089540791
627.683420241
142.097222806
115.908768003
332.147303011
179.943341015
767.214691142
376.219420548
342.487483259
901.906350644
524.576909994
489.749511504
454.521541216
445.396952034
510.05463809
180.835167377
800.768284107
143.199361055
45.0462590911
228.181067835
224.464581008
62.169505925
589.401338047
112.681598943
403.267437768
775.69049439
635.104647772
794.978212982
997.788745464
536.120625221
19.6349234495
271.968219495
491.86876745
970.322217212
666.241419487
843.714764479
858.098065681
271.752856233
975.718764742
986.838854132
167.595819472
401.416058261
302.18488336
195.39679866
79.7628025932
195.779847904
984.003904593
893.750546158
79.174220826
353.61382225
837.70781082
763.470799802
895.659276265
212.603903215
198.921104844
183.711103932
247.608841689
759.438892673
826.236772152
860.019873483
482.104727488
417.209573245
469.327712458
868.772818802
288.261044147
942.852568331
451.748882895
934.933988929
654.915066306
14.6679141581
982.958042138
759.449490321
619.49249063
751.118559422
906.363714616
469.469330005
515.234911978
344.67708267
773.309217658
945.294003902
389.796504088
745.810094235
512.767821932
650.029196656
979.825678391
634.756964021
787.322097025
511.048826695
808.338137754
727.706400339
601.401570431
202.556285505
326.514558861
719.107293132
763.382329775
196.403125747
520.123198015
222.610077453
566.25278884
546.967187633
196.705583253
542.913045055
599.253207283
403.775857977
898.366442341
458.176022493
205.06141744
798.931020282
52.4541512251
679.105231564
635.14835873
469.992997213
193.656835994
979.819780198
474.617119411
399.942554308
295.391858341
467.036192681
300.643440349
418.128686595
995.382029521
415.62687923
580.00518146
724.87344961
583.283329115
659.922375116
101.72815047
366.045691997
842.111109205
798.091423079
120.710684372
724.362929751
298.56599242
209.255468895
536.443760949
779.180697602
877.314809028
526.959890753
374.627181659
78.0939390378
990.698947436
76.3175938782
716.08156402
585.954952344
577.084560751
572.343462214
28.1319700097
522.494693954
582.66002495
672.346428032
219.328955579
81.8970432115
791.867389119
806.865920421
694.551151974
559.41206226
594.47171205
714.664919489
868.022658881
445.498749499
252.708945163
423.589092912
922.805957265
223.249394695
415.224944617
547.705094869
393.805427719
992.251623799
150.504388884
176.408635683
115.420996517
362.755231461
928.462538466
598.445701106
507.436354075
840.304685406
90.9382457485
301.275437117
653.076535914
221.313521285
921.614885671
322.792981526
530.164053208
430.8019757
941.400618419
108.01824395
55.6234608043
803.425003924
971.48321539
746.72810076
529.689546466
528.930787099
782.745398648
996.223833863
939.680235725
456.558118832
304.656955951
787.212425615
708.189829053
118.156120046
43.3782066176
312.804712085
257.675710795
790.62819985
83.3334410276
627.794654654
98.2652291117
146.208048102
73.0389490947
715.938802583
574.198850831
689.154440513
914.367701257
438.351981764
428.219297866
250.233450812
955.276972025
849.482219252
627.367365455
516.92227038
884.49228924
10.5846967587
397.293521048
739.805893538
707.927547908
259.269857588
707.933203262
800.882881594
436.811266081
630.778149957
702.181654051
968.593479609
63.09954727
986.766312917
598.074197234
392.561759159
573.029015018
108.601094292
97.6888746528
210.872969614
63.1656211318
887.262136889
273.569098906
26.9886373492
86.6181203699
855.350901943
137.721472318
235.576600706
169.03636637
981.512217686
880.477019571
859.955657795
991.297558307
367.45395004
400.065222839
915.701826404
993.171928735
188.15218216
806.525728353
89.507820318
861.243905696
673.779167266
594.639694684
664.700547362
596.781800747
984.447063665
402.453778858
589.107212016
930.245964227
884.233033859
182.107254995
