31.8540573264
633.902620298
192.782670029
150.460490658
909.838268098
548.659781123
112.579088873
514.428558695
478.879051227
177.020805061
633.586663334
86.5321866334
575.89075266
985.633198878
722.632381521
90.0653765765
86.505601841
93.8110603579
425.509382002
554.679116283
723.131499317
290.416542895
583.319939096
474.105184566
736.053176548
346.154165886
291.221914363
958.029376066
861.780477132
292.03795017
366.511988093
747.340950059
869.388524138
666.465451006
772.820932483
231.270995564
874.154197004
725.453998745
496.522413196
922.78770045
933.282951812
325.218191092
235.61176785
635.380582956
825.133608131
647.522381911
241.645320808
632.342016819
13.1960484852
830.680911153
316.490607485
289.328503967
767.867244304
166.690122074
699.126885452
489.714811098
175.959344451
843.822551333
757.051781818
251.188753789
905.800372862
289.407724944
719.979407221
153.505494859
841.494050692
125.373795418
574.411319664
790.512111608
727.805268583
214.625898673
658.164284962
431.50964997
960.101996828
272.817026174
631.190999169
910.255932425
444.788589288
114.47352774
172.604234857
776.667491103
664.682492603
915.375167146
367.17157177
270.42462347
439.650831944
359.650440475
730.274717367
787.041777493
687.962753929
611.810193991
379.756731831
831.860501682
122.84266852
874.175577355
706.573380097
957.409423071
646.065849828
80.1182421606
293.465960548
142.109988718
652.718591831
643.612741957
488.776874292
127.448543677
645.220437859
690.279503527
446.972012476
742.136033246
9.40119254311
999.15080301
725.443023132
232.514294345
652.070213491
297.668189439
137.831819021
927.920867261
971.774457471
654.99243632
502.901551694
33.8247913507
326.619215098
248.359122602
479.077492389
781.063970283
502.287814414
129.138929603
993.530196307
161.001476724
283.438028549
920.027278892
633.563480611
615.587503178
706.619719418
545.255106286
281.886573053
880.356074161
675.780277171
564.822607667
379.432233563
789.242387404
197.856148378
153.140220548
212.793023235
34.8450857694
422.701514495
403.40985024
872.784004926
228.20182211
107.944529118
805.850379815
562.361420854
669.689995754
264.089459955
658.724499546
898.775613914
647.655394025
174.965754101
55.0298321837
357.701592569
92.9859149082
2.19510792597
719.171801066
67.9077712171
693.065610765
936.495498303
334.343585417
874.531199173
220.279309232
104.545505907
583.917824284
437.459771758
280.92449209
481.246025342
545.463481658
451.127353293
722.358787262
722.090317643
671.384477226
592.742990277
293.958444691
93.540147011
89.5364092989
301.893165252
887.830646215
204.643756937
600.193278854
767.378393529
504.029427192
841.208117021
500.48641277
516.679153414
364.79535372
793.138073478
684.043615098
786.849248261
442.284514358
523.043257772
342.04521962
102.596882733
57.0056328029
203.644138442
104.086063718
209.961785531
850.449920236
465.120662866
266.373878471
204.249924668
82.5457535119
103.661414129
530.2898756
930.603914868
686.640769632
209.264812512
73.6753676225
668.3807101
304.407540501
488.47283987
882.716715034
953.999801747
217.123155043
504.623537479
710.099111148
295.087832821
280.106223544
382.119111786
895.939111324
768.435650231
424.274547718
18.273916935
353.663264278
441.502182451
705.15700566
169.996934706
183.799992078
441.777600163
681.222034533
94.4862544346
608.577748426
595.688500194
502.974540031
789.417415252
417.647992796
775.662488687
725.610897336
135.219836274
434.625983234
55.0386711705
311.664760374
693.821123812
650.3537871
36.9371918673
989.855456317
254.879367266
606.80867694
356.090681469
973.038741846
721.819384049
294.28693896
999.701488913
525.581240168
384.262569634
909.839425132
67.251742101
503.75662597
332.854170435
47.8242541828
882.014616878
846.240931632
334.202508677
343.009057334
578.607927293
752.955138366
721.102432193
308.060852393
306.92660651
176.412226072
520.461076529
163.126927979
94.6934392267
54.3507380764
918.343438073
200.896357979
638.687480141
817.974203313
487.809509648
27.9936972984
555.917221829
149.955391475
749.00840487
156.74618264
510.401772186
858.233650573
475.757547334
596.779235667
956.335025333
43.650069943
730.312303762
118.777189619
535.953875399
654.778804858
896.641371991
990.385835766
801.055450164
889.727567375
20.3120444458
683.477953563
467.150074888
139.937584611
974.15614488
453.319835911
469.951473943
874.376951559
747.284263646
31.7637053342
397.514034465
14.4842997839
950.450250626
164.661636628
935.299516097
887.727793119
425.469984825
978.737000264
693.871397643
842.967653948
905.015623209
183.790173664
820.319374383
464.958990969
88.5596454361
772.370270775
949.058879688
527.315860464
142.290595292
311.081947679
504.165379883
9.93073201052
169.588418931
434.33172175
885.327255874
930.502428581
157.027892747
500.403479586
661.685455345
904.728191492
548.505390247
252.485555505
861.055944866
649.462367389
239.537958547
540.278397547
560.749900886
536.858196367
871.987519132
781.373190708
778.492622899
10.4385418115
713.754337712
82.2859534542
607.927201304
332.728546677
876.323227012
937.674783775
704.447279186
527.693788287
512.580929895
981.901477465
807.325207357
694.764145056
989.309267442
112.855558421
994.482055842
843.108491859
281.766637918
662.284951936
158.047633324
934.440836246
159.931198732
159.173930903
11.7449324901
45.3933891486
557.737076601
140.235431053
384.795119886
510.574599118
79.1559962468
576.52234492
822.547390553
292.891928856
844.936511085
720.921640721
60.828677512
238.498312709
894.579007712
234.060793747
159.366850293
600.782182335
340.368625161
208.895827395
969.139888192
378.151297261
313.903996618
551.936191937
382.05434854
413.121859502
902.917738407
678.734282897
987.97297386
96.5271619956
985.614522218
852.988819684
28.4446698952
693.692248518
522.361978512
1.92836681095
495.939685444
578.960458274
772.112469156
193.783364961
635.507607167
685.84784113
185.588242064
729.255187006
165.670917353
860.365689402
661.744554123
270.754797139
971.293277655
286.627477645
634.567428084
746.925757873
685.065027137
394.244190735
246.164930181
429.626902121
760.994408013
289.804386161
152.488573839
53.470704467
515.879553709
55.583421818
812.611122308
200.588915079
139.713714756
531.708954781
902.786555527
665.834484858
233.74210466
462.515335167
244.125327674
763.153449886
290.934004841
124.019253467
329.26328308
433.356371874
13.3429992448
113.396357536
166.279695643
234.948290901
840.976134771
344.663076903
31.2779856445
796.95320116
390.030630305
313.34865807
887.956349861
422.928298754
450.025269543
53.089750466
792.123536316
586.129411164
376.277426133
985.080741443
844.685586076
276.365080808
166.783796871
593.270498133
753.864549615
226.012712886
267.465871664
17.0452719581
153.116258699
667.109808465
929.419804589
301.598130061
415.140181557
34.1965645877
625.196510061
25.5693873457
222.272178554
294.650112983
719.797457247
348.373064332
116.933347655
628.362532994
136.456955936
312.572452653
892.344793216
158.762496852
372.181837017
148.42478083
74.0518276867
513.591278766
626.35735852
802.792993842
768.776532083
393.832725536
14.8415562765
626.462567953
887.225277366
291.340708823
995.38855671
1.74324714856
414.592376222
391.79134462
306.486781363
13.2891876316
758.459283461
440.200316703
759.365443626
562.391123433
963.388347205
436.205900002
517.896787657
432.530238821
82.5910739208
686.93374116
742.281438895
674.36474474
656.867473438
898.479408928
82.4139798544
693.703456535
952.672703779
542.808489277
79.0622050932
799.819069209
818.797357854
464.594937032
179.432860608
704.366151816
601.659955212
254.266547703
78.9181502815
918.154066859
223.048478748
861.204044315
684.048708995
314.106107551
1.52891671943
986.738766635
883.607613925
627.630513997
671.860218898
859.662312813
311.020655616
469.135061382
169.653068224
280.213612889
800.53900279
853.580370727
213.341476948
596.03235866
645.182521231
723.344537238
917.905896215
689.860052857
98.7181771363
961.802737891
66.8688368299
185.45241051
730.749418876
489.850779818
379.658549575
698.507015463
870.812555275
528.937787217
63.6981996652
235.691795149
848.590656164
937.792737872
142.783803663
194.025766643
928.23502293
882.481692534
854.616718552
896.721320551
334.370532246
894.466265959
385.677050795
74.9247824011
509.083989144
327.404414461
262.958487396
508.287928742
922.38186365
85.1813224875
433.692150139
839.580031549
525.233125863
935.290133828
728.200537085
877.567329587
76.6381036741
505.525063456
159.641627738
328.802188445
898.826162865
994.734991218
249.374050677
452.649336886
682.062914889
330.373254041
30.2778757335
318.855923466
507.770487294
478.90299972
83.0340850114
748.405718368
13.1376191758
161.507012918
250.786385712
764.37023237
417.236120066
72.4086747658
436.63135844
322.715280238
583.709305858
304.603576635
828.88613586
464.18499477
828.447092666
165.351705833
757.003339924
445.802284039
537.376904842
906.333004487
843.139739273
787.582788917
65.1322968657
602.75129303
664.33432787
641.682150274
563.91942599
784.458893105
560.118775733
566.584981349
683.249566524
296.788836597
543.639568529
487.250734907
968.418800075
926.184104418
689.59482385
607.574081829
597.70253039
733.14530773
316.349329706
487.55928247
408.09481738
969.396727695
37.3039541556
161.131723088
600.908364696
815.329644999
855.933917031
963.308571775
431.651824523
466.936569975
339.118668855
827.566564511
534.522866144
196.652272837
642.137907743
923.008896884
970.206782241
192.367724668
289.564663876
112.411132839
661.043546895
351.907266514
311.624380238
224.199465448
787.031984258
844.197936377
98.6221580532
541.426221712
646.812397735
180.558342094
472.713416948
904.623371195
356.726877319
423.60098161
657.823489605
992.088519266
144.096760503
145.54448308
439.458312036
700.139348304
36.1283181812
470.148027749
675.361894112
200.570867007
321.872526009
4.8852974396
378.863690115
223.758452714
798.671791186
454.893185598
210.805062908
609.10299379
857.343304939
162.037584657
724.1694057
554.09083756
726.750546824
545.414709097
60.5472332682
269.171247769
544.715751037
482.800342697
20.9143640428
428.634816448
737.643851679
944.519621076
268.772548887
269.063218352
525.034241438
369.881474122
975.502585688
430.836322538
287.277556061
707.074821576
419.750018752
483.137214249
700.161599211
841.120661114
700.384983441
324.36510547
905.415978121
989.210080984
827.087214055
463.252288018
672.875508119
455.383019934
800.437116669
580.872130675
464.859128025
796.940190051
279.249360633
724.685269704
82.9578871659
721.069288096
602.615430449
505.302085721
455.044531364
776.339380063
12.4522701806
583.449670296
766.839809169
950.439137922
772.899419122
948.306791767
351.150325216
384.909969178
894.669572412
478.430934971
162.22597408
37.7016421728
300.741639442
921.812166018
651.031392768
934.175317031
229.118590858
968.394196221
1.15499032107
67.0396325269
166.399186062
772.279196972
847.619396896
519.012715041
899.403775945
425.353017685
890.485491804
270.694156815
543.171452507
27.5449593378
898.584401928
505.874106599
922.398879061
439.554430483
685.764518768
761.131711694
640.38448926
885.107618984
852.12324312
664.23181646
231.257537935
950.674692341
119.200298508
225.087109144
810.939802996
595.126587693
610.94148945
496.499253841
594.852600631
430.81310348
418.040393487
618.400852231
102.206995228
504.294958674
580.62920148
491.599544536
258.10399096
402.492818957
442.486548665
843.792999568
852.114299678
46.1209586638
368.893211805
940.583691671
456.269093967
528.773444585
847.46876649
215.600556766
491.793692123
360.55048753
573.542556139
441.178927232
794.119370486
666.004314621
321.24185361
814.886238496
27.2614547926
927.010143375
305.799400416
126.144891616
741.248030245
895.51080994
950.937468988
688.298298929
68.8990391732
704.807780946
468.600318182
245.877522891
552.124679633
311.014792669
907.06451578
391.949716511
778.175673483
662.752051289
875.552161634
605.608445992
613.391256352
677.660421271
32.5504299348
184.717411656
738.515631891
712.646271301
213.271662782
445.106105843
258.785951442
429.173257618
212.815574902
25.0702376702
734.884376095
371.432397903
54.2359233439
444.822881658
174.753958823
850.509743395
565.068090207
510.603227943
587.800238451
472.473937961
641.794005945
732.773594293
963.550566947
555.614573587
145.629667125
482.903644706
864.818596409
228.459961466
646.8094274
482.113534866
283.221315038
789.226367329
123.438703486
295.833358448
634.053547237
938.986855281
595.583773811
708.077615419
594.503205024
51.9548572111
103.933899424
579.346183737
434.955196193
647.823521214
69.2526297665
955.956780873
799.458145685
366.996232888
191.409669539
389.254763313
234.245836451
588.51027208
166.637048726
142.090299724
744.322563931
688.973207771
181.403642565
710.96590647
174.582475173
475.473997137
175.114680973
736.345638733
540.333272403
387.913476606
738.289446885
440.31683958
573.472567313
541.193108195
255.186372658
903.662972672
217.38187697
105.535204117
223.083689552
980.844885933
945.245003995
218.057892014
570.050591474
400.646275745
362.255338429
540.858261675
24.2229814415
946.688670188
193.530854393
485.123296694
991.625908743
727.996138861
914.489425319
208.077120715
607.633918997
126.548208187
403.465329065
869.47256154
965.463592818
372.418688877
623.88724331
22.4295786029
449.53473212
907.65678008
91.0125956056
293.769037128
802.438512016
200.328755239
309.623676018
692.657496524
938.701683971
788.490548342
926.079546324
143.593299724
835.996101733
30.0023730995
882.253276561
777.406090472
850.968733358
989.210902339
13.1475742832
771.419140683
262.694838702
751.001046427
984.634203339
700.968265763
775.253700877
550.167051558
409.983234591
446.106006298
657.059935724
800.286335819
45.0944770085
347.344685849
335.927584983
280.876241565
651.743884302
598.732577893
665.793033842
530.048094831
452.943764872
400.202095382
539.406827597
489.319334728
556.497709635
757.06928569
651.966031802
182.855730783
10.2169065464
501.512394742
412.017733704
981.182708774
