890.976766312
604.736482244
18.7134115357
999.839203195
10.5412450491
98.9976549473
372.279953207
672.064368579
937.452046461
980.051499644
399.191194716
225.11442158
685.929996888
403.335934262
586.050190057
783.535079421
992.530349724
767.702042241
751.707871023
352.883187441
392.352813314
842.642018245
696.125403322
37.4040887094
782.411926019
979.6900466
8.15194498132
381.888629549
901.899079921
970.274393941
897.492178067
585.753103207
223.820115129
838.890816379
120.256937523
448.953244331
521.857686352
562.909450756
134.185152945
580.976831887
607.823020565
54.5727878437
748.616127851
878.025663072
273.216701259
62.1683057943
416.126739277
312.633079547
724.563110215
947.253186531
320.369962467
132.900449816
678.589384975
749.939047691
158.517462142
54.9370218014
517.204418468
51.1073262969
368.208482151
923.795731635
74.6823985071
866.507403933
214.739618153
634.382923121
596.227926444
482.097068391
698.622738454
303.595202718
850.157439832
627.78530919
736.994346881
94.9765697207
922.82630478
460.612024406
874.192537772
121.384700231
95.8147089288
703.45945907
880.615215356
458.642198761
256.383416681
46.9753792415
267.658989944
596.708594156
720.53761101
103.360724746
891.566893804
500.895719921
110.14355519
697.808837499
177.667371051
240.168239913
622.212652686
571.187690498
80.6687429029
837.650087092
906.266053002
484.815387568
502.58599363
972.627110651
371.736645779
781.396187036
508.289823271
150.434852046
222.057795673
695.855179126
145.714105759
89.7461932173
567.359301035
466.976440388
252.301516481
107.996381702
884.217768504
374.424895704
918.8954348
154.0647383
885.891564645
592.985847776
83.3152266116
406.744229806
193.978121836
145.704112769
876.477828577
678.572978203
921.041873381
809.892562601
228.298586276
933.895947536
943.743410379
991.726740012
332.558525815
126.164784579
842.851856451
871.24793375
734.596242121
386.134419082
361.161051477
757.587458471
191.305615888
227.115675075
174.032735613
408.784053886
139.089180666
148.794740517
482.375115262
210.970331656
936.200180236
179.21158695
466.17184674
666.476589065
773.73126741
463.928588253
707.716812908
294.074910673
477.216438169
271.234669357
700.8297127
507.807153378
109.368067603
957.637403514
528.294032086
232.92461587
409.811860391
477.153159513
801.822415711
445.674876468
686.881885513
153.392546747
326.285766981
886.359469122
263.505337705
718.208604368
701.406522433
490.833386035
658.786110198
742.221957438
437.217048809
44.4594106145
650.675781672
141.505804505
325.947200764
789.776552268
928.650268768
973.002308261
679.89562367
643.221017142
643.553657077
598.183078406
491.974080938
239.707092143
664.946882532
215.458195976
533.335589973
83.9871721806
635.593144282
669.044313652
181.312583693
946.115866578
476.511179753
621.581749642
736.667797295
946.431802041
945.537999255
859.613844615
875.900117689
750.752922088
587.235191329
348.168622647
146.121738581
837.415453414
363.776017317
898.286009336
537.422565739
613.524475418
803.679887551
874.117739303
873.214684322
921.602588789
581.408385204
938.339743204
234.529302182
775.214057732
707.519858004
584.746459113
855.835484539
336.974768063
503.556557331
726.386737331
182.120274344
75.678169758
412.54661616
136.820852368
777.549823721
253.390787217
4.48697550835
414.96446866
655.896853922
309.34953939
243.237485865
131.924116576
214.617222392
438.438806821
509.687681514
609.943115499
514.151397121
128.841919853
338.712928404
165.23155452
516.483107035
384.214794725
597.72569824
61.2611937692
424.501523108
146.804896698
592.39298497
72.2038678294
873.846596102
235.03787139
218.385986605
756.153226911
731.4967025
748.938713683
71.9779814526
322.489127401
208.30246437
305.309152925
624.959728098
115.089935252
779.960017378
824.527219225
269.631923047
736.799028023
368.133317551
108.084944032
617.222970685
316.74280038
276.148363556
880.912066177
455.613396724
733.709071855
97.6541738378
211.791302275
108.51656418
522.820141308
139.776638182
485.88057796
132.414289333
484.616257527
747.301971519
476.273650611
36.1536885086
872.257225669
658.815769564
829.091417661
213.296447189
398.53497313
456.671625155
255.539290032
54.7245996697
769.558020042
429.167801671
74.9464517214
276.719622558
22.825416468
939.409115178
566.160950075
92.9183462887
276.111727886
740.041666072
287.96119681
828.662952946
719.135737369
763.706991894
704.910844065
205.53975146
138.140048041
732.253077127
692.54824754
145.310333578
505.289999825
118.316778311
27.8206563807
542.238770065
710.67381617
684.157575912
112.868838567
40.3371300241
237.982950052
957.412063971
936.331189336
273.836274725
432.65058692
332.181484472
3.04123904919
799.275783643
397.320787807
992.098595992
722.819970154
901.438609296
114.706430312
601.970321749
651.158654214
722.333125755
700.057498068
802.091397801
658.033741323
418.536362905
845.474861917
383.360828843
939.370607548
262.650111895
953.057238158
310.181883712
653.069553958
973.683356356
339.659287546
254.943265436
555.902111537
140.248240089
498.007211934
56.8398150089
404.774663771
585.810248862
254.242819516
638.749450027
416.820394723
232.372253085
451.024880588
654.365871268
717.260293228
140.232358922
530.390165891
338.561204467
91.2379046482
42.9547465463
491.847122116
823.385914672
734.025434761
628.636512089
186.770697512
215.582346111
59.9943891963
503.67568887
835.942939706
432.367346966
333.347526587
673.312391951
925.774374037
253.053729295
610.576832827
165.127993252
625.70416905
537.128960373
965.517940984
880.38398849
470.429724802
938.277567615
699.135524321
699.699872624
841.256434116
352.075882815
153.36579379
173.194622044
307.256910254
201.708492961
75.7560108803
878.829116845
486.140164508
434.552896533
994.54118859
397.613165148
939.857822449
363.11505109
65.6908466109
678.974786444
313.560395229
802.723023838
44.2598826446
704.055224451
42.2865370553
978.474378856
700.444813202
829.295082876
307.124398561
328.188378855
792.260871126
846.587407624
229.70367831
854.328147763
219.923002077
54.8805786341
823.711474732
938.064211243
635.431328031
496.424148984
347.73370736
718.741127069
840.361958117
300.557651587
312.675845188
388.453580865
283.798271953
321.081409217
119.04890174
252.926125413
393.775571192
797.209844765
65.9604760727
914.186546827
5.71868570107
523.070723999
296.763602357
155.165007181
398.819868228
303.809903148
900.819427114
878.007061772
555.306125768
254.331946471
171.630170403
514.059522071
562.562479328
436.009912009
917.557696855
779.346284833
580.203127025
406.862591025
889.798220258
705.252258579
282.892559181
436.651241939
23.0123447318
482.719396409
308.341660149
695.568669785
67.6658052036
67.7917665043
401.167794758
64.7461171306
621.938399362
983.275558604
232.179200119
42.9099471274
363.716413793
421.718539785
580.759693445
111.227184835
910.63388424
365.253415959
734.428559269
250.35008785
571.383562852
342.43579034
468.674580019
49.5509407119
566.838504024
539.825428381
910.251137513
841.298721259
188.714373562
760.057853259
683.785326148
257.512078747
502.654608154
603.291294971
481.548668719
558.457764777
106.230054131
480.269462273
362.124387922
76.3202568149
90.1571581582
30.8086220164
294.799151438
99.735792867
249.805680272
43.5384176426
377.912137105
172.293872316
982.854931837
252.451406871
470.695833066
333.101766783
725.985161817
12.9123492544
249.498859426
972.708189002
331.005604027
628.961290532
683.827631885
54.6260840421
29.3726293659
364.33245018
224.206599539
586.888146007
729.404528418
240.175494634
191.886187703
410.126734364
567.803947996
408.549485006
239.881813704
487.441050014
300.80076587
758.208868604
427.654506216
432.619773406
567.175539002
78.6172690072
625.688480038
175.163685409
530.967742958
865.667240324
968.213641757
312.314626932
459.851369887
582.592761599
472.145139346
824.008482765
403.684853145
591.87025067
350.834732313
967.536327546
753.864734135
684.482638718
0.410488266851
544.181328248
980.37395095
676.339987671
277.678963753
316.643588112
201.47869112
522.668086727
218.488938113
468.887396828
489.353025297
865.634846298
896.174755954
180.497290117
251.934982462
256.52416898
914.951848549
434.899588692
634.571358964
724.695421684
904.910003744
113.487107547
656.199335495
360.080942803
443.636954413
476.825600164
502.940384126
113.114279735
66.5587599121
506.197264475
845.657237964
213.238694097
788.684390614
707.247895367
361.183110844
826.555920016
377.2925072
792.109459806
433.504127341
997.813881094
208.25522666
561.728867059
477.493375693
25.9748822413
117.571321431
438.193700372
481.87383586
794.143557702
355.169000981
329.631542177
994.546639395
503.954805554
624.717578775
406.300922683
673.637510003
930.73776001
291.563886641
104.671355057
685.880816603
855.656001944
436.471480958
334.077389695
855.38847455
337.177711867
760.010093848
601.784338252
788.229646146
179.142990346
259.369805016
493.680320223
140.977822312
673.757441411
553.611781354
261.274119109
130.436724515
594.080975118
442.704277069
980.094195898
241.25336544
74.0206070014
299.715473693
822.17176385
641.491984077
562.670995172
418.911883861
462.025912495
386.068407242
114.373759747
640.792714754
542.955242875
408.153849062
44.8602013099
238.039086941
182.03861194
109.589934841
249.082883816
308.924651144
421.968357494
268.712084065
475.544932991
746.499997619
53.805986628
964.626748263
397.933287669
205.986042111
488.577399081
829.845652494
957.214156144
129.894412323
595.254405649
134.966751743
144.856310091
913.203673933
740.124266384
574.325771876
458.373047704
316.740226977
336.082295298
868.333857244
486.401932055
58.3376190144
756.788911911
703.308114552
455.452152214
794.657304556
563.812731351
881.612477647
792.797994418
958.563755904
105.340650392
359.099282289
615.539533292
469.126574694
214.297937671
913.4355393
83.9490246433
330.2446025
396.861712827
439.395535178
87.7585084839
846.518230126
886.013377807
994.774496225
164.912659412
337.228251943
318.491682947
259.180908134
338.972899813
733.796689646
234.586239092
795.420815114
276.371046375
73.8474019118
426.179861683
383.924940762
537.145580892
966.694294579
535.962460689
439.28824853
771.657774672
246.137048696
384.065333263
195.891490993
507.759651198
908.391785313
28.5413676262
719.67881285
434.373998411
545.883735278
853.922261206
617.068864178
347.34479506
807.57998261
942.769799379
88.9516020116
691.372961805
20.4243576678
650.692946054
992.017638512
504.665309191
36.6717163186
626.456462253
174.467802484
554.323314037
547.415695484
909.035617598
750.998520641
844.330679729
93.3545882492
756.598395469
346.544845455
393.362262005
196.346806502
363.668197649
952.095480246
139.032892178
847.469380243
131.557915855
931.495775743
336.409778535
255.185866034
86.7094047179
722.016631792
839.100661511
897.965291117
421.801871864
999.144017539
854.099012449
819.040778537
584.455984497
148.654597776
800.523287884
993.142255719
305.422128701
768.063564085
530.562537284
927.677097027
39.898411548
662.505583618
934.658294214
561.534953913
831.555004396
963.126147112
47.6428936056
684.735056115
944.098093353
726.803109941
898.078787746
479.043791176
689.410596831
910.61639592
824.450729647
7.48111347407
361.855416468
371.984640871
982.328295511
116.430982
18.2815833513
94.3484249232
483.922595511
923.690374479
697.440827668
364.421077914
414.634987992
442.312077856
782.503392394
646.005891662
632.85483619
90.4569851806
178.653294929
805.379669477
668.391862181
681.025023793
520.561021236
352.247373922
456.278712686
880.878861546
657.091692386
599.859626635
991.741437155
132.115682423
129.119562917
552.812711721
720.194049463
924.69052321
871.917620217
954.610142994
139.448768507
871.187137419
77.5839527645
140.9116588
886.287960719
658.393869118
412.819252667
24.5595578946
18.8823077799
486.79807053
959.30576468
961.325919876
366.249618187
896.288329348
573.259612785
645.106795881
267.066582549
698.93083062
484.690638967
366.09354243
179.992607036
603.415045865
590.522166708
748.927624541
182.445947864
334.600553527
815.163088222
508.268444229
271.531851652
564.228398784
272.98354235
228.143639137
483.944590532
948.557593845
556.294480133
360.125416258
200.469117361
24.263857501
765.407994762
609.844500122
49.7589938995
492.12474499
634.058228707
369.813385895
431.422648793
520.618197946
638.767052922
299.646814075
860.373400474
775.520262939
324.469609074
214.010283718
245.837312585
590.785218047
297.879222596
621.238879708
912.126414869
53.7669463972
215.413886877
332.365544341
522.831498944
380.025979808
122.938707112
7.06163417847
975.46027509
892.737407175
151.908894743
123.625404565
485.831844201
981.586976965
568.842408621
850.946803913
206.280130731
665.791715924
784.77143192
736.069382238
755.964478489
743.407560503
474.213083198
971.658809113
911.837353723
758.144451504
477.556177506
331.128648516
909.911798187
613.828542195
701.425151244
46.8748231602
224.162232921
783.833225747
192.661378836
154.691118091
846.688287655
769.562019126
95.767458169
162.548182694
718.450728928
633.90504103
961.708437177
995.959852866
152.101056315
920.579711113
996.993206889
52.4305031414
494.392357643
423.755263072
913.68612088
509.052566661
352.239284149
987.877740315
334.632863813
7.02513940038
128.714424296
168.122597769
203.642778288
674.65070824
230.411546863
440.528535718
161.619300716
49.1966477526
891.489368056
725.979775855
903.300905512
311.403086375
652.560549902
679.349695254
848.788414989
91.7464203479
610.557922354
362.528449404
792.424519136
701.413939699
613.219908035
636.512137183
618.115228293
988.83530268
635.6369268
609.637091735
395.95219276
855.736612378
727.061456496
955.865812103
143.456587273
871.608019585
15.9814002439
704.204486546
400.296063202
810.303566545
750.445963148
270.396608206
720.830985407
245.520931411
693.750370002
123.708682074
925.297955054
833.801690022
621.291205286
910.271093495
621.382602117
15.5845503343
968.509091601
719.225360114
948.976181978
237.161313636
505.50306119
58.5534171827
456.545499625
793.283742755
