761.799715908
86.2247888749
269.696262956
117.703839589
815.758549924
454.932204226
70.3676704937
897.180355517
163.493652704
39.3608915335
250.256424407
923.33983405
379.427906057
381.321131686
82.5253959486
669.903201068
357.039395278
24.0636943817
925.356089656
398.790376251
905.541981882
760.985769992
624.266909469
721.295581634
307.417730009
685.642690394
206.264545736
989.985787013
75.8822527922
768.687479019
962.432642095
347.421062833
409.679577909
229.947075885
868.999109733
324.955105916
223.279989483
334.563459239
544.104958835
560.371993179
923.395537243
358.382730137
199.95282716
629.307942505
391.9702436
477.101578151
867.687302848
16.9268988133
241.467688285
550.140083709
864.49733126
22.464230488
575.58402041
569.452495364
331.987710148
151.429323894
408.03751328
985.950463106
209.647049146
806.084926733
97.165345385
25.5247179962
695.953954113
142.308788382
484.945278483
25.5699180781
77.8010482358
929.227547147
729.09963427
629.501830248
223.901513171
310.377529941
63.3486833605
985.424223067
236.138006072
356.293203915
408.031574615
935.110219125
985.859647066
489.575767301
619.11520318
203.390523854
821.958893166
646.871067414
471.737424977
172.346179937
942.822153838
355.90614494
938.481984282
5.59114104273
801.750006799
722.043431434
792.991043649
897.089292319
617.299644932
173.076106729
879.016948539
162.419136514
621.983972842
722.606811061
316.572008903
371.076387262
278.574389092
651.919593354
534.830356865
677.547078324
120.631412206
461.447773237
827.710966498
966.391832375
177.134750264
947.598785131
345.752227383
26.9393802859
66.4672281081
417.919840162
411.375322652
798.387019994
994.421180081
444.639386232
507.931933819
365.599047111
20.999540697
629.582411969
337.887209938
642.754789686
842.463363821
994.183333395
935.529729148
633.80160307
728.892520308
765.915396229
107.730826219
864.398929971
348.905357975
641.924643246
349.55106572
136.041535998
74.755104564
728.203078966
302.162426083
338.323487839
402.441865632
769.807551376
507.392964331
608.7343546
669.538759218
771.776682728
759.438181187
478.310774542
57.2962223098
129.46366443
703.914362525
867.593808854
778.928548662
973.098504207
58.6687999314
659.619557651
677.662512661
477.19164545
209.228313111
969.683512659
493.035107823
831.939232519
33.8965876215
951.198984326
858.576816327
613.352837566
406.046356587
265.5480436
277.776440107
377.313220259
785.593017245
12.9470579519
433.121051421
190.183250478
524.638682708
871.067790832
190.689126859
536.628065604
439.690529954
445.542856338
268.844873095
367.44363631
602.292258749
442.965515995
568.304547765
875.008316825
751.538451517
691.881913707
780.607369389
802.660424621
626.515307145
919.18104354
775.432631786
2.16007386366
178.895488598
252.813396889
578.548371765
749.237140997
931.562953361
483.621756631
376.298695651
722.449266827
574.736498163
348.03336342
880.921203708
57.8680526313
324.335899577
830.509624288
804.085638355
2.07997931679
621.446674906
853.153775055
305.377971221
205.115534736
218.275766718
22.9697922074
646.388559563
283.964280832
82.0772223084
605.07166107
834.316220736
157.506741508
122.063028809
180.77092829
440.088212053
300.682962784
517.685406918
17.2588323793
144.845677924
364.020018098
646.104804061
333.704412969
681.515886193
765.839711989
729.642912394
463.511311674
639.878827783
671.130996077
286.848679416
913.453836888
804.350306208
843.457943026
309.535863871
670.404901798
853.234223973
239.033930012
279.531777528
629.488694137
850.474784026
434.215482015
684.906160374
875.216637174
180.218891522
148.365408005
316.854658865
434.741887474
553.154007972
260.78255845
183.539694394
249.596501814
973.875751912
133.83013084
761.461601036
300.961928729
866.05437286
319.171074287
472.693107472
448.504209965
287.992972946
481.877918727
664.724831511
1.26727103135
709.856988975
292.392448934
729.242680297
123.972863525
208.754209262
782.089383995
990.956158794
198.98032201
513.45113121
145.005150236
718.739774431
342.038781175
918.453989089
716.895188973
285.631042383
325.414696188
709.199594919
871.133830976
50.5178477225
791.835650321
375.764624353
922.762878221
157.588598159
686.319697987
148.772733236
488.439744433
193.623157339
924.029919654
608.019681145
551.8163147
364.160777377
226.180302423
179.340581985
831.612629197
683.701463155
630.144023204
595.499992989
695.404056272
137.968675927
652.284612143
980.681517423
463.972623073
969.293051878
40.0167265482
812.242415098
869.316387489
548.096933523
959.357360325
937.603608556
65.7258726799
203.604524048
974.775263465
902.652469486
153.099887064
300.481089772
311.839895468
332.96117106
456.564868416
487.027191556
989.905099647
304.48961285
339.375676036
891.577582506
322.330367064
0.268043159886
830.179937061
162.237452905
1.74151124795
673.482904341
112.152611082
531.758552211
770.347267053
845.541848097
720.310311427
624.159621574
773.591931093
408.864593756
942.941342043
805.306205502
749.581285342
340.70834942
655.802765317
238.191159625
469.536959827
305.622064662
397.167031754
201.406071126
366.803291431
774.629119234
900.042105751
132.9029702
53.3171163938
709.697875158
335.749275833
468.891158791
636.215494278
145.231938153
541.7625522
59.1849306906
134.853194923
650.610919458
784.080050577
91.2290650422
486.577024198
42.152422943
230.652412542
769.153285913
618.471485435
978.810294321
459.883871901
785.304315017
360.405693585
772.503872074
67.5270263975
681.00344283
884.193161214
290.944758438
121.762640946
38.3589604713
484.032224138
85.1572371364
529.823793768
416.009325043
472.263982793
640.314070209
955.981300545
431.370985668
896.09133954
133.69424338
489.393828102
314.520371305
620.236384325
236.992070615
244.048512441
972.156496323
431.719556773
230.36752748
920.459843397
724.845840366
6.4490006836
746.938585558
673.942828422
815.163909922
999.415019574
350.019964219
11.5779947868
637.801086181
439.418160771
878.409066929
771.651523751
965.638817772
38.0161256826
979.437833098
386.327325027
728.559091948
896.479024634
449.099329187
36.8925014909
796.585579297
437.000371175
228.825874334
751.628780681
221.213334174
926.680997051
155.423742556
258.651850958
760.254786754
999.957553089
512.294690457
172.998620343
463.13252138
818.981408878
119.95825408
461.443442697
605.767393778
109.252926783
787.047513633
897.82364401
609.342851948
659.760828964
129.006929791
742.612409498
954.944208879
435.534687688
470.915726152
397.841262164
878.073229342
770.784423472
330.27378402
626.412659575
70.0646130718
681.379090313
734.439937956
751.792854086
474.247858873
108.423409998
354.277080853
827.14450647
92.633381355
408.04194125
2.09942177075
332.562489359
307.717608092
225.765481922
446.31771597
686.419624551
381.022124173
288.8696214
221.888403577
955.868908682
20.2893212755
738.702776972
146.562238744
279.495698825
977.611752395
406.179499392
137.841677412
975.211504373
651.045045829
269.518680358
568.718580681
376.365927031
127.627159322
814.144428277
444.556629595
659.866337267
297.458174318
631.767749336
517.196173004
85.4545949704
706.002593895
56.2305616326
486.608864138
727.436068819
457.860317822
703.223660962
94.8719871453
650.346412817
823.202368319
15.7272627693
268.053907384
164.119476268
258.108398528
810.535919943
350.98923429
961.229363388
900.887946267
377.789790534
144.437301082
428.831457002
181.283085483
784.352640549
584.743868683
142.832444371
703.80862056
982.447569227
894.851398269
227.879442417
903.801889108
472.247175018
476.013500096
434.404672957
763.741232603
895.318449166
757.538207888
947.049565869
328.71868093
873.006970854
227.38574641
220.63888685
440.320225073
698.13869372
574.334686652
714.032856097
672.86962537
863.805063071
9.09346075414
456.873222981
877.10399718
291.162530742
75.9032902189
70.7003847664
649.686938485
298.395868582
867.768024056
713.164458979
946.448029228
114.166328726
864.426608245
427.484371549
149.676523682
968.243535964
759.198746516
291.600772536
292.023045143
151.199326434
920.26818534
922.638312102
91.6407014337
616.040104608
537.720627582
715.668535728
503.666043449
590.601028813
17.3758866354
436.473685713
979.470643082
23.6591496181
759.919110481
318.767173945
486.46739471
884.62731315
37.1279762774
177.259482938
977.524502011
539.763562678
486.336353869
117.717306469
355.428597966
432.117997214
611.347553804
420.309635446
95.2662319625
774.475554901
626.513519963
754.980626793
293.458723632
781.405337277
619.449378011
486.975087497
550.240601751
771.361627555
62.1474727731
809.838984337
902.904124869
970.332565248
219.91425994
606.110091365
604.986229176
478.678264773
274.655912245
323.000042159
575.941078421
468.653685615
359.787294378
367.240729896
82.2853278412
166.861547851
495.987717596
198.42588551
200.350340923
736.972523264
181.897361647
736.555345829
268.630002387
98.2506172338
265.961566514
123.797012193
472.47443251
958.500948895
982.361185203
218.38010219
519.085850641
674.113516975
102.903703908
823.94975708
723.23444352
76.7787521149
628.869674834
274.417993044
314.333695355
453.95506827
743.672311142
377.181091526
460.900358124
737.212523689
587.200099999
512.206001392
378.428623509
947.233459461
433.495096609
535.933049553
964.714124658
484.91906905
395.841465069
758.878337387
732.799205814
802.292440344
607.643172192
665.361469244
558.150832671
350.936376212
538.21873083
293.311288262
40.6853262632
552.727538009
603.072154887
69.9100321984
895.786584038
540.125571697
714.752576969
631.851028453
227.71769504
480.148075022
524.185154292
600.757891661
872.963122529
632.084332024
289.869037914
529.654145314
996.186124409
604.993034052
459.534972721
510.531711359
598.267465403
755.924025481
968.436883217
92.6423037121
737.912405802
512.670915581
755.209206226
717.489719189
387.536993697
227.357841166
893.617992006
673.4808374
130.482090738
342.539655676
142.665534192
635.540976644
223.938580074
600.151731054
914.273205796
391.253415151
141.885703639
790.531849125
897.140274296
705.000484296
812.534704222
641.129135752
483.677019187
31.1670049386
987.395958544
813.11557092
666.082748696
784.485990384
469.710721216
665.352535431
258.53082804
482.313417643
347.2308188
15.3977936742
439.041475763
989.745189216
933.422197468
858.648396066
239.90183629
6.89316895729
768.571498596
20.921869028
230.99068221
161.434782598
617.44762188
762.859745978
244.856916508
111.945555319
663.552993003
580.143686417
630.84853932
528.568074478
893.941370944
830.239203752
639.024091419
69.6397124703
394.602064577
460.666599159
167.634632764
40.7637062385
93.6915145168
349.64145187
899.448184592
932.793071643
797.818963297
402.048055667
284.332815132
696.044981925
186.594023395
431.485033477
954.452090311
628.037881953
899.315480106
437.969694801
534.766576083
596.326720909
308.10876557
702.41718972
462.251886857
401.596921684
939.358804004
293.220385934
625.633106054
960.402409511
237.691448476
822.031781978
207.733726818
526.289334721
654.821954658
188.604735919
357.713346459
429.184499488
410.591085818
52.1358120337
74.5300161335
872.356672458
328.735335756
633.573951256
986.671949414
398.663408323
219.972047525
535.613994644
740.220077609
425.873773016
121.99224043
853.057404082
55.7769147395
627.219513673
404.603357004
631.142005343
228.687812428
131.723390752
439.81154852
312.371189682
918.95887735
777.153345781
666.698638556
265.313828748
517.671750109
447.475596382
746.739948003
547.21731451
297.964447744
438.70497884
436.889699736
672.656617614
327.606423231
391.505756691
240.085900335
627.125819876
527.801492024
601.712824621
275.263152198
900.342245679
119.035676505
504.262579572
259.338876252
737.423391381
150.888063564
21.7119711983
868.51360514
815.60046457
317.229992243
63.0541136107
738.621563127
327.505961388
335.50510017
456.764158561
623.80044519
103.490798084
376.19107421
792.21905639
759.516382359
289.992832145
963.002013503
643.90134563
933.816719032
84.0099576738
77.1284025197
382.691845444
672.932605932
416.427646543
279.746097366
476.39736017
376.695790675
50.5226953966
423.009458621
41.2457857842
703.809331624
639.57761805
314.400511399
293.256077063
746.177169747
158.71171561
77.999658622
451.695285465
297.291972772
340.934205709
209.495015298
806.797333279
867.004481834
293.116225273
211.812552524
461.482135535
642.029401092
440.849219438
953.807747636
250.32310317
141.955216096
761.034493404
554.293763019
799.491276641
142.742801005
283.454235975
910.403493734
395.711508373
252.968145748
584.552838855
513.178831468
544.495122801
780.365799536
141.656591883
728.559464407
364.088959956
952.759076194
560.25293559
234.380342389
996.505481087
669.1977853
502.308813494
260.495257092
441.30979026
812.651364616
855.599751709
452.22548093
305.934021056
479.38044593
479.286079983
817.428937819
71.8169632723
550.632519722
698.301711112
890.960816106
38.2855182046
896.213326192
766.382358018
556.033352786
908.341705866
890.121813981
514.528759475
912.444837538
205.839163065
585.609033391
952.198581666
268.027119117
522.440443975
293.576139751
51.260856135
878.94845385
841.326326367
466.764563082
610.878261916
397.806101532
496.772596195
308.367269197
74.8258668212
516.085522577
154.671935698
407.768327131
882.799285478
733.154445948
184.907532443
640.721972139
447.082604172
702.212528956
67.0363168229
588.630589063
167.486916175
471.353199913
801.328609059
14.6304623445
238.906643743
798.734248909
513.014666514
982.638558975
589.047319496
866.954687439
196.836092765
537.775050977
758.135572148
734.254440254
795.964323881
732.40012147
489.295399901
469.395887578
100.185914766
623.410762411
865.655897812
258.480772179
799.276056244
857.498563547
574.686760946
405.047230337
603.59784333
963.093137793
660.098807697
176.258300424
16.2352572844
618.16192532
612.276884307
396.987736812
398.068442531
589.219863205
289.705056376
416.137775488
720.939031078
714.183977839
731.167162945
488.027745285
109.89601614
376.719971022
873.300119784
702.16069522
124.796437594
16.0214062641
169.59216287
925.271036013
19.8913496991
