718.706498608
384.61157507
9.7369781155
938.544511147
519.691075861
489.518714439
255.090733537
136.543952513
470.515500106
42.0959607155
884.266312023
618.035673377
800.953992482
455.298211683
970.347922966
725.918583987
201.411931856
95.3874605906
864.805652154
21.4443503577
494.594985352
529.347427875
55.7749721293
645.91583283
889.600740814
727.322482797
19.8412161902
127.945840176
850.784810982
395.623794125
867.163837249
783.65177519
94.846847593
812.162463046
350.364827126
690.231146927
526.730793963
931.577344666
181.863754368
633.343500425
579.215473247
36.7472433267
63.680430799
25.2250019376
43.9555115878
386.876617062
973.140112316
932.567444121
215.161966744
310.157774289
394.927502561
86.3387389084
192.68450552
315.90680407
641.626595529
250.114998211
459.81782925
483.79946002
355.437501787
800.841366091
62.5312202273
865.493247728
640.94017421
187.358770165
95.3933608775
587.970672008
691.427432749
643.120182696
851.241880294
552.979412382
395.389192183
436.997140605
218.865082514
435.008219388
801.668820858
205.33878132
571.856508877
557.819903593
642.966627975
192.689019111
734.397410049
142.804957807
624.515661582
251.560006873
755.092015944
442.785673697
851.752605696
722.077681747
147.630386681
225.917100495
181.602041368
436.92442803
686.952951833
23.2748478617
511.522610317
649.012079256
109.665675901
848.600410627
576.521197309
955.101136199
439.70143441
748.211286117
595.191480907
141.850666482
396.677027762
161.098949549
150.423012004
18.1379316253
108.547427387
901.410485511
402.245267219
889.626548982
336.419529052
770.544842331
651.303235253
166.538416095
25.0845762228
392.306002402
6.79547324288
33.3175409517
806.945649372
995.811164654
656.40511196
184.131865955
869.847243612
588.986499093
79.8406948676
522.000283806
869.911905151
238.200512748
802.126755512
993.759418242
49.2783635422
741.440062854
164.509399045
995.641604948
962.151434362
40.5859317387
513.412141826
874.271767351
954.148623791
854.695182768
172.513031775
515.37858846
63.30503092
166.829315168
770.689090758
627.166741572
254.006164044
735.50293684
501.426609452
831.214473513
747.360245356
659.760350424
762.487068088
333.810590919
653.297787586
695.156882864
8.87272578607
556.873119037
451.404184158
419.892834097
404.162945653
691.426139179
507.505076208
189.304000121
35.7661339409
509.029606619
598.114920216
154.259209925
727.895289241
485.060877414
116.614710818
737.801071156
117.779511659
189.923726798
996.680306712
741.089185672
419.196708861
949.67731007
313.095906768
690.842411721
826.211561354
150.91897132
450.621730598
826.489222224
308.502664884
915.84469969
16.0727417496
7.46856160726
591.666905817
557.294449387
374.186163267
256.048391611
667.994885722
150.382206794
550.057972981
723.756248872
970.510087199
839.243579106
937.773334622
208.633236061
478.130743073
681.217414731
16.8369191125
420.72049855
332.965822302
988.508730111
451.224670258
574.27999232
611.860773541
682.311962639
853.490373636
559.493010582
827.494985389
423.895970762
174.23407964
137.857932798
196.648711182
333.901686245
767.111355636
429.500348168
319.608439016
669.33187258
687.144410233
686.859334652
885.516195685
662.809434477
195.762121089
670.581549989
29.7630464895
584.858351432
978.487167757
841.351076281
535.81594518
41.7748405543
229.263212606
713.31801464
876.895661403
55.1947546457
822.55481956
508.351582175
449.950613379
981.810774027
676.846695297
572.983551232
179.987941633
567.93694245
973.403533454
34.9243775241
2.34724514747
34.2682095945
341.432857805
972.850936925
648.030314438
769.669056584
22.6173119152
235.919049804
702.05049827
845.480301449
318.335704105
343.37626461
447.63855771
246.48249195
663.823663532
189.836407039
382.14299717
880.623314289
317.948232132
133.880103199
114.670483083
312.420765018
575.929100824
495.172202941
478.27973285
524.239155256
438.521700312
485.563033674
889.556145384
725.036381868
732.62872331
151.822959694
786.972336828
949.687841694
312.059317104
802.881610401
485.442628531
491.066433079
255.764223211
69.0755293831
325.703309658
571.196412573
645.257878112
233.700671925
55.8785771735
855.516961058
980.130713953
940.665168207
814.701041176
326.595671132
842.14287967
588.385904877
138.050198827
902.872716985
406.676425896
112.052716677
187.391106472
34.7479648823
117.241555009
381.982860266
356.695593846
656.524330172
260.965669738
540.145242029
514.968468916
33.5720571081
503.367032449
57.6739875254
92.704991547
692.62937734
119.801946416
26.9249711962
771.3030571
315.600109838
152.336635747
53.7862878715
999.334295226
725.275762549
33.210962342
261.973578693
773.322260123
768.909847977
76.7204925699
44.0523982292
602.036108384
79.0673743043
157.171294039
287.094329543
516.787893767
871.962874929
173.056298162
963.191458615
14.2445783195
474.208643737
371.213517899
854.693992838
739.421576044
624.087203206
880.684098699
433.003807228
961.989619904
251.178113689
950.157186847
5.05140379874
243.594122491
89.9929742668
525.383344299
367.294470433
352.226582918
9.98023148588
584.375182589
758.641928168
459.874336113
857.395358396
66.4391440019
293.469354771
799.663187489
844.170157843
452.604182975
971.796558782
102.021110915
935.775193839
763.550646205
139.322537877
867.669625718
394.656721838
35.2346702348
167.419228302
681.475043589
61.2362395924
805.634157732
521.410852096
791.609586571
577.073888877
907.453790856
96.0876799912
840.196901091
620.252118142
206.087727794
993.274613364
190.533367881
628.674471562
404.01636823
205.136766781
488.047678109
13.6441046386
155.116182738
238.16030423
81.0910971553
312.137784132
178.549208541
851.714565073
671.412744462
440.732887804
758.004029015
31.8112893659
931.662684715
949.995677895
537.156255396
308.126113854
967.678565902
81.9664890872
101.968212345
593.371180664
54.0025767816
608.440978833
694.322877005
898.305399469
368.388632263
66.2497137979
778.823274141
212.816256643
574.817119125
812.938159626
457.110970608
745.720441652
366.671659754
713.134475742
526.643822513
107.123178705
52.9917410035
817.595345076
516.798644998
154.261669276
73.4856022062
868.207296102
259.874505742
777.923691619
196.441570353
559.846608008
1000.41650195
697.792105425
989.717581331
84.8789332209
650.212033034
74.6535430947
904.221000836
931.010625357
334.554527547
692.904350977
752.093620531
66.9130985153
505.615807185
864.915643177
945.360582995
691.849834666
933.08661219
681.436840746
961.940111248
243.046634763
342.458215401
561.888218616
993.30149735
432.990272058
368.314262268
199.378836022
857.072780943
182.529416511
296.399938633
753.291721229
776.062611956
412.096990744
620.937939868
144.160927073
985.50728547
360.33526582
664.630605054
288.855178228
193.096362958
877.837470394
181.727184069
661.005846379
578.149176088
622.910897087
196.298252547
236.498048232
557.619389475
759.025597403
86.641955714
416.93457963
856.090916856
942.286942084
939.105413312
556.520569782
231.974251145
872.833621639
721.788058174
901.9607327
239.155050094
163.417190261
743.101767336
360.444524707
480.844627716
360.79087223
357.947077157
672.685329281
711.051006612
638.88895421
791.707295164
669.712691823
530.98123235
318.261764218
923.592046676
297.794170628
694.571839551
911.57470112
715.269944401
485.880746645
61.015474516
271.653538034
779.51045889
526.737258704
813.634456156
150.347940955
678.83161976
999.554501279
867.961042041
367.827299776
750.435377735
450.566095493
673.699753953
129.111603972
84.8498457103
276.714844955
810.006016754
941.594645616
42.1319190093
50.0063589428
483.971294663
488.266152786
187.538910001
361.972589776
734.49327904
995.353185227
157.33704522
904.247838622
24.9550861387
960.422677749
765.165396397
25.668152156
909.827443828
208.703273457
529.407300274
324.717824396
305.564250766
670.637562588
937.243333664
65.7294103244
563.795906614
382.651080255
98.6763935522
478.653011921
763.956700286
178.377358654
881.797164734
185.179412505
788.583449473
372.471072467
43.6389130937
39.7586048689
615.994659314
919.882182566
9.90271664865
70.9608423276
751.595969144
907.498226945
258.890385239
675.45154353
837.256397734
661.129628749
584.446636154
957.69933331
758.03275686
524.017287302
586.564386576
646.501674318
784.854707349
38.7895922656
192.976615962
159.959797329
275.652540858
451.959232912
839.252315128
403.766222641
853.974963017
775.371268178
176.470300351
399.501598997
467.833669911
347.689062422
527.966113256
591.755118278
27.0803034596
915.716026169
569.398966825
995.234990579
983.544475266
551.774564914
755.460659129
99.4883647255
552.824170447
639.274671772
542.770279878
555.269801497
727.135402791
201.575058086
172.997813683
791.464372446
356.74959766
909.864894463
797.978338814
970.25964682
802.468931974
441.832622947
492.138672512
31.9193000316
943.122767243
961.765713749
112.642377368
106.440617509
955.145380055
856.085297259
797.187106091
18.1195142441
596.320778238
222.817706068
303.522951051
849.83633747
40.9291363354
633.905883374
337.414310528
406.015977438
131.679561246
532.72438459
145.032322993
243.818767297
198.077393646
45.9894614448
834.681668944
993.100269399
325.534238031
250.128378745
213.930532459
228.282948813
499.919392782
23.9669181431
754.479388063
226.438335145
761.022991961
79.7019130697
873.702915289
815.091552412
79.891865874
426.931770024
294.423550479
687.737581297
667.368421958
133.671489153
850.872798448
961.740374213
154.51127975
329.371504638
55.820297139
99.2084838686
538.455270438
204.269628878
193.465916075
194.238496024
410.875864203
931.794417357
600.862682935
96.5625922102
480.80431127
265.304667497
703.809435336
564.991393314
194.566675855
972.701429106
158.313105762
748.197975293
573.156964188
236.822855639
317.105372249
989.511669806
106.899728363
732.604940117
838.04483033
720.007161896
36.0088635603
24.2427761356
737.633621292
931.915073204
358.605901942
7.10338608296
819.128456833
43.2843023745
832.391192917
596.725461517
40.9235458453
88.4210531374
738.885735447
233.616850897
469.865727397
808.929800145
760.685344394
305.700993541
481.977451367
120.534934436
782.483737699
245.776943418
786.89939778
858.765560785
194.835520957
835.296887166
410.777784027
177.942135131
245.302351154
435.318698941
448.873065088
727.900709584
768.675157088
614.898799613
197.520304149
299.010138324
720.957435593
267.401530057
75.1248667895
196.44947575
386.540970387
187.068455697
507.873753575
742.751348034
693.931020192
502.609718084
992.560573212
212.434477577
174.263091907
601.280868664
191.57848648
343.489255808
728.878182172
641.346091988
840.393773263
35.5481226114
607.641130997
512.9732973
55.7100669751
476.404118934
392.821847468
973.91792452
324.11825497
0.931603346081
721.36973995
583.165371049
577.641798217
766.49156608
579.243807225
924.084674318
246.852551719
28.3757781445
328.690184306
25.9905320579
191.430969002
692.143844187
787.104982755
683.865911089
169.018080423
847.661991155
533.818841067
414.099500257
235.827440418
576.100816663
651.305457121
138.766375547
41.0628998137
629.239749547
885.347606506
561.584114582
396.515080022
736.958180531
732.498477331
523.171152696
27.1852546895
953.788407842
358.619197415
812.041818482
888.2657953
727.390669926
62.3577930404
516.956369726
786.47772395
465.435018651
658.961609311
853.467852269
988.793716885
215.47148971
950.656351484
53.7488415701
706.011754279
463.721236345
845.686414179
729.104884204
787.57833139
888.142897528
956.837403251
980.67299776
147.876176509
153.194004933
405.804007878
103.409249407
245.039870442
975.443874192
100.636368455
6.89847905828
334.609922101
112.964070224
487.300394386
731.090517698
321.333186749
186.068240807
683.471027726
950.35001074
930.332440622
471.340316908
381.043525166
766.323905572
764.484044087
524.802178619
553.115619239
162.604308539
333.846579409
473.166130101
457.119261974
431.553146913
119.620211821
236.456635099
564.432379935
804.689801148
190.797444927
521.476282136
931.945502933
706.585223111
519.651950334
694.951972048
94.9940154889
748.282532276
536.056753684
470.527573839
835.345508094
569.656116527
437.545871839
682.727782254
981.440195704
832.946796819
317.391717103
134.770983348
395.483129528
38.6815584181
979.627925971
482.905238719
593.425587673
953.164969918
439.614043883
490.12660992
550.040256539
779.984368947
90.8689376625
366.673437751
544.433324669
460.330259465
33.1213275392
255.619522776
902.968291028
485.472712922
492.256957427
886.45031383
419.893656036
571.726555064
542.458568845
77.642499678
129.739056736
269.630522185
542.885604231
752.160506289
317.272792853
274.779627374
502.109739646
516.522543478
767.18241175
475.043343457
208.641915363
777.441449879
742.841602229
347.9260358
907.801503556
119.249167914
641.40929412
19.307747936
661.288342322
676.090027998
959.101351448
736.664378998
441.155709507
463.44303463
219.657131472
338.008615159
342.541960021
481.534675683
531.034379029
195.697348353
170.867803771
360.000532923
70.5682544945
352.989366345
867.176407792
6.32841568577
297.092206961
849.351990087
107.441573499
501.440085373
48.4339688616
810.126032786
972.380659194
624.156106189
842.398404636
676.739867119
575.208795645
512.431969732
34.5991597942
924.298503801
283.037505519
710.796502528
42.9061610382
747.964981171
635.517014193
529.882649333
566.517450659
361.210819953
509.497770006
812.726818322
165.087796612
825.447322755
678.475441816
781.100279421
15.6813949732
727.201144505
989.923544686
976.15597221
185.800456864
853.567151801
681.240794862
128.918432742
670.488689623
766.620001044
957.215649512
786.667505844
603.633287315
521.126337982
13.7493506702
912.927615272
84.0935377093
773.620355841
226.113511709
12.1384646404
739.695758726
310.852138306
178.077412999
873.871437975
886.744580707
622.482377809
931.901818988
1000.71826798
812.429193426
309.788587031
791.313377438
454.288380501
470.021079844
153.000685448
56.7296706441
144.286768001
271.902321309
126.593751981
118.284166726
475.450978424
237.59953474
115.850190297
74.1461324406
358.210344175
413.557598524
968.207583062
