786.503952696
409.57527147
131.677028969
765.546872707
10.0928520871
752.34248288
123.870731695
602.218826041
406.16749713
738.892449361
479.946020396
397.352778081
197.674608282
835.470136809
198.385648341
898.26920883
820.608243921
30.7351989362
272.220620359
894.63464597
868.603710205
242.851872137
49.1474992185
8.44701082006
489.984180487
878.750327001
747.211880149
733.11746174
637.351065403
760.199456577
597.707402146
606.269613995
950.335734302
3.06619825534
486.072283502
829.95888496
621.630968312
609.548052795
776.987297512
507.198606508
945.649407247
957.053371706
157.496984992
153.041270248
252.017248933
912.043523995
374.264784516
370.80198408
967.87840135
279.041058241
392.738525351
240.930505487
521.812073589
325.725396618
977.561018821
418.531645572
449.948462898
824.330790186
787.698708382
919.055881345
140.38966074
320.287366327
925.01232546
253.954382169
155.562465831
356.59754051
181.107630025
221.448644409
508.805792647
370.845833994
101.787114721
373.731076687
96.3045297993
505.27410938
285.160542085
213.686711014
784.089507124
724.678699113
911.771532625
673.423610424
392.402278466
519.455816994
616.520570272
339.683575085
768.090985896
625.744484591
884.372589754
990.025105649
608.403367752
828.38105934
231.975429711
472.085789537
111.062383296
62.0395674254
276.88763029
541.218264891
666.071932586
34.9643928922
415.655095913
575.0001954
587.937860929
125.156828999
914.59007912
359.703960751
895.067814495
860.777563165
418.179583345
555.277601208
973.400070177
702.978569661
496.42547822
767.007749419
87.8478450253
254.91410934
827.413771143
915.582436869
523.37875837
149.224894752
962.751005235
475.249655795
38.870912882
372.331599066
164.072072094
91.5522370452
468.08917395
170.588478242
615.198486747
368.319951497
529.957354412
970.884033914
125.021362249
324.838364616
361.368302166
138.983819842
513.157819535
679.29307777
674.529592271
79.3024050922
675.246426542
362.081648445
52.5677220428
19.9415307873
580.511700682
610.172532672
438.667350956
551.301101978
641.768390915
407.702447153
815.383110548
730.58016955
236.238243937
303.738578797
791.584832436
814.062628085
930.51072187
165.025970028
494.240499674
629.687154329
9.09156665898
608.537413792
919.391692179
340.077827076
688.209437217
234.260653226
134.039047269
333.135880621
831.377965011
285.308199106
243.626251733
946.505376493
628.941821652
142.844249067
162.866363442
294.716395508
868.817889108
508.408220301
990.417958399
314.969867841
231.940448223
378.182218255
807.724112525
370.69499188
664.603721016
956.210466438
891.216851027
751.262701275
926.389915239
923.975893932
726.417962486
533.664376888
380.400318626
412.106640443
200.443269717
139.709765145
18.5122205448
283.877972952
502.633708544
857.323337092
117.395856381
54.9923963571
480.424015272
553.386383344
640.09341137
384.122631554
111.676851169
855.834240208
193.457361332
945.10361921
552.301211885
782.159154592
75.1436821117
383.024574809
863.937828954
373.435605224
75.3682480069
376.243967139
121.933690256
84.6813628587
684.849439433
507.945359865
632.132312381
651.919181918
937.6382221
171.698763879
42.1752396647
890.41867731
505.354798043
184.145352482
983.094574119
899.363234189
302.166998156
142.224590484
226.456532308
218.793963303
603.566869922
894.308460073
365.357467467
706.705989981
697.670110312
30.8044584618
695.514589942
366.039173162
407.217490341
717.668286883
981.426110524
537.001513036
171.98272803
43.6371089667
282.004704454
505.555257562
432.237564021
717.596435855
436.940432644
110.661524058
952.510811248
883.831045005
810.691938274
84.0408644737
569.16172523
347.501313692
879.757123917
149.036543227
901.995532285
790.074466007
557.068670702
872.934751171
989.127093728
817.456338801
6.82834150366
919.021579193
982.863474185
672.909340734
272.675592868
817.150938447
153.099832574
859.168609959
62.449689771
402.00861669
295.789897307
593.596186139
302.934371067
449.207879519
306.367005066
852.776322951
474.002480199
67.8010494291
419.724406558
423.183963398
630.162086172
819.789996432
69.6324439067
652.570623791
275.597772566
260.933615999
655.827271989
589.705486774
747.020520432
661.651695244
951.295624664
793.235797099
533.543099832
285.201389423
563.693368944
996.003443903
818.399741928
139.556073105
91.4488320571
292.63643505
535.903049569
535.270632084
266.304259299
544.09424304
588.436883243
146.064959745
636.716902366
728.137596423
596.0095822
127.721737569
433.179809044
763.13651175
549.417499789
329.50632811
16.8814456888
107.567487804
115.19659561
767.718383621
705.487640361
46.7931370583
947.152368129
853.652237598
786.266319588
32.3613061555
863.033304392
446.451942759
118.489655026
917.764839488
822.068868984
956.32065531
946.299971436
413.490904847
474.109053232
612.173917356
846.284528856
975.346574615
808.20745607
379.81667115
842.034673425
205.384477753
371.740793976
629.13977472
569.730291303
420.839728137
490.421171179
661.650534561
452.956510609
989.629350913
954.867705086
762.524089328
928.158336302
334.431150721
428.505616693
106.715555177
366.670496666
139.409879402
436.057613413
628.799737936
881.676117338
546.125888375
308.253397252
556.023719472
38.5269869518
969.383364155
96.3826766555
788.673285164
581.742498043
294.044815496
30.6270365037
946.545832545
567.491863265
834.092529442
122.240385472
982.459771298
458.320551226
284.579178
620.746655694
747.708969872
963.469806574
925.14666221
689.659084751
137.725794467
899.575830924
689.307485464
761.31248081
418.672417611
227.679570218
977.301868392
244.747566944
313.349608207
706.031518839
599.182739922
89.6463123982
819.499389558
67.3209310228
865.292491903
250.443176372
576.348477287
136.927607991
810.290538272
644.435686613
526.286151143
512.817954077
159.982440505
679.100696657
630.755183208
338.111237531
705.065577125
492.422008656
459.726181319
13.4312633912
972.497464041
159.325564435
287.642347718
789.927397236
26.019681383
86.5823135968
0.0344920973832
393.946306309
944.392150752
157.898610754
299.174209904
311.375144866
388.0604981
1.14524209688
231.727271302
812.704465768
10.6313023904
12.2844960221
838.288126871
801.38439445
587.077128559
184.593592202
168.505387959
635.757515434
687.213360732
562.019392389
526.917333711
60.3344438662
51.4551603295
992.475778187
342.772321679
381.5882791
242.284236522
540.818139943
272.664622362
673.027473427
374.730830049
32.8224141567
979.398085094
485.077872646
305.392814078
695.706040392
346.830812487
252.415615219
600.22666041
78.9063933317
102.201965176
394.306986074
745.451720441
430.375363975
182.197867751
412.159939392
295.921989272
512.125478615
109.572041713
929.17584342
361.027587263
323.461006009
397.388170103
42.1988674135
732.722962327
51.0710869346
106.119836169
48.6698218532
959.604134392
64.7215723825
983.41017089
584.579103146
196.138436257
4.0918887146
449.707820278
672.272798725
286.52269577
515.359319946
752.543433509
986.737395767
78.5318717804
19.2338970793
340.916848884
770.779766768
383.519637028
887.472293425
476.239889454
583.593197377
40.7745821288
96.8432042655
2.89015851171
169.063103191
214.055591082
243.606902515
177.186054121
464.831603733
828.29130022
824.687734279
23.2479221698
218.284822827
397.854054925
174.730510116
670.811104896
66.4883996127
725.372809885
539.123765469
780.031069668
697.505091001
455.080849455
996.009041623
4.28045646809
374.871642603
209.240081021
988.198005075
574.853411772
194.993218132
765.409784917
311.121650425
633.690911108
572.929339533
812.048807338
875.061151786
658.132270755
304.31730163
813.892654905
695.112823601
621.778178135
313.752943272
245.026675985
346.346523701
992.350437347
229.073165921
268.598004834
847.233118363
748.008481108
362.325835408
55.7868831382
87.6451441461
631.860011081
249.46929269
551.361979736
245.878622859
108.0013671
866.303191053
714.98612173
991.636397443
66.8773859787
870.343029703
722.447718579
920.422252429
682.296435489
75.6608245477
553.910189083
24.2836346804
214.253512943
864.691005859
330.632640444
675.735260663
93.1057763515
727.837297757
195.314405214
795.460870824
578.425798388
36.4421178248
480.903522121
172.214223902
420.612293063
904.154028799
522.906634474
276.23485955
258.193235321
942.761856844
842.988459993
135.754087576
642.839938789
682.759391799
62.5135883298
659.647247581
868.497833333
343.767207048
992.785485061
782.919980239
591.134250686
657.708199697
831.286767513
853.104414452
846.071283625
661.462929221
156.651335277
579.551868246
818.930443287
411.765600857
886.828832198
472.672537765
221.257980909
598.21412831
281.703934382
61.1660202086
105.739548429
42.3982115876
129.049840079
172.507205075
0.981693544507
584.56797054
135.539684451
878.623295572
27.8906394408
243.018509458
808.857335054
975.814711928
684.666249665
532.108942782
808.248775552
253.453131947
535.298266374
630.918339942
890.956170275
527.8660147
272.98775343
137.591322184
267.155007136
637.188350763
424.822232795
887.129094472
433.080541924
643.2380812
905.08546613
122.589122499
354.882503811
83.1397975718
803.843763457
673.310129311
727.361204744
141.633202419
332.875041828
968.71526979
98.7835669516
956.53876759
721.060589982
617.597895298
581.207323218
304.212024505
478.774606973
714.348698786
939.036378475
846.644280279
460.160782529
360.314081019
54.3657906105
967.050002332
478.033910798
776.015237077
615.665653957
195.484929629
255.542770224
420.462661359
114.389734364
523.215784462
439.098954071
994.543800816
13.3239352331
11.2748939181
945.366934157
378.754037226
327.186695535
877.285622276
120.013502062
890.036150669
348.308584282
711.799355119
133.923076535
359.017299501
43.0416010105
644.724746172
487.544876969
775.382383245
221.698481032
746.104662031
816.69610807
913.144443339
878.509945984
404.321691845
249.474525612
901.012795521
249.344795862
828.087520609
805.312372869
273.115176128
928.462264581
932.077674114
1000.22982517
219.632626544
657.46464002
184.534524979
157.553926646
620.295205585
69.0019082318
445.577864134
710.659696191
637.666479868
375.443498664
800.475237629
10.1362311043
161.513564956
997.781473331
715.820708967
791.473976059
779.092126817
763.96629096
169.068436138
199.08199861
110.086995504
30.0376654177
184.950706021
758.851331547
288.916544632
42.8880770022
52.2135966858
139.176641848
765.386235076
563.486286895
550.184267332
108.98854487
219.445030389
929.918473171
956.16349076
563.088396807
577.376369571
109.225286433
12.9730200203
279.919667616
409.283438538
991.070005138
822.708213966
365.87348103
96.7096491352
585.710502749
106.543888169
678.403346036
350.417688573
824.255602092
850.610290247
850.174331235
332.371044727
1000.59273759
190.098470971
929.293276116
523.753402375
267.657973367
979.325601387
131.533329616
645.209605389
415.697229424
250.630929506
80.8098224046
606.39070175
324.779785875
250.209714482
688.643344284
806.023404394
788.396803356
800.117107726
916.370688629
793.093694084
495.298043573
745.759864286
335.64614073
198.277741084
809.817790356
509.855492755
572.442294951
154.686407426
67.3272755188
179.55590938
322.184608306
745.526777661
724.811443615
302.551169533
680.839664917
88.0267091511
298.942334074
914.739394449
653.94542537
136.3758256
805.719790276
717.220926072
60.4485787655
435.848078148
912.085731048
259.247614855
472.305247075
470.75739986
748.689278386
392.986478667
654.114366113
695.255155977
611.611058875
296.569415448
914.385070507
994.997829498
602.153505641
174.61014191
236.837547523
978.442130476
56.517149846
937.404079802
739.910778585
514.601371327
606.724631511
340.239808148
66.9100181011
825.546620704
628.379431664
437.08888416
742.359714615
785.588895235
776.92777862
7.47549042822
283.630081809
921.022727365
11.6826284301
455.731368212
861.065668709
219.285278993
813.732161992
745.090170197
954.867057093
128.708765301
840.034505161
223.975937453
974.576913933
71.2164814974
712.968528106
453.468759631
267.187743797
736.199363789
771.914208104
613.120045181
455.098012722
356.850625879
354.322088695
300.929553263
825.835469477
612.285105339
578.114775738
189.703660376
177.352472984
899.642016396
294.095922401
725.865630235
481.603609375
626.158296371
756.506913982
775.94639614
516.997909082
766.315546487
5.45728061722
312.286584315
808.918388302
793.207469823
840.302626581
588.62678464
482.288421757
561.878229559
433.915065967
282.681207921
815.987593431
96.6476778884
189.216846675
600.260762665
12.7420914666
720.289887178
809.42547067
930.383334086
817.878699971
42.0543922489
898.241538441
721.888319269
676.370969723
145.943335102
840.521897453
35.3406207235
740.385229245
618.982484142
647.146354989
253.044557654
83.1182001765
613.779236294
39.4854276258
758.563132127
54.2593856448
273.900487493
92.3909404117
251.902537151
542.482245203
580.927100086
528.840891063
16.8333298381
8.46892481917
833.540024321
159.284124286
969.171966915
348.058066117
201.917672684
281.161937314
461.063170433
125.820364532
883.301082088
503.056003184
596.395482512
256.690644282
706.778524659
544.849383171
118.90446756
918.422172114
815.48336836
837.93392605
601.901044197
660.906037781
323.525924794
904.253633744
977.786045508
836.29383907
472.81047159
129.865858334
871.874381223
378.885394264
419.665956094
349.269298964
493.34766016
505.376844877
944.214125402
669.180092766
70.6915675515
97.7011191022
779.612409596
594.454763573
724.615983331
813.599082025
360.481623335
433.77679109
46.3231451297
737.275537254
948.07051815
498.860544522
62.3878993089
419.320846852
994.152119727
652.820727655
381.93253501
464.877394661
186.399632083
825.657649332
136.647785044
639.989289695
821.847353364
898.74739484
974.46249837
129.973450079
162.473428012
961.239971538
752.184315526
766.266143927
5.62594720639
760.887915535
796.944091312
311.874344871
389.29510021
830.663586124
232.376652098
264.997479804
757.162728764
93.0446010057
713.767193481
407.925964993
800.226631471
185.197743485
810.294032327
248.617465183
603.47906992
943.208529593
976.426582528
572.472040096
391.574538319
414.423149924
