840.097984739
902.969170605
837.779630196
304.920569897
56.1312628593
747.335920961
538.118107654
236.707899891
765.321290563
237.976462551
662.068999721
360.711954272
892.175339534
767.389780131
873.89109222
562.512480218
797.841545631
579.72326942
709.07472151
947.373435688
300.721563302
114.821299442
452.101552663
312.252853119
657.858528341
381.883688859
80.4890653081
543.428527043
793.38159592
803.867421543
408.730328899
362.17156043
690.222778812
769.929056634
181.302063574
123.815118076
615.765699478
292.531314069
973.640564854
809.010797023
415.852593488
231.900447846
511.85939139
97.6672500151
230.721993367
775.683333945
869.658610671
633.141033615
710.305492233
914.618109091
871.973635137
455.698843891
563.725678933
381.183137598
134.20490222
322.566294248
242.562774478
802.985105622
301.592995677
993.37851246
281.119983409
869.623885113
362.150808014
362.925076323
856.59726784
414.624515448
735.780876888
199.720786207
628.737901478
369.643600981
692.04798064
848.554676122
618.998035904
692.773382014
445.370761366
862.150426406
332.818256058
398.67051261
504.001200961
238.395717222
826.53368038
331.290146759
522.523615474
153.320767539
106.990078813
532.580576915
938.699162642
55.8106061755
701.375659186
255.478403908
536.656135311
246.784755876
784.628694939
582.02413599
395.559722829
646.982711104
681.393190405
214.447950683
544.042124072
36.0237999415
835.514794383
493.125868017
290.342545325
976.272102946
273.639084142
656.376344806
347.313074481
366.396478912
936.782293289
16.1491350907
640.593270401
198.79275417
239.3427842
103.021027752
551.838443638
894.599517843
945.852875145
602.052970044
486.592003947
392.83715424
264.228908927
320.785020595
693.284102155
733.270423811
279.045283487
61.9551122783
491.682226611
123.603169053
6.44767406214
529.518676638
187.949093523
181.321929178
794.391998557
361.314963521
12.058254197
547.481584752
83.9306500994
337.488695123
263.476886137
779.36939753
646.903407217
816.724209041
547.015634841
111.349125074
265.93134767
362.900402025
867.449751501
397.678963258
296.765983478
329.456220029
570.276376744
291.349137429
516.027918357
191.879457329
397.837358621
788.30147031
638.358335294
924.998787414
798.079054908
981.587344498
70.8581170877
500.364437827
741.729169197
9.76976519659
214.434898662
897.447579375
991.323527148
548.241504096
112.416329954
313.56386942
486.392712781
428.606723572
307.742892175
449.647130643
432.972671027
594.601100933
109.417590368
580.695176371
88.905001166
921.292194072
394.834566763
937.111331192
326.758195142
131.748728832
728.273155976
784.762915264
16.5713503341
88.0655726275
554.134000902
395.685129365
669.069382082
274.010531939
82.7460277558
875.09110502
225.464074633
137.937718557
280.47843261
127.516177394
580.419798525
334.600785622
382.03037173
444.674512445
778.272876596
849.571917505
644.759068985
700.072363543
638.034873904
616.856239163
593.652236096
590.998466059
700.889692236
981.60913429
732.674304588
500.469490626
711.166055353
288.273172885
484.856449722
149.149425922
97.6081829988
0.385360004548
546.57271815
95.1401107947
908.571363272
676.654324516
718.918426845
304.930624275
421.047026044
25.9071897852
152.707973845
914.280866249
15.7886720454
10.7138376845
496.013087614
401.113742188
706.725187539
796.344256983
398.153435581
137.295335981
832.137248467
869.320071626
481.649608041
656.438174984
928.894207236
43.0044216782
426.000000054
299.319990029
666.964268907
982.719220995
52.5201176713
764.747720775
18.3238573848
243.245801083
438.594955904
547.400694149
826.382154242
811.994967142
699.214521484
901.051823377
881.650388871
345.160972843
968.084063387
880.714386988
769.110903626
498.0920198
318.466972297
486.923926405
899.405043161
303.572283579
16.4659298712
240.11583613
343.086102493
376.689629726
704.725621873
425.604436882
476.319429599
963.01690078
493.290998597
198.791705818
666.103327496
620.443148579
904.024681242
735.464817758
508.756883424
622.783654237
384.316410118
518.19615932
490.270920699
61.0648960654
744.347231969
874.060215629
604.232599497
913.580431222
639.312897655
550.177054552
309.858570392
934.589251553
165.995579359
844.106392838
573.954865866
417.017494883
189.287031907
401.756982721
480.800510668
471.089067627
924.118989655
866.393432512
205.170984805
443.183979262
710.728249828
641.985667222
169.619734571
310.517061672
483.682247408
649.304086983
551.570399626
736.079356783
15.9598704941
647.865786235
35.2577999753
378.495558874
441.639004109
490.852761905
325.140622723
680.40558534
753.892562171
448.906033222
899.908717456
623.085352137
406.60850873
520.754292447
263.814731663
312.829076335
93.1131633243
427.747998356
831.980351217
292.648361212
134.670077544
910.532828931
981.13656736
686.418280647
696.353766685
867.757942245
87.1381216931
287.531102042
125.618511725
591.291899852
715.880102748
117.61386776
343.726247106
864.987671862
875.544414132
889.723749222
910.235558313
291.214766477
166.881279549
166.704105537
85.3238954916
244.002928194
167.725147684
79.3279444599
818.943910897
726.142334211
915.405559935
749.362375418
730.784133412
583.839663691
736.803160278
517.048874508
132.199146086
741.437780197
217.866321153
150.496408873
868.415384922
314.075982926
169.972412998
998.711867349
3.60271126842
238.987957615
53.8208279438
665.377313408
379.604868288
997.008214826
620.908547751
254.774018425
847.929308911
889.63903889
66.7042663049
464.339123428
670.770124917
996.847771862
374.619135022
119.170553448
870.8062339
297.790610956
981.92464442
620.146397468
700.193974644
230.714594682
486.293870215
189.712012636
150.481130719
6.88590610502
903.801085641
151.434842244
968.97585528
431.339123285
510.535052007
83.2118042579
618.414836431
351.665211855
744.645231813
151.976266808
488.953998873
803.496747319
950.220848083
445.371040925
453.426257544
768.832676518
808.371279059
449.917475326
185.388594626
475.593193723
615.26273041
527.776546529
103.581913776
34.6067066727
812.225509445
645.122740729
382.020276837
828.241984009
956.632043815
914.983889084
419.026829464
487.416796545
716.313754979
616.121943627
806.048307165
802.199131908
641.257471562
817.302424441
946.706242231
734.612086712
619.729718928
578.96562828
315.039807461
935.36161469
526.616942077
595.791280907
317.61327983
791.803079304
140.436226886
864.327444225
941.397154665
600.254226337
299.96861332
167.120329219
305.795743963
942.386665421
431.54757228
471.442180347
809.276325269
380.904855314
198.839417872
147.577445561
816.975576922
528.955876597
235.496346514
818.749586553
51.9773955812
198.56779608
970.607610931
441.375512334
271.204563652
16.8943382062
395.654520238
3.28345195809
429.69766554
420.797409758
381.723545507
749.903586757
788.351625285
968.300399493
45.1127681772
1.69988085417
212.096617795
6.58610413811
186.841260901
355.856239354
175.367576849
131.70410403
438.569971926
990.655306741
750.053876705
157.617729457
562.112233047
598.482980302
710.147202929
118.573814669
419.023688925
672.129153676
521.377300307
287.567653883
417.784354269
360.065647564
593.526447269
712.639516261
413.635939108
201.196756371
461.511265647
347.866660564
858.496257161
296.551158502
175.524657967
150.171775328
16.2832474324
203.435996473
136.300527085
394.733913716
964.001134307
987.747107594
78.7330309396
467.487860281
180.441153022
582.577318792
604.212430571
409.866569491
96.6221838964
619.36816146
960.514987836
315.344628281
354.443491585
157.479036441
515.435378413
659.236730266
961.278981012
997.960476122
531.251547145
153.456033596
382.498870374
519.163575221
870.48557228
687.269198952
264.38414352
499.269499048
732.339342892
403.989100837
286.245023151
740.358846809
242.044428312
495.755134129
767.683562995
698.658315095
179.362598152
629.733260692
321.003028726
705.15016191
848.67464818
97.1698119861
540.295818374
191.607673134
477.121776098
383.048363171
126.32396029
550.479525716
751.415724528
800.841118748
250.118270205
848.119179804
847.804458298
921.104281768
707.850973829
214.825580475
265.039615723
829.590561781
525.08561048
626.828411002
614.339724112
688.572119122
410.575361937
260.175318915
170.205074394
409.625041915
222.672860063
247.51123695
273.101275454
822.412553416
524.768659993
21.2415565729
557.813457144
447.878489816
981.584202304
60.7639273947
329.022775409
795.444145722
420.431906846
428.827713379
593.373343625
733.010091047
228.06373849
543.444953531
235.478614869
212.177369297
663.56637681
539.54609456
455.134129801
414.991280538
632.011327823
171.999408158
347.39086813
65.1760355424
188.234714675
439.988560657
344.723173334
626.070409345
559.272643131
248.516863459
68.8416739879
653.82417524
586.387051512
289.514839693
64.1385331219
698.091061947
495.106518073
721.0986262
643.229423381
680.213613087
940.567207912
20.0307584325
715.93578329
832.080414513
962.948378661
360.559603069
423.409057242
726.067813193
591.064415082
385.208401093
194.507122552
798.944415882
154.901858718
387.977789368
372.69551133
695.448909651
75.1629348619
844.45512704
174.71997754
331.195972032
219.610350223
568.175718521
9.03943365528
623.603325823
854.421367974
328.942436354
824.657073962
362.358131003
983.463801598
95.6245811129
598.773867181
215.848501778
8.15639621842
249.433721168
972.209929571
467.923500599
124.974914364
999.403645888
150.765638132
566.96561424
188.253478916
74.8458140258
377.9720277
725.77438072
243.332675318
395.434686749
95.9981366485
676.438133931
809.443721649
381.176317411
664.238789071
99.7204057601
126.559869872
244.122899044
517.401444799
674.45542575
467.643728803
178.272463055
280.225363179
827.017337445
913.843018427
385.684600862
751.656462137
584.084865614
237.475160069
198.914366275
11.4520351826
206.999715601
55.7128697904
317.46564963
460.89515366
146.526812089
248.630987015
289.531340762
903.263321622
729.48966176
616.649925434
656.2130615
44.9348672372
674.146723293
268.037508279
491.015621034
515.295006498
324.681064392
448.692833954
124.046222097
375.896861677
269.778766486
276.315995843
184.17049597
288.269168398
765.870773454
846.76879372
772.590980512
925.583768127
337.595962139
410.255160893
862.210364544
868.619325814
531.563219085
65.2487636164
737.130605291
40.9075967903
848.895266117
689.254757989
315.179948499
711.197642551
930.127447561
489.532835379
242.579169262
27.5423588325
191.96168151
352.944010106
386.719755777
681.651536388
990.780293204
557.387093015
141.187706023
241.064432799
283.080219488
16.4815214693
550.179486207
540.075403665
154.114832118
428.659792796
413.739193819
216.632521942
663.474993414
472.051970754
158.61008912
710.386911804
302.068701216
735.223801509
192.492760775
473.488262981
13.0514063637
926.134241177
698.597019394
433.593922543
775.517109078
276.843158454
486.710854841
461.329915956
663.96134037
946.258386934
49.3746033143
250.987644368
67.1412183375
485.346712278
297.832152302
855.776411802
880.942371593
353.698310457
486.512825723
914.66236648
457.366380365
926.107688994
215.02153844
992.71215142
829.169329975
126.725276309
220.277180192
652.738186939
615.922964274
906.148384179
973.917641042
796.414549825
660.888978208
600.031347451
683.737440991
885.964231381
145.953322033
842.90185984
684.737130283
71.8618924762
656.101813367
299.67268953
477.165206083
203.423835918
612.183481262
394.218479967
846.982019022
500.052120126
319.784087925
198.272785342
229.290790167
597.122851333
126.30130728
687.602894331
922.541813285
911.37273065
967.447413109
104.422232185
455.052894269
795.530834257
194.314689598
524.345773969
774.692407711
141.74226286
147.70063816
858.666184008
42.5809653438
561.155464923
649.988204576
944.528022177
520.555333337
522.337304421
481.680357954
763.398554407
465.143978526
126.008388854
125.966859236
786.761911589
930.406106304
247.239142058
934.183561884
85.8289292547
123.66751669
736.579982734
577.286088413
408.512664868
814.055495588
248.084695971
892.417866926
796.804027473
936.61952338
444.697656608
480.451847548
841.559758383
104.902865626
464.19757041
463.730804784
127.085571922
822.163254498
289.897889485
736.874447889
948.821024585
395.094487278
536.833451534
736.529741145
358.362246085
683.406108237
345.707768036
977.888872451
407.038705802
715.406289478
755.498900349
73.6394734569
354.048446547
180.961178017
840.906934114
452.419795604
258.664815623
231.694374734
739.266371575
930.065973362
988.258204984
780.652268584
727.181080984
619.773334756
870.306798563
478.172268051
359.405674174
581.409365782
69.9605433338
63.774982846
106.937983087
231.06253444
390.941346041
169.705564443
261.839393557
991.764871892
82.572415211
222.166123679
628.510480128
718.60482238
737.733464317
190.216529217
811.699164336
320.542504727
353.406802116
387.271765091
271.385179741
702.065136844
518.818902774
862.679327656
134.514035313
456.177721456
364.753684713
391.132717916
820.710509268
89.5742777881
711.659748971
97.469443279
987.047206263
708.88323813
383.851827442
36.5393186106
288.315640052
417.55437276
165.542023323
650.002625799
403.336507631
693.507316843
878.560348889
934.568454947
433.013211304
457.447431802
755.695268769
480.508320658
613.473863044
503.069434013
612.088376909
682.19978242
547.748803071
304.480642947
712.05393656
365.765795088
252.397031314
785.550886528
757.242751093
850.361162598
635.44879486
475.45709669
905.987514812
406.998527736
399.092895208
677.220619418
333.271389186
347.881303069
493.772294853
935.483705187
404.113873187
951.062269836
362.19416577
980.474838224
452.819647322
956.295380145
483.075051497
216.453438162
582.76513557
702.145727203
479.216817534
43.8867041219
863.889646356
153.770769983
401.645245636
351.651315551
925.293589844
564.833493285
112.180252252
85.0873581897
697.212300501
451.665056105
909.475052457
357.893149216
141.924603855
82.6964101685
858.527540144
536.426555026
493.001096939
732.361101934
820.438687521
509.169314867
177.338297652
649.773152379
595.096201714
988.941796459
969.781721152
844.609164208
169.755171059
915.092909967
518.324562757
639.177603344
