586.387126279
372.143010328
325.90270904
969.179301099
481.911036639
875.076707959
109.442377654
192.318763429
520.140143181
419.869581665
77.5363669161
476.930903892
459.232903857
447.017954291
12.4816895527
755.277217432
346.315709698
965.12685752
614.521730175
936.274020471
14.2595021607
843.789504854
410.606517987
840.769538204
103.968592893
744.787415285
939.565617241
881.403053558
301.102212093
572.470693399
819.534914033
457.309430808
861.065094433
409.756285841
3.351933878
947.302157884
993.990338501
367.255180852
506.942157687
919.22512616
884.818424171
424.192469224
560.830206778
295.097844257
967.224852904
19.6125026867
77.7068377188
427.813519361
616.983798296
417.058838492
93.8814337236
716.865176203
788.908774714
551.665714756
891.706454241
714.257856353
176.351733918
411.643844477
461.713897697
956.017395058
388.984790085
390.403236191
312.137481645
97.6595537257
487.429261605
352.457441519
586.924419214
968.534228493
514.533028243
111.875945257
248.619577486
931.111778588
644.393117909
579.684530424
224.88626296
212.833745572
105.690149954
986.475058489
897.144150069
762.003062025
227.289740257
594.660163816
133.491577762
876.123465285
905.090210242
182.703508798
651.780128312
406.39050825
786.756428144
543.987359604
589.766153283
286.821637721
457.39291525
97.048634994
13.4942955636
340.022113153
436.975765808
442.600784453
849.644331407
233.28154275
820.607857361
228.05899727
254.24361085
184.480569914
662.015205449
6.51760386732
447.433396546
978.662625827
803.766986097
249.997178739
676.145607187
812.240522819
352.675970586
258.520638232
421.233921037
722.166339511
643.498245088
588.911855921
149.979859699
793.494720046
532.309505092
289.266053384
157.621263217
554.569195793
84.4566995399
589.30024986
242.944927358
58.1837981961
246.308872728
597.363082468
204.780338282
709.921747538
356.903099172
986.885595938
190.82474204
199.361333095
848.638419088
933.104029462
40.5225674042
468.554741295
687.656174804
851.830230149
247.636848801
145.686471605
199.050150468
206.591813909
207.344568033
780.749770654
301.053624958
241.083625057
686.010847042
832.96238917
517.931570349
733.507232838
508.675225976
627.567334648
952.923403686
608.736039032
469.508281637
8.359237412
863.255972419
505.919794258
95.5762766877
830.486609192
22.6948235351
213.482505409
152.858224563
815.023642801
996.865428972
875.150400489
660.309797387
571.663168294
819.842839301
144.579887427
669.382745547
331.62529015
670.525215565
807.568788762
203.225691614
493.765868432
694.132128839
684.600764988
965.433731618
692.887327526
629.79838192
492.588797521
928.323166582
36.6053047054
282.816652066
814.259397209
129.196555776
659.729106339
995.646055527
120.099915649
811.99306381
352.292371684
958.339668881
918.130747219
323.794669501
419.12804189
267.421064755
703.469843244
525.579710019
102.73561013
570.919306044
656.675549286
409.899234895
689.304674024
959.7346211
790.533442259
112.817701179
831.672114129
343.383610083
822.302602438
52.6377690815
739.695393178
576.695558199
251.978356235
263.22995131
710.245098505
967.766983998
552.544545424
687.105659859
92.9076395294
262.289931961
467.527697112
226.876742906
85.4222747172
173.032708263
368.431625773
762.88617462
661.525903228
98.4021708996
359.775282881
79.6990532333
458.787033375
571.51847836
689.997354595
403.230621367
428.776526536
980.460412486
965.992978157
626.787797228
101.3202731
643.789890892
833.804860017
114.068230262
995.547614272
532.005278901
112.315629173
88.0326489503
533.597888324
286.411503425
421.600362274
608.172387568
184.404831672
365.146776025
160.361458821
137.97690454
522.800574514
883.080872384
867.220779099
458.961790113
750.076772347
285.604375139
375.993051531
426.297095742
411.114052101
131.548732863
284.541332553
902.595398287
208.709373669
999.960422231
35.5932509287
820.19287521
130.309759626
294.553698024
882.984783167
257.870317743
1000.79057012
799.316227804
45.238990752
134.210311497
15.8403711213
241.112385731
266.701779754
796.283376878
649.396584117
621.485320171
582.635005169
356.63425444
702.884589996
524.021407327
850.133212251
7.41893580806
398.824996939
525.102111615
605.332957037
755.682156383
731.681258201
618.645061402
211.72902512
353.988778738
251.70662463
283.323984942
144.202697982
655.590795735
342.099702114
563.507024807
321.887003956
315.959776953
388.830518772
587.578671188
494.242888129
890.907228248
158.911556255
735.999670572
849.682668561
571.61598724
868.78767347
392.958649878
641.280364147
883.114166621
516.088295923
218.56203549
518.519201063
468.113760164
380.201029659
75.6331473172
609.449494534
667.075723718
244.511174641
459.405704626
965.335907892
71.0128751244
883.531235408
336.613923824
524.061557177
962.759923265
880.830061023
718.740340818
193.072557118
716.785973543
663.510223021
964.915432303
640.227201715
270.422715557
844.181401375
33.6562750066
14.6719876522
841.336341982
350.027118277
142.806681458
332.13357941
190.182568475
380.354289948
405.195728926
423.880691364
147.371124973
795.45173658
118.372078
216.511407574
507.64083159
782.843835932
550.286300181
522.029277801
838.506432129
1000.66670719
490.666289771
762.265353369
344.528189087
831.691055309
791.618697164
722.106448256
501.244988408
541.672213633
638.15367893
385.637996801
534.185757721
940.005489292
967.542664414
887.304676892
533.67779696
97.2503594094
962.991551477
433.852956043
636.628668339
277.320877362
492.102758779
315.654585208
702.531400445
396.636892821
80.7145567838
478.506755085
23.5454618541
629.299584895
870.831913449
314.37786842
656.172041305
71.1906907845
199.633567411
675.823639508
564.995740536
942.541264506
71.4495426975
563.88177025
859.96586904
202.421685361
752.909280121
698.480076713
920.722533424
823.453408782
16.7803279813
23.6389456362
800.704167523
563.097725684
939.122814688
179.913833345
873.58541778
492.698625097
728.096415368
944.943341659
890.005258351
824.527113256
49.342470153
840.009627048
51.9721904813
777.700001074
696.197265716
532.243838252
883.832492475
617.634615632
732.993124064
357.364515541
685.183477656
383.767522519
39.7274407754
128.966610639
123.397713109
601.79720611
20.8744953973
982.776802315
593.106516533
225.143748647
67.9505053118
969.303351995
958.772014817
687.491345849
982.778039916
208.911762923
747.070043764
450.127869301
839.451979293
22.6217368734
905.241574891
843.524304394
717.426022646
503.717295392
107.972436045
561.510740101
76.6061209229
859.9196988
211.756962744
993.967286162
235.050002909
347.7893675
969.765508837
576.848245913
595.916296381
903.314058166
260.48046665
828.957608777
828.14645085
188.127873523
635.636478318
209.778356947
76.6425584855
51.681993338
876.605969146
145.950123728
794.608647885
579.828120443
409.349194348
299.914526044
379.988790802
80.9477339542
399.491233332
695.725282469
720.412363068
180.379574894
798.249675811
881.856205315
987.748763745
406.249963656
347.163070067
578.547217258
124.603868639
130.132195319
634.409365542
938.411397794
32.6749530688
679.825618972
100.642469474
35.6086401821
936.808132298
604.14176058
887.395551235
699.735735023
240.473167541
91.7534582332
245.307069528
338.988594486
929.394887518
746.719871331
223.820709024
791.5067415
92.8453531013
656.107823781
874.312512078
421.790170238
908.414799555
542.804335277
803.529967298
713.068125014
494.268991757
845.53045201
50.0510060858
378.840368153
20.7695508261
248.15211505
56.2732132206
512.924493188
643.070406219
902.303616077
657.641839951
511.034936119
432.237709888
871.164283919
642.676963593
297.591858843
651.62881483
159.727667607
291.253508315
904.758039079
873.500757571
302.167554467
187.611931023
129.950623873
366.188760195
938.801085285
772.607182659
637.638662947
136.34747871
717.522199025
872.190326393
528.701235958
314.052129731
228.768144321
993.424318561
122.621539745
384.969707155
425.446684317
764.414611985
109.239333758
414.388937496
408.007392981
515.641374612
886.380758872
289.764313859
407.49232475
582.458762917
584.351370549
437.485322162
878.234624934
255.898197934
315.702513238
64.476884995
822.802313656
536.909216355
905.560926543
281.116327445
525.470348772
522.083371207
566.323737226
706.984762253
641.55202601
612.777228764
122.282786845
370.40917498
874.029465004
91.4813907595
77.4577529108
471.666609518
900.21398678
8.7554288003
669.463699771
133.585041118
934.267393492
662.382990097
584.636514667
920.268343079
321.803189314
356.774015621
645.449795691
41.7051637026
319.275100136
196.812317781
725.725028231
389.584668987
31.2820120094
857.377020796
165.719793014
204.425081233
783.360750102
655.317159606
680.907951688
153.078766945
972.084569017
570.481455536
965.978044425
250.186213261
278.44482204
156.863741349
228.150933359
980.457446963
299.872170455
192.243539782
502.340896682
204.914402235
143.086608738
470.7271875
944.826198085
626.619729212
621.274011753
826.469417359
918.476198689
334.138927831
157.358054704
490.931185995
795.185684603
143.143959915
898.145313218
837.617887384
131.097903408
997.116216245
558.128273539
989.382997213
602.483571722
740.485967066
269.483972784
630.713003301
334.412392228
891.98604929
816.501924395
421.896211741
367.467172219
627.052510631
233.590245272
989.865488498
551.975632148
753.147716319
624.582462525
187.404528945
273.249881202
547.337723333
358.479112844
211.958902711
556.684209546
944.503455183
468.458108431
45.0410883667
986.129642641
919.556653718
546.143900405
925.799419695
181.768903131
905.32459355
73.8601608692
967.500228045
945.256345505
758.835240635
608.599811462
416.819923487
823.615842517
271.509655399
243.26958859
319.810947495
964.831743405
506.354856439
647.679970536
19.3789353465
433.026152164
306.876269731
592.588407563
158.559298469
719.152827462
803.933180346
512.241264397
380.162560424
650.124610977
117.23641776
849.712257518
126.617195878
597.694391382
463.950275295
923.975979689
477.787352165
193.945035827
503.747161564
161.86300259
107.230575768
832.488896429
258.034454093
579.818285422
476.950796818
974.185721727
964.232122364
135.788722029
65.5696210293
708.477995897
438.856675113
696.262668573
408.972733691
986.119203634
744.960195967
373.663836777
486.847806675
707.727364417
284.708492056
924.940131506
910.105292867
943.815415869
383.303539977
938.527945902
416.512182984
89.1908606051
289.99684365
770.11443122
218.227332867
148.150908635
390.76514159
292.928028655
694.025302075
137.334206757
491.081412739
657.022082123
215.087853143
95.7848639454
97.2448381281
429.309281541
263.219052078
205.423797764
403.464291275
610.441677788
393.773324273
829.953875362
38.8244901404
599.048913689
708.493676349
651.351194472
783.245117619
397.035221243
648.70148268
184.237121353
831.662685658
451.835432653
879.271541065
647.47963507
963.172952506
90.7419300841
727.085663911
257.340162627
385.290672531
281.589269011
558.176412136
159.426891726
692.663980972
112.54680331
123.138511101
371.371359691
384.86285964
981.241719412
510.135073442
65.4807572413
31.2198828562
945.494722828
435.910535451
861.748880518
648.821600953
581.793959451
148.900977429
259.942832292
26.1428537316
534.609027705
640.483024666
313.925661819
533.93870877
650.289106156
833.160641417
712.808468846
275.481176312
811.784620679
536.616870716
126.646579564
813.675395859
368.483555785
657.38324566
562.217593663
122.775706685
886.076990059
556.336907649
42.3552804005
153.783505701
194.031401518
838.310736358
402.069477521
469.31945366
125.03968692
837.505460484
279.767323308
1000.92759297
220.17917751
486.019924444
601.485406992
716.599100517
900.685822666
704.559376681
22.0296272452
221.91773775
350.473061831
0.0114602133379
25.9235712253
799.047580057
141.108636144
632.151300821
12.7787721927
914.054274225
829.719940442
215.579119572
134.524332756
553.609469612
30.7540601194
465.988551058
541.130215232
10.4370089219
462.300841181
154.600259149
799.017981366
602.603239058
850.087501188
251.378221109
842.034787713
153.985486452
529.491332904
868.950036254
476.005831804
203.74108377
311.071146138
458.950145811
640.789743112
631.202065151
35.489140667
828.603027218
243.178808431
663.874748995
532.100317274
782.85833678
586.173731881
652.377033006
885.521825613
70.8540417203
993.348550395
251.450899009
710.153378354
629.567200413
411.132702287
304.557218998
606.976650135
203.620465842
205.153227029
517.800616807
143.919780186
992.464847367
955.564225984
193.576337667
684.53885976
443.996455489
408.76330397
316.181942148
336.40409146
594.465959808
945.682255342
814.193675066
34.7001129154
270.619448008
291.817143013
510.876770888
885.649730799
717.47509952
918.132980159
490.558567221
440.687035002
442.688170642
10.3829232153
227.580916943
691.883638677
741.058341921
803.024006249
465.747052938
995.13153168
804.110858476
608.929403444
440.120874584
357.083948216
589.380531332
192.976619871
164.016221633
268.682062191
57.4180322952
737.905293928
355.61383946
568.36193248
913.658847558
982.745901077
353.912616626
946.233515089
493.079774162
816.454901894
684.061117079
795.315245627
195.544985763
183.766236248
177.634225183
169.002426957
161.154486428
806.490665405
519.099336292
724.314783593
333.593389921
108.503001543
600.461599125
195.579922121
949.44651705
578.440579751
896.139593205
870.680032171
502.279577289
322.610700699
249.282400141
843.470208424
536.189154988
89.8325204049
833.260028715
964.853536003
607.418890124
157.062543361
659.767633031
772.183975553
65.0011689633
268.411420447
886.697445716
985.254491197
842.634403542
351.856466773
335.392567889
385.530820096
6.77884247618
584.461748733
19.1803412401
387.394169122
603.679411483
1.52398812836
649.370824736
461.128216838
347.840206443
820.959693098
720.545805207
998.486326653
767.66127695
98.4762277976
377.325501745
770.983761914
402.957479094
907.653636086
772.638300973
383.469047955
762.756631948
535.345394298
774.42603693
103.048962267
547.569766894
134.562103033
538.94756597
147.874549429
228.334489463
57.3954812794
426.494177341
562.983919815
873.453653584
119.481224818
