624.046190567
994.673760298
71.7854863155
280.703152926
849.112297954
406.350534431
669.983484315
62.9316706207
438.526153743
796.081950502
526.025616722
361.288005431
791.049889029
655.85145441
775.168832947
214.689696015
508.933961139
677.025548186
896.206344574
663.060721727
809.56618416
148.155023216
129.103794874
158.330432513
28.9058683873
655.660985369
402.739399935
751.402717234
714.027227383
119.148782096
58.2816773158
770.812286926
741.181882145
854.147229983
302.995318916
688.883993101
765.385364716
407.073120083
595.160948797
203.93912367
318.157638884
25.2248616611
72.1182675845
347.411974692
170.718888924
654.653319618
987.549849422
167.733860367
559.444082675
908.188733254
75.3724110048
782.841963662
679.527635346
285.448542433
993.131851823
280.870090639
634.724023101
807.943416226
734.964184054
859.372074133
646.413725452
703.339292009
734.831891891
427.470853112
890.346311656
254.786155121
214.37892769
177.760500915
904.53521399
768.208635713
199.237940216
669.659390899
137.986687414
425.202655832
204.619911747
452.125781308
259.348961391
823.855135355
18.6395436151
656.940281482
874.87604924
256.144990695
353.075180116
77.8370992961
725.107479229
117.874542936
208.37704337
324.903372538
99.9705098509
948.164203853
955.834837821
306.570418348
649.547823322
923.398514165
251.002812655
292.184995863
351.231799654
29.9930718648
82.617601179
160.196708271
681.858571993
465.397778563
946.758127266
586.995254179
995.709514089
808.828970591
450.765772093
605.941503865
562.713577213
19.073453667
905.805169715
205.799548816
700.708584585
478.58593574
691.405243122
94.6420273842
300.409373343
833.853467529
194.600053341
305.145113243
441.451370078
999.168147965
57.0810560524
825.191156758
224.96105815
346.7465897
939.482382824
748.289073709
441.482248728
945.984841532
353.803499936
922.432712903
362.663927474
393.773341149
543.901354197
36.7998195915
602.257311094
790.765933875
753.62663192
115.607344543
323.532199089
297.236773993
488.964873343
374.782608609
977.830343643
273.321737196
789.818743371
108.890441677
743.36925493
965.468778768
714.351479703
47.707957784
199.03343257
576.89048874
627.644926542
977.944679627
584.7344159
780.368499482
77.8379885541
693.808926827
137.604173939
606.252848079
125.479922984
780.894209372
446.509131275
513.414431472
960.796555419
842.834826616
840.27569315
44.6062170002
845.592050506
212.587245036
539.469909391
100.559495417
615.26087771
631.668225156
629.740533256
348.337274649
968.517780928
399.850966586
303.036384858
754.457601825
146.003643321
924.565515977
54.0887429057
322.447738506
381.915581016
580.230157295
338.501099912
985.740900964
117.534689469
234.71688726
504.759011611
479.126727126
995.948236747
258.718134478
665.430195076
994.610237293
555.235228979
254.049244002
458.619063587
477.288837313
649.198223561
23.9358790207
101.665824904
539.229679591
911.803091254
424.387844318
178.178228356
108.810838609
378.536844963
600.785403307
334.645119898
823.959426313
26.092620158
233.818232227
939.995039761
119.35166554
991.840657404
635.196647161
144.313567816
918.243778154
177.802126325
10.976150117
657.455780057
84.1298776054
173.492540644
322.685238727
881.320146778
168.123334505
34.2201348817
720.342403076
451.369947803
584.945753667
917.768714611
330.451950452
843.821483321
767.149532226
402.525133639
96.2160468694
562.643970283
462.072607207
862.605436647
178.740270661
699.23330884
671.110538006
581.217830045
554.168705631
116.963058679
815.658178006
608.137864401
373.341241448
463.471465802
832.432998097
784.884416183
515.707123763
712.062651147
757.214264118
368.847507666
986.855372484
456.915682135
391.533549226
955.45690158
361.731869029
970.025283826
857.926346757
699.519085439
999.968058817
644.587317876
565.909492718
494.185001726
278.97998908
303.911236352
545.822446309
905.270422937
565.696289755
195.386753767
676.218254146
659.786416319
172.160071974
987.747878887
685.28865775
95.9771590546
917.669131467
711.362744993
5.14324896611
586.266070459
895.050264869
38.8146615751
900.191106833
380.14441023
242.549584068
685.345796648
687.657822828
486.073887864
595.365449174
749.421061963
536.697580037
773.900913587
674.149216486
328.498054488
992.635541811
341.339935395
870.670642058
307.318094704
584.348340511
730.12453148
24.0852661138
661.436360061
388.308562971
846.978023671
925.286688744
227.998331319
195.976462051
640.277738306
186.565491293
939.262170062
947.8365364
521.197493796
290.445980762
501.110199244
867.626339383
152.840798546
468.321320274
818.111694788
399.333976603
808.341296203
949.906405999
223.667515327
568.423026743
348.53114715
183.387642065
116.622986758
31.0977092365
759.796052671
479.496762082
379.295161987
807.099857319
272.094657543
642.346889914
856.609012705
232.136234851
847.506834018
389.341004633
297.304865399
607.217926199
128.359277463
573.358304643
762.255096945
242.253730392
96.9009548324
349.038582595
767.675512414
218.391174702
481.9146732
208.051464772
772.159952868
394.014802058
184.414363972
233.048190292
773.009433559
873.154299569
583.535304671
281.904092465
821.876615992
358.669104504
862.555019775
326.635659458
834.821840796
38.7409897922
213.807939605
811.572607116
165.696160804
134.018533724
187.924149848
394.415508658
282.090532812
732.655715843
147.304036731
459.54060261
64.8173793974
592.87790118
424.225159537
347.561634341
353.271499804
553.54905957
315.486219496
904.378136411
929.323185741
887.724588784
49.890120789
672.070809684
526.239426122
905.050045627
741.838049456
304.343078333
69.6424995289
426.160711836
705.89500933
391.91146337
217.533955476
334.975824819
688.132159946
824.886002055
888.875189519
637.706943664
576.200606351
839.502867869
258.017465689
162.282653136
811.425918073
385.62479232
295.029278855
297.045648448
488.80688165
490.301037786
964.16926218
644.585219807
918.819719165
561.480881616
712.656697965
934.249959053
342.371961338
710.793173988
200.489205204
970.047348464
709.911088951
739.077313617
500.096059218
440.20669164
151.723441831
526.503612719
543.702197492
792.153516208
245.535352534
263.627900305
665.182846429
775.32687347
324.098498263
399.065645404
864.816116083
698.232102075
28.6564525716
449.158744256
791.430991976
177.798059309
165.452884876
558.91473299
639.575896304
136.606176022
691.241653378
784.689929538
50.1640835385
81.8408591573
795.573515984
82.7341866947
510.178170395
569.322316916
294.54376152
636.068386175
49.6195103364
334.72386928
329.106458777
17.6151888496
290.389672005
89.7955160005
744.839686461
12.1584618118
999.430081661
416.607862858
717.794984202
579.191018573
570.141144285
961.241441124
302.80985649
533.133383509
451.286921161
909.334829572
943.110018994
121.853241068
979.274246736
786.147828147
161.193589007
440.691777566
519.755395854
904.515988418
688.613205154
847.179236849
531.820926921
565.106285544
535.560320041
441.216797207
309.098334438
786.018300997
728.997355727
372.415100181
471.315463704
782.948455742
590.63145461
291.207431688
367.457162508
235.326208874
133.839982805
459.684102839
924.311122359
987.084897487
830.937187202
811.239468906
516.568581826
795.285240197
684.89519831
672.535095221
618.741972372
440.243243883
848.671554301
214.733367544
530.124569013
582.076810357
164.088811756
940.269919616
314.273544464
899.682024509
154.405798668
99.7387567763
104.709648538
375.71999057
926.632417973
368.232475954
483.808711545
795.197323642
561.848668754
709.661260185
276.401337164
258.576967314
9.66997333545
652.342513773
699.541107261
693.548687905
253.026036954
814.738707342
700.154730545
846.82139251
476.161221982
501.061816897
958.17253229
362.148073345
264.649785463
621.215221969
766.187832127
824.294066154
665.682249676
287.879745352
171.819888194
599.653779939
406.0854667
626.093606887
525.541170318
520.927628879
354.784809912
973.813082989
134.484018
221.279470249
321.147549869
642.314079449
400.924148939
845.678030295
19.032320433
765.09192719
434.985090841
650.962620174
371.82589655
739.829429655
341.052592294
160.512776005
812.537786321
267.329166102
290.671727054
744.040464823
676.235402811
654.488480729
53.6145759954
313.472337075
194.189592883
242.686198448
406.71273491
214.950420388
135.334307084
879.231224686
21.1654024373
61.1778471801
408.584181609
954.449846695
758.23694299
520.897587476
572.487832091
578.193802115
231.271969258
823.041164262
73.8163709995
640.552801616
776.429266715
826.688070134
671.651846744
391.939362733
604.809542765
869.112428523
822.047247377
635.620846375
335.356991877
204.495043172
669.901925053
74.1412845731
582.436450025
88.7476403459
88.7476871476
276.115750084
742.293961043
30.6122244015
200.26535824
467.613913453
867.423275111
792.55413793
77.4059595325
801.460247271
599.279479217
326.128111018
539.169255543
386.829726424
774.470757914
759.337398105
980.688172358
684.71787736
369.174802045
407.190860939
808.04795458
588.290219632
182.556247343
24.7001718273
546.373247446
297.625143526
404.604085083
744.243854324
447.287151246
967.658320712
662.664472871
390.834291393
4.84149051883
646.811310485
991.668210506
383.190835729
453.116461874
261.290169384
751.42162461
929.48641412
451.044976386
778.798581769
923.463446232
946.491804425
635.199747115
684.815451532
516.434586832
613.535653145
703.337918965
51.111990063
187.061198893
915.398693987
117.076557944
836.428780195
213.642783613
322.716918047
984.815270133
85.9673023543
221.950225809
525.180096732
383.909609954
156.878655772
821.744030101
558.401334049
780.007122492
818.988465991
342.668502193
727.847293899
175.804774581
846.833755747
52.5739574324
433.25742049
408.312453983
73.1636861096
55.726767052
40.6962821998
774.462897613
876.433068099
66.3769392939
340.587394645
649.701978279
818.126298207
676.40732263
656.449901344
506.503799482
768.410805093
317.960031092
315.437082074
762.939798232
432.046151654
169.350936717
45.1621565968
246.513127064
259.405644924
640.223719274
158.430804544
304.223342014
519.58435754
580.885395522
155.568900551
724.514549022
669.439325715
154.270989342
82.3474861317
821.098269101
937.050706252
73.7851222272
845.103125223
844.52677084
288.311429526
208.181479649
81.1241608393
651.083260317
43.5528425158
925.913794945
76.7853598935
221.852257848
340.612481725
223.753318617
748.460695019
212.558039278
780.132362401
165.632251606
371.903641953
648.820896249
79.3225430667
307.448259123
507.885985995
89.4934109553
390.747670067
324.630974377
822.664071374
999.218042455
532.732759466
139.749502334
354.290556001
657.875482482
525.10652551
782.85957624
580.668874829
814.00937331
33.565199116
947.632607897
38.5991586715
346.067928968
982.981536303
493.153657002
891.331342768
417.942970505
150.125445145
922.426040755
876.454235799
568.876144665
887.055881614
399.475299928
774.963459735
102.015202986
647.033775888
223.571997888
582.445470792
752.843443033
849.462695283
2.95730702204
232.821549338
678.457438421
295.088865131
131.528866644
176.527933282
647.160007239
838.536562165
638.796765307
972.744359367
119.792029711
169.14691464
565.717475926
870.712299217
689.7775584
96.1558647201
413.630672625
363.649557417
469.154605633
264.091063697
179.906327222
685.706038413
270.146100268
130.138450568
223.416823238
321.723765152
70.9703281864
330.966084968
434.210178129
52.4125310833
113.54261161
863.54956283
766.629939334
157.112467422
290.779385083
582.04345057
367.006082736
435.588411862
350.917449957
495.483772501
134.005524676
277.979615979
179.908374334
701.81809829
171.018308338
880.395543405
363.682620119
999.786729555
741.782963409
478.743191947
863.809795734
313.087830972
53.178710727
650.139793981
574.436091299
573.413737136
690.93251611
169.498278193
417.668334026
545.937423369
568.974397361
385.767898312
31.5309759427
641.334939779
112.581336439
225.591184064
76.8410898469
156.494879845
108.393814415
896.58520754
890.987559154
389.800543813
358.681266822
554.834902949
760.048304036
989.517030929
590.2603524
390.474099484
861.384684251
109.747675532
143.085736258
712.22286519
4.4805752139
808.480566828
735.821376034
842.713410191
165.720946593
176.705124348
336.406759005
869.942456524
995.220432311
420.104256317
27.7150131751
743.875317699
478.22696343
822.206400324
656.675947064
720.493061561
648.82470452
829.326384973
288.921817042
345.006227625
474.77663762
699.355876575
33.0043502426
110.688929727
549.989986892
403.757572047
891.010202117
217.608088196
752.484880854
622.595341976
758.569699144
783.270164038
906.559323262
736.110730285
941.559933809
633.243680878
247.182690456
812.674471291
344.955242707
87.9774646483
28.2121348694
118.177476119
371.139866891
265.362131002
638.593510109
441.316259641
65.5284490361
200.863307579
111.916178448
55.4218164679
316.608135184
768.943848016
697.300817232
985.843133926
844.339678607
226.69945562
38.500320907
612.674918577
110.335752256
590.536702666
730.155719227
596.080910563
290.38648132
698.141066172
944.541203546
575.462965802
961.888668535
475.462434826
822.179176961
116.953793169
772.329528037
270.419686514
759.660146155
725.287010913
98.982373772
475.703455036
975.917424548
694.782413839
594.039340957
463.008080757
890.011344599
116.934426722
620.81756017
56.7538374331
132.109270108
760.395299438
343.245085203
763.211570165
641.974151068
198.75522537
610.750692228
727.784089519
937.12708886
633.487427829
722.415646815
927.989181312
898.584703588
871.706878032
512.447687564
34.0312760752
648.697726321
283.029534181
822.069618382
752.105212213
739.590210899
804.794670304
866.749255865
970.044403233
996.843689775
691.945003125
723.147965244
36.7511822081
603.002037502
528.10216578
243.000846624
6.60039303222
254.242053505
362.876341611
428.686402781
469.033527433
714.483204934
22.6498968257
865.705410706
481.67257719
309.539943699
984.402188141
135.086751035
54.4332976781
751.503076616
310.192848802
550.426078132
248.329780684
934.949758158
745.869450354
172.376379776
443.053908216
806.069336762
610.197064024
87.0412721535
448.967462269
147.676190163
975.331900888
