24.8788180196
424.660038673
234.48709499
726.282506915
970.488140095
91.7109687656
282.879497544
687.275273909
887.082984684
305.829779008
857.970583205
877.713868897
349.159636418
185.247214013
182.107222518
501.913081602
43.7620130247
186.564158201
456.388640922
880.618430164
91.6071220675
695.003983365
83.3387118569
939.280607147
213.148434686
350.787953606
156.265033823
300.353756894
207.432254345
6.4146104411
490.364829039
661.105932462
5.59421249863
674.7859832
125.961741862
841.755750454
292.846829138
892.540098304
3.19820437975
668.521137199
676.270811678
153.569563982
191.681712424
328.017161233
381.842510759
865.330155986
236.725033948
916.748223227
253.301884416
860.166231364
579.902383244
52.1324158688
844.584736918
875.861319958
719.566765745
871.627177449
689.644074032
672.400891957
745.063767706
420.670046839
5.19973496385
809.029804335
173.791852891
559.875736428
700.758325908
766.990504127
575.28414597
786.475019649
32.4930243179
638.094726246
881.671043025
964.321760322
175.312007548
653.008005698
531.854877457
772.748438024
250.489917858
874.818014804
554.726571755
852.936859536
987.885904005
286.829695398
764.054476091
701.212716471
18.0822637318
788.704692465
254.942300584
101.27396115
710.847699267
537.109429285
651.774065797
437.535404768
325.12820556
527.227821047
39.5118602962
989.688522838
898.736848091
244.982527868
159.407692512
264.526711055
44.1552627073
948.816021264
700.98961835
570.96442016
590.880763235
987.583315744
972.607017547
696.200056261
70.0565679282
448.719804819
20.554053191
553.465359255
952.398384674
41.0598076665
957.916722999
862.204154955
593.735696094
624.453618375
343.889166162
905.282758522
472.527329084
382.820234225
75.9398508832
857.317806536
583.386038659
8.32366688249
551.343812526
332.112971958
16.3680290628
482.107243765
55.2606179081
758.892275655
510.451611779
831.992155408
451.259683567
34.699077027
923.021923613
840.195753494
654.206905608
736.864794844
426.978568321
892.534939526
404.497022391
104.616415299
811.450587013
992.463599424
238.30592235
919.737056636
752.367390946
759.638900287
467.083849012
236.467805993
268.652988362
883.529204718
468.739347959
612.221345333
222.251407053
591.335523567
787.213693136
980.18555232
501.558808168
764.086025655
258.005425167
643.379212858
250.158193687
14.3673533916
163.395154292
276.479000042
816.013360871
28.074272075
394.774682613
200.36547025
8.1218780672
512.749830985
585.20582242
389.338523058
141.128386546
75.2423351311
950.756036254
444.76548032
596.538381736
790.852543004
966.53366448
448.004957944
12.4837788192
412.637031883
199.098099942
879.669673899
993.343026714
84.3863846814
675.926883408
466.253878739
819.405956565
978.519153918
798.2688907
32.4064726492
407.492718635
975.602091192
937.891664923
661.99065266
724.061089671
803.138814696
209.647517784
203.144688088
528.132562893
996.612572217
138.56498735
339.979117697
327.726818413
966.838007162
271.659829184
7.21914838684
619.739375809
268.835875427
84.9972219908
616.546450439
488.92242319
372.145187696
350.882585424
419.179864172
740.699697931
760.647725496
114.432250485
79.7260350745
460.711102404
736.448977141
803.204959961
872.90303072
536.882290636
318.460669894
283.493938293
859.464939386
969.944008315
541.290750961
647.667543716
839.129376117
62.1073092091
704.519233404
706.812718495
875.136642285
760.374338182
13.1267277041
377.113296536
602.303297108
752.235764888
917.969865506
663.690882769
265.32248747
897.295132559
854.815830013
11.7309031303
483.093544456
637.407813033
131.575564252
475.873054194
796.877890804
74.1793704156
801.557911909
694.969248542
588.388847007
569.028053659
795.24188015
205.384916325
792.168636628
181.14617738
829.370721163
582.313302684
1.71876953182
337.262092929
252.970488136
213.742243768
558.244212123
983.837475157
8.98288874395
451.31843927
310.262114417
566.482961114
916.383382816
276.308619494
396.577307774
121.060044477
985.34254838
949.861355058
397.057190538
262.579628633
598.59052813
804.410567892
862.487365558
347.391867879
17.139850343
345.406890227
846.73451601
546.266657234
722.434919797
635.662248347
169.077877044
332.634186936
779.02933465
202.394833232
971.690885836
754.17162416
819.182290593
73.6281979437
602.396045033
330.343563049
645.649327856
403.253518922
645.035172856
613.65276147
831.020276708
137.631047768
412.791862739
60.6259738104
482.309087472
496.335764537
300.36598777
702.093591791
373.546339385
238.975929607
753.671050433
332.773721956
119.325975588
643.972962709
739.213768756
990.495241769
381.001601258
646.499485965
864.690225066
811.086243429
796.70598227
233.469099348
453.452888644
532.601750592
497.341500582
880.442574996
822.171412653
661.844658848
504.10747402
687.464541046
885.136677048
846.992638407
707.194772131
241.430296164
273.790570355
728.550024195
502.724327978
750.911275769
811.320701329
964.150052119
807.382206736
334.612160511
353.446473997
310.932642092
578.40116842
54.9031327888
724.882217456
975.518747495
316.670904392
502.095792668
709.778628321
208.481265351
213.580217521
579.03857209
752.867278669
179.242602792
751.905373659
6.68578244898
237.853771714
315.925986935
947.379962816
939.970754071
360.558126144
345.63231305
140.437166395
33.1234535284
773.251434608
108.013618968
424.077564211
253.882280454
818.312677976
896.779155319
66.2324676899
242.444484606
512.008292936
360.837247869
98.2898355673
991.437287774
762.724812374
753.43587219
497.733903307
900.622073861
690.854031766
149.583723549
634.742296601
552.871267238
252.33435267
762.064881954
792.534268309
751.732330128
530.490094855
357.810344418
7.69759899742
986.914667212
254.080097267
60.9482229658
524.263128813
839.853750161
805.823035752
653.432524143
105.410625779
863.041989538
168.825823321
900.020927351
589.165378132
406.217558063
13.4319653596
818.65213693
948.17918377
629.031296326
275.122986988
295.543307867
108.189599228
388.689495274
318.216425938
85.1907198119
330.120928723
951.515072591
518.628758172
585.728530869
339.192689415
6.73288049575
666.474055418
984.961901041
919.31252613
578.391862748
799.065679955
800.529440258
500.461959355
739.007140941
29.1410763182
123.172134088
643.975612649
154.730816082
16.0555066014
99.5493007346
753.025120605
931.315701412
313.605072064
809.353778018
982.200088193
211.649807639
931.62827173
559.343249873
645.02076025
539.895455189
652.53224537
788.338788047
156.214584834
930.605090065
713.394826114
304.52732657
812.912032242
268.014555361
16.5678003766
564.809545782
685.695588928
369.615367722
142.356997373
677.737212452
93.9323111778
163.834459731
296.025820268
967.446691835
311.858573596
64.8810473567
565.242864042
74.7661734537
946.822819849
82.5576931733
903.01411
739.191016066
879.96764954
451.864617256
89.6337575171
292.150695115
60.4078318379
787.531722095
678.051276093
693.774548905
690.625543591
910.472682786
709.090836735
596.803152314
96.3497446756
111.923987226
959.258516741
301.816761584
25.5050019079
368.881875124
467.422013495
78.062328149
770.848731738
666.284501894
292.287906442
40.69028403
740.294607552
97.1208640947
918.134394639
749.779004538
710.262723693
568.99164186
300.339128399
302.109651091
255.684776474
765.236367987
72.2074030724
997.574771885
117.585847902
887.788916325
605.910841711
134.151571667
209.287723915
652.397769831
509.742394889
37.999648839
971.383702016
143.479616989
662.031463914
44.811605022
440.16563108
596.6755066
795.259936367
119.631300848
850.513087131
972.538700495
897.202927627
992.789509169
89.3688732313
949.176469393
401.914262198
352.752985605
897.503798555
632.379957174
164.930351356
571.732156097
434.012965705
728.614202844
437.201093471
560.59934249
387.679417126
419.246753632
776.512067228
888.825929566
395.388453447
47.6067106547
428.063072573
236.027178342
164.693006826
718.155677984
530.822468528
206.501286268
176.71278163
266.436042073
192.539087258
340.132702639
315.203510016
347.600445791
665.263104303
426.393081784
808.7011828
739.908287564
429.846758972
450.314902296
622.666070017
272.482673221
918.558284244
592.18402767
547.019277763
82.6911513807
821.438431916
208.453177203
696.039954853
492.249870935
318.414429351
736.376195112
842.26575219
489.735659113
492.588096755
298.24618611
421.639999272
505.739250001
864.776276846
884.43789752
350.112894204
679.013402538
99.944473345
698.099414469
415.613166018
407.580556115
146.29374457
50.3613687241
377.256176737
549.574837993
841.22118232
53.3470430232
980.310847106
626.197552469
199.799135819
973.617408322
805.707164998
833.639644077
409.4535756
293.843799475
643.970738789
866.126535506
271.556183877
960.331919899
714.543194807
744.303491024
872.23072147
776.948607029
68.2872865401
140.548661237
131.05169612
855.622475621
621.908448914
611.690041979
408.959965878
690.079184544
557.328014021
901.931809506
654.298995669
981.479653189
218.688237048
351.532274351
993.208566568
614.035698721
217.778784777
408.724375323
146.873375541
92.7596860834
517.446171459
909.835992999
142.553632892
12.855149
589.805122146
708.934799658
673.137516995
989.926480591
838.677375052
168.619057586
911.653568833
964.868346366
592.892606248
681.563793847
624.562719031
834.060345308
751.952878777
341.693317609
657.521279474
989.7602354
594.683957263
723.062731565
181.940743751
493.37570539
323.893621427
844.491854253
946.881732511
971.286195025
409.919632545
291.636914268
200.601417839
837.682850649
12.5658610667
597.975336307
685.04586113
524.972721366
560.70612789
101.747428972
107.025916271
578.410388124
653.437117582
517.433462969
247.242133687
520.901069939
586.511839147
548.454659766
611.78489244
960.323012782
326.17009397
19.4328936104
280.956301359
406.820154624
909.845694449
751.504222372
590.408864942
499.413848558
103.802383083
615.27437193
640.040010845
860.330166606
615.993753511
817.333088875
668.400708969
234.608482907
830.360516725
305.455324025
475.735674675
966.416469842
66.1305743111
167.9740232
681.578538172
255.375273036
525.009909291
958.520316908
18.12594604
390.511718544
117.173955169
633.996220225
88.9867957705
696.686285738
488.396171284
199.271379519
381.842728512
445.537300948
364.666663109
977.450176193
504.771933782
948.090155853
417.333254088
393.082279098
766.704951704
608.107280682
231.934629795
495.851906836
167.89717341
271.797598885
558.291882239
956.996261834
641.050025217
987.148660701
541.278981374
409.461405057
123.214209466
344.127055265
92.4773310556
993.956250128
526.98398207
698.57002367
933.217107364
403.597722868
939.632916577
986.1788554
770.7818564
676.030483022
382.251334332
0.883029560333
9.18018997259
97.954287535
763.435629479
414.968965265
110.158719989
473.118351256
454.192023867
117.177780974
701.485774458
899.533391372
665.995103166
561.139036778
134.509908788
689.386843388
768.806709349
811.300923697
666.727679261
419.249368351
218.223652433
29.625343241
821.614060739
293.777726975
669.313330462
300.343075494
315.170404285
319.433907804
957.606223511
489.147565771
949.785848823
527.174712898
890.388827912
46.2587876496
703.735798062
782.067180797
363.168189887
456.409289623
680.308338187
625.391747919
551.499415844
815.876340515
703.012719923
998.342132145
113.951146312
838.93149421
379.673358335
122.620636588
145.562465222
606.113994337
490.325396354
879.427059666
238.978299015
878.623637913
212.788011797
677.483953333
213.549534271
356.741925385
225.991645242
731.845809719
159.384485237
513.514749409
26.8086733449
841.915857775
825.726479718
781.178379738
161.589927126
867.957609912
954.876271905
313.061817585
314.11364425
199.407442169
200.245597658
361.996247898
545.391987848
610.767393595
611.66994422
262.354691353
507.011095278
975.201130861
99.1803888486
628.007188997
900.1787377
562.347140572
284.445052582
923.987889593
774.188314868
955.567336628
779.162465481
104.24121283
400.332193042
493.067983717
97.1611801373
187.648374023
526.758608143
700.627972298
277.148642574
711.981107703
511.710185481
780.798936899
936.931917924
482.564999888
246.878625771
440.209171273
181.876874235
630.899559461
784.944285359
688.432517045
194.034490737
925.918624624
610.364478703
53.1413413262
309.055804255
68.4794958623
336.309026409
686.78756147
816.600319374
587.439957205
285.799406265
409.894867378
823.745521912
316.32346265
11.5309877008
810.474638006
191.765553372
535.183287894
234.444653033
113.361318149
752.333521701
890.139376098
905.011254718
857.308435703
295.658769061
315.94953844
944.605891302
3.28690416268
208.521173192
239.581001281
452.620680681
810.157509207
280.675792322
594.603733498
242.582787257
328.174233168
134.179622446
804.969504023
271.231612766
959.372382724
14.8488812716
206.412382228
800.867556206
864.381778144
312.677955478
257.480416637
547.634019539
333.41971532
132.890185863
819.479336399
910.802827851
1000.49197222
914.08469257
356.035550106
978.813338859
90.9982093475
409.680872156
45.4539927096
556.981370577
492.943530288
813.285972447
382.078969583
690.815856151
38.4512357147
796.437350557
685.025051231
597.297416564
179.619754481
560.494323806
897.341720928
821.377797858
280.570601092
569.462529564
839.99219799
461.708763618
229.353891366
835.734795209
808.274259854
838.181638291
389.594150797
631.795863848
915.233936762
427.333064038
369.553759617
508.579756006
955.752971065
702.051259494
445.815885712
242.456450157
633.363554727
162.398893612
590.109351336
125.383390681
441.355367571
707.512425251
171.310573315
102.415065532
431.899885946
709.234232806
657.60414686
270.406812539
121.972058587
62.6360515821
363.867648743
396.734339874
858.809200273
400.918912491
759.431515145
60.4193148331
352.672217876
675.240095535
339.83394227
192.286942821
182.999848273
567.948140912
698.409819009
332.62960357
844.085972944
23.3604642219
784.477950529
396.086635154
367.390983326
878.801427427
642.543681096
76.7811914358
976.124354025
423.227717395
951.594004804
204.035548356
926.873908222
429.194018822
381.79089249
440.142612897
842.60558078
699.649607529
151.38154417
574.857391615
