314.206414
927.862991406
25.8140192143
281.402494841
104.205728274
811.370953756
74.9072901639
359.328585484
59.3131047184
609.083218463
295.796354022
345.363710105
64.2900682079
412.801253589
145.787689442
886.735273053
518.198733018
26.0302854617
688.359040642
669.563935875
433.163202794
418.172801423
691.088724674
741.83341844
520.059494326
488.456346098
626.878693399
393.521886756
393.56779331
655.858706437
130.664837167
398.635698846
992.895895804
323.827429024
979.367901678
677.286678983
597.085123708
360.580193325
993.827658037
389.622589962
613.303122899
48.6477303423
904.991874511
175.624433212
11.9610869463
784.606066762
935.085116823
618.762393965
574.859782559
549.966879787
783.033129239
303.22511678
333.242436572
918.75916766
211.333477256
354.681493194
204.465111515
592.378221593
924.930906758
690.599438638
705.94601355
491.847945905
716.162384853
564.101752863
407.52373326
674.239872192
240.708805085
324.587721848
418.999063417
915.112482072
92.4821161756
941.02220005
196.486359718
385.091296661
911.351970099
801.36377384
915.411689862
12.9562157964
190.153201618
359.22977604
226.919632567
258.500250421
861.627098152
596.821742417
425.337419467
7.3581081066
140.233862084
862.438549451
117.103685015
401.31421047
229.11835053
869.825614073
934.912629763
342.680654129
180.856826018
345.461451727
831.958650351
68.4315955973
75.4740027501
40.1177735607
841.562727738
313.85689211
446.237804249
155.338581981
236.59460048
358.274113387
993.65358885
270.366932785
936.910024174
757.758578188
626.181022852
867.888606191
424.667985254
577.184798099
798.199224061
927.904757648
898.998481076
710.637775676
557.705776217
885.124461909
511.615200526
508.520763446
485.614082571
615.936221071
53.5126839577
965.853918242
304.578294696
383.715715294
511.899236624
58.9462329653
55.5310066062
482.136283625
770.429216101
990.892772307
402.709021729
132.52933884
750.396686685
437.270464973
816.850305855
998.432475908
53.097375925
789.574885754
736.229306009
553.326831766
195.078035877
1.86126192477
996.973421642
312.811685554
543.392747189
884.229488882
709.355650407
293.473820719
158.475925484
64.6190245585
459.737706856
887.114437426
964.867348439
906.474501048
322.290970279
271.421870654
713.915723967
225.384450204
716.282209172
434.842988221
619.601400097
960.010001516
399.54974576
834.708754745
640.622837737
101.707152694
133.577235032
887.188410688
883.24994175
294.166157584
528.000484601
304.033721355
191.707550885
521.035689497
242.495950738
429.544499512
94.7566804887
177.523228287
2.42737433358
856.147718324
391.457592485
886.352240689
609.410410881
517.925466591
886.647372566
83.1688415363
336.089849693
544.461598015
119.705359161
506.15707177
993.800023073
961.834572701
698.800007957
531.390352802
686.923914183
142.184751361
469.319339641
1.66155522062
295.493048664
32.3239057503
130.414137955
656.541197145
805.389899266
359.803702851
229.607446838
961.652654769
921.27439749
647.870855613
339.110448963
11.30300246
64.2208903811
334.931353916
213.174124444
827.215574564
151.277917558
234.418449817
342.83206463
678.974822679
892.931298613
561.547653912
191.441856832
355.530595359
223.145744735
574.143660216
761.614254838
436.674392478
425.641503273
659.022932326
57.3702046149
418.629825628
718.992829338
928.376164874
178.665027893
559.251278412
465.61141044
106.015594978
376.990570272
365.488926268
213.838147832
501.391471723
158.539504394
805.948732836
844.667647798
544.758698922
373.740460849
365.902516708
898.166596168
245.369964028
516.201060604
938.679397379
263.511936245
520.38958729
595.733157526
483.429281645
512.932711118
258.371339329
751.185423977
751.914983628
508.698352843
484.980214003
258.806094011
921.638462799
177.03333815
744.210429484
439.87762319
68.0771816575
88.3053336436
887.163835172
322.7371787
193.808173222
584.638417531
387.89754716
198.819056124
110.600553053
502.337390105
497.065058381
16.0769662864
820.793376214
119.520992014
350.491307512
477.73463963
106.786183908
797.251716813
30.165889862
456.682993168
856.200168929
550.456511775
579.282965464
316.752124382
382.169039517
850.266192358
497.315727591
186.172869663
42.1728929886
777.040945648
961.654002684
533.827743242
612.002923055
407.565167258
643.086458709
400.982132912
640.218757449
572.03020767
994.33048646
678.68612704
758.402293503
858.045385379
671.885995213
350.824279122
658.786090425
538.330052524
579.186162195
265.880678578
886.346314102
116.568730842
922.434653618
214.234500557
215.304657742
448.510658445
745.922961503
544.123444588
75.377643092
370.862731588
500.092308006
841.536320719
986.561109669
930.786989649
772.883752719
35.6519473558
700.682464475
623.643163471
526.037883451
463.863889049
375.938268062
522.573766334
69.8507127095
138.876253982
820.768668341
947.273072254
112.58247885
200.51742179
538.517520633
526.423591502
889.625206245
380.477695855
192.43160233
829.918484653
90.6986114033
379.699537938
923.939955312
624.502888926
478.187642411
228.20598067
785.796616169
377.001464086
987.067827688
860.327431091
260.782195428
821.394469129
884.607567696
891.186153034
147.046107508
698.871496333
951.650675722
176.048516308
44.0833958979
154.532228915
851.803672222
147.232856319
358.630485112
179.349640023
99.8695965709
689.159304427
92.6636191862
941.628826951
453.578847385
914.266805644
468.058147142
176.324355807
778.977263348
391.597395622
354.995292822
197.359890465
607.859910248
985.082739914
255.985404841
844.832737358
807.977701464
932.384135029
865.463081617
37.2795480806
539.329795582
899.56966964
698.395661419
252.272283002
365.838812279
375.20948424
403.001280479
575.407551084
127.633810401
840.074133762
856.712035025
3.546720534
206.391735763
236.860402932
260.841345192
998.883737374
609.502371443
955.937004625
327.508219489
195.329719413
420.354676081
157.758682705
912.530214621
898.758023704
515.614508051
546.530623289
262.581151205
454.792248685
347.128300917
903.121382876
221.352115008
462.238390857
890.089600379
531.827360292
192.027276403
490.299361717
715.802084487
215.846803377
791.64760487
689.646522798
999.371710345
842.754333969
793.952812841
598.31406116
750.039620966
575.911431054
459.028713112
858.283678084
142.131993402
372.534842524
666.362101513
832.133588673
617.731032042
811.256858193
320.005606133
268.706883997
497.151526555
21.5122648019
928.231288545
586.238328445
240.420443958
613.429206568
432.895323455
281.068450506
567.221769466
232.368561363
180.262512217
562.218635418
392.714153703
796.063088932
928.382700102
829.134580629
52.7976837094
325.095705513
379.714213248
882.100156034
824.14137864
563.111807592
347.833545007
23.3948759395
149.554707451
796.647642625
877.537526251
331.265591154
685.50600344
131.344319196
951.153756961
725.312926831
504.259138607
789.803172632
319.555010686
895.136860799
891.836896165
331.621050349
112.999963069
347.715242738
931.90029491
820.301285731
974.893431805
156.068112481
738.961430813
139.465883096
92.2366527062
725.239665194
232.510277807
70.3332380328
120.519635443
645.937963479
311.387741045
996.904210304
610.46432698
93.0800491365
190.139194183
647.263996459
478.050036648
48.7002810944
231.258466714
761.430400998
254.732674914
931.316920137
145.769082008
53.6599477761
619.819121308
439.029841703
693.902017846
644.764425811
132.872510013
795.330674135
557.432414772
774.845597662
25.1667979669
198.913461858
479.285503943
405.460985811
25.1330865896
502.540437271
337.72983725
597.341699239
89.8456999967
731.480650039
283.618773326
109.115454496
807.306283654
201.405293909
630.972523562
369.368885606
929.468156612
606.089873115
184.31812612
935.60807725
679.15062999
57.9177876155
647.786740562
428.113052914
907.296135972
178.124456667
650.088555327
865.036822209
629.159374926
853.961501232
235.565181627
27.8074398301
265.673577533
793.574877392
661.427558849
907.754616615
250.79821681
169.564565395
735.216582913
4.33874555128
14.96395972
472.522895881
913.503265502
322.990520377
38.1635578513
327.384224917
731.065307249
806.366822873
728.620709203
700.70124858
738.941714513
460.535791377
837.784361751
71.3146521456
114.312019446
410.025813105
928.214550971
849.836884817
286.555100704
192.563377091
142.890067764
155.847081588
426.009074271
874.255972672
603.25812832
729.59462315
694.789277483
88.2944666869
858.405023882
399.536712648
443.557300363
44.7112583588
918.307983224
626.994091531
565.5976946
803.584066801
890.264313686
551.972309462
725.302266225
104.05218819
871.876053292
461.898069541
450.352700902
575.328625971
668.45777194
24.8197599884
958.712337291
612.487727187
291.354585619
254.025203348
888.056125663
342.794109156
307.681690456
821.694888008
276.087577794
646.136242341
100.411743782
575.946726486
306.934293884
369.44519343
133.949533025
880.532670089
421.249286268
858.290289765
122.082693454
65.6114836852
729.757544367
574.90639296
226.118284233
656.516054286
772.390819933
632.136976325
480.628144728
866.515492379
951.137980884
84.1781693839
787.307725521
783.74332309
246.09266876
781.442290885
659.28913611
561.929568105
192.921415072
30.2247431132
534.305403797
893.562503418
524.60706218
201.22558267
860.657729731
526.768109047
219.341752051
656.765557616
704.873996515
979.988876952
441.203437775
79.3403060112
552.677280143
455.35973779
776.679081379
594.422317904
216.202002955
895.294506719
692.202802708
52.7599242018
605.550743595
915.670391636
814.553397134
910.308964369
509.173636407
857.094710896
51.2367116814
824.575616838
270.808657292
778.543480122
559.375260949
925.301967462
795.27974898
239.211213418
288.207731821
797.419553373
126.091894118
12.1421539316
346.937156954
117.030410602
945.498605177
828.165127767
801.692237073
293.585487687
908.966427755
410.049678283
802.235340803
24.9847423217
798.640104302
362.131237735
288.935720757
854.700441678
219.922908202
626.594435883
975.161875043
262.53653431
210.037021867
97.173575509
355.697407351
305.935854342
90.8637371981
641.263603791
858.125300386
33.0978776917
548.060758328
537.350745431
702.828378394
637.237671897
378.80647987
37.5784851604
495.075163114
147.722290956
960.083259737
208.825142709
310.145146559
792.018581209
886.018629567
412.175456416
1000.79792151
356.7822993
553.649451221
110.018584745
824.434030915
839.947132817
805.614338021
828.604874875
208.540413459
957.417724348
592.448113963
237.516218492
722.300480923
591.673790644
157.891587828
372.608605998
326.518473184
81.4848349739
178.932970754
128.380887151
869.917514011
717.538638841
676.096062208
522.707264201
549.72968714
474.926593192
177.152363968
413.567690762
955.503923385
728.268449776
977.122813946
573.515365622
990.139100435
189.374506016
91.4446028135
250.83601758
984.908223583
654.063662696
196.375555878
796.269402475
425.408177905
683.719391683
195.205475462
46.5560941646
113.913156004
101.260997231
574.879167426
100.968530326
331.709097857
49.4187442281
649.132884473
101.215909768
516.967997727
861.352014565
334.11241843
832.063666471
284.835561134
599.042744683
376.745025243
249.745383175
815.139274999
835.782081412
866.259517602
562.794300319
363.155692942
263.217886521
451.020887248
678.575859523
452.32493914
346.591586308
780.911295658
363.408444064
619.89345997
382.935886376
658.25953114
77.6226367327
316.442471479
185.295556075
538.631944312
868.34478428
810.999902189
590.518293865
663.230788963
931.638925754
256.214193149
252.904473493
1000.66776055
353.293411389
927.666451263
773.648894595
885.478741255
568.513227359
46.8688928528
872.681981123
901.590129237
741.52364906
259.256195432
591.551599958
802.146919854
208.819891782
544.921917107
53.4196902581
413.026415706
449.190189413
335.696626374
821.409330298
729.794409277
419.532932118
249.671451138
819.183009155
58.8515032602
499.897060099
652.595256507
128.866662337
182.750130681
794.669599288
429.509417416
505.288491645
955.962716437
270.670010343
318.398548088
524.774912962
519.514248659
173.366725046
987.771190308
587.891475707
330.954114029
537.715149476
260.381006932
82.9146799388
512.540342504
947.882545345
931.673141961
722.396957571
984.535044805
126.221657471
155.784605876
320.430911122
718.437717957
252.180839044
517.39568481
678.184558973
977.492534166
73.5618751831
320.086343803
269.98127825
357.46067935
829.180626657
78.5301661484
620.999503673
437.704326646
491.700752999
255.456830687
839.631906037
775.088194289
861.508723894
239.197069669
568.521982824
253.639541086
395.502326852
917.754229147
302.649970979
324.553209918
716.890712151
504.141437196
72.8660657058
925.877660066
225.892424676
564.245359024
729.779842203
266.35482575
180.602824498
507.550202448
123.328934464
246.192646692
619.98976148
482.352764981
569.00344615
190.934215587
229.879312592
568.063692894
846.196743525
780.838293566
577.760804749
289.681196225
275.076841115
126.085312477
763.465070926
856.943795439
627.555523521
24.9851850441
245.685776625
750.465701847
216.248764183
911.818721071
635.566621573
621.201179271
801.538913087
179.425068176
269.980976495
42.1330245886
435.163387018
71.2013293149
560.532365015
71.1749465884
964.249029207
892.5161862
776.142261627
717.60681961
748.29097533
175.980188994
478.950318943
496.863047994
382.30985302
278.98803988
200.011947128
828.541476414
424.457746118
900.240503401
320.909893962
265.125476732
414.462655517
542.918299263
220.615797342
183.3716202
828.701025289
926.033349066
928.583609004
287.774095275
997.810463165
191.547456763
778.438726842
616.5342481
957.145973358
281.940036183
576.654644428
556.582398537
304.478136899
355.443201565
483.717202641
130.03509313
46.653168334
97.3794035603
685.933646915
638.850572041
366.5081186
478.528167033
352.866695296
969.802571122
952.366562896
810.284707321
398.338108197
734.24625682
499.53286293
902.857297108
759.226509181
984.015855477
403.042396888
115.768125352
885.120765883
494.6458412
478.244903915
766.66391387
794.665280454
219.07038678
800.243846765
236.343714626
851.468163773
226.869629862
573.569141545
179.764982108
900.770752917
857.225451264
