700.543119707
673.951545258
840.675802429
933.906983111
937.737980672
54.7365503092
157.58176137
390.69689367
415.1396907
894.975329695
575.922364489
567.219437022
458.671813532
409.013049152
525.12247647
462.779735312
627.911874971
939.078861655
500.506837728
781.065551806
859.69375443
704.229065917
392.693858435
740.822526775
112.110348226
217.648299658
434.074256476
68.4271376168
492.703932954
566.54828462
251.029519985
417.640856642
566.359407797
900.510659323
450.337991945
194.234041569
55.115369085
907.147372164
216.957427462
963.663976726
526.129623992
119.880729464
290.085915153
444.850611371
986.327888195
618.11091369
525.615400755
847.088751641
264.587158241
992.332072774
446.432352278
302.188601449
784.353859396
503.180839448
98.2651401087
424.028069767
658.240648971
662.792771176
441.763687469
838.584703466
770.623719684
29.6706975827
314.734771107
21.0130464839
243.758488002
630.964110849
528.214958914
405.995173299
324.157537191
652.769926229
950.54683268
991.697455681
161.462836031
669.239858066
707.598668638
869.631075785
774.739111497
920.888310621
936.735111383
759.747354566
147.678933031
206.706471365
176.754333776
152.700081482
606.05463216
543.140335872
322.091702554
667.001437068
151.647976332
586.210377615
726.654591337
181.627451624
406.869055377
590.349980991
243.246857452
133.485438531
691.156620041
4.04359832255
848.666552006
605.163776294
60.0712536479
985.867038555
713.273362459
144.888810604
27.4415995587
669.198210474
830.250896306
227.099341028
356.656452109
52.1792395159
424.677236412
264.975949598
473.142362401
303.587925657
750.795672929
516.753047537
70.4140277784
253.418005475
875.520778899
499.922715476
461.046784239
978.220093601
882.183391874
118.516485488
440.53069312
85.4272649716
857.329635112
398.435486157
791.154004829
224.0063485
738.689701223
325.927763509
126.988900924
477.123955395
968.405799337
824.022541712
112.54587615
98.6650194285
701.279610238
800.768562118
686.857609363
969.394007494
978.532233965
115.879506192
432.559690493
486.021107209
634.785736116
71.896119638
531.837789922
88.3058477341
683.720197733
507.927771496
153.961108854
840.468175324
455.806227059
299.4658769
403.080627139
979.937216369
247.716046847
328.480143414
761.377585226
207.557168839
756.938038195
259.821222032
593.206438293
130.884059149
92.8436258838
39.3183300951
55.2576932601
716.920568239
917.469989609
677.073871422
877.004940255
352.994450231
182.569992778
370.23495832
123.057167509
9.0726982144
462.282029847
887.582076976
298.485967002
391.055297562
317.468802093
629.909680236
698.538999762
649.193744851
26.4513307871
971.481775226
23.0997910523
988.920911847
718.931879327
706.92222057
269.339747299
984.1107044
976.682930613
281.260370302
796.743284064
105.782937136
786.386926102
647.485015462
550.000466659
32.2824027448
200.075296812
741.459279687
197.172625101
466.041713551
110.804846822
232.845185248
163.552592233
411.039944336
464.400480908
977.518002478
429.919663578
417.449490867
365.746242225
835.058213541
783.957773266
101.094121463
26.1942304872
379.298835398
655.626984824
586.156683426
969.679400278
916.076449453
565.380987428
718.129638369
51.6409273195
545.182668982
364.412708619
952.614437996
875.055820409
123.834817708
868.813773357
209.28913913
852.097583961
524.973251017
448.6010676
728.801259458
392.268813507
562.698587838
705.416099153
30.6461545493
409.101205158
849.110327933
549.313455096
276.892328304
606.62112846
777.712935218
713.001255256
846.49293569
239.982804283
332.774103612
824.904644217
787.159284928
521.613548354
942.594673051
691.763578042
217.929285788
249.537083724
860.500909819
171.741238258
65.6482729789
883.512562215
74.815655616
622.480723419
9.90850617131
778.682502277
666.521425763
845.578717849
936.687251435
304.97427826
109.278679173
129.347294511
899.737405133
575.583104064
933.319726626
290.830452261
675.287797232
540.886321524
269.581365568
38.7625064999
550.351989646
217.625796077
281.154688752
1.19645177744
453.541125689
491.484981148
606.325695896
819.253338221
546.999125942
796.885849274
867.794992088
223.097040377
317.76534027
929.81084862
432.889948893
178.002968146
191.0955327
144.559409951
548.831714461
286.19012492
495.298937562
309.287038923
722.944243714
210.54951951
624.437139392
296.023376861
267.23252499
727.258113078
153.327427144
125.14576246
909.718129221
860.18270913
398.633483509
221.070434419
820.6412584
272.735402935
351.69814932
33.8724144814
66.637532284
466.788518527
33.9638620008
588.293616582
7.40363020139
824.008838005
241.068332038
967.103563095
745.113738928
959.732858762
506.975903205
106.583057216
6.97135881545
523.145865147
611.590661265
8.48649640924
438.449347735
673.575222845
331.914974091
304.07587345
531.30323708
797.290497412
280.92620156
875.587929804
818.518457987
998.324060304
473.754249757
891.397588676
653.713773482
175.486568027
982.917199887
462.259925609
696.391427421
138.536724949
577.532022187
734.381415175
366.841929485
842.943055697
5.54409692777
897.890844005
878.199998238
788.674707447
703.704208808
619.892990016
35.1300949529
90.2133528221
166.420723802
718.804689308
423.902728741
802.21205332
421.997662878
195.197892157
869.490178612
452.752707969
310.519726008
558.064618972
613.11168094
548.419977096
36.8618355343
325.475933504
684.813165919
705.168236711
44.4836553664
648.947568907
851.767860817
1.44665022078
992.090241963
421.073901066
440.546962638
253.65485058
170.016228969
179.679636649
107.766226262
1000.63464999
350.268922661
86.858808357
174.310739611
96.0152613573
267.668564588
99.2585014569
362.787717624
290.444238509
994.061995088
554.077233154
546.744631993
735.569892989
481.034547295
440.770447223
195.184453166
160.010563554
624.155249071
409.508728791
192.603818296
706.572132131
613.176999131
489.248066025
574.501546077
13.5596313569
763.556546127
926.006351423
380.32159109
994.773666001
759.718983333
584.816286745
603.444654968
218.035851771
780.371286325
805.474357378
399.801441127
324.615083226
589.815997689
440.325009286
170.391164677
162.081696077
163.1992172
954.503671159
642.85586847
78.708258756
607.020856942
670.044107579
998.802049399
454.050989357
196.165230169
186.806807869
77.7155329305
968.073450855
67.1941461333
113.25684658
95.5475344276
211.035016998
143.691299042
926.652608111
120.888793617
171.202096104
573.361062202
942.872024884
415.967203443
890.980542767
764.906460435
640.165596925
193.128138011
714.777879581
156.936351282
916.51650872
975.838315586
534.345770252
382.836792969
963.847073455
840.655015041
215.808933315
61.0703203021
671.74728277
311.068966488
908.431184468
857.911308926
610.93785544
449.62442985
954.001102456
677.276603234
777.746639701
65.7766143215
810.142780435
932.533424533
481.653670219
610.393338401
566.938755576
309.420949392
728.554732283
205.319653736
895.294574462
724.618652982
920.314788692
71.2145664547
508.492273459
1000.81025614
457.455378283
312.09853573
34.9157569328
988.588046037
672.993548724
209.87135669
3.77346441694
656.963060878
829.537308961
889.237476473
644.685654068
601.887961287
894.446487647
697.260864545
916.628238341
590.652413654
573.386419615
137.251469121
744.673104388
466.704596087
559.207276929
826.814357986
991.530101303
787.426134873
616.736699729
273.863552564
209.954120568
841.549422838
961.10386763
457.794728481
695.174754111
299.515934268
306.028034425
39.15585779
523.862687349
397.175218179
257.450654832
82.5884984694
404.391453753
759.426543253
353.408097502
195.607021885
773.348219497
725.270970214
729.186839637
452.875293133
70.6776061613
191.604833005
522.250763563
749.66352148
858.584031048
945.37767948
453.441145566
183.936310628
730.835688694
76.1768370716
563.149951768
504.722902752
143.598222577
450.692763237
902.539664076
595.067233495
584.094013256
636.389483591
979.215052262
475.538855814
66.0523598884
143.757286603
532.331302462
257.46889966
394.308874577
290.683942417
754.858320804
833.999393619
338.595844672
457.833460332
237.331024902
547.55774566
470.657750632
610.473642672
535.091034595
351.051737552
926.979654186
331.230621458
781.03318028
719.466952292
100.707240553
537.924933539
124.005480305
545.508736128
739.685469687
171.745077403
918.807184006
417.624651099
789.174210632
48.3592680922
59.4897595443
475.461689799
609.270338885
811.601062508
892.446858264
405.249783863
394.641550628
886.568389825
398.997801677
663.446222423
289.206502299
31.5522354787
349.518609531
776.129654534
106.285342481
775.286289512
414.509338209
128.500293893
287.392717718
161.003796405
275.740600613
731.159736658
853.135452887
335.290452965
379.004324381
431.457299835
954.12315257
57.259134034
849.637034761
958.114606363
848.419582337
568.378229722
944.171397979
206.280315677
32.7032055205
750.424952988
375.285546884
313.045651692
853.681421856
872.190715305
747.00712699
314.661863791
625.094396118
669.854191482
196.52051078
377.016042871
140.112457744
648.83344001
919.382131367
437.76087105
586.956986311
958.621863944
662.234329152
868.281815322
869.255849427
117.341194454
647.461167229
481.549559822
855.587813458
407.997633606
472.534325059
123.270339395
680.937460044
794.193822079
634.961721409
773.465999782
724.184319256
800.930132529
76.5565325563
223.811980331
741.043466815
981.22889014
443.631761929
284.451084863
154.064761552
90.1405051984
12.97577497
57.4333179131
317.796486558
239.237421327
106.805640957
122.731125422
795.955831654
944.143412631
392.75333786
53.2960694059
746.420785093
135.61983443
28.9392481183
395.031391649
119.861444754
818.646000397
855.866329259
451.917119809
96.4609382511
946.716727877
516.8263965
808.120885737
508.980398293
690.56594462
553.508854186
743.026302164
257.463617577
591.976188831
44.4153661828
349.858000231
756.117965032
365.503993844
641.733601714
585.26800192
523.524343461
926.249238658
622.384097412
883.890791277
775.984849901
435.047328711
553.191908548
163.545576616
492.060176448
257.913134684
994.233295079
340.728184447
753.085728523
701.786320976
226.861285134
12.2759691563
735.568928551
689.971143528
621.483552658
937.636180732
224.736142297
782.12475663
816.266838959
689.474320915
129.800461847
441.646742961
383.455210013
945.563759197
34.120773128
858.52491788
528.838524833
293.309339181
610.117658169
83.2352724402
667.175482898
851.314994021
403.425721879
774.418023276
949.18793859
97.7464895454
65.3493736416
511.17187771
442.051324984
348.028004535
42.0330099285
561.665386398
919.670368765
360.493836231
193.349476127
8.42971895175
940.466913659
654.536884055
645.125088695
208.775086032
312.356570067
521.170077279
671.837274121
59.5382221241
805.724256997
799.562981106
622.909295992
198.048826784
0.539592997266
536.381216034
730.338822626
253.11907156
566.929302833
513.934294857
136.347221119
20.5607478674
9.8965243684
686.493899676
396.98884632
948.908037474
623.815481097
921.220975844
22.7810128881
859.762143212
490.263867221
477.462930911
715.516441514
360.979373909
269.783456222
620.008904149
23.4315241339
651.516747999
732.108146086
59.9444169272
111.947727107
280.489333803
998.762556025
811.050010754
626.572196071
668.185743644
221.027187643
161.232164143
180.928615993
785.677088222
498.071661785
366.410653863
849.637158703
820.450891604
309.167580336
594.081615031
249.665216485
763.859005892
471.072852189
382.773534965
317.139295554
709.822941031
915.281172952
521.862320746
458.033623496
90.8388881876
753.801492132
426.487975747
343.041167034
543.222845457
416.362823819
611.933481946
204.265823493
874.976808924
455.375601536
289.31382461
127.027212558
283.228503081
770.985358829
744.62977276
662.495360593
8.18960194654
877.361014542
116.265492229
947.612731318
480.911438035
122.938093429
199.380374361
44.7782067083
26.4398531207
504.044241903
452.406708667
880.143802065
435.7988697
413.213901774
364.845229113
759.048990733
263.153228977
360.902260523
453.275140348
923.226349637
868.064079289
57.5688191435
278.725134918
596.749090709
719.04606698
174.875620326
433.980458861
596.60090257
657.03523485
659.887672103
991.768146395
961.087540779
306.039934302
420.592404261
837.45638122
898.006857954
211.87906682
437.403108719
386.46352349
891.572678745
303.846769188
1.87456070998
213.220420373
907.366963928
942.852093498
85.9037097836
416.979144482
260.555809194
571.396586287
497.924083815
32.0249696806
223.440844771
20.0351331166
332.890995767
776.625850462
737.038463979
883.288365963
579.370518847
607.637731913
149.121117942
740.216376681
349.218528809
933.830345096
831.797340889
842.937960697
819.733943922
513.133585497
719.070021205
917.898390061
847.978217827
755.020338652
408.559885669
582.581712436
14.5584807706
878.653796624
423.658385542
785.476691467
15.3079177576
348.548904564
713.219210737
828.474603078
408.676556484
149.89447567
198.771342063
585.280105437
580.5534492
303.21371387
960.893296807
295.013250195
77.8000927426
413.873026469
853.428432016
665.22701589
260.700029503
469.758611235
909.168875281
293.301572863
981.611749152
833.699653535
838.194010913
807.496055204
65.6670216782
327.176415764
483.684517082
594.45533645
963.234837362
962.443416785
65.1493218523
868.830052283
775.833156339
607.288358724
128.821964709
36.199775437
398.841572246
483.905964672
932.701663743
717.696266156
723.037395048
258.10491515
759.084602009
165.764334781
122.443935212
125.843613738
373.174284663
842.119149722
135.163332599
895.053941596
625.00357469
486.06612919
795.485391393
677.830154499
617.562277408
666.414705907
698.138072649
405.270024144
391.02136096
78.0409641026
822.25267684
538.951368677
653.069858186
389.496720753
710.740005141
373.14474045
556.467988116
633.423943015
740.621138913
960.470726549
998.469289736
775.058859061
899.499744742
676.098876375
443.45781788
317.921309292
709.504327826
665.652564446
85.0317641281
905.156346249
623.030981016
713.503866505
117.960594629
372.632713603
906.785823825
822.964091531
735.04397194
965.866444329
485.1775918
611.383972423
322.277601694
831.915330316
393.143697789
341.371183144
