544.124708944
377.269706146
109.025103194
131.094657238
724.304993112
358.606235561
520.035723461
841.992343897
686.43690547
588.932427476
883.082424364
691.0385922
548.66419201
11.7861903722
808.399511556
215.265870926
445.803962841
920.893010392
403.232322959
535.36489738
497.756584932
400.322573852
785.171864286
237.140520322
189.21081031
106.23156639
672.01851962
870.404040422
376.257851828
250.219829446
138.704637407
468.926359214
79.884865998
237.232803683
677.617603801
154.009946816
630.729394643
687.263839889
975.6081587
487.692441105
107.045834439
412.164542196
728.373854568
67.9914091684
70.6860326297
298.649249005
720.674738315
545.555134441
194.109009331
759.775234848
941.639533362
62.2241345052
754.942571267
655.32096248
303.991568027
870.620984284
628.313921279
407.132054348
386.160463971
257.506089051
895.50196046
388.018071098
788.435106045
189.644334049
291.950182008
300.048001144
135.166084032
956.513638895
247.353807271
874.049088319
165.679777589
404.873047554
979.576151125
712.726242485
651.960258626
671.315478418
979.615402803
642.835310443
103.118408229
162.605154281
364.902551745
260.044562126
967.693063017
393.152128961
516.735823082
53.3342041071
977.440857646
213.441528587
948.577483097
132.096799326
690.646098282
688.096883904
681.202093875
841.061003225
425.04208525
93.6544432829
921.376428246
243.458668194
335.028149344
105.257897577
522.929637474
487.709283355
476.555537066
396.962784575
260.088945374
900.285614067
92.9391575563
801.9758287
227.503531243
813.565956249
863.449798389
611.291726814
646.320766402
699.173186614
779.013644818
604.745325562
515.363789553
19.5843834412
457.375530592
993.758720619
861.789256774
442.280193221
302.188636605
366.949533
453.676283192
438.956729252
873.435979332
606.603526131
22.6413515127
890.233796574
757.537750516
149.684312545
994.734343048
957.820612874
144.716388734
675.185871137
380.863831658
820.955545728
114.376176013
49.8844988467
300.09712492
750.068606794
185.356053928
427.18120992
864.273385508
23.8954175293
652.583090354
516.303338122
903.243108637
299.288820587
584.017625641
456.26210475
130.876902859
425.954968276
709.511586462
57.2934503267
894.585703501
23.9007649575
654.295936119
909.351714733
921.674718004
826.076773801
109.849507931
408.750142413
161.825375671
571.207069568
824.120485884
166.792855913
313.504197835
350.42836104
500.274767317
698.08946403
397.139729459
773.539171935
585.069752047
26.6824273937
416.842995421
743.113891226
137.235962371
72.2424872916
461.321692352
195.468766581
568.068290647
104.226224348
32.8670344175
131.111390263
49.1106096765
475.7152098
829.244363892
665.120756174
834.251900025
414.121219774
803.991729673
366.73018907
791.252738616
621.777456957
859.528764888
784.582629795
336.680588891
700.134216657
953.193636971
103.386302134
930.974494935
4.4978879575
635.997115022
34.1531177056
251.640731099
924.119341346
420.438796983
909.84338306
400.314567967
987.340921478
246.040971637
641.624642983
970.966614894
142.827134403
952.944206991
352.571068029
947.988000271
398.531237481
297.963800028
261.750590358
853.1758612
231.682387995
167.700048719
902.976071364
670.597390554
668.502888289
8.82849941479
18.9445851671
7.92589590831
289.780320199
39.4374852558
763.067685745
918.676924896
91.704190854
195.704341806
642.868701831
190.741932463
952.957132454
399.098047148
406.278846991
302.040784699
257.093894375
138.348702907
149.454596079
785.384335529
79.387426927
497.825033755
755.303394691
751.625340108
358.404495635
451.882630092
594.529559277
668.649478095
874.710978588
392.188173984
930.712327244
895.599538144
313.361084876
386.000730755
14.4711920367
592.45407739
314.449550865
889.15500124
735.37235685
746.094321402
527.351480254
864.254803372
999.358656409
454.469488736
854.80877705
389.645324536
110.939047051
722.492751647
345.706005453
43.8645520572
796.726182792
514.879632847
947.317392573
450.255521452
638.507354623
787.99530489
150.015078033
521.870865847
674.922267738
57.5465625954
91.9277123133
251.78911274
469.910464915
83.2188140925
667.018834234
492.048361082
682.070427441
832.360204127
63.7956859415
45.8554855756
313.930171549
528.921991941
77.716035837
630.512624058
614.236286193
571.90327721
268.492263716
45.389888858
371.672091068
156.562219859
63.3624577158
740.370691042
472.119723638
290.023868554
535.824656731
557.078050217
949.49404695
917.473409354
495.191634901
865.861099804
104.155146912
610.730495692
307.640581711
165.410230998
968.858332359
538.354695286
716.459030248
940.020374378
446.433634707
986.932721229
214.688963361
316.913043784
729.579144402
921.048468688
761.097217392
248.339358442
962.9105983
713.620779622
168.697079401
296.155916099
238.495980194
991.809344
813.352944235
562.073236253
966.039600541
712.780265213
550.677439324
228.526536805
563.890693786
697.611903464
35.4049512164
254.142569998
631.631848745
48.2634644804
743.085118352
268.929440776
946.550687628
485.039886941
934.242629607
533.26008208
891.168197114
350.815813661
84.383100143
239.260486732
481.522143787
406.244903452
916.107154754
497.724656237
76.7205783289
972.492917746
760.848450168
60.710208054
714.551129579
529.264443962
167.00391801
78.5532049871
679.255591028
705.271033722
146.22399142
124.666781214
355.742627124
713.616561683
874.205125467
184.766561099
256.769096149
287.380431374
734.290219601
523.445680599
481.09469032
378.843423652
931.51201179
67.6146072545
692.921251277
358.921617137
86.4400122984
89.0135392455
552.400406373
524.046093651
785.420593346
965.493518665
76.995907845
687.401899681
51.5276630139
690.480058444
286.578331409
234.623657762
659.281188335
66.8700402804
449.760379146
620.260944653
692.747762802
856.616389134
258.389062413
910.238385651
109.966228029
306.461257828
205.967255106
773.729979842
432.917909107
997.024784507
192.913039102
856.200517722
816.035116371
236.582416049
644.678931464
261.257967807
254.031458773
129.357401414
62.9843146029
894.72338866
225.468272297
275.283974122
845.733507313
858.475377
245.071240456
192.610739518
217.264920174
605.79099386
494.61121247
165.840564154
637.102445366
837.922462394
566.978814742
634.838529268
768.031789522
804.221240401
708.60281788
982.589967501
395.545406506
539.93052116
748.299633012
591.099331865
519.463888551
858.431116537
782.116839691
617.207427846
713.901239422
168.69408376
500.786417739
890.533734909
539.304655277
398.756398262
271.83793851
608.713139211
143.981092062
301.028328549
691.09003574
940.482753579
881.59762927
495.294658071
326.210037693
487.820465239
340.632996169
203.757487137
62.8422189562
473.896786347
165.831398697
943.742061203
302.798149387
520.968226225
873.232847134
478.131268281
705.446830017
144.320249147
668.888891001
977.925926958
187.732741307
832.641583063
122.736148619
364.556293177
445.356121049
234.998744585
297.053431632
193.551167473
835.947472709
553.640200992
29.0480213694
55.2663046411
830.029095351
866.001177065
928.587141583
812.40168371
9.94441793413
529.109329611
54.3647863071
533.146370895
265.686183755
886.101718011
71.5564848151
524.258896289
167.482660853
324.98621498
17.0989695299
194.51563811
84.1820633584
865.060546186
697.685327398
956.092826769
228.435177916
40.6541226247
799.323278475
91.2693878763
899.531247421
847.427379766
244.786121758
547.990448504
897.013199588
954.913999048
7.869725905
637.414945708
618.969949677
172.418973761
765.675453504
108.594595434
30.4375048281
892.899306409
709.7336968
286.804160622
179.140678936
1000.80181047
172.901779509
400.532096153
91.488616249
789.1018224
617.369598998
724.566602082
411.81119893
283.007602151
296.675777244
774.559377182
90.561269144
918.370964044
932.71718113
389.140053211
724.446825352
902.867384584
826.510785001
200.617538207
27.1807474907
384.660631972
627.621952154
32.7916714405
648.627143828
490.452970917
353.367250282
934.965208413
736.143656372
621.783947846
911.75333355
895.193033286
10.9539762996
160.069352795
975.67435585
632.71832855
154.448474258
355.861274096
269.724289439
848.231467045
808.988422796
331.790200579
931.143771883
348.677345526
794.737887435
363.994461407
662.013697851
323.369672121
494.270419003
770.835182529
447.0705373
370.43810101
672.064776641
724.444669525
435.280131389
693.63860191
770.092642796
404.583118616
252.02586215
980.744347193
903.507515133
826.779965532
80.7929788994
37.4410962769
135.982500721
359.789055031
751.869267429
566.645781477
376.748362189
1000.31094176
492.165871151
17.8886606287
546.834510207
232.158729684
740.187573808
495.906910442
265.817581976
356.748509565
211.683692792
621.371988378
563.400630494
14.7501873185
48.625056032
908.864178351
179.197436175
219.024517394
13.2616125982
171.951532269
373.830586587
6.04363158982
951.01474129
492.980765942
293.148202009
223.902222226
835.219839603
791.151347869
148.671536848
416.223682127
84.7871349086
524.276399099
766.630657511
278.934034308
194.971571046
140.600091866
866.454924924
799.325021426
778.406732883
515.16731003
499.038913986
669.869918701
749.673342891
3.48320845013
850.787121473
143.958745942
163.687175435
800.269591204
849.742918636
280.21051939
742.259378156
892.101404776
448.873069952
871.731319537
357.157651761
932.89839044
288.478357509
890.265271923
305.416019785
302.222659812
869.762796036
194.941190608
994.167710677
683.271465276
265.355481364
944.039327955
298.570534604
196.880309103
71.9306962791
816.356489479
123.801678152
882.453447785
831.630816682
733.007024732
998.139504506
578.138024805
856.377543747
388.610245271
715.563136738
369.168973782
572.996005484
217.590802344
743.628151904
678.585970513
169.185974034
629.892825802
797.402407394
547.215837514
934.743212842
322.482217301
228.713080632
68.2662078741
578.365436975
322.141312318
144.867456966
963.383497077
922.473320686
261.193119363
746.486320424
243.639987951
607.171310956
526.489056182
153.558869127
555.89165331
8.40946449558
250.866035948
930.815397612
639.566406916
832.061880851
736.346205013
252.565614835
678.077097428
574.643727177
407.917312697
567.173601003
217.161662664
473.166747647
530.279729357
397.176644788
223.643984016
696.154513736
887.570761245
306.343654237
435.086714561
121.927103977
995.618496373
312.574590127
449.075508731
650.699435711
64.1761275305
163.841992818
498.473678444
411.829609111
821.17910871
111.943679558
439.49647833
557.940161788
948.805493651
913.133452877
757.72399064
849.228441445
556.071067555
158.458841326
666.022712781
753.665254643
784.641160955
527.342279903
670.5311073
716.458883847
245.990460642
111.792515719
885.833114243
607.182402911
828.00143361
369.265786464
555.846941214
772.814643249
675.443224095
495.005024532
767.887311475
571.882901991
346.147002946
23.3173546438
468.609870082
196.31125627
763.218576423
148.687009628
971.024354386
21.5638244672
982.75304116
387.061278711
88.7638082885
54.7565532668
449.906137
857.876027646
591.172513533
734.758761103
266.040915937
167.798260153
579.704783853
163.00507555
835.343199539
934.075590533
110.600675944
371.74454116
113.771175393
548.686686032
311.320628963
249.873976252
809.533118774
182.714410872
350.545642428
834.383261064
540.762045453
93.7846336017
342.126875345
64.6176578481
610.252404141
602.500160838
190.516066675
57.958242742
22.2317768809
672.265802346
47.8835362053
487.578389038
75.9650995061
917.571086879
202.571234952
803.951462583
313.371256952
763.950744912
23.9747397053
768.104912337
769.471437634
168.062738876
583.961799178
921.874269058
346.277985455
730.18648731
595.276290004
12.8014891656
388.719550148
754.457099391
835.840620662
906.422822805
929.633387647
881.85943972
377.885391162
382.646721791
873.492270015
570.405482924
991.426392196
614.039452562
991.172373979
822.466984128
900.468128447
891.000484918
332.459481532
783.877469437
442.487159971
906.21902642
312.536135876
876.305008317
100.407003574
304.376252373
868.754563453
368.620837603
546.150940294
861.026424328
627.346125079
520.541804045
571.024015066
231.273296646
32.9492747492
749.017937537
893.68945009
861.868210178
710.492119682
876.384292087
440.208067497
818.759602218
0.576406667533
93.8684769305
634.923751998
860.006820088
791.769005259
834.974185865
650.023035861
907.695201829
109.754533759
487.169651039
918.845328108
745.683856496
165.069897181
847.873692164
542.846848441
785.66450032
93.1438509891
177.986878301
141.790157649
828.71345518
384.376653704
861.664142818
52.3071159224
828.26937613
308.007097763
331.033998644
599.734706475
427.703735552
648.839261141
26.7344177135
177.058624705
372.487394452
280.584935548
679.845239349
723.69738741
955.616007115
269.130237673
451.337417914
742.586912894
451.591280028
953.775231407
63.4513711311
375.4121027
842.285710258
779.056259149
689.90030347
210.209346642
871.451033357
688.717127187
872.00226716
94.1781148289
47.302565236
709.810600717
315.273817525
259.432629971
116.999416133
308.718853306
425.318332927
864.140680678
856.860447746
90.9116325992
715.586509123
91.3372376332
519.182241413
531.670128766
915.256462858
251.56214816
178.50716829
156.370538855
706.051909751
103.580898922
74.0191870492
113.683949246
125.811134009
911.090299665
309.366166838
723.580302105
261.29085914
594.201195936
546.592415999
702.728720698
400.305432542
904.443739569
370.425915708
145.845938574
259.51408407
739.653177604
234.274691138
719.964810277
1000.31823424
92.7127494302
772.160718749
516.084960999
403.883077227
828.38037886
863.427868308
404.415846105
272.108855015
955.096419009
39.9672372372
18.593206282
41.1796192785
792.229641584
654.851022407
763.74583884
263.835321448
769.668343742
272.971941635
532.186596182
641.780913855
975.504174831
94.3406975474
900.980323397
371.969359029
949.888520045
155.261952947
365.111369042
921.272134144
846.604326593
802.090054182
13.4597914039
545.761617482
944.673301775
501.835624551
77.860566104
345.279655581
78.3805048652
689.484808449
986.149479198
946.086364759
814.868182482
513.638977352
268.587250876
213.878997545
650.39015857
219.250161526
