555.57399175
127.710900974
310.41711635
239.673505861
880.46223163
80.353826276
127.809552569
660.917379617
24.9739354212
754.153082152
988.19739638
175.465632422
511.016612624
38.2335349473
189.804663381
183.90807332
904.748169369
569.862295821
265.246347326
929.323000953
871.32167713
988.069945647
894.933178193
155.529462157
884.182761783
611.007850978
794.915399505
118.099388771
270.440449005
364.599857326
328.271250106
30.9224357054
260.691735211
263.588119406
45.5651897307
259.22517939
725.916513067
69.5433152691
471.437322123
975.303382054
274.094943813
145.304070758
407.068041573
768.892813985
605.191647761
251.733457944
353.591177827
501.255289248
740.861534107
6.24929308389
536.115430188
93.2933914788
698.684453053
128.814787005
823.203390259
56.7660830538
948.547534783
137.814511862
73.1607735648
572.669513881
339.989674956
793.394540074
968.37226317
572.495957827
970.072067426
508.175545756
787.775195373
815.608663166
662.393218849
505.111642997
164.768030814
699.481324116
351.65874872
793.462095834
90.5652623363
539.90873199
765.300248679
25.4711426888
42.8173968735
380.666519837
620.372601446
330.207419292
875.239697794
171.23394405
281.982308335
999.000242352
268.659728542
827.483550702
980.546769604
185.610532206
588.260105802
770.363987096
408.683752185
363.811944835
913.407270551
737.58342752
618.612905186
77.8401215654
341.625592037
951.172187666
588.935836896
977.371256031
757.314467189
782.740952303
451.485382765
907.17950054
936.643169767
567.798544237
400.939852702
332.770332159
810.620898038
402.245863075
547.840195482
944.196955119
804.360226717
271.805524399
198.550914708
85.2218795141
256.793791929
8.07468971407
920.455181953
732.203874113
71.2392185745
58.6465571724
572.69955377
540.648459049
321.666303665
278.542964926
698.176690726
625.290519788
519.907906965
384.21494951
295.514506568
637.162944007
49.1673743643
123.654286871
547.1558818
355.519035128
879.980197648
974.950099187
937.82645976
42.3747807314
387.476823518
452.066144181
652.127771972
948.27736784
407.230406058
587.037583906
634.432157193
621.351698948
368.995145082
525.053145532
81.3456874806
412.647039029
447.593171279
785.212382492
61.2318449452
935.129918016
173.917897011
10.973042345
907.149709289
19.780594504
426.41352479
506.587438649
890.034387473
854.354369474
747.301406324
363.176022479
174.815878403
114.335323331
591.992380256
972.687828798
324.002890796
22.1418313134
421.1926557
768.954560276
593.99386486
626.443735636
881.845856244
316.767432867
177.639636715
451.612672477
762.150198799
433.685020044
125.437440503
445.176466113
414.378981055
367.646417903
913.000982536
865.017365849
562.113004998
661.317635227
786.696665907
188.580131647
396.1963686
901.592025881
741.116904915
139.776361507
368.231945557
340.510200692
710.134353303
294.684961933
423.239429382
381.645903605
777.63894332
182.124478485
339.014805082
262.440035934
666.472384626
610.61610007
491.189232543
827.93394189
364.732336372
77.1764218938
718.123297323
292.035798358
911.195822189
941.201979955
910.215742102
233.99313889
51.1622503071
276.495263809
651.40135516
842.656336794
257.973077583
946.244334327
58.8984646812
692.8497864
562.452890267
736.06134434
280.390215972
486.682917727
328.378795327
924.93783615
413.023362346
119.240810436
525.443554418
331.598971096
592.79251529
179.672199903
772.006450533
863.682515167
347.401787481
228.748019972
645.496534948
896.21084379
559.464580116
311.485888136
920.12480875
559.268274578
772.172706196
621.840764019
682.888460987
305.806541344
845.21547903
417.707400009
55.9411556005
13.5368867785
534.201740354
293.585014819
164.965579336
416.050970359
252.796658081
629.55681692
430.595538706
581.330346313
75.2158464339
768.266505551
544.80328656
615.257264291
17.866005437
227.34446181
985.521979737
134.591041381
778.971483088
765.226320372
9.58709391674
949.286277042
294.354586293
296.433011964
518.527909554
803.244690581
442.870933607
776.5521101
811.145795
156.208179682
678.769371023
521.730023173
824.258083497
309.363576068
242.271258768
580.854188755
918.291849464
631.65213973
2.25734145251
212.967296578
819.023282358
407.493599144
659.171852915
147.831021899
389.283656737
211.453764179
55.6790356567
561.081930646
551.043104756
816.287068312
227.384816184
513.908365521
248.862817919
373.856163047
694.146972132
161.975609754
848.064473728
209.839562345
388.617435047
477.132739353
531.512496579
92.5395302013
946.83060024
523.108257927
900.483424147
365.891785036
784.658199179
899.319149516
913.891671921
165.942248494
622.861101277
417.939765254
948.290759703
768.174896602
34.590185167
138.769623184
731.654294608
212.081252429
623.707702984
370.946796433
541.571464288
817.071160159
799.019505819
105.226935381
310.953578153
337.943353309
382.131853789
564.998308609
320.726057613
898.148970859
418.692094942
301.871011326
258.990986098
508.249117169
232.750067864
43.219875757
769.620904672
92.0601109249
374.484945732
182.294484755
507.689313769
501.35458215
331.459894145
653.535723119
290.596318473
157.406908181
983.255527726
455.778092965
9.79528537416
537.547215368
58.1071566075
769.554731824
127.501104748
501.83191672
477.558850819
836.543373537
614.68918628
640.486792329
479.410207137
874.664839136
577.302943168
313.812776586
435.989062882
525.051649551
746.221916021
858.963142192
366.056323492
127.737529767
115.422595773
288.017976934
87.2850322019
148.62218231
220.052203879
245.274184055
985.114652502
143.730559203
15.5103675178
604.806809016
182.683823867
80.9323368852
752.042762262
494.626825004
172.863586092
903.956488578
189.609862326
112.872917122
798.360002114
85.3645184635
536.951532279
387.460851763
895.297696736
188.686015337
623.93581363
672.001632267
669.794812946
370.00736823
496.519192734
836.29071635
943.932388284
78.1612894625
782.229484261
649.873805319
894.433371451
955.055141076
282.853881328
122.232399851
783.087370474
42.8131551261
177.490741038
836.21961534
56.6525278892
619.901400727
159.959077168
904.863831385
381.876327113
984.672147495
73.9411397631
422.646026447
959.796175899
728.967742365
978.046964732
774.99433618
803.359080392
655.66898368
346.613432995
774.220031331
207.262086795
366.874685298
354.957888304
239.87889775
554.131356909
217.277254685
699.940204287
351.937599727
978.102128049
390.9447452
224.543379447
152.844084076
251.09771822
715.448376922
255.90505088
465.881042235
286.182962345
634.392926533
287.399838035
859.313755916
693.942410863
144.524845037
453.663708043
148.631798072
98.3535942992
906.18224007
739.20833025
570.991137524
289.88673764
387.370659966
838.146060457
542.779966272
136.008286065
466.542279946
868.037327942
820.694668917
417.527027509
168.950527319
638.688359843
338.646731764
383.576920593
182.991337383
129.319520258
214.33026564
511.952279826
331.772881768
783.738350191
769.184060143
545.063365143
389.164281225
14.5473512851
49.7877792515
645.42200242
512.583964591
137.588138959
718.634201738
390.400113485
980.215490288
661.952833091
546.485842121
141.87686881
209.928072135
318.5474352
274.824198147
88.5347970155
517.463585555
690.415366708
153.433514744
173.034491305
616.971799458
449.294811808
344.582626717
242.789265154
320.689871938
790.383754677
562.761560111
811.611624807
397.482769353
964.157780734
424.58685775
346.520052849
874.135615883
749.231855301
9.15437535265
2.10872265344
474.752282663
538.018796946
492.999853303
981.67991392
202.143701278
244.878980426
663.066700904
585.422323027
390.54184939
803.204965042
805.836401417
523.754864729
239.58587886
399.274674206
42.3876199856
467.177638811
636.544441076
918.923304255
93.4053280101
373.763247502
296.068380525
760.272826417
31.0129303065
652.348394557
709.381781959
441.391604481
235.64661668
545.482994049
106.858889568
159.173411305
322.523817498
947.392747634
629.582396411
755.464143929
861.933669416
197.285343859
336.556558337
25.9651931897
514.849441338
51.7823476684
650.960061229
905.755614227
607.382428251
709.575728101
21.6847801444
952.631571392
779.705220748
449.555318512
712.793069711
324.083823078
443.674105685
830.608595359
973.840116127
338.611712402
178.366198149
458.692383378
346.950571059
959.921172672
785.283901873
65.0092141828
978.674846672
348.787089888
606.689021026
157.957669545
556.036485253
420.521187035
255.684413337
5.24926629757
679.048017954
334.186248612
387.799224481
859.33310943
464.106706138
466.901390209
670.197007505
539.816390612
723.41457449
632.056882665
913.470147064
463.150814336
732.733008827
420.619303948
689.414655769
448.546025068
510.064456013
954.837478369
124.043962463
192.523970844
397.425665199
309.044561637
761.137454335
856.014519253
195.471016463
387.616943096
103.93216762
356.776379892
278.410655434
790.489667421
938.973523314
168.665506331
51.6538358685
643.24024283
882.88473394
704.848537389
80.7613633724
713.59217799
507.372856229
781.891450188
997.514521746
755.230821145
945.435640504
664.173833653
469.899621748
609.47580567
1000.39590146
147.185223831
951.520484847
502.56352096
623.635107794
230.152181042
590.369500157
600.868973941
41.211461994
941.527625133
179.009370288
724.942311417
670.972944751
807.492265769
545.555658084
603.095522923
808.742102154
122.562906052
99.4563479993
424.618547859
404.764339215
191.268940096
556.408646147
106.046667381
259.961406713
20.5531989933
702.252238711
585.646616044
96.0950612111
927.941300502
679.294400821
525.427458378
194.611592215
846.264310075
873.639912909
55.1458607305
603.163244987
426.222140674
852.404527842
212.712785807
327.772486172
279.336322519
832.70827544
600.94846009
283.22554106
987.405982371
449.213481497
288.469007429
846.683476595
191.938698128
196.76932935
989.625802438
294.075595864
654.71027283
273.553983707
686.218799461
95.0636264087
41.19479269
753.020732839
955.603734336
140.362467725
377.830303541
262.674443141
405.866581893
879.09145176
302.230227027
104.643211409
414.869783155
897.355402886
392.45509624
299.106382338
395.919776984
958.037036917
122.700384288
433.928221427
444.058304087
994.921777004
763.913923051
64.3050678659
497.05936732
439.703656316
104.044922743
540.972272004
530.181652123
274.650533184
248.33823681
192.311099388
219.826864931
385.060940614
912.730676406
760.607567497
705.025784261
153.032079824
724.815548824
688.471441302
994.133618889
816.103417156
285.935548629
339.195410508
861.309002574
803.468322494
887.176718582
856.112600662
558.033090244
226.193645287
374.223152567
207.497331386
254.390823567
641.292923027
385.967061271
294.438480265
596.484347881
164.566320141
929.479404678
403.251342668
460.358232338
350.52010757
667.697335557
753.599101923
99.6507028015
317.274896989
43.6977297932
91.4309575742
288.724660016
406.97920584
201.431541351
656.086408151
151.876602592
429.435769004
145.854366042
569.428151698
913.993834586
701.488643837
342.745164627
196.179867692
464.311335868
70.5960271188
714.288196577
89.5956323046
82.6959349866
454.6239748
755.723740083
384.528963165
105.238444798
246.994193117
517.720991601
749.076773529
32.3845247311
228.651009669
203.614670012
678.507795383
992.192190503
244.379289277
194.722825685
81.6974579022
641.28598257
714.678945727
202.034984999
45.4080425413
515.006976295
437.975595634
287.857010108
45.1254979128
809.843923413
528.534325792
535.09388413
333.444538709
103.650550147
731.292008455
384.734210525
45.7955571218
638.076738828
611.33947417
177.783050629
549.185553513
655.995341168
844.142747489
863.746770495
466.037047929
474.314355325
2.824862457
349.62801152
131.566286491
304.289300459
243.364131172
527.994774406
666.169943635
186.65963895
721.471326664
68.3505794313
505.656008557
526.620244168
373.678433976
56.4269601953
877.449829811
885.943691407
499.963569134
700.820665506
356.268007783
866.714008447
573.866245078
455.40903198
599.896985326
209.336643139
616.221909611
967.045303769
260.732715107
348.231415043
175.893587372
661.202937991
260.322426539
262.28461357
298.723190942
530.133994106
152.136350205
793.454360783
967.216431834
459.459891506
36.3364449519
180.22986878
17.99126181
513.0746672
359.498710239
368.501383252
791.692030422
631.66551035
177.4304274
294.332722915
555.031631175
638.105553049
693.038607027
756.326508588
730.487969542
33.4797092313
777.154297484
958.352565069
805.472120943
835.419258385
353.55206771
533.090042214
924.971613211
484.594130692
267.826806336
407.213044697
622.08958066
523.571647376
359.887415336
325.531745791
652.715202338
904.97063478
627.742625905
727.299419438
926.038479089
741.782028326
21.8655729654
206.143992171
21.041733909
203.447392609
193.22240776
28.1857253474
586.770346659
574.651885914
543.857042256
412.585721492
228.566569847
326.601500906
276.810220855
902.975477898
661.105308811
164.857011609
619.546736018
892.444749948
609.970553826
314.41419616
279.22379444
73.5041097981
428.206309655
131.571423099
970.951275856
986.96322613
660.723372897
768.402964698
667.760475483
58.9958148128
422.305572325
97.303469773
791.26775442
317.778953871
218.95855932
674.952326985
352.941629901
66.8520389705
272.854558116
524.003567706
554.620211298
873.681101282
275.228468453
357.877994637
390.164827895
978.784004685
478.294827417
206.304234333
490.681044687
595.150763358
361.862124883
621.497263219
460.837345105
6.54018239802
819.805433678
888.857988731
662.619736268
323.064701073
615.3852808
351.936671867
884.435443356
957.046858351
804.138817987
221.257111438
858.126987029
605.484698556
972.572965953
302.608455188
235.003754615
738.200979833
19.2997122763
490.430344443
76.6526396008
416.432349291
891.489753146
588.196055412
10.9745724346
693.173420535
860.943101871
510.106636334
950.358780795
155.645533601
997.600956035
73.3825648151
549.576102012
787.803507838
841.763384209
589.707057579
672.646799424
372.843775796
233.622177548
985.119025839
42.8584510908
215.644461369
690.453423931
342.728569936
457.836277274
518.180574585
890.438048891
925.125251322
994.852941073
179.954012413
960.853445356
88.6173389445
581.783310805
