383.730768856
736.643574375
740.241342985
741.707016574
385.542532319
803.026618553
718.374221322
419.78273153
974.175417821
326.697507985
947.911576257
706.556776532
776.172317677
483.937067687
93.0504168171
998.543309714
963.912930644
656.674913826
383.401649216
264.507416774
312.610538169
48.1117950644
118.735575356
926.001248607
758.355656766
120.037213636
897.972400201
111.529289889
643.39984817
749.426748356
818.294002786
154.103315675
303.116384576
64.8883278269
36.6116299282
726.788598592
594.653561441
207.575136097
45.0136028432
39.1661525212
268.951895091
144.115809544
109.164854905
920.906749963
167.639022282
403.805440824
913.624549531
739.174335827
1.55459813428
254.754228453
402.115818997
545.027460387
953.940243061
975.857894629
630.927774589
921.119984643
17.8604929666
841.482750688
772.972934199
345.582287825
236.937940988
881.544549928
176.157253528
676.617956622
981.547961903
860.094969512
246.829851289
786.425367834
686.398218391
790.645371265
441.080613516
129.768698901
378.063507543
52.1268627815
795.730563232
232.976140954
823.672010623
418.340340869
135.868601701
905.097755895
434.190037928
257.622802872
946.684256477
483.282689722
602.051230232
356.385077389
386.781778574
665.569509948
512.87874211
520.24001415
25.8511046785
497.695283631
898.795093688
63.6521145809
850.192532111
508.368821199
130.967138332
216.771612202
826.689802088
412.11860667
974.189650391
903.125426484
788.172503295
417.839247684
635.513577895
317.246616649
550.209501856
403.212027377
460.298852291
590.586427093
147.752532539
179.514004056
127.543634717
845.50272786
558.268854317
205.794093767
56.516671439
275.014237891
773.485353554
834.449971037
999.702315589
819.62214982
488.580630145
37.2410712939
123.877364109
533.083174284
971.562182963
93.7017055288
865.196709335
167.626150449
600.453794953
830.983324384
692.639488994
635.207877332
200.210798186
719.154700197
996.725056787
373.503701388
937.370742654
83.896050167
546.716695053
646.257534747
756.515980907
939.706354746
206.194056476
469.892591129
773.008769519
940.754494514
991.477616016
623.056862363
307.006766871
923.699665033
435.668776386
322.941487153
288.865706388
586.813758059
829.379029601
706.952859149
47.6955223867
695.380187143
573.717239497
691.617052904
115.717980302
671.563863173
236.233753989
804.934421106
698.121994864
560.148018178
53.9749535072
702.250805792
343.04022861
214.823237275
843.89343573
220.381547105
561.379972785
628.625057412
40.7864763064
463.490656076
152.764625321
970.68879441
40.0074263153
431.682584382
387.71186127
463.036727026
882.286735137
113.512431414
14.8758502201
851.073260739
633.18763005
996.592692831
432.700970147
217.320350974
99.0773037012
559.569946617
547.025152831
644.785973552
952.309460079
413.747846561
999.536962935
344.871498206
509.593743976
885.10002269
435.101216944
971.686768656
156.820223253
925.56822988
109.084099861
669.273213842
539.491693597
811.071232833
671.797639667
693.16217239
535.931769384
653.883126147
387.793556367
102.688950431
826.929575886
890.278272311
126.477191213
968.244744965
369.107711394
685.383494089
276.389202737
182.204622891
310.506466228
279.25052341
593.665506658
530.205895338
21.1458368992
644.092718859
800.196258946
584.306568279
372.327408971
344.368347014
61.4605777194
487.83504798
779.533729318
241.621722769
141.648633109
110.834314505
537.338257194
272.17445107
729.209842436
777.373704344
603.737382586
173.005885306
404.667240406
862.219817535
121.026634121
326.172466104
585.940531032
794.576142284
798.91718837
559.541173317
779.61946058
950.427114125
584.54593047
206.302002902
700.506156556
390.955980971
500.096312564
168.00257504
164.054357307
164.989021073
629.374890299
271.077804684
895.452092001
315.592049558
857.053458485
755.207085273
374.656747674
44.5014521903
715.559783844
378.133822691
436.043377293
266.054372245
409.255983503
659.641658652
373.010304751
570.693432084
14.1238560171
297.706115164
226.339704922
162.807708359
703.480252854
270.228428484
102.689791252
732.170696323
784.805675356
769.259870708
281.688619431
703.350038342
652.751005807
339.791792027
320.303478537
171.1500666
363.529418593
914.97984051
861.437169849
161.060547234
274.947934724
506.58028303
59.9293558872
748.289582882
869.916909016
161.257365434
615.557995043
48.5854698761
943.898290513
819.273214456
988.200986228
180.972604356
316.712139725
738.396227761
927.250344515
269.710418122
338.737642522
27.9663849185
653.555374962
822.393598672
696.615155217
197.583500699
240.294189441
319.814729059
770.732417066
296.163370361
975.469168583
70.4364374927
436.205695346
650.922839309
835.959370139
743.754274598
383.454222407
957.887450811
482.841929756
332.765978676
504.87729171
729.817058135
880.163834118
906.216957952
338.983655808
652.882597319
150.758026199
459.649992382
399.599390364
653.095179872
144.429624278
423.990564452
16.3083317925
836.587185669
677.318089248
413.095878785
484.994973203
497.129940458
849.852019219
376.35904248
107.141137554
853.815735848
70.0601646564
171.325853821
672.39906833
562.036091775
677.734607288
273.16188711
847.784414685
251.826956957
327.182386181
159.747220909
497.177851505
696.399429171
515.903761684
171.675607981
235.179733785
508.720141165
258.7777459
360.306463775
548.38300356
244.038749706
544.417880788
181.875163851
138.909788194
343.606616725
579.085543407
564.1905328
100.590382955
157.297102872
790.925676214
485.358478906
878.474634509
767.402269798
819.167629604
491.958255425
995.48479205
67.5539955354
688.185311161
861.758200152
422.368028991
856.646181569
261.17514331
710.601119004
172.33463896
677.392112238
268.230030645
972.658671078
645.219124998
198.192234684
85.1533302572
342.520721546
97.4823595818
50.0461195007
919.41580306
211.392083045
553.123866062
347.148355467
239.809181279
335.37971937
210.969889994
95.188518385
563.48456819
60.7868491604
855.456290528
386.988388947
330.433684654
4.81451204616
852.564274104
273.437729169
347.57222069
232.607142722
329.492641667
246.64308734
136.289749542
593.40585725
957.552179117
690.604069451
2.97635747843
603.322798359
136.669660301
243.184875141
919.960841578
701.486546444
501.42018424
881.864063833
24.1749497716
21.6255158965
1000.65653474
141.631753898
648.642849444
66.5031850368
433.060660827
613.066080948
574.172659999
33.5641315037
822.185830457
608.227748172
43.0908684954
184.617603937
374.94522868
28.4799563873
235.177870006
322.759340207
692.274164002
860.708542529
567.515769217
490.070325264
796.290515807
652.809922035
850.676626095
274.448906244
609.445784121
480.138039601
127.209486865
193.812657671
34.5876485242
840.284555139
403.436095426
170.356902131
703.463018768
124.404504525
662.921376492
238.935585875
937.15765328
608.561268893
947.014358107
536.532597212
927.824627624
173.93261491
134.284656283
433.721270471
265.214462227
783.760877874
585.268364451
214.705384377
33.9804253633
349.007243888
527.294295719
390.555714226
192.438472877
58.3066132198
525.977482847
189.981699558
992.855975439
195.027824628
365.345444172
246.55995929
75.7891096772
135.491466557
196.897699058
985.044787715
417.313039534
862.677065067
929.138654972
981.55467497
839.322304618
765.804557746
889.220951583
360.428478306
67.6620322064
109.666465298
739.889323956
172.208195795
367.438981253
990.238516703
255.60077043
197.640282132
919.044251411
754.00324198
657.012925029
23.002366491
5.84142845001
65.081799567
594.649880327
947.805602142
964.279424584
862.502724085
257.353010622
914.646484233
279.096305505
369.812813455
363.449344652
63.3361884823
67.6724515814
572.28553616
55.9093290619
271.43903621
229.326005596
8.50863994219
240.887193993
91.2994029503
488.077808297
89.4001278295
320.951775166
846.646904468
192.654189798
165.660112693
913.761216614
333.754726477
484.529254307
862.48367909
574.167980951
375.507886747
307.894570658
795.488631399
660.925903182
94.7201772662
816.875084191
639.117348583
939.426319174
21.7044644534
924.662251694
720.986167539
526.902606598
24.3539727819
395.223860097
772.760003293
833.206073902
899.369885703
61.9776855591
223.562611664
570.928418585
71.4353150029
660.30740629
984.059291079
423.882772042
831.679329648
836.391057633
922.739587384
94.6131964122
744.154804765
934.149986957
61.8080728657
538.294607915
630.840702875
662.647814258
757.854321152
663.898983314
517.551410929
818.366987354
671.208560023
385.094477253
327.526405436
908.114191635
489.430683673
829.324950644
542.028281353
810.088129961
568.036998509
607.090177527
395.436496615
54.8206471084
737.365888157
267.642342413
44.7215409502
59.3433320161
617.272501108
552.952858313
162.272674388
689.648170136
273.651666652
952.330776314
962.762355651
59.8916275576
149.9551959
98.1017650325
347.761441646
954.949797692
752.056986425
871.89250475
881.184528592
160.277274463
841.661733584
615.238577983
843.069548633
62.7435337512
166.824001275
152.525916369
511.994136044
831.142185454
372.53111595
677.157498657
806.525334728
420.113955862
111.000502661
695.756102793
631.345410183
805.948351037
58.3106096168
780.101647383
755.119832481
232.740417642
236.722197853
960.858287027
190.662447679
484.089302688
383.106812705
107.211842549
169.875684214
958.685252253
224.093222614
148.427815926
528.514669944
929.413169729
121.108333079
973.164223878
124.70912695
442.80112474
542.205879122
850.656951934
760.674054412
738.563075805
45.4996342588
590.848407688
897.310291679
950.560552898
570.334339378
735.026472486
494.112879615
698.076080746
364.011785655
893.441002074
37.4416993412
59.1957957758
737.728824279
490.171821819
689.213566719
437.579782863
247.569219203
32.3201623195
562.78052863
44.7955780595
335.092956213
928.939648153
315.410301411
740.095257226
35.4434170328
494.509313754
516.131650707
169.787827775
160.096526763
521.535685302
380.388447295
265.352374377
159.364148653
701.658379847
341.426084843
0.0484703383691
232.45722492
200.754710703
189.472821298
420.885392301
763.166558516
548.469480202
667.257793092
5.42121951634
160.930555074
385.187364108
181.31102313
1000.47610737
368.292347705
834.888358086
975.248042404
545.360664809
880.0721631
511.511937648
250.222132294
464.892724641
345.001410466
861.99878507
974.442658146
885.820781176
192.345385506
139.45633335
712.477942291
13.2113233627
312.741930934
337.004903996
130.916789933
668.947148916
820.341044387
375.94074366
926.671856349
514.975430566
64.1573967783
274.505980096
777.111500669
532.480534243
248.511844032
80.5949706078
367.405268708
611.877679186
77.8161980221
459.178060134
264.332767152
380.307112245
676.643240094
935.816115327
406.402837326
455.906837711
81.0138200604
881.664501052
216.246996416
222.163889716
762.51075371
15.4409727644
932.008563982
535.883318479
788.721189591
918.73843377
181.981799121
305.919475385
72.7144336331
633.836310763
607.357419929
547.350046169
100.487546807
544.842426597
405.956713056
485.081141523
689.51300787
119.921342281
903.302036654
722.46433471
859.716825577
230.663932444
794.967366875
692.868161903
341.920728765
750.328586749
410.677254709
442.472281567
70.0441953773
803.014110907
134.6508221
59.0282100683
726.193142778
190.555091286
734.508452401
302.978069496
368.039919653
839.840787334
855.429046546
91.2931848022
496.458410739
85.3116278432
569.046943951
143.443368458
97.901101279
766.736046688
211.522186264
508.623831069
948.598912187
835.771682386
435.983359256
794.294816731
751.144520634
977.122598173
496.637417162
277.969506492
414.027136928
664.683933923
838.708724296
767.991176472
712.237273824
668.658099946
154.654143862
738.848899955
730.575122167
602.806495918
103.23362684
67.1639624955
720.128096995
398.803579666
307.59496251
890.155057037
686.017491157
785.032195458
818.61502043
498.160904908
634.153621938
582.530427999
297.731012746
154.903829843
439.061518617
309.692842043
36.293835388
531.01211717
9.40067894021
534.137663478
166.093533158
944.206505639
329.498846688
738.930815886
943.605031237
368.940541057
164.641691351
425.871129885
463.443907153
287.672972183
55.0510925163
701.445869901
782.316800376
322.337510274
710.623524864
400.758883377
467.990999664
832.289630718
245.317750804
954.840647696
204.413638491
482.307066323
872.605568232
918.565749633
742.330159674
1.32271675815
524.125787814
735.607459628
260.492439861
680.019381593
243.408414213
115.535900173
820.000082854
911.056901676
586.052508057
129.491136194
378.753665348
650.682059256
114.637444176
850.204585125
325.007448833
955.754705264
449.856837951
877.673671512
605.710482984
365.750299545
494.770849341
525.030452434
792.640566918
523.09372182
672.831244643
164.783438032
294.557851115
623.132381092
81.7957551969
158.784631259
736.881532138
171.420062137
811.322680765
241.10555499
316.826898034
36.7745075142
612.213033763
519.879752498
287.971896937
6.99995535591
867.087213033
163.234770114
712.401311955
672.112790497
897.097438581
129.356777157
587.786131733
698.7730028
454.210794734
609.489571547
669.282797244
226.240263754
961.41863802
662.788857092
795.839788248
971.66181179
389.494105321
815.256313544
547.008423536
877.558764399
758.741512585
15.6666647532
652.322435457
702.207785134
923.277201218
746.590877168
659.198175851
164.797359709
856.349564238
133.172936365
503.738107667
67.2352082435
147.065998692
367.186777343
664.509116805
673.175073274
547.210200373
585.258285884
211.002699958
587.861769796
674.940770191
514.626772186
457.948596786
515.656920758
735.174955295
228.006234221
895.001790882
827.826205145
434.692196536
612.827836285
316.370714966
538.633515683
61.7574224845
315.162796939
788.641452577
837.1529433
158.180160687
745.638003366
224.483655764
188.158509868
46.3161003603
951.89229718
563.929771091
167.798854143
359.728804905
346.003798245
72.4535583008
123.245187216
723.844844896
646.445790131
758.097180999
7.62910124299
948.72796054
415.439434072
447.233469965
702.433246982
404.640252055
688.514919914
997.052415896
594.347955601
492.506072778
542.957711529
643.707222637
826.872171564
324.366162238
976.448502479
781.68323729
