858.389292035
0.0934918982536
568.436144441
291.26098278
335.167064317
302.098742731
459.107630332
599.455842066
74.1816262042
189.228910645
93.9787983803
574.119554461
585.459857553
455.750760749
923.781591109
897.868171258
80.6101768849
950.897686571
935.849172263
616.376130214
462.897925093
640.639984212
829.087441673
550.755405904
930.667990348
194.19871723
771.929575693
83.1601582367
403.756020221
562.521989948
332.64211605
153.739495739
405.322049829
677.194060788
24.2012704112
275.157414901
554.604079752
618.662108764
183.806230258
121.800729517
346.295211701
697.128467484
759.623915809
204.447550824
956.008849371
770.313244346
452.214682646
680.885588014
725.317232176
26.7608810742
239.075253755
184.097163606
745.732513781
57.3658507947
463.072324735
740.292210515
197.643907516
333.927648144
960.465116549
220.032454769
875.351961938
521.191476773
97.0950964404
878.521755608
861.967639881
810.447934692
585.860321589
61.7802473568
20.0633315479
646.415922001
735.914806138
406.518043645
598.365158598
202.360360201
37.8644697753
766.819095761
157.442138728
583.589555187
499.849276704
540.207438647
204.92778697
641.912121378
738.250582235
369.732432108
749.453464384
501.944412879
991.245838401
952.919295812
244.652296258
416.393652524
467.785578803
932.096178638
423.767144087
996.562988851
359.022240122
879.355337813
719.677348139
200.433169192
425.486667611
744.350128562
808.39856502
895.35756657
170.936842186
607.445346586
384.418592706
454.694883781
613.16379499
518.557919889
506.856925826
532.849570694
683.546071309
648.129108022
217.346819334
171.52484465
308.161964902
583.150116558
27.380285134
358.776879968
363.001796792
149.512184201
263.078010242
483.67620575
642.66005142
947.211760922
367.315036932
170.845311845
167.889897249
917.595711776
780.16108683
533.030226742
18.8218351594
283.24724943
361.72134727
680.683967967
959.852414249
516.247875848
609.093079581
340.359918013
221.668365997
77.9200557015
91.2062353905
52.9254092906
30.0912400811
729.848031126
280.457087479
199.076031933
616.468666285
944.949573325
790.03687624
395.768347142
471.529605382
768.944052993
894.771703019
650.912076658
224.820067954
135.514793498
199.067026199
847.044962061
919.01022422
942.717443046
520.824447547
318.80312253
935.651160527
548.281934061
375.098904761
795.794083012
803.646855826
925.251977709
887.495143302
577.940907028
966.562986406
261.410136423
214.097189032
72.1169544279
669.795081436
394.881148371
194.230447624
194.791843121
596.914638417
731.564039851
485.765191223
184.650992774
545.750035734
686.707819053
516.724513812
618.008776304
419.084294199
7.1383376066
232.195290423
178.91461191
963.773555053
229.799594751
732.484747495
756.640351976
457.861868375
779.737546043
170.311634191
491.454728642
591.845896405
12.1562378617
127.038826128
891.587888162
934.254616757
569.869636719
861.080322143
538.01631263
820.630248164
962.330348057
762.244123937
161.128572699
826.787719674
871.423955998
800.258587334
432.590804875
588.141430594
49.90635502
499.189634644
610.57421181
630.637874711
560.354779657
606.392502293
348.018405627
852.852420323
142.910585957
303.845979224
673.48614859
207.874414751
27.5508556803
284.047572497
100.722177618
598.637263714
473.484570017
205.216003914
104.694829237
485.431055507
191.841909068
802.095889744
729.284745652
540.529524384
595.138819464
628.744945521
151.663609671
353.964054643
384.75913743
954.616600015
704.82123537
825.908252586
957.654867716
549.717057772
80.2276535723
433.869062383
292.934978978
91.9108478323
874.73704464
268.688150929
237.58576749
759.461324595
921.052061628
815.387604535
216.374910262
28.6239907709
898.684669454
718.925268428
196.965393537
485.842030953
459.590290045
318.780363954
553.470391441
56.8666826154
821.18024388
598.856990036
649.277493465
202.750856718
878.28880501
313.370406232
132.231817529
174.079536437
663.992720627
114.361367113
814.244727153
921.879405618
826.373275153
277.151626159
240.315967663
159.215511899
494.918394042
609.273024236
755.85219662
280.784394881
421.788803735
174.752554845
97.2591750852
931.579544564
795.278542288
630.378621189
114.646488292
997.10471383
815.013599537
34.0049208676
524.024216937
968.499126061
310.197941476
858.462475793
828.379517546
541.885453275
394.012221363
520.762837712
23.2087867122
811.927394042
704.732803888
227.81666662
944.624164925
709.164177719
440.615902572
507.353073995
126.294715759
319.309046497
785.638888048
747.312490741
479.284505372
343.890821011
670.213426446
488.044598589
64.5990465417
678.853766403
993.239545077
619.619764065
130.07048451
634.189118732
377.493503218
925.968322508
4.08124694617
609.413241841
712.984462292
269.330798518
734.718728425
134.443977767
24.023481874
47.8845360761
583.536674754
140.905420042
786.910454045
13.9076785564
840.498711825
863.508691432
90.3274032818
103.729276295
971.680686812
198.129022737
638.454793919
71.5693865085
254.601311084
118.315375401
9.96671307504
851.205166889
302.308027244
998.602679744
467.35285783
228.707412159
853.406938253
564.764616566
886.743265133
246.305735697
550.404172764
749.381202652
843.518981982
529.894151419
429.42199545
896.806995522
697.766745876
532.510497615
180.609431413
920.608057356
8.26321294791
568.256230553
451.439292624
517.312969716
246.117029329
734.256232779
510.949437586
141.258550277
960.718421214
365.07677799
203.252470135
305.5799548
495.168685995
86.5344561168
957.324947078
924.29579168
703.067753236
642.651831358
742.622786581
81.5926600773
196.405628889
363.807916647
196.542550906
105.761628109
800.951944572
445.401616566
300.573716548
111.849149892
122.850120551
245.934720097
725.834194194
642.515768244
100.805961161
411.36879763
265.297232483
153.566061767
335.992460804
992.640914558
61.8473475562
502.693644596
796.349901547
378.652247413
956.894113683
50.2257023952
26.6178932813
913.801704485
32.2606996974
743.705973034
461.983829717
581.654207445
552.268086972
787.303526841
43.0764326182
543.131041286
121.976578856
728.094169404
20.9372629586
57.3700180029
254.386171307
252.34592739
84.6209345573
93.0082380633
784.464118757
773.490630775
386.537083256
884.122036431
466.436680103
692.311500561
564.89818562
896.212054538
923.618079123
338.244828562
606.236655654
7.91897354788
935.975233507
459.004120296
248.538529802
459.217182886
19.3748427612
874.308847241
681.882316492
923.22669164
256.613988227
321.160679498
419.342502803
637.923304128
270.656572972
160.274807791
852.246090867
802.857541423
872.738700091
388.030535737
687.197722522
224.993929402
439.206711371
627.533783132
416.706497795
429.543081536
399.212515428
622.632084737
289.756714068
388.899421725
703.107684532
177.365407159
144.111837575
454.742201896
900.696108653
731.97959923
994.739782956
567.673910769
428.312558401
956.668097738
777.450694944
181.43326228
200.875223009
201.808744936
261.640445719
655.32254084
789.793160199
326.692611829
153.503035567
874.062902252
714.883393821
553.31253177
881.607585019
198.870228857
631.925884106
182.514498618
447.995421986
582.922833636
793.119912045
763.075431678
755.542234096
848.698444668
404.244219013
86.7623842671
576.903013246
816.557776188
963.436471398
880.867126183
177.075824125
588.798910522
790.253008446
549.65792688
353.486588369
417.290948828
152.354425635
177.052661625
927.013581392
417.391303648
970.710612853
853.783202618
205.144582146
569.583385016
43.4369652823
805.646519037
639.585813279
477.964822293
537.011535219
406.896057893
828.627517736
150.777864322
749.261661442
904.324810105
369.851509142
286.906119029
432.293293379
803.656082365
125.55506502
756.684138945
713.313679215
598.143668818
756.308185044
311.615169823
474.092003281
352.614669395
590.924620606
629.662463647
824.063695245
579.612437877
357.099766543
847.341538259
718.065860829
732.71211089
539.734441869
905.55081678
796.979103686
959.689290236
286.6071634
90.5332935442
211.824566449
50.3311896001
789.413369036
146.842804357
606.988084969
62.6393850963
568.303244144
637.67030161
703.28822757
986.226286138
806.432922388
437.211154219
482.436595766
553.154989245
176.039759046
734.293515338
227.051611279
357.506898594
737.646104708
707.16715217
873.322996958
69.3401934593
868.408109998
240.720010179
921.269722773
241.254506147
615.199690885
232.032682516
530.531964426
273.279010153
212.414938688
705.943116545
264.405481401
945.534615154
94.4076682837
203.093466766
753.376985727
576.987069736
407.382470217
170.922598078
921.072649898
48.4994436854
151.73379464
849.252216418
695.280062089
58.3228626
464.605225808
522.603555163
738.48981048
628.694690923
58.3401733144
125.552742191
565.66920621
487.82898357
87.4056199841
469.525268482
554.703324261
899.735531552
94.144133273
152.06724559
678.082331939
483.681041374
653.036452299
544.783410272
92.1240453246
716.406931384
816.249646221
83.5221769424
382.692441877
377.974329375
455.707667836
935.576689771
237.455415364
202.778522284
873.182679521
601.39639975
350.422513833
540.419084599
489.624593895
21.2712308851
17.3514339512
993.87191828
713.709547709
291.984480709
788.951659903
615.497809794
492.098053601
609.357754107
799.152290955
282.533065715
596.001047966
277.382401819
108.036346827
694.582723305
181.38423911
562.498614724
139.348164079
874.890788369
333.161168188
938.54493403
383.958890266
860.642423845
61.1249577407
613.102515199
943.119543652
34.7280724087
64.1427592196
401.750748189
337.077356814
563.963415757
240.565882035
295.928862045
77.7082796744
488.373090965
776.367149641
365.427001329
29.6343394728
871.150261288
529.657318402
536.816592174
81.1842403932
831.130276071
957.686635333
895.069707837
502.617619188
88.6693299893
332.979872247
906.886631634
920.407645593
804.254496284
3.10943593096
470.630562178
183.335877493
982.990630807
886.83517227
313.713608448
670.276946155
354.629016829
264.47633489
144.924660645
386.42756832
859.141856406
235.793717781
692.58458021
217.42939248
308.955180094
675.590084534
627.808888224
220.649075418
624.585474373
312.751649551
4.0556024372
562.904591444
35.3106085925
846.256566684
735.133460466
593.73099812
603.861290069
148.098972436
435.444555352
692.582236271
165.560059996
50.1517879918
30.2961794881
140.022715278
887.31295906
539.751707064
856.659470687
270.512687045
845.176365632
657.664998771
214.006392248
363.080880497
967.520459236
131.451194702
643.364957495
714.144855178
968.594174201
919.555038953
448.996069636
905.431863182
591.616878439
336.544715051
262.543969282
756.066175868
86.8205250758
440.196433138
397.530541702
719.869874419
237.25312307
70.5320220215
505.054220998
457.365048897
536.1150801
142.667489875
393.074242167
745.102411318
17.1327968336
634.821189155
340.724390754
435.76325685
479.318902106
205.392725237
152.130834259
829.42557692
645.289287725
546.329438277
308.000792389
767.995723843
679.60192599
794.30639406
518.80482404
598.18380047
68.8739228364
216.992813987
751.752808284
70.5837612865
341.226460695
306.531563791
315.585132399
935.225630319
907.197751638
621.474589794
284.365255832
891.679015162
51.9203309966
421.637563028
568.386814491
271.55050156
55.2881610602
249.015814148
372.772601881
9.10729082296
161.005441686
45.7857345076
900.821126257
175.635899096
404.489255246
157.708193544
384.826691165
30.1873136586
293.584993343
513.993209402
905.973694923
39.1469583095
291.450614586
166.984037935
861.150804859
653.182221104
968.517285652
248.45035017
840.951094132
315.528781821
769.39600156
868.065801201
200.890196736
981.564529642
287.38274625
296.115225512
509.729563818
0.532502584112
194.079716749
855.21755176
435.290309644
197.142362488
8.14871025389
784.242921256
280.775172808
53.0192782889
946.185117036
598.150551731
438.296590231
11.6347275035
276.300963139
602.939267782
276.692514173
806.13240766
539.644460436
141.344098149
610.454272146
91.3595306205
730.916242118
619.639298162
196.761898232
412.210716823
535.887792477
969.690819753
551.470170106
627.652957646
496.452881243
376.96687607
502.234938682
201.861818113
822.206860342
364.578479556
103.489284137
125.065329158
256.371930857
780.916332899
397.901019191
998.066748429
275.715699093
230.422279468
868.218040102
453.080183854
625.344253624
598.852777453
823.197120474
984.065599031
242.227069568
158.660657976
738.282402774
534.751486436
811.232995737
181.093660078
491.484028263
691.570464802
790.125716862
792.001833809
498.371906719
800.866103492
98.0903452964
544.039856821
296.883907173
143.49946821
58.0394477306
602.579600205
162.351729143
690.333467156
994.223571609
889.372910347
401.452189094
478.325481506
103.863197068
332.174846644
957.039127644
997.378614505
882.770105348
285.95854713
298.280688555
565.041077876
361.582930141
40.9864279074
32.5723162661
269.814329804
272.812912988
446.140149098
888.71005791
607.423509222
177.97873461
37.226714863
664.024589035
921.827609818
68.6609152509
395.72226894
946.59247639
292.681258838
157.73141788
818.689670952
507.121227527
382.325721984
852.8258035
204.103320173
718.338106845
7.98454971866
662.860773073
771.523146299
301.179384006
163.651860661
182.219897429
310.354201068
321.788724819
167.459191321
944.955285162
130.699705618
19.6529632098
44.7661287557
735.428385379
864.301448542
526.362234017
610.634290085
554.07010049
605.038028636
410.746265478
508.510513367
649.525770688
674.957374901
712.375770398
710.527019151
626.899790949
677.325263919
627.251618287
121.487062125
82.7508567732
956.631190363
413.672051226
437.391641896
644.778730747
559.204576613
442.578101605
751.87655724
467.032895627
510.918226284
244.315155708
647.029646732
3.70448309836
305.008226465
749.418001617
369.176893124
620.004446545
291.56008952
257.52602152
279.060454909
792.038088597
306.828393238
955.5754524
168.623501011
631.942209972
109.517500045
408.713051562
354.683105956
215.253035124
530.211952139
14.0028344924
510.666339466
798.675237684
693.133568884
878.750934159
628.431325942
466.060387897
617.164963827
956.137832587
660.901272892
398.041635322
43.0946005583
939.662723774
70.2707179642
