977.558106564
509.533065824
156.653023605
642.672777646
539.406189722
592.730747175
788.121383828
969.327629398
720.754318644
242.311637138
547.048097937
720.832573198
928.420396358
464.711164072
987.140616136
665.179770127
303.891692547
367.924980832
979.641521301
218.310380705
68.1238467595
459.615551597
493.507928934
203.749421897
583.111949075
931.479322319
187.503837175
332.392551246
809.549057789
283.581509966
25.020901526
843.030265469
27.6822237629
820.092845264
725.785475778
490.217316589
178.376101727
660.529616555
923.556238494
781.84960514
164.268692156
593.287142764
988.581254039
870.648707547
232.045267314
472.186788675
408.461548629
525.335069703
809.028252801
589.042740419
879.470296273
436.20682749
520.262786235
24.5379813819
374.275591042
187.943621865
514.823354033
72.0260810587
917.585905486
476.927247139
657.01811053
830.054571707
711.516408518
264.165778284
323.954141438
172.017597292
604.678093663
55.8850623561
761.666819782
805.434744459
452.788510085
341.948402279
544.554538002
530.12981846
826.441682518
603.294926859
479.041184242
874.72112813
59.6862575761
607.551978
19.1065497034
821.542834221
568.536287387
756.146974453
650.202736738
72.7662971823
737.005276836
42.9475333587
608.167763684
800.356813026
600.79206851
272.575979931
216.338505131
730.378359445
102.944550016
757.402074746
906.003912465
398.546621152
380.037134167
516.87032609
589.243425186
948.906358211
963.775725074
907.024735244
727.929370162
969.015827775
304.672243694
491.842745247
323.691853541
908.308268036
500.36407619
595.423572371
406.807367423
903.040269818
176.562746925
805.785392946
292.954113162
197.853719546
989.131718019
976.755644398
484.103476082
870.624075727
136.981322925
637.171203468
999.683556941
99.4686778641
174.319849106
545.647304846
814.561317676
422.517366103
563.567759896
863.713129545
798.493351616
693.243401118
617.56463289
930.261526384
95.8557075863
750.377121397
259.053756644
98.8149249016
346.681769851
366.771560514
565.138948552
56.3459674117
415.883486151
879.01420281
26.2762099901
71.3173683257
167.422839133
769.851933087
209.073179184
397.569930119
354.279412353
401.334144396
782.192438291
225.191943618
191.232382856
613.207183681
491.765798431
347.122004404
20.4404508333
185.110241392
169.040001581
798.79632272
429.455695991
3.19322326643
184.231144485
721.759744185
291.905263383
173.151499591
164.798962391
125.662397047
506.106583514
40.2927539356
181.279958019
756.532004415
738.170917202
460.501097365
248.57950217
453.411314084
475.680630745
636.667683707
429.383535643
266.854052026
98.0420374792
665.258277062
911.222163827
813.086449753
269.680648304
159.834441525
696.581806948
952.949215783
345.976240939
236.31454961
353.718723805
179.12378169
148.671309527
912.40152909
179.315653354
221.796041636
743.42398438
305.544094036
510.592549129
560.905013845
339.350171916
153.662196772
369.03645867
569.039361389
546.549738266
462.980298892
73.4651527794
604.683396584
432.291129959
275.703789567
383.407359661
74.1597752009
382.834370043
763.627173938
708.266433435
276.127867392
367.145852136
567.496379251
306.348824205
817.87953796
616.821578301
640.526060817
143.579534078
194.0199535
113.295309235
573.715100453
695.551831835
478.189288807
464.39708555
860.093551597
657.24999425
697.755772766
183.833529826
25.7577602006
299.389824564
789.845461395
414.781966492
993.572047734
938.522023946
70.0059243902
584.79560451
162.850703272
667.814337011
41.452863089
994.381089703
932.303078145
514.578314137
191.748174775
907.708162736
283.700586544
349.931329297
51.8706502122
432.489403409
35.8333394749
615.056429178
647.373344482
302.25921451
941.552076871
634.038399868
279.683390694
93.6131124668
160.267958409
478.985336129
779.079125698
768.663650502
374.799268198
678.860161161
120.485643502
253.053390138
108.403081376
514.507884051
504.587121981
830.81557314
406.474063194
31.5104038503
381.928799266
788.431058042
493.211173761
496.88349983
625.625800805
724.255796377
422.25362139
2.96633583953
931.482231963
451.788030619
314.120704886
84.1996141689
140.785840168
811.938154279
260.296618359
485.030300711
592.016936443
972.843417921
816.797411229
734.675928672
3.34737189373
573.731167203
458.845219549
617.848556145
14.4197512782
341.644841544
112.578664594
55.4787517213
777.06104383
985.307135692
173.731251407
332.721417636
785.934795716
540.446700081
784.19572821
947.606036058
491.794599618
476.040129952
366.241948573
0.704879440725
609.74985152
796.582756665
547.536628854
681.524691921
410.677713725
581.433953922
183.638903093
793.179188808
139.402214248
471.964734116
133.162636258
588.149761654
895.821040572
714.727793114
640.270387518
654.30277785
398.108650286
389.510090999
735.454342106
750.156793219
505.978150015
581.79327411
510.15748292
269.633228581
455.21257269
386.062340116
321.448240305
498.409105412
264.070373927
709.741926958
741.46248702
362.374721557
409.553168502
829.038674425
802.598760046
282.916022676
202.572491339
261.0608347
490.213950911
289.945675062
961.787514921
497.054077952
624.540808623
661.92240952
812.617703577
672.12185198
371.057904314
826.740209192
300.462310588
986.108563963
277.277455098
342.458407803
353.746363222
545.204525144
163.7900155
677.902267804
816.607987935
327.046741332
788.734211149
150.395711024
726.300791476
39.0832379867
919.549973123
914.987406312
876.367142225
555.090443755
253.285553211
721.855727375
18.601926749
576.115085023
225.830166051
960.371503587
229.249158723
397.442439951
863.467810994
774.929488147
125.752632597
504.500905893
190.309209896
506.109589791
352.969271204
779.735348667
951.452707318
793.976546595
240.004416249
900.532868477
69.9682231292
411.34976148
558.547040349
199.696977532
745.853711888
369.950500535
444.139067753
701.86107026
12.3912305619
559.521766238
333.819557128
110.920002468
903.484184011
458.14001332
498.991472004
25.0697204283
294.251630164
698.112808332
843.069172954
454.554538716
544.563448356
397.566554968
930.251549727
887.701735329
956.299647856
509.592534792
721.255034844
178.959178026
608.43649522
959.855395564
58.6027742861
100.119475401
819.240860713
754.254062495
413.829400845
323.391326585
285.098730531
517.441612654
982.13476116
351.389360501
7.78269756393
80.9723128294
979.819178781
613.706677018
593.866428626
455.184721577
425.779976762
437.401822007
182.892735753
487.684763288
458.536713663
72.1761888241
753.678566495
437.990625878
185.8813782
606.446806878
143.369690506
319.602220582
332.217480416
549.735495778
44.4074317359
466.54580695
849.728982882
765.389573116
361.193813504
510.548910621
983.102893471
629.026674036
541.940481817
606.132479432
937.910714759
885.498730428
925.700215222
233.884359763
419.406898767
331.689444561
147.03082296
13.9476781045
602.722692409
174.730937258
715.33388488
717.396828917
877.122411942
386.773206015
77.4442625522
828.897003488
65.4656873003
209.71526824
301.327118367
785.456662051
750.416002282
347.172719994
42.0884339518
587.392054661
19.0597889005
72.8990671697
834.053816974
226.42433718
258.86184328
174.528746047
230.191700676
955.582265503
284.539609257
730.426504842
191.352478817
836.580727782
411.827534331
199.570709272
622.689925496
404.862687922
164.080646494
870.92216155
252.239595373
659.557680273
29.5614716442
964.645424445
850.608411555
550.771988533
101.454027553
427.409637903
814.553358269
290.326726794
894.672615035
747.322105268
776.005963486
101.889450834
867.569262144
715.901080617
662.241824809
545.13419234
195.180626782
634.14843577
206.990743643
631.401493027
581.827730636
571.389378135
763.717132877
25.5219314102
116.664724076
842.675010678
200.685624496
248.650606728
93.6349035051
119.294530712
149.001221841
492.028551698
207.13686192
24.9550748211
163.583637656
522.016605149
955.51317974
764.594160383
226.236168086
757.426569838
992.392151456
895.872944569
734.291981392
906.47605862
295.184386548
303.291226387
835.445705614
515.414188406
658.550714084
499.58100744
95.1552417422
32.383407704
486.796259826
707.232907247
136.519744042
44.5624996788
939.543385189
491.256042752
203.756410861
434.137168418
544.143248385
692.470446122
705.376195461
439.113743988
513.706958371
737.031848531
680.011045062
348.815897901
49.7420046714
86.2816421302
762.201445547
470.826763111
821.952450514
298.832724908
904.676890042
497.272708027
475.606424115
537.531309604
672.543629427
21.5352709472
950.149190357
743.135116544
664.975222805
28.6672236527
567.548102482
2.11141291666
981.862926951
843.524489252
858.109876182
983.741754833
174.155356658
431.43461907
86.4331357953
337.256506246
533.831094702
357.051710038
626.65570492
240.001521965
562.579236712
719.472509055
347.265438277
158.866468895
933.540811722
137.163244315
739.148111502
811.802049077
198.351677587
505.019287733
960.129731837
922.828602633
588.366505878
340.350956927
331.358780141
233.80874417
132.685637498
665.273556684
392.707240701
904.503086956
43.2369661079
406.170126087
904.536841038
688.304996501
721.596045345
868.453230891
738.928522942
124.264198811
719.369717266
146.880440972
380.402526615
303.950914104
674.183360129
795.80591176
359.914069141
885.01443081
946.889597525
288.004849376
816.341517948
251.592648075
121.119706968
680.994647619
450.883644215
887.569442245
526.588963784
619.559296305
291.01816784
529.403374063
394.779806551
442.933076578
758.266853474
49.7097516371
92.5924891804
300.599202848
267.082200102
580.453532681
529.867281473
717.883270651
160.292883339
187.778854228
975.847983344
353.173041449
354.201474337
638.792218158
302.63778149
510.720393979
56.111402614
21.7888485853
634.400452827
436.185818934
187.141719989
538.373126509
378.268220096
739.209955399
437.929169362
760.125464935
640.362613319
390.647525731
354.546793522
962.613248286
546.663222805
232.676013797
351.396544264
17.2728986341
835.176173721
630.515495914
858.812435882
113.215491446
905.760682931
457.793793171
912.406742989
268.330384053
88.1803141079
6.7063697632
853.419518761
762.789709203
926.864396554
620.937751654
439.198097926
909.243905974
130.388261224
978.688784142
86.8109015759
184.281443984
637.432525666
732.268413165
803.550991285
11.7817561763
828.108170194
889.785181209
29.6206166614
213.433887483
744.134532104
168.607745924
648.987699862
425.817895697
559.376318427
300.793542945
98.6052367353
727.903712388
375.893535233
269.943580085
874.710662453
8.11586719291
762.736802596
612.163932933
802.181782537
602.426929185
650.175024209
68.3640096389
217.540736934
169.212653312
932.681890769
9.42207922396
336.141399555
595.575462369
672.366838991
587.031976017
415.719088422
467.872829478
130.976455675
408.068782452
479.527293333
571.653385563
968.721817234
416.372316432
984.768088829
855.161119026
501.348632444
740.853781605
654.945780456
823.748863857
385.385984703
542.406977623
227.507552595
797.284790489
164.914587213
481.229120761
852.144053978
299.096513207
654.604098415
670.579211094
444.594992783
93.0818559915
376.632565744
285.034460218
631.187598826
763.789148327
46.8600604451
403.066753994
185.237038492
258.346148823
898.851926666
721.125881873
821.309893351
476.739328713
273.730713254
681.733030605
743.047336155
10.4954230741
12.4045751312
275.409641358
745.243641891
592.762827354
848.486073311
370.064837135
822.293258396
481.704252188
540.077368169
989.91667274
335.24475888
769.810783264
30.136139435
655.996992832
936.414027102
881.919207537
913.226452536
774.52182937
605.590581081
276.521300265
226.962277126
68.4897693729
392.142782385
261.019295862
688.247238995
696.249162896
88.4185243462
868.433494565
553.149380706
681.096015801
520.905160156
284.211676242
183.988917451
660.123508906
561.396916788
421.499793092
530.61661568
140.952295467
576.661279998
496.830908887
458.273937459
401.082413836
328.297484723
426.739595447
157.952492291
87.0639155347
628.957020042
952.936508382
582.504410498
459.416278903
192.386985712
665.361831977
715.628873391
856.794726742
122.070840615
821.985217107
533.846809283
191.368640915
597.591344206
624.247867501
603.270916457
712.340759948
126.123763997
158.123145305
111.567696361
228.173822605
68.641748008
756.790418325
976.182259849
181.894625066
590.147635714
540.085218644
301.286881842
224.804707164
130.509866308
525.657496067
150.390761104
690.486037953
342.960810238
379.216845336
93.124628575
681.90618389
720.431974705
270.4982766
80.0262248418
198.868747166
547.040812617
537.163170705
501.213428036
252.270646873
667.789028451
872.998948758
263.241111709
855.095453743
326.621331267
210.082263859
383.112345898
626.639842263
996.574699258
755.744221526
755.099395236
672.352274839
256.952849211
885.595448172
610.200243071
424.865272994
481.835194125
450.94890187
235.21904239
635.88417959
141.387031371
433.948109928
704.083483681
537.691273327
875.650262369
661.5493953
474.117819597
602.697171505
237.746720262
528.688125001
516.656108639
423.538126083
652.357832951
510.827903911
154.910249917
797.34347732
180.117418181
84.2112075179
999.650773088
373.33603471
138.339154485
662.009228008
202.061063425
523.416384247
396.28432275
617.475798374
996.18072304
483.875733013
856.96712234
513.867045243
466.012299412
170.38818768
813.481252582
114.493824701
609.069206687
125.399802871
35.6867042961
462.336567858
78.3676581373
922.146498643
269.769870279
469.398756105
364.260190836
746.291404958
528.731031493
163.860978252
688.729402465
65.1388908146
750.771448659
31.5553934656
72.7296458671
463.363220292
640.382682955
753.424404593
845.559496018
880.021515623
837.574947008
247.752679705
865.106168897
998.575833107
727.087139575
794.342288907
466.826328344
718.388004624
591.704177571
318.66689962
525.700111822
200.318478597
224.571032743
100.258396154
148.195969144
574.493139288
1000.83609509
435.123192099
625.536902458
244.005042188
243.032331626
840.94295622
869.563469318
664.351042865
924.113074479
651.337974551
950.251168402
963.091017829
517.027817954
619.494502683
747.777984657
976.658803648
371.458030903
632.943169535
515.076865089
259.326430549
92.2396011367
