934.955939731
806.72612277
41.5390890454
372.71024465
167.274129783
851.304317873
355.170405905
329.069231895
181.532565098
70.4674108152
783.736664108
168.676770042
223.828975595
345.815193537
399.265957284
360.246023301
889.74661177
401.051739688
343.230956628
46.2853898506
174.902034302
999.679393417
12.1491538823
901.85760374
548.781629929
631.449096735
559.188153487
761.241027665
786.118068791
521.36721058
883.985057916
109.651503112
685.525906089
96.104070921
444.579562856
460.847497475
122.801105937
292.306149777
413.986542373
41.0777536099
482.617059293
984.931642844
62.3222768872
359.078641964
699.707421776
592.869675005
389.236922944
612.98041803
664.012861277
339.836823272
243.82342493
348.869558107
578.653568096
745.872544361
436.232283791
553.648760601
157.645314468
549.563575807
860.247209457
253.921949608
107.336982227
447.772304932
739.814202472
829.645382489
400.019172301
782.77342535
757.506436363
948.595824167
324.283717974
703.166170417
706.076844416
546.10968037
557.764556742
304.775873872
205.080668985
512.439206293
283.597983817
673.058800204
797.938489384
198.494478793
65.7253568416
133.864499934
43.1101722599
600.871295856
356.926250098
981.391439871
762.279296499
182.416833092
229.180881234
172.697039904
872.592623454
16.2524162147
983.919291113
312.975336221
596.343518981
342.700489426
5.68507998296
948.333747081
300.081451755
458.322887609
793.448158495
260.940161277
906.976617365
132.632110636
169.924773859
457.708547176
815.715631659
587.749019659
411.098842416
545.715440316
515.149300179
283.33198638
153.472870039
867.606063452
718.532144543
555.772404721
207.215080886
691.219343588
902.635795597
840.256867898
408.797072298
195.283846528
824.449424882
109.068941264
278.660868145
476.901656404
201.100811236
22.1829194462
849.149516449
474.613014727
518.753538818
693.077428789
601.077320203
610.596001801
516.862050161
706.138424162
52.3429134138
337.379368266
666.600127427
218.912262232
20.2811655075
396.827579332
691.018835673
365.704808792
16.4613230053
74.4170953594
128.090171343
56.3205958592
500.485149319
158.168992065
163.538350753
375.275507457
196.513067709
767.643930824
286.063913186
674.999767187
30.6931578934
970.23352968
496.135758502
265.763212859
403.704651627
204.660364388
586.666649027
623.977821851
492.67304896
658.423291841
430.261818841
15.3321040954
216.982479353
295.549280275
671.622608739
955.18997975
758.949001457
669.980001942
151.42932339
36.5161778122
616.010348168
371.453013992
82.3271862364
3.53906188882
270.512817812
178.237075953
980.988525762
565.652422679
801.15388713
226.001744215
571.586297534
827.26821484
617.25779769
816.163651297
538.897707389
202.852728219
357.549023897
831.937261052
464.868820923
377.262207781
496.9054802
65.344534859
592.627576749
325.239528919
934.818276107
594.472433715
118.331506646
942.102001079
271.769707028
521.971307886
591.553551855
51.0798501907
900.781463736
764.971476424
753.800857086
680.532126465
331.778650388
402.948802755
815.92978186
57.2350143028
804.466343803
526.482803471
141.01845286
604.952656155
65.6322993041
815.056428284
659.800363559
453.754677067
900.258539685
699.523262355
36.5435675184
444.379853747
499.751521287
752.161052662
301.959602233
628.757385048
140.431109902
690.065793287
4.24905470586
624.340616479
32.9912809303
446.315659248
678.910088293
913.497459892
640.709328684
32.1114200071
869.721809756
84.2665673851
989.277148721
275.37783853
166.571332317
124.421703611
833.766068788
885.717023915
991.39689626
501.296147932
379.915161821
134.136528911
633.173647032
196.84154598
410.969390792
363.4802391
568.759823054
170.990473879
390.1311613
961.849100233
563.63874809
313.901547175
160.970501396
278.624707958
763.520688902
797.042893562
12.6305414624
381.635298808
843.173258115
729.230907452
131.442046355
637.561832668
305.293996024
254.961820321
64.3900649219
244.008234731
525.08727166
31.6168938167
899.006559979
723.447641375
811.04554105
871.392883148
444.797395688
294.369966142
102.355171375
49.8500849135
68.5614249627
14.0165009549
419.224138543
745.89407344
327.805025183
810.067600746
604.468526778
735.093451353
729.662384202
582.526741841
936.518570451
138.158981515
670.955235963
339.438963583
16.1439542005
836.124168614
918.206181719
882.45149667
769.044729626
562.921955466
534.872308481
630.748445514
407.416919542
159.221287646
413.143399277
14.075335487
118.280181522
378.90286589
544.719081084
12.3476795027
716.720826343
224.559632571
378.174918797
54.8623035918
783.100054386
181.652024263
386.98249031
484.44702076
316.842757611
254.329815765
643.810411879
183.048876171
805.830467885
265.039505424
21.2438694509
889.880462841
686.975899268
591.73182562
745.12852043
756.562698077
27.2981920044
465.534413184
762.576455801
388.978247563
909.829446489
244.800454121
341.651046893
411.885224861
925.478616446
82.0158047388
928.545313923
746.950741649
105.181063115
105.781631531
818.621311707
75.6582833845
899.503954721
106.471702351
831.26773585
226.658824265
434.260721376
629.527811848
678.927280489
912.566951571
13.0996990522
43.7653567973
176.234794024
793.585509515
12.6269212061
500.114919879
638.38542539
4.68888566201
431.188464674
590.545644066
889.775657845
255.019697956
114.692981488
317.442608663
816.02649155
108.756937432
933.019342117
126.300371042
449.754852516
283.617787369
964.16038059
744.174154272
934.527216787
376.115029257
175.710248078
608.037367006
201.929083946
663.528439786
188.683914479
776.540222232
615.701287769
200.729328489
385.159106746
147.921573981
911.273681029
577.950950764
510.987943452
737.695254003
733.696241253
141.871645707
703.851697111
637.851998366
73.4000579395
856.277857129
26.5216968516
14.7198257318
962.83790563
845.322134177
992.851903157
890.877283122
863.169057675
276.118791994
345.876897618
430.890299725
214.411140641
224.266153535
570.777757629
761.40081937
777.322678884
241.851887554
115.275403336
368.194252994
461.210492181
464.238132188
538.348539407
41.9849246946
782.969765738
175.429434927
603.411414619
14.0884806587
857.029523513
233.505794942
587.298744652
830.926164907
320.510708347
214.161499845
824.293680838
153.926385877
473.908335063
558.781379213
728.953861123
345.713946757
153.733110718
472.737603401
854.207504185
893.884806051
289.32871115
532.306511205
552.119073746
708.054694157
739.18564122
914.282877671
242.44931814
182.652869611
964.500526631
52.0632670466
524.747196901
81.4368015287
666.761657995
658.587754989
593.593288869
368.887426295
674.068572374
543.840834127
165.587077758
996.380096486
696.025578265
733.549893539
429.1353885
612.047785207
853.928858417
243.338564457
856.497005963
137.613577085
28.5240559569
809.794349315
34.9262548897
57.0095198829
601.640570396
169.560322312
981.920586524
798.688649603
856.736775767
134.514483912
854.311000853
632.029223971
619.504700256
594.963943724
915.663849667
714.912367278
154.014154675
483.114589022
644.033111886
328.392291416
99.3819897418
861.742058251
490.101146568
244.134669004
367.665438478
634.815133674
418.138889397
6.37830678979
744.909894257
374.236805009
673.493169393
823.201498152
292.399436873
534.460757437
384.164552985
655.290931976
441.224343865
180.045273311
790.05867432
502.918396
528.451265156
909.816968318
648.223233204
243.268972465
430.292291038
878.524859143
861.684834686
315.268851065
601.007466712
858.031565061
643.824672415
193.399317105
847.202398637
597.951805226
324.319575853
319.931866151
985.658648268
960.457079237
251.336562359
832.36758082
906.540493083
122.924378822
330.782857706
860.521439143
125.369195277
225.267308462
672.625697867
46.745644158
844.152312908
910.223813784
654.862658313
587.885385965
473.246515481
343.913784671
229.421186258
173.590210246
478.99098368
378.885512205
864.28822175
550.434208967
805.54993563
509.578348502
758.558752158
476.412932471
712.324056917
190.00701319
330.149207938
53.4053141564
402.704193145
684.961078608
287.74612332
440.733412184
534.389506553
105.278758814
993.010648792
982.803378906
499.858442033
543.585641594
99.2503594538
379.0872498
342.075681349
358.95162398
290.995653875
975.483359457
782.785948513
466.062798586
806.96876667
324.113170684
832.095939431
92.2592309184
423.131320631
450.221715064
42.8863431183
154.394323915
716.514747778
656.687296971
645.111193306
1000.76744336
542.842780829
728.412419205
932.506435086
957.855346388
283.15408064
127.582407477
106.224806388
873.055918783
471.31530972
725.556466643
858.031385614
526.339041716
123.625580366
500.256817724
221.33688201
358.962241702
116.140334151
764.293005466
587.192216186
320.963248777
461.788294165
613.180283348
422.856149547
488.037153328
859.648206236
711.418242866
361.049647987
926.411558596
699.73096876
15.3682062306
912.978442952
708.925948961
781.969756588
599.068240879
108.76902352
341.828262711
515.701504482
592.812442964
233.967329672
305.879542112
899.783515064
12.8904485328
208.214028538
681.627816921
545.485570593
68.6118927778
212.656102889
326.08256933
603.518925566
573.996282395
744.045088808
938.190958356
968.302877258
734.031944292
463.773281909
236.465078314
260.39023615
630.95523002
78.5761157082
85.6981804706
763.481218871
857.402758513
840.700911003
226.333332557
511.756062189
737.656535129
13.2844686738
326.590437264
428.025473094
948.78002372
525.321613131
564.177449915
495.134146949
589.862812863
239.696913582
945.349402986
366.619577816
93.0253256847
935.594526004
506.814173794
327.293275704
753.381759966
961.624475577
503.387605516
441.813124974
407.000998007
967.963000057
136.614468325
225.206449882
881.802593108
993.310569891
944.02360911
600.213720479
979.866950609
742.553574984
611.851995295
23.8777312608
227.817072841
294.319931709
654.277252292
933.990146385
512.809989141
49.7274420115
122.197324769
50.4053152065
660.875898063
296.89138951
965.175932862
77.8531729084
821.813880646
450.603511696
721.084429963
81.3367924741
740.419689028
377.095847531
214.216231001
807.709995475
846.280251196
969.859550471
952.8217007
76.2925275429
540.512696999
466.213671386
531.640083826
272.159552407
625.060633097
677.717730773
800.167881988
838.286041677
452.40389021
17.0636717791
659.084216288
864.40864694
771.353674327
836.814268936
956.376486427
399.906161262
675.869471821
322.211971138
499.943770055
668.962283936
528.902780093
943.582635166
896.993310722
477.174694169
386.257042718
814.299102429
648.766620721
924.925344937
596.358614143
123.467902327
516.684728978
909.511105453
128.530370472
437.656323895
257.535871981
842.786673321
653.115248533
410.835989974
401.453530094
981.694570825
995.709933726
728.364091695
702.785252569
476.532912829
223.196372735
467.421221803
999.249441903
455.054314096
859.750780366
274.899554043
85.7296652699
180.158412528
967.353637264
184.665122801
17.3332137187
560.05854146
882.055042671
424.09428151
328.131808712
765.384764924
803.792043421
357.423033251
703.80584269
194.590776388
72.4639690973
321.419131011
711.850630431
577.14629731
1.0463536011
405.751030309
595.832552147
900.067680572
392.770438948
215.726890384
53.9407852843
852.110961526
113.16136069
355.454378562
748.009026409
919.780418683
581.428551974
863.123851283
484.032539438
892.036350208
411.945951492
350.978501443
907.057972448
337.520599231
476.619417485
228.241255681
24.5495846957
153.561363216
14.9060475619
982.233015304
555.875555598
173.809283416
271.28831547
286.948984693
680.855430404
103.796847399
899.894341531
193.9244741
729.218474547
382.339850741
69.5124530663
533.534488992
86.5304174868
104.796772693
171.726836417
272.068650565
514.666802988
490.392548039
629.959443773
721.916924228
860.779810807
956.908881747
899.992268354
919.459209451
374.817473608
736.210840456
652.087555045
65.5636028074
440.450441852
227.935342406
286.339939187
116.876210792
748.17639053
434.76785906
208.512707502
52.2196818819
436.662075813
15.2766297284
203.653084288
759.749843671
280.551784406
574.758209723
967.546725791
159.276190235
366.631179938
172.098967292
657.453102389
56.3193401926
898.427872365
346.620061414
410.331355514
591.33968751
992.156324508
283.069247199
622.557152996
166.445042733
330.328607617
753.359772609
129.355504514
217.733203697
814.119261401
633.624552636
788.588705968
974.882526381
203.66387651
1000.46919606
125.021137747
668.254091011
504.971644942
591.623224757
571.948214579
841.348069169
666.476972616
396.094777292
281.307629102
205.028807705
303.780488436
661.389788409
166.293297994
697.138335712
570.025651673
477.909428272
122.763244017
357.420274117
459.910468381
881.98373531
734.907664756
802.172181763
245.020978322
231.091542627
890.471300344
790.770107981
568.336915317
31.6340704433
664.753726184
375.181447962
189.891399165
695.630424429
648.53301085
823.045400224
889.140730957
945.830045133
411.636241804
163.179424148
1.68166038833
915.586393792
448.995051565
473.117816578
827.812907501
775.318612348
113.780367815
45.5854298952
499.669776207
111.612896996
406.03546263
928.878968613
712.615324635
935.096144973
368.32498838
501.568636608
914.77578923
777.188554307
709.184968304
323.594090201
822.944773322
795.310754884
114.644235379
450.347656993
121.568557302
481.735231456
350.096663269
803.51396319
801.171318128
59.8486117283
377.002298603
650.436405901
53.8005963589
6.64470700952
504.234000026
956.219310481
645.689759658
266.213221203
1.55827683047
700.014652499
91.5404197959
536.663770902
37.1193702544
756.727037983
989.389495437
30.8548424844
684.405625837
897.077116588
412.803410705
981.054101667
874.108647098
726.006207572
574.79837267
33.2430174773
391.229003209
956.000737155
838.406114529
653.908846501
632.761449649
877.590127556
961.915808316
994.815960935
380.541225432
907.276969761
407.177274255
16.2951573953
429.915209392
236.720962829
0.82437026913
78.7334597208
968.401574649
597.546636185
891.138672088
392.570728186
647.094801569
800.263297344
655.516276894
925.702166204
900.262489872
146.153216152
420.005937034
334.484244638
19.9337636182
913.314614325
607.90819133
765.677803337
405.267477976
