41.3741368123
739.186761796
378.480189471
722.405358097
377.433218983
409.613284274
712.181816145
526.027865625
170.435082644
494.761418949
95.6760076864
311.109362617
736.690736847
376.549502452
601.084537827
148.448498159
750.094922968
997.380151853
984.974456281
329.702446773
489.718866309
618.844878387
754.399244689
218.163808899
547.579299293
760.739603575
891.590093335
138.172076358
87.6051818448
357.748614801
725.393276643
483.455239364
36.9032246784
505.712379409
704.769857483
735.062046059
940.651039202
351.095333689
462.548956733
923.949504028
193.868754972
184.389161685
470.064196114
331.261900712
34.1364666141
622.308576767
561.696480598
651.829622024
919.757646077
663.908435266
693.034934499
845.117851659
434.987989191
483.726408691
70.3753171665
947.855443638
704.820080983
469.586495707
1000.84859136
780.062382726
60.7457684756
787.191792477
127.57102759
72.1270046229
782.224328754
324.085964019
79.7860293956
931.380183454
183.21311051
757.44723928
121.033878656
715.026959774
98.4764359159
992.12195939
952.080313554
556.499923497
640.516996192
356.934835152
111.555199675
777.331506528
597.559096811
214.303856744
157.100937271
381.208108276
784.142408496
140.551221058
217.416535348
35.9844216977
37.7449750364
281.955857796
951.75089231
837.474436278
392.863295966
430.310021854
345.972427402
600.693604301
721.327766623
332.730740546
737.100601417
563.030921903
883.706346142
992.193370297
807.129115978
291.517144704
416.119925009
867.513796758
280.963983425
468.54737102
795.454739372
758.734420258
568.803628557
994.716281306
5.03193783888
716.218410715
859.854530602
230.878377642
17.0595914342
591.016132783
393.941878506
217.203205721
349.049487994
711.309247017
334.402050691
839.435316706
235.077788626
521.758763769
159.689145592
167.496552317
739.485971158
195.303824734
11.4238820865
805.482111507
296.293816954
64.3788864517
653.112502975
506.270503449
487.73754613
274.056906324
301.487603394
78.2300748258
1.87669946501
156.905718449
89.8908206883
606.53505546
646.516445984
760.670037601
172.71264337
882.74606093
175.16690295
891.832553422
374.342689049
545.581576175
413.390791611
298.022202986
141.2959279
311.917285452
339.362860475
847.806849721
209.688584967
111.79184676
318.932047379
738.057913718
784.689799392
148.363754102
472.986465093
304.203527629
317.931093005
347.112588427
109.050428133
393.230722185
344.288517697
182.729454166
93.379496048
81.0975615799
123.784530567
924.606484674
652.12794912
172.154000211
808.888211778
72.2544758071
277.670592556
873.274135822
508.216130282
341.000749354
504.013206042
962.093965306
664.790493228
438.553588619
77.1756206979
259.613312482
912.514738635
700.816546652
187.969304242
524.140890565
237.03573722
276.541081335
540.232998134
417.668857051
843.012299093
946.939162517
505.404985617
646.996303564
801.999408882
718.530565959
958.597151562
534.131233554
373.107525342
773.800937603
656.544319553
50.5350308953
483.581532035
670.482878041
222.319508203
821.189146643
153.988254068
820.891859129
118.666920247
957.29510578
313.669934682
371.826303632
466.472966598
163.831895094
184.45101527
510.973919921
720.784681128
42.6822239338
42.0301059523
621.723315055
845.203760501
138.77598142
825.806652259
348.648779551
113.442501398
106.633444236
761.021811028
975.603241563
163.703915057
928.34511513
604.627422029
101.812486181
136.273117547
733.330500331
268.059713669
950.084866436
483.350492427
35.5596360549
282.6747124
122.505853495
934.935762763
953.617258929
980.311575436
124.869823157
26.6783456289
595.746321943
404.541194365
591.874283534
290.603900974
442.315105198
308.374071454
110.681649172
946.669232562
991.703328824
228.205638463
860.09262504
210.871946688
434.491850153
998.480481541
212.379836951
825.501440564
390.18183703
310.199022219
575.589213528
217.256672007
690.977187998
64.2204507768
939.750932507
85.5429378451
20.0780987305
472.935723658
122.526235829
808.997106028
599.353596028
175.961938294
71.9406807237
87.5374216481
305.57564542
830.096515001
256.335962128
60.7746440866
892.56501103
415.394352377
246.061341692
532.877498103
524.355785845
38.7665567869
171.757786656
979.609774047
320.962147242
355.109588181
476.711479882
736.565526443
636.866213265
190.632490848
384.382943817
210.808575027
522.880081723
324.679257334
955.509733028
504.42921532
40.706414247
603.394552757
848.295616617
741.104850514
29.2914378697
460.931138348
70.9491938745
891.263828374
143.768021458
17.3591981131
362.253994336
301.728471155
389.561314243
676.563972917
950.412063247
360.513478515
96.3094294325
65.9636657015
385.242767265
55.7235705844
290.479232509
58.8924035727
625.16726968
535.804082355
697.662334272
90.8168191556
773.729702665
736.791501915
786.517062018
313.550226093
791.731148515
442.532116254
105.23310811
644.631596664
81.7629750274
759.194724097
428.905808499
2.00916153296
483.828899435
123.810625319
564.32878237
483.776630617
651.976497633
242.979626097
577.531681266
980.520058935
789.327327717
79.7250853254
268.796241584
609.276531414
830.988266697
884.459217952
127.884742088
633.802975616
878.317190371
108.736045128
619.94161569
503.150037542
741.527266958
325.077001834
47.9366005348
917.120355555
441.687207227
440.784490727
167.6794368
279.814280119
708.497647845
508.367273967
863.564482909
982.422980342
914.609503808
197.590997734
129.656357377
313.43529536
348.689923208
465.310534723
146.370387862
85.3770895055
831.06563991
772.243619367
109.918180776
236.0184775
21.2750782195
452.355370104
671.004513633
504.119728583
608.788002748
664.809515313
168.330503186
134.064563101
477.327595443
787.806813874
57.0540479854
434.654892734
503.426629833
570.9237516
150.613548627
533.77284297
294.688921065
742.736130617
300.332703461
762.906890825
805.047790318
33.8412221674
693.17329984
538.979646583
560.00705497
685.814751921
112.000322192
543.383507603
852.336283796
345.057376598
140.554311385
111.135895183
693.713620897
718.026690349
72.1053691588
604.884517908
928.809444305
78.7004930213
533.509021153
566.148144417
812.75111278
22.3275908431
432.666010748
692.762359361
815.820999537
988.405490435
793.714570077
480.684974006
935.58206874
739.340832836
140.753464531
306.157660835
82.7714539797
659.97150985
294.777496218
96.3902274098
617.533246701
393.695904932
46.9637200023
868.715830871
968.556340334
844.026212279
856.938154872
295.506106606
869.89170921
241.719806026
171.981056895
165.868855537
742.373145557
967.182646992
858.042825685
555.604196633
568.729763923
848.310734429
430.128253495
491.928441865
661.580810478
71.8298312571
372.047599598
988.910702222
920.808323227
131.481944857
171.592227687
692.720134008
581.353091552
664.741110265
486.936415591
629.599599629
15.108450664
823.293412091
879.399215323
296.13536091
101.938985415
249.955809637
277.707455314
729.193791528
480.929930598
817.064080361
27.5288852357
966.365780013
308.919386208
721.876844846
717.802815427
232.447337084
19.4705688697
761.024386355
186.48274655
320.166532978
756.632705665
276.630761426
952.458200469
685.110515225
162.156525222
647.072954689
612.380353326
471.700979508
14.3430089366
652.435797118
949.712100942
78.733170844
960.216300858
435.874017281
563.742867763
238.8707805
355.530517525
625.177059598
958.682725969
54.8329538368
267.754671022
793.872559959
240.737577096
82.4318009279
660.54867544
600.980140608
767.228672181
23.3957352787
534.914461096
694.136370889
179.666700083
580.617467468
859.0490607
989.958226448
1.25053234818
235.673080508
174.919097785
351.656733383
597.956631969
963.724990858
922.870715826
765.597626165
655.308670591
909.194409244
156.710778288
776.013103475
186.501333517
346.605990366
481.521174547
279.222282514
596.334763836
329.475215889
92.4037331782
655.089451494
198.006678852
517.577953953
985.539431711
701.454218166
24.4610514312
60.2989850672
967.013882401
774.902324948
774.851748808
910.826654052
339.079284308
654.371375335
784.172119722
606.719415294
694.295844211
90.5862702822
817.849366741
140.27356518
337.904530159
681.733974369
846.006520634
207.953075564
188.454254227
822.559349906
378.32067765
382.442067894
972.553161623
448.844019375
461.490618011
926.741478828
820.336668512
691.207952193
631.576328022
169.467072265
941.766844777
58.9924151175
553.76287531
362.363976134
554.20797526
743.125053133
574.733984937
970.736850662
617.346547947
999.536854621
519.498042703
522.827798711
430.765797789
552.592557693
807.445883076
166.366001893
799.849427659
637.090772864
268.392624986
578.947317856
750.357272355
35.9157487681
549.606266461
143.550218764
622.276945362
858.068368862
346.518918601
539.292007298
770.533246256
273.885901331
559.718585312
962.017233749
907.563449885
823.571769505
476.762828725
522.186240735
289.067785899
908.404041406
344.144868846
396.291192593
637.635767345
203.135419192
163.729780564
392.946215412
523.371054062
474.14445412
495.332175154
106.355415143
995.851382605
611.29240939
896.249745175
956.037020423
282.266153393
948.154087396
255.382759004
231.099780454
967.005951888
915.600009468
726.635056914
349.044102177
114.651338394
921.942773418
374.172774932
838.638307732
770.930731878
81.5739271875
467.710610151
539.924493075
943.401009106
855.244771819
361.817074606
205.538846263
514.790353849
491.711488695
842.025439296
770.166871527
255.694798346
901.148547662
988.740184261
923.963963603
807.934152861
25.2532040382
526.769257568
90.7463927619
589.091613982
498.383897216
389.781803527
665.397539927
29.1094798067
169.466569402
690.997091134
165.015123384
833.515229803
367.998705574
303.184865711
815.299524492
516.847005946
217.17916786
891.678477198
64.6202416297
836.677985458
624.590928204
99.1425934069
647.171724672
771.180710887
228.441172235
682.520423668
728.962111064
532.912055656
569.496362022
856.581027377
626.771964239
853.043465033
554.936427585
898.95255809
19.1654925939
556.403623847
119.997513
854.951486416
24.0847978077
967.434447495
918.402214485
550.447209534
644.308939435
758.391409965
329.125317682
102.874217539
75.512196892
752.929305241
676.584727169
709.317116253
818.624604651
793.872794348
635.285414456
786.011174359
969.885923189
82.3911382368
503.68777489
318.295007451
749.716446619
58.092234392
480.561802607
822.116840725
655.334763602
773.017279595
238.914055764
266.344920911
652.341107653
451.027069043
294.782380069
810.727602182
583.285337024
299.95263581
667.014567112
364.726270302
213.112940559
356.405618432
808.589770666
412.080878401
134.23606384
836.303286691
350.425829484
530.876952822
867.399930236
949.150094093
463.07242714
167.363288333
355.944175821
215.679447585
112.726199956
892.027191309
248.649317358
692.313152496
212.395534882
834.636985409
916.246019139
265.253873614
463.465949494
377.607281307
278.410301059
378.59065758
684.864326006
168.060126748
860.805984912
69.536679797
963.732628505
977.253954206
88.9263776241
113.981311666
921.525130748
777.047438765
640.916161532
538.392811318
546.240804618
718.147690207
610.485949742
0.0738872157932
51.9227068774
803.291295843
165.900351405
758.404218534
375.394827287
303.315706289
137.150781426
466.127123216
447.886350378
151.284699934
649.97761757
191.278365326
487.788248297
777.012438209
693.918422736
382.654783375
953.515773168
52.578531687
743.634868143
615.412914528
83.0929890449
904.442566097
328.570891886
737.998160403
785.041019736
696.684930018
557.421271829
787.707923339
768.951176151
849.020500785
708.28967164
204.081378905
500.624049076
217.679202669
172.529973165
498.582213465
371.282986163
385.13960677
247.585897357
313.134213513
505.914914136
60.6988786438
414.791263091
238.696181979
766.139948296
139.638799047
460.674893498
429.316506195
632.208171501
520.396604794
403.238840593
615.124753659
21.3188757148
470.191393353
427.733645552
951.152419573
892.948907426
448.008060522
274.702012883
998.236501936
965.03787959
44.6833217153
346.822203341
828.9589368
446.646633371
667.084761033
619.873157184
418.668993484
456.613082842
176.473044885
941.352720701
879.167032621
854.710041342
514.558220697
400.054372342
529.927797346
662.200451286
831.505160479
766.293165943
819.029924007
549.828963809
789.755008827
724.436839744
86.624157591
904.974973583
259.649014876
80.8866794377
56.5413502348
633.699014233
999.442610339
829.654145726
50.9981071548
357.759690524
733.901829281
243.308282481
969.113783526
185.237930488
149.109739243
111.214212855
397.767841305
366.947574436
411.017344062
663.147881562
816.830546335
616.679675529
708.745101555
649.937270159
890.869268223
875.115939414
667.740035028
459.616459198
230.128549205
677.747173911
820.952391316
408.285622091
672.023324809
150.270910622
813.395538156
377.283446611
597.665325065
984.558278548
209.612449276
910.491548427
358.055171264
75.5484116466
707.955257368
919.698750883
994.589656969
546.188764616
71.1497810815
797.437969707
279.752663288
181.739802931
666.9323419
962.914881213
174.347368499
850.158865886
895.410676625
654.99919402
349.574031028
965.180628061
685.311373141
9.51121905307
254.385332502
7.82949566094
929.889335419
849.384540212
316.349207903
510.095913282
669.890753178
946.898490953
470.017457214
77.1545353853
822.105751544
370.594045162
170.311669818
162.115174377
763.149780986
352.661715933
349.484010838
431.679449621
793.093735463
256.176481708
259.938022025
15.5255929946
637.280398906
438.124105941
532.978937949
465.446562771
327.048728344
464.56534149
832.85185501
797.841888754
992.36090951
530.659362594
21.2857241083
350.048199755
220.640745825
691.475913092
756.31865694
858.733314861
486.956542883
427.976617232
462.006089292
11.2552981431
217.619195138
240.833130421
79.9179355478
101.275015072
585.089791725
9.13875146732
505.149667239
906.679275291
868.722921422
577.139830404
663.994115372
450.902102019
109.158906357
227.228038281
352.062565095
888.034357608
456.784437445
565.867795665
237.702332875
702.126166887
30.4017390979
17.2409775589
326.539018398
84.0099459818
53.1633382814
832.995346826
51.7065550076
965.152211686
515.935843859
460.847274962
170.289736392
