546.524339383
797.42888549
787.409290956
791.057006808
381.1593062
84.2051347123
340.154502093
310.542848323
231.684240057
854.895611621
143.970980582
324.593227673
828.920219528
427.853956307
746.458056735
954.929489501
784.532225364
812.100600731
574.635898556
903.092807523
578.913157613
365.947885177
720.84274597
275.225574189
126.046027948
515.830959367
593.495060432
914.159889457
455.791206632
324.27380173
116.07108535
422.195150728
934.205225467
388.312539615
15.9318437077
171.063033339
370.5842628
516.395767773
812.601663921
458.416398752
709.078450017
794.013794812
155.518751586
427.68656173
829.365930135
10.3121147699
111.39704303
607.237391538
628.661422205
69.3549234143
499.745063215
167.906511144
666.945797582
428.812044924
602.317917609
574.403332295
533.675847538
113.74544641
840.684564776
151.707310318
469.184963082
397.83262853
771.840233321
418.844843387
769.348571855
905.830691668
447.19208314
567.78893883
919.158856135
114.957319349
427.221472775
287.421075546
150.474942898
460.749755724
792.289719888
303.19515376
289.900188394
284.896157678
280.915151649
353.829980899
122.919800112
703.701732914
762.665340608
759.315102318
410.349919737
79.3933837514
710.558614505
674.077605085
886.799661104
705.878986847
987.285290936
3.58065473914
723.300889407
286.698113332
164.436505039
84.2812695459
743.960824853
393.641865208
258.700896855
458.483500199
681.984725361
569.421320647
838.665033247
323.081634215
917.376780121
935.328397117
628.748495733
274.638069956
647.126801338
138.563369319
708.869377628
949.574861954
813.486137595
54.8598740439
59.109854536
770.927188654
442.344510342
543.882480853
388.206021128
900.891386503
12.5270237044
690.861678936
533.643291652
474.059007561
224.369802442
324.37767752
300.656247171
714.723008707
881.304072314
298.545347123
340.162767783
403.756900515
91.7116886543
601.773474283
39.2106744556
538.120480897
810.15067229
93.3263399677
265.865819575
6.09429681694
897.460111389
611.438496238
109.415987618
618.315699842
201.17171537
733.716740816
459.873655775
522.237303042
86.6152293245
875.343689058
256.973078719
857.207471131
288.33878254
927.859744146
320.966187059
129.548663492
314.169603522
875.749998606
623.754902259
752.636059662
594.7442566
808.973337716
807.191183847
682.375604665
141.496431402
927.494884717
558.799585595
337.13107575
257.252203268
823.962218835
862.429595102
543.808721048
687.365904309
789.47404187
909.001808456
486.6285692
390.906095651
962.385497741
142.751581897
409.240218651
567.647872882
592.123519723
802.544162819
642.611794106
545.20100146
925.350343325
596.529951587
928.712718746
832.465427161
625.706191299
991.554233369
262.698760002
14.1094059516
258.996759899
245.914815032
622.221058795
714.896785969
292.421493778
301.465823682
275.235679861
192.600478628
985.820634117
705.031851692
569.271636835
687.265607479
316.365995741
178.064810065
755.927415921
521.650711505
635.874593547
222.967391532
612.654363115
117.267312621
209.016655084
114.415614201
383.493344473
724.761640748
747.635544961
457.540964213
600.993271273
524.16385651
527.857823083
300.039655297
645.613269713
506.200626089
635.420652975
368.445995153
290.433228763
758.710305025
43.4057519059
88.5024286894
15.7103405925
73.336892652
398.161197101
991.078962404
724.032542389
488.77198505
992.671281279
974.048674905
738.044519859
664.590854144
263.908184497
122.776114861
28.652909911
193.812355851
654.652258268
820.413186459
963.061835887
812.156904778
631.9304127
626.250112645
859.338617025
810.200547388
124.88834122
258.085715882
903.898197412
173.257662559
611.497692833
562.09192723
597.758688451
705.089150854
240.743239638
110.236714448
848.549892475
130.895106224
759.420356211
602.970673339
559.765343235
876.150422131
498.484353732
481.269782688
725.690275169
874.781536674
990.513218636
196.686490839
81.5644055864
320.143622806
651.036399109
314.159026285
737.113931493
674.027476906
460.119884988
929.226392837
30.2782384095
452.580036662
795.289046122
365.441741487
968.486488551
829.36337928
594.230403689
573.376771696
615.929478898
640.631057155
394.92439265
347.82505984
185.545706061
123.529375433
535.342430888
433.787378245
11.0021831359
942.588487875
643.847695408
300.78242112
347.970547691
132.21688281
735.907713324
776.670205911
782.482491819
444.803505873
432.635163198
630.956097362
993.516095863
227.12268605
238.542208856
351.456800959
157.571628039
663.290074033
875.25981618
570.221819807
944.466628718
186.181524487
553.374471503
690.877455655
126.877236863
511.266036271
767.519137428
540.895901714
953.895693412
574.598621739
817.282537946
236.123520184
29.9563495081
818.622473644
622.700597745
961.862625664
274.003415863
205.651932586
702.878095054
944.706421044
744.669245832
841.792446934
137.333033676
450.836105457
734.198717984
927.533382008
726.73566968
586.632006881
197.839476536
967.079851269
923.513648498
314.338502225
547.278107469
310.706575202
964.7437037
964.800623401
290.285928747
446.160211964
872.286339705
626.563396051
470.704234808
775.002777185
30.8097793197
76.7447321088
448.09233344
864.996791324
546.149258627
406.635539443
12.3044922583
306.670876271
485.670467526
682.995069207
546.340197638
408.474359002
295.904731722
752.003008969
265.893726721
224.936752589
658.219367954
356.101532492
275.123271899
367.7479582
710.659261232
54.4963384626
377.069990958
973.461378293
791.609036522
719.43604667
423.032695749
374.719818338
437.715896974
839.350900448
216.610962788
341.726948286
73.8280334752
863.907285617
632.209401812
532.443710053
768.942010133
989.922662007
507.309391994
72.0843755301
886.323774815
311.582404431
685.940266624
667.816021406
531.0654655
969.20930929
128.772491103
286.859918395
183.978991303
283.69731985
829.188152558
84.9983201744
570.162296825
579.350544706
655.051527156
527.536276534
817.514011033
570.259647591
832.483407059
131.511413711
447.548272703
142.862334713
234.920392943
281.442375967
18.015466132
596.665758764
463.899985311
353.257547203
727.616804415
727.551896059
156.671464363
380.223779825
915.423251968
289.031724975
261.678454291
865.692702545
95.548638261
202.203715141
694.213013156
262.515094144
11.9160391895
869.359042623
122.668918864
111.031075216
275.001986784
822.5255937
557.772296147
305.898648902
306.607820956
610.231345923
856.817573887
332.287798135
364.573960987
197.745123569
813.369186414
419.18697304
671.27094602
715.751952862
749.831496488
58.156510798
892.283055876
691.087143004
623.055862287
404.808057179
570.213725859
834.902273527
681.168378357
243.719432533
44.3914580241
934.469869334
699.718298568
404.696045197
246.510442609
622.452047436
664.56927377
293.207830676
590.508145298
189.439673642
21.283522329
237.593476973
964.065302086
834.258397697
670.377392515
487.642221942
148.218430784
616.895902149
935.210858752
410.517020639
947.153559145
725.947412212
889.278637248
288.987165874
606.084436234
348.514955836
963.516173401
969.051626284
611.612183408
278.621997264
128.839347733
867.640882196
717.731593056
276.219839389
884.525914188
195.968959235
865.031577721
530.307642372
35.8830782615
291.756744347
712.823216282
683.062894846
87.1275266439
709.134497557
43.4060675216
29.8313429397
480.37456336
592.683983018
781.999479938
126.660195878
298.964073253
130.947498557
850.083261253
8.11201760616
582.364045339
46.2803527675
395.182313678
644.107471015
6.35529187834
254.575956498
224.531657678
736.337403804
604.51774164
498.362563786
371.21908756
843.025327134
184.378217576
86.1316138493
72.4854562985
235.775781899
832.406399635
753.006845125
727.136209456
473.958618322
354.699445872
560.780083826
927.494251348
655.202004071
378.972433112
396.583083615
981.350336716
953.77289381
336.79485351
159.656323909
206.348809469
451.293395891
780.129026764
505.21231266
240.91758905
417.949174619
107.347094452
369.37283078
103.328306668
247.444437099
116.867121744
338.982561093
837.999967612
309.881658964
375.183325472
353.185064827
596.25372221
52.5949624318
793.363493406
800.533883283
862.76261593
341.30246011
230.59801968
861.126348406
202.34349872
284.165250057
845.294069623
716.997071742
995.898841951
578.845832823
328.396528303
265.60516533
290.708514482
117.331865239
241.657731442
870.949257218
668.551831763
985.226633422
853.087416068
382.71057309
795.630412214
372.851291751
73.8172858777
757.997731274
532.823279384
325.036980067
991.015151018
610.752168372
337.665196144
399.557908648
696.3628316
471.089396398
767.338172174
583.612013197
675.569286929
450.538583979
171.275080287
378.177454108
548.386894924
239.979807813
961.960845215
747.484754396
305.479444866
465.254667918
20.9441158387
410.313201832
853.412701786
156.640151918
16.9138899314
244.302652664
86.7679390846
183.177181221
223.057677135
255.496796286
572.20356304
696.740805699
653.757423938
421.455192832
931.546830672
693.525711692
691.127806928
139.979827262
17.6931212761
38.1208657091
88.1703566037
104.625933329
716.306133476
531.180305923
862.981334691
368.636410832
852.378657533
495.803407286
336.50986245
421.62175182
774.977793818
329.812662447
26.0427647702
189.622003508
703.522367477
782.188564452
729.079989198
329.679388347
859.339661624
468.714925677
768.994137632
304.096821528
349.141406503
339.849686114
601.842403519
758.004497328
597.726718225
720.541925385
752.322382951
767.63974624
950.411389642
367.530647868
717.741389692
588.188760523
518.822930713
0.364835467745
818.701672573
21.1989832345
295.415573231
539.861464003
479.941499677
673.544093364
237.683699342
948.943697911
269.613307027
126.427379903
861.340107337
933.896840353
658.34614536
730.002485064
694.183372939
105.017544732
956.738541906
428.492705237
575.608305312
747.457791723
621.397001296
759.666314108
649.504575752
169.758870472
983.691145134
593.72869189
888.96831943
649.534187366
3.45635982234
256.819184094
181.216174275
897.210544063
234.195617429
477.173758813
581.824725705
334.888939106
705.874434716
499.64911838
430.254252248
152.391505542
824.711953551
850.582756918
969.154042864
719.972253019
725.227656104
575.925650906
487.701767926
142.784793639
549.43925036
175.506772453
957.195947896
745.057687531
65.5357605183
904.060886113
67.6414293897
575.232390137
510.664845649
719.240176201
907.94484231
561.328664658
583.623184728
784.408957568
374.74421495
345.042963489
901.036170307
868.519936094
16.781904168
347.963039282
115.0993022
637.25186346
68.403176657
256.169272456
184.663017791
286.505946141
548.394867107
488.923504466
357.307236058
657.448129193
510.715342073
136.773917928
209.629359111
683.935953641
831.199557594
242.981806004
375.360992794
831.489335601
153.640332913
356.334197389
168.841697823
248.946707645
791.000677543
467.010941075
393.405210526
476.855573159
148.709496888
412.150644047
226.847240976
187.127689154
66.8325223287
421.750689761
990.284643941
82.7529222831
269.468291035
105.160039255
1.08939556134
350.650841707
2.01214166718
274.76382463
448.229037652
74.442335058
913.672063469
258.229373887
671.143826033
520.508697784
500.151906642
335.946491344
457.792332771
698.222325032
383.157386256
509.054784224
6.62407871034
318.268217761
176.616545208
368.806848853
788.566647093
88.195425129
674.736718697
520.099700255
778.047049573
194.038357426
69.0168308159
318.470012188
750.271325413
330.056419453
164.867312759
333.255390684
369.807399386
967.793191227
660.580653422
692.057734006
768.476803499
75.5830299406
568.555652139
112.664242994
960.795326513
375.827566074
514.082524039
159.632941196
49.3204372368
158.211138879
32.630675088
72.9074749185
100.903421474
219.333327248
584.517381892
183.807396793
679.879037592
520.441803823
53.7342858112
684.588097197
230.702678721
374.141530141
86.7568399647
528.929120331
163.837787919
356.335782522
888.492522445
389.9119126
500.731099118
709.873379308
505.148231633
127.387823406
529.688115636
361.169691377
337.694493928
837.842289872
734.982671695
869.16453589
698.517869966
104.627260831
280.864839071
701.740614712
227.198045744
85.618977487
780.08808216
994.801474414
694.066349917
26.3668648679
220.183834619
529.299237087
463.789745789
931.953045771
681.997976773
548.095696755
760.649264654
609.66486761
429.371725896
394.891736378
644.022243652
231.265325099
846.152080086
673.092228163
988.97873285
610.732809051
73.62850483
857.824969109
203.460798044
387.219046677
608.215370861
681.513156824
144.874148651
116.436224968
252.089730838
96.7942045837
891.35404444
346.731509183
179.098536511
402.946231752
594.650348855
353.60734544
947.785117053
212.455930354
431.386962928
629.328242367
944.207330264
117.284391247
423.813738646
712.99178787
103.977760782
332.520058753
569.358442969
210.069018526
645.232381027
986.49620118
224.870157989
791.320775135
476.712915195
751.874714163
526.554562681
16.6996351923
484.340875998
272.349740353
120.429627844
103.20201521
743.327384458
468.335767089
955.934439478
79.4604941304
2.32093595797
215.835073661
7.97319815403
879.21653665
462.823343297
911.620525657
500.526771842
319.634113005
474.516362003
120.018406057
271.497092476
258.124400339
518.821049587
43.6858429446
25.7324193229
439.745236377
917.645251336
534.08096404
205.833793801
508.327501037
530.298393375
260.682742809
163.22287211
181.147033585
493.665853867
67.8347976549
265.069787697
442.261890178
107.589927922
984.549225882
394.721781417
343.780667257
216.100188054
239.909722391
484.543761857
725.063098674
288.825218515
992.190562638
483.387163707
551.350696549
477.13181082
584.555243853
506.609168225
148.061931489
64.0103553961
426.443722598
791.339912769
416.881586182
386.048872796
959.651412574
150.878032613
771.528945002
621.370200551
549.745370287
633.357203576
188.382751262
28.4536296615
128.388305389
454.283450376
360.406842262
113.159422695
550.30290999
987.412717314
10.8571394753
814.938529396
664.44980681
170.71437246
477.207551085
602.01000846
981.526075339
774.782397735
202.521603558
746.994437417
413.767303655
905.927823183
319.640477933
647.141139004
553.878673576
104.70380556
