130.81673506
829.776322537
216.008107701
523.93254214
395.947411751
231.124461843
103.635888281
259.815958647
866.72499586
565.315871207
705.031274125
651.318744135
788.243494046
47.1274360326
496.501027655
712.10194925
610.380809726
393.369046309
706.279712667
667.985296435
2.3580455728
186.084316395
144.104871373
896.24957105
728.539510318
252.395406506
604.38958514
559.796956618
893.333374188
159.084836235
294.711904472
803.250387482
48.3922999007
831.3888638
165.210208578
312.207534066
509.166190236
865.358636846
434.060748582
809.482584766
114.164704295
789.575320562
783.467623397
604.620114608
982.738218497
527.817128899
92.8869103768
470.679137576
237.599783312
50.1618988447
759.565067984
468.774313449
727.394916132
953.867487709
322.057914704
732.587542352
16.8693701381
868.558660203
373.316831266
550.73031873
846.010530521
390.46859112
780.449256861
877.624181112
297.069457059
645.286460341
403.380001198
734.38261211
703.570318465
644.802351463
832.507577921
37.8736149897
478.781916263
29.8746145387
702.268648164
205.032812797
482.301797703
568.15638994
645.984635471
380.646702419
497.52734852
600.833484344
70.824659676
911.939456309
929.57867063
382.192683445
69.3244657098
987.294367101
38.4032404338
234.455150888
175.398625764
405.729623903
745.402743015
73.3062966306
761.653596169
872.493831043
892.603605615
32.1792338501
212.043731393
751.685751263
250.608731488
930.999787987
478.557333812
799.905747185
643.374384452
864.20835906
619.428538099
128.977506239
80.0452466173
848.35556168
412.428005905
121.717124555
288.068136111
823.222725134
397.271101625
987.931446121
78.4670350521
27.0289626782
458.409251401
695.256205732
541.102444079
743.636466659
56.5999949734
214.1012194
423.879749024
540.615902005
363.117823034
924.835960017
695.107108892
224.466025297
39.580995858
849.166693299
933.581801181
869.917051865
414.878553026
786.725515467
226.484700404
877.368639994
750.426313068
756.226242919
47.9995422241
75.6839117451
922.216246619
408.949355187
105.623187844
575.668927893
202.909757809
27.8978443507
691.846241178
158.46722538
459.476986237
410.543620908
466.970341592
55.7242514284
193.251732268
932.933067107
352.284132755
138.084869593
259.500663186
709.298091549
610.38949554
68.0288884004
818.010612884
108.622081166
727.725624085
304.173833407
939.68666315
588.766124198
165.482301411
148.167726847
892.012740586
900.451613243
739.15356905
181.235083066
8.03690649996
980.399661925
374.157422442
944.436302828
451.846677904
618.856362394
876.609526206
924.634447094
703.970955458
609.267955533
460.429795736
893.486245872
524.100959939
780.65346766
167.030353758
691.330039097
632.373463954
164.47370429
627.06196321
532.53899041
548.227274184
521.048234798
77.1386038692
663.742879184
837.297125492
587.394207401
64.3554858549
603.440546182
166.283074268
464.005266887
634.008534623
130.31420968
1000.02072989
431.170632659
634.910140305
418.106721667
636.303102736
616.054856961
336.264433348
70.263887547
456.375874028
873.992329259
766.160438055
612.259065266
956.348727013
671.62120069
294.714389907
59.6638042304
538.750143711
116.063239125
140.232112093
391.037726663
304.222430048
314.753038452
651.84220463
581.386562517
261.685724675
819.982152928
69.5995548145
214.822370778
215.270014051
506.199304572
756.62504559
635.204130809
922.048552182
841.69917512
131.768720474
305.399062579
937.494441403
796.873170661
193.521906855
33.9800694421
957.749450828
84.8184069228
31.5489225433
587.626656503
700.392599936
229.894827861
918.312893082
456.275376489
942.70388682
252.830301154
153.91888329
576.584942696
169.425140319
983.753388305
979.799703958
364.128870066
167.18789892
453.423085605
609.283138317
382.778651007
321.109158591
823.246810133
114.406637159
636.166266203
898.760861089
933.931801219
969.905245748
194.467507158
371.38983554
899.857352724
695.712702062
188.061847776
396.128669723
425.68584163
682.549370893
971.310407273
890.790619938
539.710621191
833.946891565
320.535756444
824.084519685
936.545876151
813.154678017
284.763585174
12.5932952896
578.468159976
575.29875608
400.724152694
860.231689372
157.90643605
410.891836042
394.644600997
662.197614989
69.2350503065
110.096505836
379.698952265
256.179521749
58.2010940889
970.647806451
600.481554981
895.228273848
735.266362687
253.002100026
508.052976492
451.035103738
151.893748251
233.184074874
730.065396215
694.344801064
980.49777809
558.469041108
941.494031886
678.001119183
472.411211774
334.475055189
835.438666042
136.513756209
273.575924419
414.982538106
622.435362947
611.863391306
812.439703619
624.897694878
986.342966086
592.324149963
917.801569005
689.69716398
714.271809508
295.161420263
518.54848989
345.658103018
682.153413118
198.435804614
140.775808562
892.397549239
354.461324431
30.9811275174
4.42269638998
894.09415327
66.9510598119
200.467738216
346.719632339
629.932726286
458.051062238
772.721449444
176.70490884
200.103870812
616.015465394
310.90251961
346.430082318
143.74340404
242.923615149
697.70032484
56.4217948991
373.958090463
552.684491051
100.925154359
519.376304195
357.510181125
635.060000642
971.278545667
714.488087101
879.880599715
226.844681148
101.805899008
717.796419238
942.502038421
146.684485786
897.202432061
214.277592221
27.673689752
108.351507646
194.093523459
378.710971092
938.926945438
961.514060342
955.945364724
487.277531468
897.170604732
379.676116297
59.6679451869
187.537384221
105.696777421
772.055476992
619.232204432
417.060321851
71.7694197318
706.223677116
684.33416411
905.314179284
730.00875997
568.797889451
533.311621565
735.169293647
684.983518777
221.345271595
287.711399181
442.394659687
737.217771898
186.361502634
125.797121038
223.842146351
7.69228663308
67.7800245824
558.058369279
375.351979147
412.202525356
673.67550888
936.533756185
56.5397130604
520.406247458
9.97823231802
27.484654025
149.295442214
565.907831559
180.827277682
46.4674467213
42.5747089
842.365465757
858.575889292
463.387015897
655.739033788
746.827593288
794.613511341
196.71267045
327.130874934
146.517859359
159.955611313
183.105793013
565.937551611
482.902967809
90.0908646169
858.617323961
676.665933077
38.8608958243
54.0575375595
646.49226806
328.237367863
165.81241555
953.808076767
243.018711809
595.376009873
81.3330183656
743.148039497
831.642399032
798.796426619
421.804723331
635.207704789
226.088044414
112.947866409
397.651133366
972.266432427
776.653941286
900.275839217
593.474466459
907.811886974
888.098717527
219.964887273
193.111410005
109.531992856
36.6228836318
894.190079986
824.255846672
380.542025513
791.067257285
701.210627751
860.372908664
517.275851932
700.988104888
584.170848286
613.500984198
268.978410118
363.608761075
118.261027256
773.523646004
611.052788457
937.218736356
983.553846074
169.827356263
144.339012614
449.636508518
831.708667987
707.670662415
772.66000876
677.132780903
262.105712037
71.4739286448
624.554736615
737.723000552
541.770589805
139.518748876
350.151155732
580.472892759
323.469276449
930.496180438
86.148818489
417.016055979
228.849042887
829.008276035
605.549947784
141.30288716
420.27388158
583.111526908
68.3647039833
580.588498819
436.806680752
456.964173265
655.557823789
32.4473987058
207.776963013
130.693277827
835.220576888
457.271814671
709.328003678
374.533677116
519.925120595
999.190421589
933.53541924
702.540442734
887.301707331
868.365575878
872.065949155
325.885200642
840.067982262
696.270175887
40.9753425502
924.727056936
410.073498741
108.914599086
570.552649842
977.612536756
733.29874288
746.338063141
207.687731786
156.446773269
894.336343111
196.935290063
981.322496168
389.621120879
619.441239591
718.823213824
129.250313239
446.528114603
254.99997014
438.367974173
899.570109585
785.474832717
792.051746599
948.599749514
637.373791902
800.033216053
526.930552818
193.668471377
781.4254308
280.685430978
32.5032297993
565.825723227
647.628118185
895.672686464
813.857474491
261.69733928
361.168575698
328.779091638
853.065752666
148.050972059
554.894503872
568.342585667
380.995139675
700.21203815
393.555207952
715.69293366
291.623293893
309.87363493
684.655424844
468.489754896
944.101445315
530.81108351
822.808391291
887.226224002
184.546659742
23.7280458724
556.524765206
661.879028692
918.156764701
768.771978396
402.539715771
319.591154191
78.2245585743
194.289986503
286.573351964
378.256635252
189.632077298
220.76313482
410.74216875
56.5314397604
152.241801748
161.80320553
925.568474577
82.5135818787
168.491557273
73.6260523793
804.469229982
304.832969018
251.252137978
751.382811465
80.8798947566
616.711552579
229.637550204
662.923805784
695.732242831
661.008284012
840.01296078
227.807112818
913.238813302
863.702434371
338.768810025
900.72193187
328.373433792
175.554674818
382.234380975
218.966305238
930.595900193
219.066226823
891.689642891
749.050159197
154.921276355
293.392204942
311.555593784
175.213939397
45.6266562829
52.4255914109
890.43783984
173.055316494
539.144408091
93.1034943376
668.900000383
442.240673359
318.607397238
628.893222263
605.62320793
93.3339332966
426.482456902
675.887054579
687.747598825
794.819588893
921.96942501
242.636851448
79.7881312967
924.986654565
35.6276501688
508.889793977
241.604595022
389.594933701
255.90557818
918.907363059
539.734907577
947.531560261
431.956743063
963.992101781
763.697159199
57.2622320992
568.329610155
72.4280029711
828.909975756
104.973710421
332.869501992
520.11629778
113.593805099
124.52595748
469.304013837
841.733979749
410.702428608
906.803521877
457.207409474
432.655348364
515.795970603
689.999282613
456.316735088
760.74065877
586.840212349
921.318293853
222.809972279
125.35943721
19.4859131943
68.1331293161
740.08428956
475.003303298
751.940100317
176.325177802
755.456594123
600.717797332
841.190321568
151.651819664
593.51754251
939.546373703
59.8184287864
722.083678265
802.971027203
67.5916195749
507.563413258
705.69532734
1.144103884
116.133191013
566.579677451
746.658834915
567.253180257
226.029987891
603.410285382
155.128165525
896.452648998
548.600428372
592.266752609
15.2520954747
134.657984351
638.562608167
635.896620848
233.741093371
23.5769708393
791.236341083
597.22378801
664.79984896
759.910903697
339.384849578
975.789895958
556.073902666
664.018730334
333.437689501
836.062516835
143.423234822
538.932747113
682.532652375
466.529693468
876.356295664
573.804250945
78.6943686014
354.237334216
12.0725182833
659.697303162
229.709083775
922.905669669
356.411293323
556.574691887
560.692616053
411.136357093
825.016636739
141.633405789
491.877843669
306.376870537
872.589067205
160.219973743
600.296978111
517.68565691
368.874069791
38.7530189658
965.307182325
284.57269274
27.5489804676
293.384743009
954.566532038
469.885584959
451.153254701
171.572026359
734.817688472
111.87948822
62.5213899519
861.928030545
655.184427211
281.791164096
687.748775861
33.1878167191
557.434229479
609.840387454
674.726840699
640.279651718
58.8728338379
478.662958989
610.633395712
828.139497396
40.8875550456
3.04672966681
883.984779546
19.809837028
423.748888829
755.814712013
873.739416812
853.313583841
49.8796761058
637.342107633
622.819655407
75.4254659252
984.271313636
344.084326538
393.073904011
104.700850442
689.042549044
904.443392266
814.293899099
122.280111986
987.375802101
332.624521175
2.19868081104
596.242091418
250.909213582
587.615356487
139.053527119
332.839608209
795.281708021
350.414288597
830.269693629
335.00084231
108.773985216
787.0462244
847.213611264
80.6141515935
930.208040278
535.927108017
623.417744292
773.990383257
229.747208316
892.373508414
682.582887694
865.362331159
31.4058284527
618.64102303
844.526665273
894.546380638
128.405942968
846.341248683
189.707022629
137.414211414
343.606299423
155.384515652
363.042638965
450.817080807
348.425582879
12.75693776
620.7591577
52.7931057463
907.722617859
223.982267418
463.795669706
903.780933564
108.519240663
131.783489739
784.111056289
807.907240701
162.03067998
396.674607216
356.15739227
307.953437536
664.407420957
136.213765536
752.628555392
272.637510594
161.243728226
380.28246201
552.413609233
376.984875425
194.451994949
563.748111506
931.292238911
458.823605895
745.256478645
466.918126647
866.734840921
961.346152413
187.264273626
398.581323594
86.9758145771
868.064889163
331.422940077
906.275988642
559.266203831
47.2323955377
34.6842397445
837.790319644
189.132938809
177.518546907
540.761607528
347.733886899
960.032023033
76.5488638044
661.603753236
833.729693772
227.761775783
595.302350308
816.992445989
782.296131473
175.375655201
315.194174494
781.57348774
860.674546033
523.450040954
637.186321728
8.04068424019
723.020685319
814.981414805
17.4862620173
949.347028216
568.318300256
600.093540665
445.175003979
218.071058118
925.28764852
379.850511135
943.946241413
746.898046436
42.8858404565
96.7696676274
488.744344737
933.397133485
338.275356766
138.548801215
376.287573589
81.5480901104
546.126879624
195.414477415
174.608376623
969.947802847
785.815804469
616.803151446
286.523467663
680.509302828
77.4476855185
220.635218099
32.0620106172
48.380887258
901.338096224
16.1117174428
311.482758923
402.193290615
935.679212366
757.191770054
17.5347921736
658.54485182
200.820309146
916.121273293
238.100101282
5.15146910841
135.242654759
948.664759789
318.604884388
472.930965665
703.725957137
473.926738064
443.556126019
315.216589533
396.695641056
802.523519609
669.823699354
479.875606842
259.613676919
38.5888495655
878.459353537
496.385816335
720.990552748
804.095424767
256.325564608
992.179093413
221.525276623
346.752870964
468.157632804
777.750569964
284.423066507
718.569037668
731.429293651
569.075317196
416.141241089
567.748858775
352.227251867
384.450489884
104.314240526
951.058349739
253.380265057
987.946364931
573.051241387
155.975716243
522.884140671
41.5397034783
86.0669111116
99.8784589671
794.746006704
529.039800564
138.183356998
4.63117920814
433.406000747
815.301745102
465.018077487
818.738488669
896.120144844
908.692483068
114.506350939
495.092133909
170.540193428
