430.168604692
326.03957904
52.8257066797
441.646693493
163.594988979
64.6923648397
722.908259181
834.247341105
408.661967162
450.618381761
602.802602039
51.357920491
34.7792285872
821.040337946
248.123419619
152.581706363
751.541169803
70.6269647444
546.146539331
217.609123338
737.658592813
911.081531987
730.572171772
866.260870754
170.85707201
978.615990171
940.789551608
578.902678015
874.796669243
466.106340892
468.195483824
511.153770765
79.1397445838
348.450238052
572.716171012
88.1234641636
622.769868214
640.232801528
958.945444817
26.8475117898
508.056886146
745.738918695
644.371607548
124.040203913
532.481397928
257.771311391
444.844827951
667.237786273
252.378316581
129.127794989
732.166845734
539.643775542
540.391604369
879.337883028
286.907766147
663.645334142
701.088852821
793.901556367
813.765221709
838.24651417
430.152718237
672.336384078
709.399868959
542.472430641
291.634098529
32.2609860988
351.396293856
994.328763486
203.985892198
649.559450895
481.816473939
866.104140542
705.138011649
855.003996457
573.268229535
293.179578103
763.973677028
913.492681717
410.219543173
762.001020653
348.269709231
213.035247369
877.170378094
242.325857771
600.102407409
73.6320314725
675.577814862
988.462228119
586.695839385
178.223341743
263.234594677
151.03108675
357.23601126
71.3725176271
872.790721454
67.4643126902
788.153720358
675.168232897
461.02925039
284.392802629
467.706017467
520.810981792
797.706710821
267.413071361
475.530178369
758.657465613
707.492161223
937.43236976
640.008870143
342.522135474
337.6289435
869.099691016
61.358503312
300.480503948
812.384317335
383.643874334
721.250090223
533.40251463
850.756395214
598.082014686
370.2663371
975.622098247
98.676134721
76.741121207
94.9109596281
53.8432600733
33.6871050357
46.4741909375
796.989031262
750.660155773
838.323591369
403.097671859
169.413013048
122.378539742
443.778561762
323.372558734
612.667423313
131.140868027
1.02699100795
918.400406733
115.337366158
457.723796911
485.416391821
299.43533558
749.873677698
723.577697451
889.754396798
293.887644991
640.131467054
741.958297747
894.499918582
806.932193351
500.107706341
624.002205484
752.946873853
829.858504587
231.525915252
84.6384660601
779.569168973
705.581656259
312.681407517
956.765309409
370.059288719
204.91826686
423.031523238
535.324838866
152.815493177
990.527455439
878.577304376
267.026269123
207.349490982
106.026265566
44.2799881121
612.565710641
390.543418306
563.094548076
644.862515665
299.351484354
335.029563538
932.293243909
876.61288992
514.260316549
424.747673828
178.513708725
927.279723889
490.630490437
78.1112908201
240.661732604
969.429604495
137.148210772
75.7365934565
104.639936365
408.362809393
549.010933777
982.916864343
249.208235227
179.129459949
749.186569514
637.359773954
250.365034824
881.924697966
582.691658108
994.69132037
915.911284466
254.285895215
983.604883316
191.747145007
513.566760279
56.8342943841
81.8414041673
621.850532951
673.634829112
476.09263227
835.738946963
820.324875248
817.550509649
726.63680425
571.587343161
79.2874055682
506.973709901
132.787326816
656.169085033
703.197068371
477.239011245
71.6679714026
289.342009494
97.4388278783
637.075891237
799.39705072
667.102066094
481.064029759
773.339844765
889.350873979
851.999895904
544.472796245
43.8756137959
108.277164126
306.27579255
286.440016046
151.235626122
239.507158456
867.77506939
619.480641397
16.4739371454
578.187345487
42.1188264123
630.185848504
92.1049951017
971.299097089
11.0273630282
599.824814471
565.857032281
655.082454577
196.428219433
885.274282407
133.160891097
207.626818036
648.21527353
179.464964449
96.5615891104
717.51003487
247.691694389
607.075794791
243.237798198
271.072423728
286.057899795
625.898692498
652.16093359
692.216520358
421.200160041
714.716400141
888.791824415
603.538963558
466.548424777
44.2917137806
365.487264624
570.71143525
35.3306011617
573.593680243
343.472435655
949.83114072
18.3640317784
14.3623125695
30.2318564064
659.162042816
218.620794027
251.567722271
994.786126455
102.596639985
279.607967467
1.10978070416
525.71392472
506.811323309
10.9091721071
960.799591629
642.651658608
149.013308615
100.658126036
228.342960426
754.330045493
93.9750589303
903.527636354
70.3724293551
182.308709573
120.149171424
754.126614423
589.646695159
561.069841573
991.911940539
46.748281424
248.480416578
811.950929844
592.684815538
714.969356412
701.809464061
416.174238464
741.848697746
652.729784427
397.108155585
514.596574003
330.844167747
35.2498692995
584.292452257
933.695664988
882.491165169
409.425764941
193.444196922
298.186574459
525.904180424
415.576792079
677.924861885
871.222239924
850.904683076
580.804005021
352.217712775
205.743602608
424.40015127
759.359585223
834.786416623
121.193468731
571.105457133
596.759281507
515.075047165
81.5455535505
630.756617454
514.671621234
68.0012835115
376.93405643
248.53728561
959.40673742
973.822032399
803.063010271
351.431154167
836.515596961
991.183636866
944.186613869
263.146572622
23.2979701607
718.44336998
557.191365472
34.7728141549
168.666741336
223.224576538
713.268026176
668.50391998
814.689826606
201.392093302
893.808679641
922.798730769
608.580405076
205.33141798
914.355771263
830.822191653
861.624612245
828.946303905
968.386087292
443.308762944
90.4504890491
533.865978218
36.4510888325
863.956335231
891.244074027
463.750585265
604.586407214
578.810519609
325.574658174
865.312207038
356.05298538
292.503830571
863.527133698
745.827754432
164.977920417
283.980734624
608.992118851
591.585536444
382.566300829
386.743612224
615.766538898
484.610861304
294.649573184
552.173387185
899.33244919
889.954954476
940.813697453
729.248968977
362.516575823
85.7210897387
986.694243799
351.214566201
346.81172329
255.002212261
97.7838360798
608.377257788
284.558818995
541.459495163
445.125391155
288.338770823
401.295840385
118.994056472
843.182562858
705.789257022
634.553880669
673.45436452
956.468742638
416.678714788
846.659915684
738.532572291
699.124285025
680.315138645
326.854402037
129.132547729
124.653969127
568.391289261
457.386095544
785.230016672
161.990409639
973.329245764
735.997313053
212.736530243
766.324268287
217.1609247
155.535030488
904.995060285
901.485673147
895.154332726
31.7494874988
571.711978437
561.718699502
759.41922904
174.272623053
577.169436211
119.169073758
83.4999865085
316.009486271
875.561881829
255.057228782
991.96527366
788.545606517
1.95732276394
522.547390802
548.658364096
37.132639857
769.19838887
923.851024041
698.844629551
316.477529694
171.703905711
537.609266975
433.145066883
119.60599277
525.216599984
479.075809762
657.162912261
82.5416762485
232.101778218
354.862430714
911.645406109
820.954500724
809.381758803
185.260865007
190.519953135
796.274706425
619.693093728
208.499994407
452.999374177
77.324277169
915.471555825
631.618513783
541.031318511
592.509950996
811.764942326
809.368049429
603.63471255
599.189568688
989.099405306
238.109586888
590.146712167
551.755926602
433.015967746
916.947422007
602.697986146
746.727309251
640.461691103
95.7733344939
841.300684405
221.837955261
492.824019918
358.577379903
267.483453434
943.111495207
90.5804752182
241.428372032
526.826916152
424.825530069
29.3444499242
850.106975231
143.899065824
95.8977202339
445.8106537
271.666697331
741.19056167
608.603307807
692.457210458
503.062106162
225.940331706
925.75868511
584.851351584
771.97242196
368.40682825
684.662879655
177.905682352
979.275003878
908.80131669
679.337602428
259.016593781
700.652335509
424.660952409
522.963343703
287.176675263
637.528724936
57.4041981827
536.887953898
380.853814196
154.33943393
605.6438981
52.263218934
223.776349633
377.685394213
351.564211379
600.21421054
796.611408281
896.950188
977.859250723
959.975118638
54.8607676466
745.978228864
498.021917666
27.2919805054
65.4077798406
978.47233984
530.580765269
194.280050293
652.514243439
469.251397673
208.258213955
659.805915583
613.398789894
678.355664669
154.095857721
58.4066535249
952.545625514
464.577753617
814.320475387
653.241555481
75.2113920487
712.303324199
950.840422057
109.407233452
60.3938390461
599.058807633
917.29644818
166.802883265
351.322095304
478.25155941
601.706369583
388.032584855
340.902368368
895.958646316
724.734262018
803.603080805
895.778383599
892.17280584
231.74970173
939.306797733
689.679232358
939.568173201
186.105103702
631.330229019
320.454820073
438.312167104
714.240518042
431.342870965
844.437220582
366.043366606
776.405694987
964.431886936
558.26846684
766.22410101
763.552454069
95.2322992093
137.20017479
48.336969254
395.401115732
670.745851029
152.684440047
583.952631423
64.636603901
124.795984926
857.614960797
488.797655712
349.869011185
249.238478716
773.673210704
760.292058537
749.732876213
396.213037412
3.40600759118
856.983305936
92.7388796423
659.347892424
257.892392289
514.336037791
1.95442476507
314.306508921
540.987216856
632.060993333
524.575088938
670.511516869
680.732450216
222.196099472
85.9793472577
576.282401435
518.622749092
715.424742263
186.360629224
673.033036798
278.802865724
743.948177867
82.8667879413
24.7737413924
160.392354125
370.902481597
342.19542182
679.833653868
476.53598619
124.047044087
43.6002616487
148.284144504
95.9092190232
670.769428777
679.850129729
696.761291395
964.760021339
774.680809524
820.946201092
704.126567789
501.886466838
576.969373363
611.906240824
624.984379582
484.470334561
529.862753631
53.2984474393
813.802297469
76.6079032203
82.5911662796
429.296746876
7.66275875571
649.410453707
744.832064273
572.710138758
358.771553012
544.020513751
891.499125801
68.5430133423
199.261775585
526.413368539
254.22296881
317.849464118
434.099224393
301.818538038
310.723970516
385.431985003
592.473862374
135.139345705
283.926230778
875.886268532
203.778888554
522.461400012
619.048597471
387.185481909
651.818937058
934.237190057
85.9138723885
509.406982421
512.579814754
549.709826649
743.022700795
343.933540324
997.649641986
73.9042727784
659.443859938
269.192528945
872.063205419
766.275052433
257.117706451
17.1175462447
904.249800575
632.1044606
21.9006562997
467.135198151
905.104079651
43.6743036999
157.473535903
518.594887014
564.71837778
872.104916627
786.869091403
257.802153822
480.599361964
319.938106147
178.147994923
89.5948265192
353.034697076
439.046631716
36.9751867113
11.6393425126
710.810954067
584.913918883
947.817477594
53.8488080725
66.1201421653
5.81777089073
462.906804891
999.82119689
978.914571601
25.7823596488
685.312700983
674.128811894
868.123320005
567.703502118
287.922346499
482.40911818
383.090962839
57.85601248
217.34078698
360.674562442
928.366989038
983.784475219
794.420380487
714.831882006
241.51251279
299.374470844
883.741050485
364.011550937
118.370876353
520.640330303
458.560117895
770.466558848
734.753532159
381.030549481
187.592767957
255.911186684
713.078519727
183.430062287
443.391759986
810.405535947
927.015269863
796.022306924
890.31605637
359.515155277
134.296659881
496.876942701
389.608102041
182.757270424
16.9446599292
679.603902695
771.34669021
44.3573364396
64.7961351235
663.039699368
74.5752923673
989.602223439
486.932490918
117.073649703
959.554246128
301.60779244
613.245176045
29.6916881969
289.085561484
936.526731568
910.194952534
886.430958765
470.82075188
508.469227641
641.092109327
656.809117808
156.608672005
912.780663268
288.279083222
586.196171332
347.452803885
522.713840043
774.350081337
702.886596907
322.037389058
863.859274772
622.108169417
553.014854805
241.294867164
20.1988957908
437.140055282
958.58229671
483.133034595
175.970765872
423.605205879
234.529249579
450.390930276
672.182197924
126.722778939
71.4416516003
78.7014801464
687.638001291
4.67693042934
528.963375746
690.558139307
101.93421727
279.570098803
52.7815676453
952.786952626
350.062012428
256.296862663
918.027860134
947.504287876
943.048641022
393.762428863
232.472694877
652.101134944
580.390029839
541.607547238
206.416319385
59.4493414667
429.047419589
348.431667027
785.491149804
704.412693791
572.967329796
469.835807279
192.763735844
131.261555879
910.362082705
248.590792037
280.881457511
328.864780159
59.0987133167
192.253046102
964.938001325
968.590576914
610.872259056
856.900139
114.124873624
411.79943529
425.215041213
575.335293018
755.073022961
123.463259881
494.060785461
69.0826592013
546.984511328
211.543980335
157.469569221
93.9647904922
396.08680496
192.819468511
705.565201386
260.282739461
681.745688585
549.723724085
174.028233598
96.5521587781
67.4905749221
36.9841792286
149.222786951
237.363317749
722.933883833
270.445554252
816.230410825
127.01832275
563.262566788
855.383715515
999.48586938
150.802312399
475.180208635
600.553040149
3.67255290581
799.706874854
965.0069266
506.091667335
965.370509442
160.319406007
146.741886475
406.17934164
778.516539435
981.288533661
694.672277794
460.598262261
587.417389484
141.012110147
358.301306058
714.721455222
634.046082955
527.259050004
168.053490677
625.67267982
120.631069372
363.15805804
120.300716905
649.68329263
665.34000503
997.605984957
586.019583692
561.714757397
276.536899376
973.171788019
242.658934981
1.27343952115
46.3852213503
715.506468858
306.864513526
91.9030788861
308.245239772
923.129947057
118.261204912
557.677344557
697.99731348
43.274827514
861.136929239
619.118191318
830.651174118
582.810257727
936.590674133
329.469502845
543.208820439
455.69435049
151.752196739
853.840262375
89.2684180595
73.2796269557
308.350762091
376.343385523
384.569732489
726.179080368
993.481822486
220.068453195
419.20104893
432.685453335
1.59365307864
779.794636307
286.347770843
202.635088664
473.259581465
716.828399224
319.076643211
495.968437343
343.861300925
262.281481329
110.065882242
368.641370995
900.925083412
435.831309174
638.692770049
636.494253674
98.2708944908
963.895564827
316.878832442
766.841773692
95.2822582156
193.0924078
544.544213146
340.090728042
570.657326659
599.726950491
196.909610205
343.508784046
243.009183193
169.022241402
280.901333388
316.992969228
412.215201283
693.28339347
