426.853760292
931.696885742
866.717747871
155.532879834
868.895701385
580.085954395
339.107882763
137.682450285
367.322460707
487.096057818
401.662169903
408.811582711
794.596529489
433.736290324
558.795559247
625.844989491
74.286675614
43.7373124019
194.523444524
163.668157093
932.851573155
536.895729859
384.948094076
569.639549792
29.0142049612
394.139263005
370.129620791
800.329996397
961.801388291
260.43456076
726.970774133
569.095469333
439.881017535
261.171120119
596.96798618
531.434148709
930.718149
16.7692973164
691.421468867
557.185489712
642.639139166
857.211986095
475.375315012
402.734080137
532.914722589
705.086896752
709.258655442
961.300192157
541.694369127
558.86900061
283.641099355
996.401275192
10.2218846372
855.155603249
993.135493518
166.823326806
44.6651394754
654.720512136
726.402321205
431.262829827
136.791755831
961.55154449
129.376038492
462.032198272
268.905447395
263.276178038
847.882243747
883.85159927
349.651707906
78.6741039738
563.457045846
445.654196937
593.223478148
492.371817589
596.897265738
747.044086426
160.133475814
413.704062148
38.732992112
650.993178666
698.472222184
304.039091379
930.636807043
9.0725555192
392.784229497
57.4254566451
896.462262089
199.940904402
619.177784651
97.887348666
250.152246977
924.430552442
691.10559132
183.199519628
762.085227285
907.968965444
947.721737715
929.908803251
579.507377665
635.742244897
244.555552184
826.540818401
537.99879709
911.186361158
252.550215984
612.396862789
125.917536769
877.430411367
6.51105629676
265.594038516
25.4366609861
678.442905472
323.667100311
59.2785177428
841.170848644
789.612575855
835.988594405
562.273226014
74.1500913663
165.761831412
471.42726102
985.567165352
823.310705253
744.084967103
969.09287409
976.579020864
747.26377927
951.694888519
456.555707771
608.671839045
144.231042987
520.351298958
150.228442044
196.843412103
225.715844785
2.53034756798
832.644100529
14.3507160382
123.669642646
761.608274291
507.227333741
396.996980436
503.666889658
417.762908055
969.062383198
583.614215386
684.171196345
433.568344552
582.957774173
430.045611382
54.693366664
818.122806717
760.497742608
808.94376322
347.242396105
804.27190505
925.598054058
885.452424916
160.687624832
818.766839323
429.15978775
959.643958434
15.640771354
48.1242522594
289.612697347
778.221774295
788.78624327
919.646715109
54.7492091471
489.984349486
885.772414028
335.792158328
173.992520985
718.50043819
164.061265518
374.797342859
118.213975807
697.541739154
861.142335234
807.61453247
690.689181557
36.8624448196
676.884458155
657.661302492
386.192429267
131.169991888
292.560589199
406.185860152
322.84166808
638.464759369
213.409570674
138.181621815
586.991652511
886.251073234
906.333738231
650.67218229
574.872127463
983.403417251
842.904517811
894.241339757
733.647778729
103.52025392
637.368289853
46.3099183699
718.086496404
159.250052058
636.965289424
165.340330196
149.615174746
726.121057376
474.51482271
787.906807514
748.852881193
832.018681798
673.437051485
974.691169972
536.469180423
140.881592012
202.327161451
652.350829562
726.706885236
637.688297354
737.095017721
821.792585018
189.007306924
957.773375827
67.0439209966
838.028197968
620.724212183
418.347399777
806.864470327
667.078165791
767.151836898
143.942609332
507.841094253
98.6199833976
678.787325718
732.063701408
253.944311747
368.645986012
507.198439295
744.990020525
81.127288242
20.1134774259
528.148592793
419.030823807
178.030776227
736.253102238
869.448210198
369.359912653
767.005165542
921.242717187
906.58700285
876.946872208
172.169553614
946.572391993
201.740547642
806.031404559
771.00768031
437.707335882
621.332655225
896.473072466
613.488097515
554.673705019
621.082424035
721.397964676
852.871762822
461.051671238
313.691422321
528.01306366
600.30489386
804.364911046
256.595784145
553.074660642
349.979387346
925.970490237
55.6877538412
171.826250105
227.563791666
669.61258705
526.752788317
941.937693329
412.587185041
837.938402885
336.807550684
44.9468607893
892.790853914
283.907977114
392.651183287
59.7490321002
439.859717701
892.224143414
264.908131473
885.911753197
117.612495705
190.773423371
921.339847544
305.158514684
8.50493635295
796.056788687
26.0680207963
929.26835503
209.947961474
95.3119274924
407.732075118
326.694373161
951.993390133
144.083642051
504.093719483
430.45921876
32.0059296497
513.655980311
802.574032902
245.680163244
241.575384673
609.818920815
765.477762907
792.098100698
379.47034842
472.730055624
328.713499216
690.159940278
474.330281505
463.143432228
990.333188382
42.1118857495
166.8513405
282.787106333
701.813374836
103.037010139
997.839382018
141.268124884
986.87940919
488.043226695
896.421276607
676.080214265
303.061428924
338.458752768
584.151295584
358.550556218
99.0971408971
929.750086608
624.657442875
545.668734875
522.267545502
872.374903297
441.569004674
719.951480001
246.164270988
251.816576059
200.649326552
241.467628371
630.303282759
456.878632416
374.714684113
876.708343882
128.863614444
727.291272571
105.043907292
494.61046362
944.500561831
538.315678264
490.078775748
525.220407288
539.14553794
463.724720613
501.390867345
375.016305753
37.8750848002
440.37466238
621.616746675
734.198494087
720.8902735
697.149176501
856.203689761
437.855093728
787.828928635
834.71668156
951.821013061
190.335443698
501.149052197
426.140892363
165.953661553
113.503033644
929.655777277
504.225492057
498.986505042
441.504765058
120.700284676
224.925393197
245.602220112
185.714733486
842.139194668
328.04697941
217.451192958
927.459933729
39.6422750886
871.225812657
998.8619981
193.952420072
572.8075563
724.947683753
0.124295388922
27.3957484293
398.581200658
620.371861897
881.425151351
751.350921444
432.518506414
981.223595075
742.488827765
289.075720343
262.199436254
0.254696602591
239.208647812
936.064042952
271.023276304
546.03439751
159.081069314
704.317876352
303.782791816
817.386275004
261.121356741
255.961596385
437.456440329
456.949146782
337.477282505
772.057064341
91.3858177847
466.161586099
497.28244576
370.539392178
866.619534626
883.749849996
733.797299864
238.073077722
681.679601634
968.998514296
637.518741258
412.98034185
955.583976247
472.092320413
276.002241653
609.895847554
295.608379337
163.482561862
322.503574105
913.917119654
61.6490899782
317.393466788
877.507002334
621.257706924
341.230097456
694.059704127
284.523645295
393.011495733
4.28839433702
472.724998966
891.298905563
145.01641469
480.573539685
837.241873579
72.592650094
918.119893481
41.6739854425
53.5115172846
456.438788907
605.088858304
394.017242864
411.936606242
75.5408587322
473.072251062
828.760226271
473.263472221
651.343179423
931.234711317
813.537036995
5.16571133584
94.167218064
237.190115923
621.741519178
528.082143694
732.801488675
242.988975351
794.045074812
232.495251063
659.276494208
729.804882836
27.7193860399
490.469079917
746.199297724
775.796707869
990.7575363
613.973443381
682.46961742
362.960592105
634.98823152
738.427267361
804.231583901
295.550815305
713.97324318
541.340678433
960.324215459
381.444570024
997.892561759
767.418966433
340.366175846
62.8942894682
94.8043157002
779.090830058
979.396845717
858.044835143
382.91024095
995.747395556
727.967239712
568.592538318
719.078612629
486.610171546
729.646482764
508.044428689
153.223886265
252.748129586
447.319943999
352.991160181
10.1002040874
882.69224153
55.3567522554
217.370567427
148.923675715
61.2121411658
372.085016248
104.712989183
6.26440434267
906.441518596
116.326500871
106.038999678
263.209217839
614.567843026
642.611119367
915.604508182
806.246170492
687.24737752
678.811428295
225.311976557
165.81694544
801.154068872
262.689553595
262.514863973
26.6936366562
779.534907167
585.16121093
828.163235545
610.179286321
379.403229561
846.322610187
739.935521888
380.28113587
469.562695872
831.464212208
441.216877355
630.879551241
362.772343954
484.383866261
653.424746972
643.188953219
518.054852679
74.6142094963
87.71263228
497.41725744
824.375145515
925.407308652
686.706957254
805.18857865
655.729593222
888.255579289
52.2930483266
460.496328356
686.888185645
825.587635404
29.8709998236
186.177763789
146.989050452
742.532955056
576.566687127
136.544151033
45.9270214053
28.8629592281
258.850862987
895.870132999
156.493036872
186.52746214
276.362195572
410.254653407
545.209102586
104.098602665
75.5709098006
88.8448254549
408.515932157
69.9361045832
93.9055174665
923.600516118
719.841318884
156.542352425
709.777083894
538.574064086
139.060906035
725.729388889
770.62500032
528.729982184
617.590320969
256.096574961
618.987128265
243.571805052
575.941971425
656.682505446
161.71999004
429.52405274
167.224346978
85.2160329088
391.156545137
329.767506758
505.054877156
975.706879108
817.445722145
369.285020757
427.97425597
308.410690906
277.1052709
253.101283317
777.184160275
929.73014163
68.0288541669
273.255833627
881.233095605
64.4024518703
106.919574134
576.745603177
69.2906781264
954.572062501
717.24260728
817.997264265
830.427570432
804.827852916
628.082955162
744.52702114
698.013421235
563.107773454
904.774482216
211.54771361
610.860113552
111.527265126
148.807038652
714.034298985
165.824272077
808.432893646
619.255157186
744.402523086
826.815037141
379.589831809
169.962299995
504.947116862
203.959871919
500.843163037
256.084676357
622.891966046
762.342108012
484.546667217
11.4855065219
213.036920323
97.6461920437
594.240812976
334.481367609
627.074613013
42.2779499217
333.289419709
374.514205378
285.382474447
374.896406267
371.792650428
436.303722343
254.426774701
302.029504155
353.127950127
68.5978968364
961.427819369
274.729044031
120.09736522
7.59035249323
278.849287905
575.06503795
814.886776313
760.898206816
303.258998101
794.752319422
844.455027588
525.958418715
534.30456146
391.404084892
520.447744154
531.308779853
200.513900672
997.680251635
604.092620289
413.050103122
951.419468211
159.387304456
796.854214444
603.536754168
458.198830985
327.017278441
787.30668408
536.044828371
482.394847799
214.523712864
362.540879626
433.883280636
625.76218419
720.794615572
315.175740023
717.551865003
535.023632378
692.946922993
300.298996709
878.647668024
518.133843856
956.349108128
747.539476245
715.831141526
124.908569114
126.788818892
334.671008133
564.239695839
19.2278748763
625.079620097
374.232798922
48.1939522655
122.711387775
554.697192818
410.518569694
192.707598379
717.507479982
803.678917446
92.7836259542
341.622666707
557.689307431
985.846463935
107.608920493
525.18417094
38.7058018753
100.918682889
686.176216444
758.297022949
558.405397387
508.858643702
399.286514925
771.875029021
189.387092256
926.604733654
724.001845059
568.216302213
985.432360985
521.691819825
177.362262341
1000.19598437
444.815471686
540.664390635
434.965882856
154.901633206
514.071567762
966.617035508
520.517692272
936.723483413
362.557580521
351.877261388
841.773931322
218.971260954
362.690163304
662.05018333
493.01861725
807.398487964
879.75081398
76.1734005491
432.936236149
815.723812326
374.994572275
145.773320639
380.07249978
564.957038906
315.054695387
450.935829167
898.903714458
649.424594076
768.523743999
74.8614747398
554.175376868
804.687120648
97.6827289052
391.137981946
874.309421122
625.930372622
620.98429083
744.214073879
448.714379579
407.222169556
686.293161519
761.787034986
767.651011892
336.521415453
630.206834083
818.614456412
941.095089093
465.900427389
949.129489591
601.194690731
83.2189774531
126.947074133
306.31538547
52.479008808
937.602810621
538.180524783
844.189233473
617.683066518
425.533501822
804.377401698
695.729812094
592.756343141
342.542267567
185.806089481
557.349395184
540.53733019
356.922121551
817.492670266
322.76794867
693.484297036
901.139163051
728.252775778
306.281832258
1.67323684397
475.40698454
161.838534227
367.229790551
878.354513839
640.09189516
200.721702339
884.300240326
127.541250042
511.945369263
607.439650851
526.761342521
443.167530801
659.320367774
369.796860497
953.34526891
146.361774173
369.010650649
297.893657965
932.772568126
148.026958106
154.200093224
942.62529265
522.658399897
457.313196576
63.7547406479
404.175498292
101.160088554
283.47748498
238.910468791
501.366171312
429.368521692
995.144762861
283.993453338
504.212499185
91.4714036173
824.106690676
995.659170302
822.319602319
724.430665876
399.912488335
500.088150046
59.0540489294
989.856202705
782.612931548
72.6573849897
406.896184256
927.638238997
75.0397845049
317.294338532
458.102489559
655.867127343
224.508650588
185.671307737
699.852283116
66.7940731541
365.219075553
785.827970316
811.560436988
932.504808647
719.393807546
111.627814273
284.63062857
891.029960581
160.801880457
342.300353864
242.717527222
800.51077236
734.705945796
493.478276731
502.438171111
860.196951518
298.022443165
62.0171932053
865.357124495
824.626662566
51.8741193297
775.845489598
67.8407953769
779.721083818
470.462232742
508.921791201
351.417591202
574.126928701
847.259726636
564.762409534
712.421224447
365.536017045
772.467817197
136.468946
831.693376842
61.7515461986
95.8912295778
621.076393967
67.8182918764
148.161510271
561.832455768
597.613987522
293.604954638
608.757104679
769.200274642
455.741191226
751.32086489
84.556452106
612.525013193
800.769083966
507.567592239
951.43626584
835.534433949
335.771935715
808.465526412
133.800235679
44.8831057598
692.55223859
550.872310672
664.758318512
50.2537754818
131.036579797
297.804772209
972.284799296
889.673682243
407.755742928
520.590135958
67.5059734023
542.025453241
178.830029288
911.592342993
699.273104475
918.661681582
117.196528872
423.449538693
402.525377367
122.606908584
987.129617375
851.701305215
886.651857561
257.797075419
317.786303209
975.992556885
683.702419288
485.756997144
856.97576065
6.50352600525
431.7216642
693.854949317
876.632823933
435.087835526
967.426338212
959.068185918
574.170181723
454.867439169
459.395036587
19.5867610703
990.430008073
694.748060718
953.121662343
112.803498352
714.639411928
572.478961153
51.1281717398
15.4567858452
333.513653995
657.232472506
