907.430484674
788.118091439
868.78924409
607.666069696
959.535243288
589.56335513
813.311711351
121.596217084
730.21693438
613.973231297
968.813236029
458.355508976
983.654521052
214.475194208
187.842495037
292.996531915
496.220438479
538.783767076
291.964918186
348.704998295
121.315308894
430.035151766
510.948785692
259.800344887
135.932039415
744.397081563
408.321758183
357.121817575
787.216427955
181.089324896
266.9473754
606.390045241
992.626214984
423.529946627
958.151137966
689.719425099
439.74554369
798.877250386
997.897932877
745.911133533
735.456903412
399.408309844
937.734512044
555.172946078
906.235068921
882.548836286
556.898329596
417.743461092
79.7869845522
369.645913227
741.046391541
55.6144886508
801.23476576
997.698997155
231.661052114
269.758809718
44.6441524136
25.8977540392
384.910850222
692.724198523
540.986176237
699.897618749
614.866809055
957.038279975
799.086896095
962.85115036
901.88895054
584.03355161
88.9025394844
865.690936137
161.05940194
777.978916816
584.628751239
710.007569195
955.755740213
47.8004879908
34.8309830529
366.521542465
988.653405301
817.333426163
715.513864907
55.3173430215
987.919586182
847.77889506
832.475408078
585.783630911
56.1731679194
678.111693109
657.678149419
51.2287157489
384.029180941
780.25676077
543.821041288
145.31003488
649.703443077
921.016844234
466.395456983
799.007421965
551.745916552
817.260511769
168.324647773
644.16233011
680.006955536
864.77718102
749.337724207
195.31382611
417.585127282
89.3911719889
509.331573755
201.456024033
58.2878084884
151.805397667
593.193290224
516.264414534
878.010517803
355.396407984
120.478094165
214.023767096
151.382470802
223.489468833
204.266383964
871.016886953
277.304213315
217.150148429
496.285524839
790.398607248
973.440309839
343.585260443
997.027494035
649.461562048
876.372379198
381.994029633
181.605383411
280.153760188
411.190688124
395.332322774
234.704239758
31.8419320279
814.021553272
209.030699425
383.412233382
227.167305656
604.758387699
266.27810695
770.67371551
68.3800669488
884.275387975
804.500670831
406.760875326
571.173663367
826.468673536
580.650858405
238.573526125
218.904089977
599.366700267
656.913698543
717.390990046
305.406099278
444.662269166
987.510999945
429.988529574
24.8486171031
751.772492118
995.097345412
308.242896541
614.727286685
793.895505609
738.223624225
583.237502343
531.399557434
129.593750352
120.542058643
304.972167475
727.475809605
967.053488572
778.060040164
645.600584714
770.493678332
859.740517173
689.150127648
398.882662015
470.754611512
335.62004725
389.440238837
45.7606115307
651.758751598
2.49192585846
709.213666467
393.913909726
350.123787874
440.62175439
746.753517227
629.604344285
523.45291682
168.809410751
439.226264936
955.94655601
946.310738352
726.59048607
321.647195637
43.793157054
566.899558434
112.000703151
848.927302586
198.435854468
845.711014231
66.0275173236
250.443708547
163.693181294
703.086382411
622.292955237
596.413609225
853.988500836
888.081805162
637.047682561
415.690105214
216.620562309
165.754329375
405.266875363
845.213443984
193.595630046
48.6071095317
82.7991476585
479.707826305
444.383765223
269.750263677
146.365782949
273.376725762
711.307235512
710.68765225
127.206399454
632.260011269
454.837068348
750.418151314
290.091579298
562.049722193
231.359024242
668.512422985
408.100882324
555.18539459
323.482965793
914.580032742
346.987482254
346.840513364
196.587166825
821.214501328
175.642876344
416.417907241
980.053757963
348.421221275
861.199288448
828.896608138
666.691504488
928.100494665
142.576602365
788.74980223
852.183773155
769.947448115
185.697186026
79.8181245816
713.146612259
804.438444394
134.906791195
79.969211698
469.17702373
620.648278907
507.479016615
632.586229959
945.124013895
155.563196311
23.8667114075
144.099412777
350.570441218
263.707975656
468.247567731
271.468495047
591.072551128
35.7444521986
223.570686738
17.3245449276
986.374866525
939.566010659
967.000665925
207.832753364
672.697457032
700.141375069
60.7953890352
139.773676675
697.373555225
542.673525038
42.3390858802
606.793633409
257.272037507
242.283701559
711.396921512
145.744519585
248.892196207
125.060732458
117.160752913
327.972302368
167.591352429
808.704493741
567.565019887
939.348500805
49.2093767565
897.157615609
702.084005026
491.349434046
168.591982604
881.154155043
566.078319504
504.784423808
705.633263485
796.519421418
688.399482727
345.954543531
298.055936667
801.3973458
7.49903319547
963.206149842
811.679802643
575.865300488
611.423132293
515.375370642
449.70141084
915.892788698
801.360498627
520.80514424
672.644793747
421.750041792
366.87678054
873.500577911
61.5184261148
240.472745697
681.314430124
485.13010601
572.1729789
821.206505136
862.372490306
257.345435219
840.94168645
92.3787660772
368.153053035
406.898488264
820.505517849
468.248841125
766.829830895
315.230212738
676.611622276
146.492433235
654.781239723
458.73242525
382.682844808
643.819356737
605.986416589
928.412589207
261.468231443
521.804357856
621.087141741
257.810919493
763.392054072
667.315093436
560.652229069
932.750729572
333.787078826
545.20708653
122.389873446
39.5041543653
454.702143448
375.825512635
552.677396577
265.888126827
763.810447685
108.700037523
245.852219669
186.934449441
767.954812897
702.282310166
329.135125001
212.385857302
267.94875278
220.122824221
587.853357565
465.164515342
251.291375494
573.49999247
120.818756188
107.762109637
192.933505866
430.479150268
441.42778295
513.631642663
32.8559088799
877.577128516
483.427355114
891.557304319
838.172805402
938.171898862
488.838557937
962.756594044
668.388541617
343.877904587
800.846151682
328.559985752
496.071341562
65.7194396244
140.309040667
924.03147638
14.9832269332
636.506740879
990.44239129
890.443762488
270.490881492
229.229963445
217.939942969
137.803104387
507.385204497
222.001602045
493.38499694
832.525931473
651.580652235
134.904774144
138.593539057
41.8283221614
644.643613724
686.19112185
723.323664197
533.418116455
145.041213406
439.444110362
879.131573052
877.698081614
731.192144241
377.827161501
720.725007095
81.9812715647
173.95408731
99.5543979414
386.092731087
981.594093603
510.902897417
558.633060395
87.0830427631
426.530949168
391.754286938
1000.04363803
708.823140564
934.737079654
727.146393326
418.347024742
944.889450925
283.198768811
445.445087435
64.5437721218
839.275411556
483.850871388
469.791860465
93.4352126312
615.822695313
45.066310616
164.382643325
3.06034346656
372.092252774
657.757464485
484.498957339
964.744614697
379.196491443
571.852581969
538.935651162
451.01044338
652.22043971
249.04169942
484.564789851
138.194079359
150.943763159
759.087984226
720.56541119
770.70551542
653.676683484
322.423110108
336.658726709
838.343654346
426.26828356
296.594100053
53.1334606696
951.346337492
79.5075254086
87.3533322349
123.077533465
603.733893851
389.078788078
855.412440521
443.909816102
724.238716678
547.441370169
448.011981881
735.973496312
996.854024182
865.717497195
428.682575851
819.621381461
393.468690278
28.7493757568
512.82117406
29.5368021837
715.525244588
913.199816326
302.80808866
793.800218824
294.702459509
292.763489882
91.773313093
777.304507942
956.303063328
105.097165851
721.327943046
79.8076967914
848.375710999
218.400367285
519.315975991
528.352989352
443.790488441
272.743037171
98.8547047926
232.853840081
563.555120696
882.550600829
728.674941886
291.342865831
262.025163958
837.968787765
576.507587983
577.257789129
306.817846688
335.023980747
560.849509003
745.835362433
471.13227867
191.649136979
834.729942091
754.227206563
295.577342271
65.3989588927
433.581631523
208.429923366
726.056715624
263.212453861
604.613705909
854.154935232
565.220676099
359.818348886
69.245182314
555.127700197
791.359815277
459.763873384
519.555559122
929.507705253
155.681745582
837.818595083
215.295364266
623.339731815
398.511820743
357.249040416
251.263235937
908.580699274
504.667185811
361.49056689
75.3615389282
263.944185455
245.738251719
46.9456596446
463.338704503
311.611415257
790.065208232
846.65290686
694.549469362
722.469601254
645.2324615
2.87788874575
711.916363018
798.984566793
43.1643502554
225.136911161
113.032009166
319.093877112
75.3234550199
808.88002621
135.321945249
264.120239991
692.487988442
638.071943646
866.721324
301.564274076
347.42083565
793.517781223
401.597206556
303.563030922
751.600964422
516.332154268
108.731555204
804.909813795
180.319431034
338.803030605
733.013351504
260.665151869
515.076340223
836.526939304
82.3010556582
431.024120321
540.083416793
333.971163614
404.512793658
227.332956163
826.269104454
235.879749939
982.99205038
912.148225966
127.982704272
606.172353107
339.84096821
343.62222522
373.526103257
567.162251845
767.370355088
865.647361209
35.7992147288
829.36509235
89.1882637366
200.801078595
128.024812701
516.742864992
498.692488159
300.466723917
232.301328985
349.96440763
352.890644942
881.099573452
535.45642887
131.476567042
238.558966644
817.408008265
589.337711476
911.181218849
162.115374628
825.258183548
469.9049972
848.773699982
386.097634918
899.793713019
153.17975181
942.524050394
603.832350934
65.4713941738
840.765885365
355.956665238
219.889805762
782.707058543
245.750920331
738.394516491
39.7121184198
33.1700835425
458.893196975
605.938985933
201.76951245
593.70682985
715.141697947
886.878901644
475.653258859
885.935121067
225.10552369
240.709400708
928.849874681
215.492052673
752.661679181
301.74040586
731.526569879
628.040244013
301.141387285
2.91952112832
720.283647625
311.75495948
98.283980917
778.997283745
518.576975822
957.82044965
482.311666115
297.926188962
783.520276202
246.978635533
551.228226048
12.3605190037
993.241537616
279.858063871
164.999669937
872.084884191
348.880521366
33.0996112726
790.952029037
781.762048277
180.049762089
663.913497151
423.223324756
619.67907744
53.7032237976
593.320397309
407.386346193
166.296586798
445.575402491
114.79631275
332.312204776
168.713106514
984.488144715
251.443501203
843.351624648
953.949256936
50.8125622887
573.032402447
312.425959804
896.579564081
975.132817863
820.838969477
42.7009556598
344.700978202
223.591835149
752.98585557
141.813331304
397.813172806
104.394784312
504.684948838
432.852125892
33.4927066604
86.2038953965
832.432047322
189.982878925
191.362871862
716.378571492
825.128905063
217.388245985
985.949831369
968.419995997
185.217475786
174.816089678
339.144935573
447.622618646
781.17127671
931.200210316
732.841622714
696.654558913
948.696448534
144.54771229
66.762221879
7.39626875605
435.104652856
843.173140531
414.004759048
207.955962835
970.944434243
966.704860207
669.043465719
209.112909498
465.990848129
122.034111927
107.952798717
594.185645302
557.26391596
244.258336401
429.641577317
444.418512896
120.607300536
818.783438615
992.93009241
361.786840424
120.751484299
380.031680282
94.5527387035
611.039373676
820.520096016
541.284342466
74.8247561167
608.54342221
283.124741174
728.241646034
806.456598973
672.237173382
146.472661024
566.512152676
281.350550024
916.505186957
681.781072353
814.329502082
703.768545913
924.706105982
594.11898834
632.278774
878.01146669
329.436906391
372.676216037
26.8957554079
449.589501819
776.457348643
445.566570054
730.240452118
608.741238489
924.631972918
142.703939951
798.798670989
262.95898392
552.153333639
851.909066105
459.138730392
851.314691045
823.598145917
745.368143369
849.022708382
369.948959845
360.741807599
875.400639788
406.690644167
541.814696011
177.06483935
223.957394454
509.585597666
166.403438759
39.6382995351
679.893578289
17.7992209312
628.950239813
743.501402255
87.2380480555
46.8989454448
33.9934458608
288.97267611
103.924237171
432.359428255
561.567316705
635.473858375
119.457890169
799.773777834
619.581844797
33.7219551188
845.987767059
13.1272403567
656.366892878
159.305465936
689.164958518
291.959187088
275.057984587
271.255001701
147.452264509
872.148578268
759.718768173
224.726957688
120.066380949
240.463764507
180.598563915
291.635211774
794.069304057
160.68857832
90.6980231784
763.794048108
131.502588988
546.907905097
913.339690514
781.533228637
840.611446559
625.20768884
719.692052276
699.292064794
128.446803843
274.439732957
326.755098311
290.838435716
325.409385868
263.139380965
195.906506243
560.429068627
322.382099231
141.060777659
592.667588672
910.78211758
97.5934441988
971.992685623
956.706406332
815.778183812
279.808783101
847.049853957
380.649515115
872.973598066
895.899693584
525.148993409
977.465106843
346.782178149
691.942261788
619.313197902
99.6632504434
357.985631022
75.4623870379
54.6861102908
971.234758715
818.500658442
468.013199974
941.518299086
802.825600753
236.909609473
909.87498268
440.132184761
48.9965466815
976.268058169
177.293671602
340.026918904
409.942885036
642.786049714
513.934911287
782.2779228
497.575269783
672.208775427
634.762181365
532.894346371
714.770185881
839.404444787
461.527963477
766.832947787
886.192180798
751.020526339
511.514180814
448.822985854
551.259216958
506.34830789
55.3137709897
402.248807195
846.157878543
852.351906543
353.365081539
745.479497717
85.5109364714
610.025145689
657.948189449
377.884941395
812.988904642
269.390125441
826.20531964
687.874078853
188.658426235
997.952145332
526.81361037
901.466720939
254.961178948
340.072780987
444.421734553
431.290453717
141.112071818
817.44606039
757.870609216
816.674698695
66.226760045
563.861596467
651.4665892
148.834550377
551.836767933
681.780877883
591.706604678
83.9814832918
995.376081355
55.6118301708
996.355829049
644.484573908
12.1334253218
579.753858573
783.179598466
681.026530819
591.265039276
547.649824188
434.447368706
537.148917941
559.386186886
969.996088364
294.637148721
381.197391933
711.089213259
120.313817746
690.343049479
172.119252587
845.962269741
396.028463843
422.629405639
317.258720531
475.01303033
302.482401282
985.728804685
844.978076892
654.716664467
671.377865869
86.8009198243
11.6201609957
987.655065844
9.87681299739
948.752521741
491.545660668
296.515737195
502.879795187
