273.968753244
462.531975383
142.819385707
400.818345368
853.141947118
803.481617951
420.629478326
186.074589552
784.163353737
748.667215728
354.636618
869.943520576
369.73520464
671.056180502
989.195500858
566.478693255
657.033441819
14.0439493906
902.384172788
18.7673735106
357.696842248
139.570701026
33.6467839041
514.564801919
762.824461259
635.167185661
47.4835586555
633.275003751
348.54015688
280.859683834
822.538111486
111.708854272
747.239172196
583.40307944
352.495905551
434.894189999
357.563567827
796.398402107
480.067674502
687.357990045
787.186752131
877.348018182
446.884424271
386.67626492
88.4991401127
147.068167818
227.619495641
577.61070181
317.30398463
770.418130312
395.151563891
297.102848892
959.64728283
913.22033348
268.544716606
185.520228426
512.957680819
445.567332938
818.627552465
556.435356453
377.960476954
673.539099445
32.6189033498
95.4272616133
384.769158122
739.02492843
339.973244301
932.397155888
818.740795338
15.6955225101
454.646909783
365.015056235
627.286624679
185.326024744
832.048738465
269.231904795
686.482500504
431.320116526
118.131929002
133.679551994
385.698881786
945.804156343
412.602888976
272.62134267
844.805444609
843.106570801
48.6262498683
750.978695594
424.318637495
622.748093078
54.3940641538
5.40596565567
770.727572262
633.323866483
121.416421795
539.246841809
565.910349437
29.5429156377
745.013660423
805.582728356
327.141960939
291.525347413
238.99837734
557.681900283
807.292054399
827.895940964
436.813964278
417.780594249
50.8170452962
838.937428943
763.347911692
361.682526644
258.410198902
586.224275157
125.228180854
503.751587121
878.486273596
769.915674293
588.500357627
760.055400865
529.590250845
164.130602749
193.596322697
441.453642851
680.046197083
728.474540908
231.540410573
773.507909262
440.775767715
183.5808828
865.508404583
87.6736339255
720.703551406
412.063786698
165.154674901
861.068117937
165.196090705
281.573404642
610.66641919
797.131340035
69.9402920478
558.516979671
193.59059424
20.8846482116
820.069202675
347.263565281
666.301664683
57.9777349713
72.9132579699
128.492693426
471.067119166
392.776867723
411.273556199
816.407873967
832.65734282
91.2683894315
962.466460466
631.405312434
644.843251835
592.078249417
616.725345037
894.220122928
98.0338238093
504.239677395
923.195113713
534.837162327
75.1079785837
64.392302437
825.767077434
420.074756927
707.356231696
295.849044355
972.755410424
873.072361361
511.040425747
917.825952528
92.6970659515
320.926271025
581.07441458
976.584545895
738.256228621
612.928771335
600.79464853
801.139225405
54.7524588087
711.703352266
329.488919141
75.6099802719
358.23202199
76.8091249608
480.733944246
279.584775071
95.8386035312
488.952026068
526.343170708
484.649122381
221.473065621
678.148082501
600.563168395
133.520069989
999.721766726
576.49542185
351.67464388
697.87272926
899.06963686
360.833041318
188.878142184
467.662746129
10.6567141871
295.039205999
713.119237257
189.40487051
143.735971402
402.729988736
255.799489371
309.906534686
90.3729723732
125.06831205
288.569647988
967.825847961
143.597883494
273.038224638
108.008945272
561.211194402
937.402436509
304.581410778
58.4190429897
936.919301551
543.335708159
176.762510996
723.14627197
972.79129966
707.18006779
723.310307884
112.970675052
976.121763575
142.731450215
564.223430342
729.991819936
49.0248782207
932.523521671
57.1119681453
180.711054799
884.715122651
316.426222642
42.1491627701
225.720984865
597.753528592
213.660015943
37.5445262
93.5532677462
598.386668021
484.781959173
511.236674542
519.8510859
755.438238822
174.038824357
851.974523878
444.995138994
738.345013421
298.783273679
808.154680171
86.9114738045
318.917812499
250.882505276
414.55884862
141.585555207
545.868395411
460.694695568
281.384081339
939.321390418
407.714641621
162.066110379
292.218520187
261.475572932
56.1829161307
394.435768533
372.34246505
197.465167567
834.229505681
364.65432433
627.762718194
604.282844064
711.428397168
12.636838878
505.54343678
600.005485304
952.43372316
187.648660497
859.760309483
39.9887296542
687.938572302
552.778587931
474.561416833
624.72751256
833.914910598
593.972019479
891.982645619
167.495718269
83.209569599
131.093997459
300.449369098
944.338422821
885.156336693
896.82881708
140.219814003
137.701663817
27.7330367772
476.571171565
920.788250843
336.326170234
472.971042483
746.29647479
205.054651098
695.781459214
208.576001697
402.64303523
196.498520051
608.393981141
746.505545147
548.978882925
137.290964606
974.510960442
319.212650036
361.383886279
102.669244995
530.706140431
211.452808784
401.699445514
75.7344013242
709.710771321
710.780733393
582.16233532
695.563383981
584.941956833
121.24528571
500.422851996
205.07927172
667.657069636
394.488033481
749.118920376
268.454142502
94.3394620365
864.122114351
887.003243482
685.474757153
165.061787871
958.307731706
378.005259323
819.777578794
278.155278646
18.4369123084
497.502729435
848.256343886
894.531016347
123.400824891
992.390033016
497.077528263
572.637987267
371.343315525
378.243262259
755.193494877
684.197476841
411.726871482
50.8874521854
497.388918987
827.916486951
888.110219945
572.723163402
305.488658321
159.944917672
70.8859505463
248.566947621
268.532242333
915.984890798
932.059159976
937.250418602
797.560448685
679.162448225
305.655087621
742.292355339
702.68338219
161.05555825
560.881610237
86.6173922089
647.411281722
434.83970887
544.752480833
390.593328858
813.560253664
644.736757773
638.586653084
805.65643766
365.469179525
293.196092759
526.374109602
825.958664754
414.127386386
937.157309128
542.679966871
917.878617718
396.54128629
39.3553802807
117.88534517
129.595860194
497.362237353
806.51855568
738.999154731
472.010186309
828.323852572
705.935623411
340.001249556
333.255425829
864.596781031
265.613074891
436.854409297
356.479827535
732.502842227
994.330531398
433.014908283
899.805905582
97.6752579413
47.5004295917
948.037499061
290.515981965
505.988710725
976.256779332
233.048528965
769.322941335
686.616744945
79.3141493245
745.609667611
840.901899881
865.611348117
500.325688869
215.873592442
142.944911348
661.842543917
772.818062923
752.363088457
187.407584695
65.6158687225
711.675377715
520.61897606
376.570792861
624.245743028
769.514427396
323.805233578
123.966631826
969.021658918
909.888429921
144.036927321
676.901787666
653.412739601
278.200333542
633.140269352
553.08795333
311.001375514
450.337733603
571.118647142
36.9936289294
330.988613396
614.012020407
978.982050323
626.981785695
567.469635952
426.348126946
904.845048261
135.722186151
704.824966891
243.773665763
676.379265494
922.024799703
330.791855626
10.3265979156
149.731025822
213.777173616
911.695817821
727.121693034
554.655013188
963.700687984
372.503525494
965.191950984
803.879610936
331.121710501
675.727824602
592.568130393
994.000985415
566.129668817
334.884207769
235.373333788
211.053051975
42.7620535723
936.008017516
264.717535518
791.869490703
393.611328628
950.493934534
704.401674596
217.644758816
636.060513397
694.489985623
36.3045961165
770.817941779
733.850597088
27.952760403
173.59149364
294.863619108
750.968472132
415.945592181
652.482589576
266.132332649
257.703538703
78.5469034942
652.507319871
994.917018235
631.515488302
922.356754384
241.625725574
884.523295775
814.073084359
14.2324475836
248.117515779
359.043202082
228.767399291
2.18526851382
528.078023944
312.12743776
816.589910151
103.487704693
386.014679751
198.486788173
563.708406213
948.917605232
399.0355678
108.187867174
486.773193768
527.15396029
178.196745474
435.280793959
63.7990157042
465.016472416
658.934029514
7.81315716565
96.342175928
806.268148081
763.227165088
299.628487157
970.582792275
211.783443477
45.8571770865
122.441510416
20.3489496052
659.571771259
882.330097066
816.061768873
254.832959054
919.316459105
146.214092198
884.081585082
695.735310662
49.1276161069
368.497573323
833.502156362
429.527776154
23.3734086583
309.980747148
582.060571521
402.085636281
400.9762579
804.185067857
767.870587353
278.701408664
551.571413764
242.193814261
194.12902397
964.056880498
951.216778125
504.249062358
854.662469307
958.98443994
155.20131514
653.165330532
946.744495916
314.751974862
323.308393313
614.253812138
989.894227358
761.54001272
802.795483085
737.963956904
970.850662704
759.895653612
741.241544331
515.21713579
605.54402617
51.6369513739
388.447020052
691.71679284
276.469468785
367.068606539
215.889242532
868.950893498
235.952712969
758.063263083
610.019583376
686.743702508
609.140037573
550.205385773
675.891862539
777.530828938
512.158486406
690.549321199
333.319714423
421.11390682
594.931762202
784.757937504
13.1826351168
685.712895596
416.373067884
693.51803119
594.733987937
265.708634536
596.321995894
804.355859653
234.067580638
293.705979988
736.367095127
691.67639206
861.308164218
842.385468189
361.579442288
207.118824527
842.081007525
172.022332796
91.5134440832
407.607005915
939.769123248
931.183737627
846.831570078
541.985359948
536.902057968
681.181693258
609.21916087
65.4394725928
943.239492726
648.211247598
598.871871621
86.4892083118
313.73330419
701.997552711
478.558757513
783.961034529
381.56017873
868.339106459
530.944849507
475.939025644
92.0322336249
525.524061054
464.422995838
235.621467092
851.53839167
237.819197438
518.113995327
224.715685674
123.754351919
473.786574889
145.46461825
633.322521341
463.668998993
773.889776121
631.721632196
740.700336332
27.18534549
765.551978578
953.913456215
819.727809729
544.77185406
773.440669015
188.66962919
368.785217103
255.147143631
536.12411389
527.690496934
199.628604355
430.085628711
588.036487835
544.509270265
455.416981488
460.765910266
178.575452123
416.968592921
418.272421778
461.502416212
54.0501037424
540.871153363
259.516022566
440.623753193
698.059853152
619.208588761
536.085399921
410.372234421
505.32740477
809.528562086
626.234085806
552.890045193
661.200596645
308.050776793
57.3042230136
238.694607942
742.696879615
822.416164439
76.8444715238
303.019810216
133.098639928
89.5381765466
210.656720546
64.6253152715
286.555576531
702.145320584
570.786715971
999.49956861
578.598702102
174.784079182
749.296646463
710.659549568
224.791684176
394.180310273
753.114906441
539.541960787
738.134392142
372.193479135
744.392433823
434.536036016
583.571702616
288.186222164
626.518742931
41.8962376151
820.304699736
114.461400717
717.003585526
181.934300734
387.701241897
746.252423079
925.097033791
719.897563239
134.638266324
633.651098778
301.768470579
76.7128620597
761.216538006
805.370976476
111.456400387
877.52642973
744.72210218
351.239449301
480.497486183
312.94229794
368.825793731
298.160550722
366.92697561
938.438841281
305.663816125
330.066403028
799.795067695
386.898954204
960.439372217
736.725105562
540.342845462
324.603291268
730.257950223
521.35458514
140.65331899
64.7027630474
372.409715326
135.238940967
48.8719900025
755.692062856
707.836047861
872.849013055
865.918197586
927.76113481
1000.59306795
116.806197157
779.033092285
989.679401122
124.319668249
815.116895672
908.608283287
156.714210786
815.393109163
437.954840981
332.0482789
836.850326912
200.208397581
952.700881359
184.087730409
548.017467703
517.477215575
446.91490407
551.42989018
348.380007332
869.703571767
849.585546793
780.100132859
941.622030202
994.018230521
859.562528498
226.546656697
626.169694243
951.913348119
414.542251419
617.630981404
905.016937812
210.143592813
825.107900218
368.019452721
283.931310651
46.3166757173
364.490241308
803.556985134
803.01460338
997.603517773
768.599087443
22.7705365671
713.688355971
608.964301995
933.979746448
717.940569496
674.114125058
903.063814921
896.775982802
531.606433387
530.531277066
230.609389695
713.473291642
775.629391031
149.822374241
614.085271939
103.621121244
52.5351478926
846.423644357
283.831623448
21.3223146348
641.209151885
486.197676023
883.251128853
11.8581632897
658.266883437
80.9239399041
390.088178888
727.707070251
907.737328896
778.053135684
542.610992168
31.8023347347
226.60610846
126.306826582
258.39925695
304.795354002
138.10894988
498.619264305
46.9192650102
397.659910696
793.767781957
775.761878848
705.15928275
792.285948863
370.488038182
643.663866893
661.043629394
753.727775204
815.224306148
505.877385374
230.744571585
432.355152652
597.984493336
652.035565905
467.191260226
352.47919279
375.096141351
833.60508622
499.20169315
806.43660426
882.832354386
646.815292679
730.212084364
655.412063492
246.615526202
157.941560047
293.721182368
550.986267848
114.495391426
660.729335914
970.544514271
408.002603144
578.140639782
833.589823099
872.864239555
707.90976856
899.133201407
841.000629256
922.357368638
533.106420908
911.27845726
798.128282776
885.632677341
0.0584395855981
823.292736817
355.164380724
681.29375021
318.467945542
481.76658126
43.2703599398
962.09147902
955.013312092
172.485408508
199.302322091
682.019567238
866.512372191
601.786457617
866.162389028
15.3325602362
396.110092641
975.958480901
854.912893808
270.68869093
10.1119607399
816.22793571
320.249977749
896.23148542
249.891855068
262.143661329
362.011760257
856.701537363
459.496719197
756.296280352
66.7688946741
510.334614897
358.808345362
347.159330472
814.943501691
466.076467947
484.079203402
176.468138293
530.982509139
885.417482899
360.730097708
237.41767197
267.615311348
769.752915083
330.463762093
655.234850928
801.33411626
678.916422528
181.04274105
597.455136786
598.461856968
435.116134427
477.769637655
162.629804444
30.3902926425
952.888603791
734.018150951
338.745687785
327.593268779
580.105756192
928.431550059
376.556351033
270.621085038
231.234495439
499.75108026
852.801299661
69.9506177785
85.2569585467
386.265487817
244.004135036
726.349235758
726.603420742
995.45384325
929.725645062
188.803005598
15.3821522469
189.803558945
780.567009666
962.752521588
679.228599302
73.8656247281
890.451527174
430.14350664
28.2006682496
502.333875898
466.195384105
813.630311165
713.061017822
932.579595929
232.953272627
145.767250451
914.950881715
418.843671754
