873.734160563
145.409969461
585.158544218
579.64069323
766.356203399
285.442437503
227.642178086
723.296064178
715.677097356
799.246707846
421.525871763
179.926828912
326.372418665
445.419789547
481.875669476
739.427748831
812.200215239
594.876265523
998.774772058
373.4283773
1000.22293336
875.955076666
234.01536055
553.580125152
25.8968304216
447.139210341
927.038839019
577.828534717
992.024236232
912.597642437
303.512067745
484.702752041
674.157090953
225.247544203
746.216745464
508.019011645
376.30427134
965.33264809
26.8175919868
847.952798606
583.776002251
848.374307539
117.478663446
46.3129900104
172.844951572
471.28602415
845.444007985
790.915614277
45.1141610621
358.758034474
307.179620247
650.889910362
535.223296282
606.954095834
152.172355984
209.218523392
7.31299787716
469.898272213
98.2693574932
961.582653964
268.896602387
694.178658715
761.304823375
424.596977648
513.512526844
269.770514612
183.99558683
107.67951251
412.942291748
22.091753461
316.531219564
770.48523548
481.103118755
790.136735817
709.89794727
870.838257318
996.489107952
872.742533212
556.300645971
438.056150873
993.784915938
910.442717271
593.521235897
285.879495901
411.521256639
464.96850874
52.4680850722
598.947604148
756.286022672
362.01346656
439.021638926
327.999149562
756.626064328
90.7891010962
244.459948017
225.926640778
761.203744943
520.855101903
901.659041242
996.56316841
858.84653088
423.03266824
214.906613339
821.292558082
891.95129451
313.202144129
537.284141364
195.022983877
770.259652294
886.620089416
826.60904441
322.850413341
144.522105117
157.035113195
411.206709393
387.78459061
767.553545467
845.787079004
165.599094445
500.79622537
765.344015176
694.550665
26.5953004678
929.260588329
425.415684865
215.247873743
725.991021474
50.6446046893
699.73855243
812.584826616
575.872610108
440.978602772
470.97491179
801.098361227
551.349163136
443.191298263
434.459853913
51.3418178982
595.530145365
137.946110334
178.699668241
590.79134651
688.832599054
750.119593316
200.360183251
179.487682142
547.023082843
408.516690042
355.736970735
568.976924666
377.656697831
760.857197663
298.604675824
650.667358066
330.035008355
995.799993805
527.937867571
699.083763485
222.885150491
625.830374936
387.086283387
933.771226834
942.732397887
45.526198662
620.976452943
10.7226053419
193.060095796
783.194808021
733.842701892
737.611844747
309.186933378
633.447890064
987.141659926
933.051667154
189.222205481
453.872714044
95.4507949107
257.817417998
974.762845814
660.474489609
476.954775178
638.992771256
725.98322122
919.019161667
336.143486469
412.194739727
287.062746949
403.25517237
631.155554026
133.606937036
913.241754652
198.717542281
669.416733529
970.758620655
392.200318949
342.046835274
453.775169849
288.183752674
390.840304251
516.948189668
759.903248364
862.904866711
206.020992936
138.361280363
865.279580524
801.055776662
164.227192105
576.314960165
343.249527462
933.51652356
382.726660291
778.987230686
833.546595203
785.333614685
541.167112083
633.291726234
437.89289585
505.707155413
80.3867290595
679.955833667
500.035537818
850.91419773
18.7239458651
87.0412468064
423.102390562
547.294797962
544.835997451
364.199003789
433.364418541
91.7383635932
6.76984444306
318.124517727
480.706095454
444.797643672
693.981707121
608.560720102
32.6334498838
64.5077504197
747.988354573
895.227716324
408.907782083
781.798055041
869.223819622
486.701055107
916.18088737
359.816157313
334.754994661
291.297057193
641.284382442
756.512858311
765.278831209
639.175194881
438.447095434
727.948657665
611.897042461
155.667897698
986.727771567
29.4617634453
9.94985179574
472.432884154
768.967502368
962.737958101
997.67205586
786.564146972
7.39115211752
538.733958485
538.575641605
942.549431476
75.1138523786
113.32090085
870.409895806
860.734225488
995.48494657
674.739346239
650.088217532
969.599955745
63.6771496854
251.13082358
387.379969924
139.62089366
579.954915431
733.25741526
199.141315842
579.083075139
284.358426977
231.809422256
875.741689738
63.4294322984
598.77931972
565.477119483
240.138147112
624.389923484
669.531568882
206.020092813
299.227955178
594.872492405
506.294093054
312.450543757
977.536912451
919.882604247
120.443272181
824.879789047
44.6659162777
772.786218173
408.771178399
949.464090695
840.269078299
231.324308063
152.650990299
253.535178489
878.190658996
541.278746398
239.637347226
893.487214194
682.714825648
761.340040606
951.389007889
164.665729952
393.568451219
373.450411691
886.907964388
541.347542457
735.880901707
565.482322332
594.052218548
557.874963496
947.085926007
952.14878721
69.834903143
268.884736437
62.996228187
117.343842069
846.43088595
381.454598037
428.716318076
232.055208228
151.813953776
749.683074047
139.752908971
970.322529854
564.367236475
762.243355205
414.401976244
653.176406938
938.331770697
121.073208749
201.329978951
806.485826924
95.8048095512
834.357625587
436.342257892
115.20880879
873.911345651
247.868255617
708.209623934
522.309455085
867.439521906
192.226839482
276.325270164
570.958794899
332.866615039
638.575944245
618.771152768
714.883694334
79.539953855
839.148341938
302.342792986
854.242965913
293.431697448
903.148103967
606.194584334
710.35110149
182.492345596
443.345222938
149.032498236
48.0613344732
266.967186554
849.584431422
633.872476944
924.451525632
215.627501406
196.954248114
325.050636236
778.212002254
738.05234297
861.168459938
474.003233284
206.33736648
766.355630123
701.527951241
450.147516389
57.5454798461
586.8308431
128.676566603
768.090061942
835.74158166
347.168610312
691.704104569
673.073315038
637.054848551
888.377073074
258.82818283
155.558503034
763.597606508
504.984942756
315.141765033
516.024122233
201.602259029
562.688633243
266.620189962
91.8079315114
960.826257218
506.940073632
346.078589111
482.279202582
74.2901558287
266.367890369
579.21339818
700.033030286
201.434823296
253.449490725
287.916994994
415.136657508
933.749552468
622.173051668
779.552689848
193.953492758
306.962917139
674.571384304
635.089948188
791.162069805
161.196062276
365.422181353
496.902677257
0.0198964546405
737.975534705
480.662249595
758.995196278
930.229057788
182.907288459
668.566522777
586.233691335
639.480402449
4.14694219269
74.3466423632
735.974183339
666.366813815
377.497779881
124.122176234
245.7449402
264.70849765
617.706807444
381.839734279
136.360181271
702.827389349
124.741430821
860.207051992
498.745323216
784.550956409
224.25242565
213.178588163
419.228792028
766.85907696
419.657700401
93.6708564601
125.504120543
182.646300136
904.717618996
931.895385852
457.847924474
384.359354232
917.208721116
639.468852669
559.666505545
120.969664876
783.050385791
217.05448869
542.198053477
850.325708355
369.093280981
826.85516157
971.93022495
568.259988894
71.8338104525
791.758363039
424.914969879
915.35066156
727.904222086
610.119999122
683.84902494
101.3437361
358.654952113
317.426320044
569.337658582
688.14111551
492.552087102
33.0218268435
441.075938292
733.097677674
271.543254625
140.091544085
58.2299818475
594.303483756
747.794560194
491.066265329
713.297628827
556.498667312
103.662092815
238.471308414
860.368068856
278.607674491
961.981941268
553.603597334
846.744062523
344.31664713
672.720722342
275.938533261
184.13634422
394.258992176
525.480652934
198.890832057
141.993229483
55.6581176129
334.585862202
68.2319433153
635.630940856
930.951873966
358.411606064
192.138782411
844.579917637
846.79737064
268.18994505
829.847079905
740.842338182
814.388357952
47.4465039159
528.805184959
143.828512449
368.317241648
911.899186745
628.820488336
251.640230242
86.8473002615
995.159304908
490.800305641
317.923531967
558.722318667
410.670184734
383.10193721
439.333790551
778.629707346
862.777743844
113.470461993
784.580876495
1.56595123276
491.121566156
240.055844389
595.91704093
519.65952246
23.9385484296
587.192917054
62.9946772737
740.095391826
200.03295588
113.917997087
281.706705933
920.982459503
148.421095065
209.66777346
261.041520742
638.413998423
75.7077868837
751.328910694
79.8417030212
878.303314168
358.63546319
766.316301124
953.668312591
561.516109402
795.324383351
663.534854272
370.810498314
845.81698855
760.578214995
539.033215392
100.734288794
972.5275713
179.95190782
956.506475047
165.232698589
193.751934833
424.587921708
503.964838714
291.528438368
514.293915714
622.471456744
108.639120799
259.34693428
115.843096461
431.391600721
251.732438658
762.826209782
263.633544557
286.352502708
547.025639025
430.578871618
752.439288266
505.967434897
903.095191915
332.637671955
599.652172641
970.591742773
865.898671994
131.337671553
304.925002526
842.482453142
396.966934377
970.977648942
595.538263453
741.04329907
685.435650338
688.079316358
318.962463685
621.830226695
102.306795517
745.011087835
958.577544359
22.8288552053
523.45572362
643.497789083
859.368274032
229.927470777
914.064883742
371.932369835
300.28381736
662.95440929
133.831126593
817.759493191
145.722450144
21.5420687938
869.538927851
559.377366016
103.267585217
3.94674243448
930.188396408
85.5261472429
724.76870771
616.069040117
751.448596945
509.033785453
244.905594283
263.337210808
330.154013811
452.393956001
977.79127978
346.907087319
69.8262691009
293.940171332
307.888154951
113.887855204
105.606436365
656.563417699
945.467393018
745.454429769
234.614045333
435.508249242
538.303255261
907.281452784
743.53491076
84.2761069282
357.26677738
734.003212103
893.123499882
942.166720773
458.427547748
748.615173942
825.654106257
729.218640539
344.209553005
727.577451312
572.095824321
293.451207805
773.290776954
39.5285427064
936.786445139
118.986190297
100.816623913
736.879409219
383.755854904
335.407338093
650.284901937
401.864748364
976.152224878
80.3666309509
392.560892495
840.453896864
144.496065042
989.828237034
315.917028417
126.962465144
469.016071101
967.26526755
427.988624871
524.31450615
360.667676115
846.526365339
34.3941477622
845.39266126
815.755507957
357.040806833
970.430355215
788.798715637
585.925746681
155.248171024
664.906894713
707.185279417
114.423148207
46.8526940447
72.2410788271
377.849974511
875.09200493
846.693680562
148.975970954
839.893529104
846.785918315
866.646656201
548.605001001
238.392935932
896.880959874
711.065486786
816.131011837
416.830530956
529.328506098
437.823870621
709.119573476
433.705084385
553.643406172
40.5787906275
719.994943018
557.612073843
290.855220582
751.414746804
29.6928082206
86.8613951677
17.3995904368
296.814020705
456.961678144
156.665168926
205.867643437
709.063832332
728.77849699
777.714140227
692.740275941
943.451383514
629.742690375
439.367487845
611.665220419
146.867148605
602.031461598
147.305409174
581.758484822
136.5720032
475.922009112
971.456965682
0.551041792674
576.707565789
459.210709225
667.556513277
342.139335463
319.907997716
762.010343977
242.630502517
19.2161677206
994.406775605
400.259302144
972.833353272
426.028001336
541.509338931
508.915832426
704.21453133
62.0508326543
401.734614915
316.556715379
970.002924365
412.925769733
230.700031652
687.387500403
517.155430897
173.120944879
994.459955371
206.379491215
411.933561366
627.311744212
955.812887923
685.705649676
117.254723238
496.742949391
775.494650087
717.090458345
721.301240545
587.992740364
401.898565506
422.314936631
51.1492097639
601.692644547
8.65321613317
313.378993821
819.264722617
371.56831898
94.7128583751
633.918573307
227.873405191
537.036641573
541.559744432
361.492583879
857.720784458
306.234667246
395.23882666
553.617988187
945.068532813
964.786518462
396.749086598
463.571197187
604.28493545
289.072253699
328.691315962
407.807350633
948.724564686
673.719357582
449.436972954
716.179869327
41.1195057919
317.207795221
315.542235354
804.442650844
231.856873253
179.473040644
795.981328502
488.790926809
104.26682916
899.098306395
97.0652417862
163.652730271
23.4202579168
959.677260828
779.518670447
167.669323774
876.497178458
570.020476629
765.81643798
676.96561692
470.9926168
997.73197183
501.046577792
73.0818436024
488.22848951
584.173423281
118.204504052
887.592184565
746.422504342
994.9311906
693.576448844
381.83698173
405.864478051
807.699333452
219.730685965
893.826161288
878.839822213
256.02742366
861.844386565
632.132198533
807.389284105
419.94374815
56.1213795457
985.78807104
49.9198524964
708.528275667
340.937536259
297.96883593
547.614479863
264.814735669
154.057268384
724.594595281
409.122016247
415.717864172
343.992274759
813.588661452
100.372927986
84.7502815369
628.2131396
372.815345087
613.020408774
117.967345361
293.908508977
889.004184036
669.399875357
404.990838537
503.810572506
548.609518822
136.609162222
976.27307909
2.52525274153
710.596522013
65.056428671
640.057472786
771.802142476
760.575054251
750.939542022
161.226529275
161.095260852
847.448658078
716.695846881
326.399154338
303.380432374
60.4708128109
661.921956575
660.051514198
967.876193156
799.539693375
559.804517427
198.184129387
447.10215392
722.320159507
970.799656823
683.500017723
220.362813846
793.492201135
839.306927863
868.912891948
609.467691974
637.481681661
195.773034001
265.569560448
388.173064313
666.959063653
199.54170949
579.26506565
101.103771288
266.115780523
534.162656743
381.35870689
272.870386898
693.543224758
188.81582914
355.815488148
667.92973673
115.339345992
88.3740410737
502.801007115
48.7585954168
718.269363868
316.052692984
948.083751428
372.115612475
547.722201891
805.008320656
438.512371041
742.793913512
739.039919489
96.0868025318
469.189270622
424.597618485
473.515978515
502.601463164
832.249171194
494.612741722
671.727431329
307.365454262
813.414941605
201.95442045
948.100517807
214.877570208
669.691653813
859.678689917
753.73803019
433.485741606
471.015900834
450.779266358
943.457407528
353.787020023
285.489346695
786.361528337
274.965876704
282.208871125
228.959595331
248.771208877
983.961546589
134.625915647
388.709209453
698.170843053
49.752511064
48.8435801045
248.291985825
645.420999031
400.74721015
212.923238855
861.207043146
610.029799418
49.1068321251
957.047673549
