543.484610151
868.139757451
949.58941767
93.3345622067
905.30371791
830.434309317
157.378389779
829.467177102
545.145429904
371.573433013
698.138826285
384.285130154
838.667849163
204.787978275
15.700623529
988.238861976
538.228536215
177.915995453
588.718384455
449.851556204
860.555325175
406.082437074
683.181103085
984.681180607
211.122714354
550.067251911
286.830799066
100.45901451
436.294835936
83.5302828191
30.3914136219
823.329017556
379.796258853
25.9759030591
184.277436178
178.084484021
363.838735637
496.437256469
31.7700774411
380.761197451
510.535466411
499.811878801
272.579863195
817.858772553
955.734412507
598.435739089
768.731905047
784.948487931
750.149627554
546.976517226
419.743153464
941.821745273
634.675849637
172.114147253
643.169461764
54.712847944
476.751280457
470.099092973
80.0271326561
619.102854312
373.402327695
649.894826118
90.5429969497
748.216633406
573.679399329
732.07016873
557.847323555
722.645148587
166.700115673
688.390206284
567.251427389
765.065826189
208.151939079
973.192962903
277.781035432
653.443888189
483.491564541
330.176726079
296.89879546
869.873925857
80.6175743913
125.307844115
552.815901201
490.702347531
204.413678527
873.278020003
18.1414288365
657.607444381
198.570642979
9.99823695366
959.354592598
129.823039967
73.8823733677
548.226375623
341.850764891
568.917155697
27.4835627253
877.829965865
796.485077268
902.500965431
224.706377637
136.913599667
200.11243539
191.482292643
151.263312144
237.541930739
734.460835029
380.683018427
382.981295126
10.9337544583
566.689570827
372.807684049
82.2825227546
133.824608663
133.413831579
606.278876441
647.477306541
722.190347509
560.956002028
544.607415511
453.305131722
786.488310106
609.801584494
54.8788855273
687.45361819
753.528503583
779.244394502
441.394532447
430.803520746
760.751651118
523.686261272
719.139884683
84.1117357394
172.317796011
774.613403328
159.446243942
309.931598704
706.260228846
756.919677912
22.2850796726
59.9019029392
120.724345854
486.990688254
857.221438451
64.5023265421
287.457311706
875.38499742
793.840462788
187.143507677
512.142253036
782.248508444
942.845642132
535.502738531
373.920673894
525.395792844
926.663834013
532.149537997
784.941729051
363.23577398
807.570096287
366.442292829
414.628288155
398.749509357
798.833327866
992.005609738
677.89150921
222.17409904
531.153411725
944.578595177
23.6211384516
312.621885867
456.106464684
743.486987537
861.232056982
881.963244877
789.102981503
994.671643708
149.974197216
511.873510374
751.925454668
295.797495973
290.140641701
942.286194049
132.683793533
870.830952309
170.054819554
272.378437999
367.471865168
808.719070186
763.410609077
94.0407052997
869.165082441
616.146319424
956.245250309
354.16752383
356.539856625
840.558639825
469.889194536
958.825648455
53.7697205387
854.112537726
67.9144711544
892.785552249
664.829587289
380.650518581
886.451138555
845.487836993
967.397040681
517.702141348
699.438865041
415.147731903
848.049264798
259.798515165
39.4617288627
344.09789841
811.169183477
944.002407938
319.08644305
743.541860631
203.128814143
475.207458877
154.992211361
440.22507053
259.34115715
554.498286064
550.4382951
423.372785728
559.129843659
79.9175311112
159.183567747
650.15037608
0.830576666436
932.404862499
956.769709175
454.787312403
7.92239116201
993.437552099
424.588731089
724.777848474
601.638419641
747.696671879
745.065608194
105.140043576
18.9128366638
882.597279409
121.103348093
100.922416058
604.20936276
900.023690326
615.774722466
389.850149549
348.041951756
450.467671623
850.735562919
803.158334795
683.818252074
843.553811851
72.0210464445
557.336698272
427.998313699
164.43793868
395.864006226
647.818860812
713.75282549
549.368174391
850.726543586
408.736362192
109.034525138
222.895423253
41.1193710492
208.376965493
365.938899584
249.203213019
125.207444222
586.029569614
522.627021339
396.130502624
38.5790455242
88.4577456941
15.4198978269
480.738753252
188.374990037
742.489547498
487.667687803
522.299086139
219.818828741
984.507088339
218.606631839
626.370123911
591.716922522
598.283445242
865.377770978
907.153606326
144.720697439
243.778963387
401.714470301
638.428104582
642.660773352
131.954389647
340.615088908
645.242757411
211.228853233
893.018761713
426.035667124
627.352975965
997.323564909
291.15340524
784.524516168
501.186039196
473.302019205
433.020178203
143.111854705
611.104221794
556.126225654
723.807897676
522.003094111
197.129677307
108.564859699
741.7206372
424.982933804
372.627495875
956.391154284
10.2815511125
18.9645113743
118.263499171
46.9802914992
447.470083811
218.023318134
279.458713505
219.41826065
587.496230026
510.375103232
389.43974946
16.23680724
529.045124172
341.374793377
448.365191843
907.002015612
295.800770685
920.909562372
57.7926818959
702.410313718
949.175257226
7.94772699382
96.2020112146
96.6892707931
805.652003819
590.376870705
5.63614632253
669.513280888
634.234883585
349.801079039
15.9063617972
923.349876897
712.571725608
108.421887295
473.442403637
385.614793671
367.396999959
497.561352838
555.778257937
325.898959984
905.477831926
792.81499468
416.973097385
810.038356794
821.711558181
18.0204786608
668.306667292
45.0327487722
684.979164322
449.070893783
299.104133127
496.886354791
131.509640409
215.760914369
988.994378706
231.195115573
475.630456588
712.093358941
976.559472039
731.686545818
30.9269612619
190.76868513
728.026667142
34.1924221501
13.3586262162
763.168832393
84.6413860986
361.596026911
185.989905865
986.632447341
290.550141902
931.064398714
819.574540155
497.00392378
906.712944468
838.274539451
947.634848769
971.763978414
913.620261765
441.840831875
20.6474484699
580.782546621
458.238572364
784.025259211
188.46930696
861.851893769
875.746743652
325.332296343
42.4514815533
76.2054002116
269.522214529
211.415404728
138.93103189
489.138112054
116.682706817
170.632942441
542.310460686
445.246805829
635.025697716
420.543565426
174.237516617
335.869819292
588.366878537
112.137137044
605.499222842
9.34924002322
562.047381598
509.392280153
725.54587931
945.08198538
911.226039233
737.242546432
665.542206163
462.40671346
997.608625077
266.351721386
105.135051612
217.378270598
471.153673891
531.032635396
670.537618707
670.536720961
512.503670527
173.189899459
380.743251305
724.145700328
804.436191407
263.302519404
656.600807948
463.864569196
713.893724513
705.581908367
44.7821377061
294.912208291
469.786767447
642.61170176
585.328281529
533.802584389
451.792400144
510.977745465
294.82341442
454.19091645
360.281730986
247.657172027
720.633603696
741.803966165
562.637320031
1000.57153193
181.584353157
242.301902813
895.341894023
216.976523445
490.785429691
405.428289353
127.29394174
39.9835672535
968.405273808
143.566896055
261.028688284
775.051921761
582.962607426
548.113669136
514.987658269
628.036330829
996.319229541
237.605359492
934.378693119
884.614573613
54.405485139
769.700658439
257.891758613
882.481312686
599.835978715
375.280075574
461.364401398
491.001567505
544.151960066
589.689784786
465.877925743
464.615038907
611.923836136
393.707204438
169.670440779
699.272277905
730.250234495
255.715250434
13.7474040043
68.0938886604
600.51478522
604.516057003
140.090361053
190.097094868
75.0771873225
572.099960886
443.882022774
269.419159507
460.090438108
11.5481425065
316.460966998
386.196443099
105.807540801
178.470268002
841.801875812
591.992292772
373.712611322
922.931570093
338.830681037
316.396610158
816.94826934
209.962513062
162.137273323
355.214872212
538.678224606
322.986878842
774.896840486
284.242901984
656.879346381
745.039785745
579.355744499
883.985279218
84.2042466446
798.719259253
800.368030215
163.386927928
790.090016215
275.300359816
761.614246132
6.50529313652
973.54489599
655.790715649
440.958121237
59.3529798605
53.0423793195
964.886418177
940.70782451
396.641253426
416.930917525
991.12640344
642.056352417
800.498580219
997.06424075
996.175518932
621.31715306
260.451694326
690.552892879
615.934830168
252.716798701
554.24484801
955.203022212
761.296632085
278.983892905
990.717395268
162.363556612
749.563398979
589.708826644
163.863736211
48.4555690872
123.483176212
770.761337123
198.384022372
39.5081288116
24.1895275256
282.763581135
775.681366827
68.0127265839
703.002294737
256.770831774
363.825636311
634.086918092
745.435342935
104.532907304
596.189198749
145.332612925
140.676751924
806.986212568
302.778721026
124.110751893
576.479375826
624.053434628
187.384109975
644.228969505
876.980979233
862.352692832
234.7503214
381.128491157
26.9747254484
745.938958741
425.833375403
502.999300184
246.17169533
151.440242178
885.124229967
525.030604682
478.383550437
578.692474327
333.534124052
334.000810161
824.694209602
317.060615511
316.752908587
678.215708669
543.296415577
44.2420394459
552.663970522
966.191864824
896.064489857
383.984638141
250.669323203
528.898805199
103.197898936
471.295378124
221.204409456
236.936272801
844.181567342
87.636173454
408.122509192
759.180682279
762.556261512
553.043086865
249.085541241
114.879868403
36.1047718246
9.83976730766
615.564160276
113.740126164
157.49988979
541.301150817
176.061473509
323.076873042
12.430171961
710.07487591
801.359529984
796.489047447
201.157681715
765.95288756
764.09901709
421.642555488
712.97857808
802.008974349
893.993166633
724.372776041
197.414836456
500.374469416
57.2860929061
956.002947961
94.9534699903
414.422088983
707.378549009
394.008585133
939.462125106
822.890264491
574.383437099
646.493875164
176.129264044
141.347292721
443.727620541
773.307013734
615.315276608
420.296293765
869.44960887
969.108534128
889.948648591
323.751126584
870.523772824
197.98921391
715.650008523
624.360440145
103.325909977
579.1692359
976.321790026
401.061175593
606.781208455
703.459621456
190.336174721
70.9912455925
188.309862186
480.467459013
293.222243722
782.097954182
433.735594502
465.394032108
71.4607984406
232.273718884
697.013811554
234.97253713
804.715113395
276.636348924
412.235879407
49.7603997182
435.296667898
594.511101069
651.195558046
913.44739214
22.6355578109
245.106055217
518.363167609
849.506673832
572.778768082
149.145251256
26.1512942602
172.589230607
291.073231393
718.391431579
950.235901173
999.20191013
288.990160808
237.414975051
205.709002112
319.18737778
63.639665979
273.041191601
51.9227570218
851.280645758
482.832484293
593.269037524
488.009783316
710.854033923
808.216531871
222.287259218
970.909484255
147.631211388
205.121665196
640.939080695
504.096165588
386.951022185
199.344490029
238.370861702
231.274084011
386.645172057
430.658053948
435.922415476
700.555727271
874.234731564
538.519151963
295.867382903
366.928265028
854.74155136
635.04581778
479.621873783
450.935981939
186.809996069
47.6993650303
462.451487683
691.797740834
431.723884377
519.14450918
755.531449685
142.768424595
458.381289711
870.613886715
78.9363934228
323.419198378
418.137368264
951.789358589
654.078773096
73.0243895412
585.109263053
906.400116804
908.768086793
886.244105417
883.264567827
596.519621845
442.977774882
175.802968428
407.961064298
622.671015401
128.302024995
192.443155426
261.742415533
90.1220570838
685.473335332
479.693204537
956.104956819
131.373604231
496.01428483
944.788632789
196.415002023
378.843425753
670.762190796
113.023226404
610.453983176
816.070994015
809.541958625
137.990628009
592.698180724
899.802254155
435.862479315
596.272212584
927.947818813
777.332555147
916.357790937
176.288750859
789.711373646
717.629488042
813.45892023
78.7037907515
691.504087545
506.912103762
734.141848541
696.402967767
527.811854125
588.464354283
50.3902666694
708.195519166
284.12742302
201.185622405
395.532774946
793.238283085
676.087185754
360.312136088
434.815526794
948.842180396
51.1193640608
241.008466736
94.9579141643
440.001281658
507.474560869
718.506149923
65.3197905984
939.659525677
352.597425127
217.115520569
942.619562252
977.092170741
23.9689902649
847.05792191
423.636102092
974.291681254
925.599714345
955.574840756
439.180462804
255.810858635
459.057289175
664.994441567
104.477900646
543.645606859
441.672872969
934.900794167
463.714289245
870.579982317
351.765215862
682.928338744
818.493867282
419.775611344
69.1579885889
93.8893378722
228.090185706
109.209109299
867.405983034
406.788731968
664.479216578
921.04365881
513.004420162
449.759435736
930.826938807
891.560317885
468.091491487
882.119580837
290.662478608
575.96238083
371.769483551
263.352508499
900.224592666
47.9784983296
920.768854993
656.061278553
583.220864032
686.068269893
961.674227253
597.863265951
251.175560847
614.146478676
395.260878649
223.886945474
357.784881894
963.55513487
950.7022323
981.730685921
255.846127199
796.832929692
639.750038847
770.189886559
57.0961864839
446.668814975
469.323047753
354.705482256
978.240307012
924.137842909
101.458411229
869.70046396
781.498812151
833.428300721
821.167654627
801.495766571
518.616575255
422.586529636
449.021987045
699.669793542
99.0667823438
459.728554321
482.724260218
28.3350240353
610.221403051
296.659523191
175.003517583
714.189226662
514.827861849
168.02038262
80.1591881046
917.09639094
904.659717647
260.423702925
817.840466826
303.183664427
462.168791959
859.400182887
260.635904545
523.658884987
446.354695768
410.18432157
713.446150408
918.934107708
557.156110514
179.880395478
568.91668689
684.114575205
564.981838211
48.8597009884
778.423329132
226.824309416
146.945153156
795.91107138
332.340080455
828.429801315
229.843343899
481.705177163
542.473991638
515.814633441
542.807617215
795.962929436
127.042665886
137.194173519
978.008242279
835.255972977
480.945241887
955.547329697
703.692701109
236.472641022
261.299349337
591.468810726
153.722155401
661.189434867
192.003483202
713.8019431
725.742760904
986.545946239
425.254334301
737.302038016
172.672762038
95.2999450956
818.602029386
235.60712879
570.118615067
605.794875618
124.917156554
214.773935076
180.004396941
9.77454533758
585.216049688
423.990717883
619.142837248
642.773401977
301.248770696
768.237752285
472.82857678
24.1826259922
59.5094486707
31.5542887854
