34.5984705169
982.605553013
218.888498586
951.518631551
244.790000242
156.155009003
24.5827841777
266.591568313
896.685016262
318.598964366
242.289747799
514.306102357
627.153564825
760.528270714
939.519118969
22.9522936056
949.453806356
46.148964916
434.590803043
55.528903244
945.565468762
97.4315659124
411.990044628
49.6856565425
597.760579665
811.337350826
904.838407426
532.217060498
283.719935286
807.448821009
697.903782043
717.465335386
577.417294133
200.263155408
38.2125844602
584.969443113
422.264624002
355.212671558
412.200058042
872.16193538
113.398703771
487.015254118
105.725441442
171.792198116
664.703356976
523.369764315
604.661827188
700.44245394
709.84640574
242.118887379
303.765186523
265.577189204
546.111029459
16.8399069335
325.473428677
774.656086482
318.791338679
474.532518903
577.011757221
393.905157065
619.906786447
699.519277197
121.60653075
250.118106441
822.334143985
45.8959291982
427.716958021
749.323615836
913.924267566
932.854800573
466.387947177
443.665586388
897.554683992
97.3198470814
522.826897713
505.559575442
397.840696861
782.376881789
843.476816016
211.988243957
59.2851227708
894.049284744
67.8532489681
863.084064618
823.978104088
678.51685326
912.452812775
422.671821849
407.678340067
945.227073941
928.48682307
135.823901166
73.1099874889
205.829637146
85.8582540269
683.958663375
666.155759885
412.116793693
472.85578009
881.84382401
755.909710112
278.726434356
687.476957905
282.915940278
153.539493205
84.4320533195
597.8603389
949.566196362
624.756907235
35.7413743346
697.992313181
268.758059445
428.643424923
333.092295574
488.252019267
847.183965656
350.692426865
108.113175071
603.765229721
145.007415933
106.687565589
679.496619979
49.8647114441
826.292859986
30.4767182059
35.9996446765
495.380219643
327.572052347
498.836666531
656.32814966
440.202870253
615.454345634
243.095446043
250.391909743
528.228922542
403.085480307
555.671944618
578.347948798
329.513864064
843.188576241
79.114152405
738.560840058
915.220782964
84.9663304587
855.284630891
390.482577892
247.875928644
406.544486379
92.063906421
145.04048921
183.052188302
203.44875976
4.15656287883
563.323983235
476.551269278
847.487404817
763.337924237
994.730739587
799.610841568
672.964475691
721.489097822
772.742586385
328.811361552
171.924450494
341.011261704
315.182585164
846.507894988
132.16728016
283.529177146
80.7228283692
311.502081541
964.973249795
670.916222385
478.956757484
364.055359952
981.507926589
710.464279994
392.035070182
21.1018957828
480.416499157
916.235725865
398.945456493
889.079859535
361.332345944
782.906009006
544.030563563
320.968655625
737.068944048
390.175894675
935.803993072
771.109596078
969.532173503
682.884786943
356.250036885
878.961115814
316.62573657
858.698980894
299.291450139
27.7645576329
855.774768022
561.052539803
335.562609887
944.290442794
958.684519008
664.787450942
58.1943984627
495.80749474
401.92206617
903.961902952
507.333441206
936.073675402
306.905764598
558.957935649
595.282719521
952.033446407
800.463771027
477.629483201
705.421226188
291.354225343
514.525060634
870.255390386
180.10593027
30.0043185694
224.734295847
958.82622122
908.620104871
998.385690461
838.217643288
227.331261238
286.022941186
600.597866231
59.7641742768
55.83998937
45.0330266714
390.177147164
354.774040661
124.146831811
815.351965961
568.472541902
79.3183238397
482.082134818
958.615978271
408.96466432
963.409962845
321.408675869
872.5912368
861.687077344
986.13084587
169.959828952
718.287754554
207.275018497
345.737193188
451.091221334
33.8773958547
338.026909544
436.363358981
998.366174563
638.276933497
652.45747428
142.004823726
667.09999366
246.352298803
22.4875937678
984.834705636
514.326908222
238.507636103
281.344886685
668.737545483
215.173528686
940.0973429
584.524068102
688.31455559
445.227973445
0.940005658894
837.238004956
773.771820914
768.921154496
221.408210679
310.219418358
694.302958503
597.399551857
509.640807441
171.956750823
600.37008226
260.18216183
458.154911514
557.301368046
659.006780654
71.8790233147
836.24615009
393.472139765
774.425342857
549.09514127
742.018264281
578.679405598
763.678915491
411.155646756
387.197732773
86.5603836443
140.582312691
369.766920005
207.671287558
723.310283872
809.619573033
347.835795594
307.275409154
845.913804626
832.502155182
510.503520812
46.8472018035
782.761701171
250.770808249
615.908882015
552.356944214
725.132826292
998.88415949
5.88254888737
875.988440206
157.749435218
22.4157450849
87.5392299484
896.474522036
354.196815926
892.027318978
421.246903789
688.780329922
178.526209511
947.82442601
882.272390422
757.224147854
152.932901039
699.817726032
209.375914535
587.533983051
980.142428657
221.068505986
775.388530911
546.306081398
108.732500439
251.710251568
282.421013365
33.2702450582
711.774451284
248.147573989
775.212413598
234.559818672
562.883954824
626.366938682
532.8922892
730.605458779
426.046741273
975.618497494
825.416414322
499.462676383
556.227021017
712.322442811
418.006374928
212.956838876
628.555445661
311.724845039
325.706609624
438.527563045
906.971342395
700.455705115
909.837097314
276.612892904
138.019775694
931.802211493
408.249861207
768.851812893
380.762678002
317.516909662
201.191192817
297.873808499
27.2189122768
579.744096732
371.375752979
492.443516039
290.628547549
837.117665461
526.815408234
346.047037309
132.547376387
31.4356615127
116.590886501
218.550058733
44.0967701018
768.94435954
504.851015438
948.517029146
96.2919030081
985.214664033
854.418202145
233.666858726
787.027567892
713.508727677
894.974040417
101.527919337
342.333079057
158.559835589
456.099313536
461.596785193
859.456122036
293.444652428
717.531149064
417.055035793
948.203021143
774.323857422
425.192910286
767.512354156
62.0665855497
246.043233545
55.7952261621
597.263147345
944.122800483
825.367656689
574.876195084
498.430662693
169.765230021
165.861528477
210.230634742
335.487172788
862.345747617
955.77278385
77.5060239886
225.28204162
796.1979522
277.002414749
532.24942523
556.58692379
145.255645795
512.656829184
427.635219864
669.275694927
495.237878238
613.054116895
956.946110739
662.179708632
784.730642602
147.591174636
923.463900268
853.931892201
33.6029397623
397.41041142
787.41277093
14.7399983673
171.728367736
560.840570487
443.022755935
484.261502256
38.9193497806
745.5090897
695.893562944
633.84014329
727.731575733
186.470749315
754.766138479
873.246900714
122.236381903
750.624440486
689.710065206
703.661881556
808.083544971
823.457791575
853.492114045
572.309558041
273.25151448
462.038727182
808.93726153
609.070566091
412.061004961
954.378932658
788.60144644
860.920051363
509.742193947
421.827966411
570.055203341
524.265454127
949.068713131
133.842482439
656.250991456
583.429237339
898.56116689
767.578324678
569.353084549
518.220704445
373.184555311
710.637350257
500.307727597
85.0838463464
857.561046926
377.447568781
871.999224774
539.685192224
143.754820058
35.446103277
285.426380293
235.998449351
973.916398435
530.602910686
750.766756026
948.014520767
208.114902722
41.5469008591
111.183655278
231.636000571
422.551020432
875.536410399
812.127094583
253.374720174
54.0540133547
346.229684174
910.425620504
200.244940817
525.112705476
237.970652958
83.2096025224
863.431805024
962.905809796
41.6577936027
767.459344609
797.801778374
209.238087811
660.492886178
454.567302868
390.962734131
675.892821317
257.296669319
362.2826089
173.581346878
335.325153883
837.913733902
950.656211987
581.287999114
58.2262335362
1000.81026669
51.2644913307
934.262400827
804.986742084
906.754728711
154.727024272
980.832645823
675.73050214
120.327226933
327.288594047
307.152443722
697.356055264
469.045348901
64.0690014072
987.919064735
725.409133643
51.3995833345
593.467432951
282.512240958
670.009543259
317.468823855
966.976854611
978.857874598
933.718923538
470.575864575
933.246692992
562.85378583
76.2578311019
829.009604617
456.160285194
631.997319249
71.4627417427
393.989435661
129.413457191
56.4214619646
580.234122869
588.245435692
793.886805493
984.900158428
398.334364811
572.786487138
409.299936413
871.388373814
618.03561491
563.578367697
633.978347886
144.169940496
342.245893503
628.51044564
734.170937822
923.946677352
897.27009535
516.122066698
26.2645452373
1000.28995405
879.471825816
567.681351697
54.9158081918
541.442153739
101.158789163
320.414747494
313.969686206
497.885563869
569.311762554
627.467912483
288.92483821
940.121620745
497.820698435
911.003803191
455.732122756
434.439433413
770.269363519
789.76170364
871.040349365
830.636806676
803.362868923
171.801502498
584.218046086
516.40116925
599.804311324
716.705293128
260.682473067
475.993919211
597.300619405
942.518442184
287.685107399
877.955672272
960.607064708
351.777242396
375.661180196
3.87744328099
85.0980857792
850.510066427
273.701162286
725.021341649
480.660199827
373.608619455
344.264459228
543.930523328
511.926743682
846.640056263
711.711487174
432.735776198
33.4185430489
498.413368393
428.422816271
144.250445382
138.762723069
521.292426225
631.162529323
427.529243093
505.235436309
627.151100399
223.29106372
553.648879005
758.228054802
869.062287183
361.506829458
943.708257841
443.372466245
553.720076029
311.355975948
39.9729302503
356.367021961
647.521580602
148.568411978
688.916199937
822.524653647
883.009705131
792.029475771
380.971443853
187.073350209
572.382773321
409.832502337
247.725898765
552.024080725
335.43304879
531.23602858
502.374529492
736.157536964
162.160167029
648.337635034
443.320161155
906.982130701
208.493010417
75.4008763593
149.316414457
216.983765729
750.113619234
194.311812087
771.735135686
223.373693336
774.422585264
51.9673123076
326.554532762
556.502506074
401.458470356
339.741291134
110.462887515
956.496534209
763.656602158
736.289440639
35.3811512193
807.552974526
447.275848704
79.6300212941
690.50120029
920.213577617
462.382384309
626.839656247
922.855622567
885.469468112
89.2293437524
842.30816753
196.750456556
223.944338893
757.306189408
4.26806718446
830.798846855
530.93160247
485.115789731
325.368250902
233.904628357
595.424560407
392.074753493
275.419836263
235.249400618
62.9489604845
48.2568187465
475.418759167
133.917457892
558.865283491
632.235373566
651.032593741
466.212822541
208.440911461
478.178498611
392.176569234
986.542103579
891.961055286
946.713503332
400.420588955
116.039703821
871.615358218
758.150329957
337.673237245
667.496072499
928.797631388
739.451090702
969.685725648
611.890200394
21.9165576824
347.989611745
611.125097477
671.163674551
500.087348374
599.345569419
370.957552041
810.385521178
703.935003953
1.55714872893
736.62324038
644.91328634
917.045188187
867.793748796
609.492754047
240.121062477
420.19631287
892.646852381
639.964250429
130.462693672
682.690417228
773.199680805
78.1084145744
922.931415153
617.65521873
419.957254875
964.089115274
584.77430557
722.652917457
955.771481277
414.002229122
748.774441841
995.31489206
155.018045656
447.411310733
46.7941623665
114.694032135
313.585057354
770.337236416
323.510675592
835.610031549
743.62019983
918.212109549
785.232749781
489.819800147
901.510431675
892.111779143
16.3414714173
86.3998079073
75.8523763058
842.361878324
775.346685165
575.874134514
662.229213929
541.503305126
263.203188704
66.6381384468
582.619210259
137.80162325
850.920061812
851.428561875
970.638705675
105.209181793
208.790958313
129.050746516
81.1766290808
984.18309698
288.384687239
229.711618683
707.312387256
631.557405339
840.465058763
408.067367902
775.547286809
524.12334046
355.25969826
719.989305154
119.550691628
6.10253951746
606.515528708
35.9657108962
700.450473921
131.115926037
877.608931668
738.602704072
182.918007878
394.023790511
376.941931344
680.352936579
738.755498819
408.39771509
90.7378483423
753.976600542
791.53480953
893.189398638
194.900483685
718.059836635
423.717957249
921.88233101
583.053172698
381.015793451
787.505701037
676.133474266
121.722435344
577.306821539
658.706574896
502.916534698
780.620235249
218.404275701
267.691462167
850.058427915
869.887240752
893.847363922
57.7140833391
646.372412803
276.68460861
432.276237255
409.804358106
473.864526527
379.361125872
118.332915063
234.547498459
404.437369291
804.71664705
905.707722418
179.552444478
94.8461695962
879.839655652
388.676943869
400.6213077
347.342519739
254.718523257
699.43002238
596.513866025
953.34185391
567.948205257
723.879657661
514.809530824
232.78241356
422.904125654
861.546920169
914.234821346
362.38593371
208.109879565
208.403435838
420.633763259
258.822819669
948.875793874
111.441219879
698.062699043
521.619401594
600.725574195
537.41850252
569.238987254
952.66696886
694.366762801
308.110361366
91.5584962776
700.510043606
567.187294512
664.302531606
598.042977309
818.506899648
123.829240801
450.528590109
314.753524727
352.090051063
945.478791936
538.922992556
203.578362119
434.041902744
261.032079676
250.902880296
498.570973621
965.002538663
974.73672615
168.240527969
55.3846617677
362.424564083
676.29741038
672.046780988
571.237780044
68.3905739604
106.963458069
230.548433666
205.333852935
601.688275029
446.727132633
942.287653097
184.183806963
678.949219468
301.33994131
167.764134961
541.653292793
762.656606787
52.9445099644
203.373046891
712.387767097
608.587504156
34.8209954509
366.175233165
259.497364549
1.63952725219
447.35024735
584.055819321
444.601450969
85.4470957983
492.094777336
760.61345331
275.375296021
928.375814034
171.125234523
72.4531340393
434.470633615
151.921418504
8.24756509535
972.295570709
373.323005972
55.8098796979
834.337852432
26.7439674938
299.333407506
661.537586808
922.052944577
299.13633368
961.298044906
734.212231544
835.890639676
824.007439551
548.63940075
762.028974627
714.467647995
227.157543989
498.198826806
284.261287451
242.074010598
286.866574952
138.630751867
939.837650048
173.764011682
813.888380642
107.552914559
77.9999040798
987.553072631
719.491537371
196.457992367
867.261816451
159.535431862
533.958948492
113.67828373
658.520147408
318.323112995
488.007450714
795.605418284
