867.048640871
374.344523937
445.101995256
353.259964373
578.494373487
88.3163100369
215.882852402
546.397630724
755.806482188
24.6985647684
129.195618184
898.605102639
971.169245614
762.602777771
812.785448771
924.158214399
847.146934141
978.631028409
585.423914331
353.037182078
845.136218969
647.047028136
848.362450605
309.039103901
338.114829984
288.280046771
198.457069904
296.214992668
21.415948776
977.02234668
73.5708772417
396.986320867
295.873949713
561.347528188
416.888936834
490.705357246
838.401807879
854.839165752
481.976413657
159.129539973
15.546893766
761.08698439
800.17753503
844.886775107
438.975302008
140.378152017
105.169689216
525.731866647
813.031030362
924.800225882
638.482694301
888.371429508
327.227170782
765.033582991
505.600036154
425.582547546
241.351526911
198.982741804
885.436516395
615.63808966
258.467140948
185.947961413
862.87327212
373.26752743
717.174459358
865.209131921
558.358271894
489.675120387
33.2628861802
583.93648181
276.247829503
478.909544827
666.498553574
28.0664504883
242.659424747
269.816695681
883.087492303
643.026242021
498.963620096
217.273258827
725.577021102
226.021606196
256.535342016
488.008931345
120.859869891
31.420445645
610.644397125
991.636026192
276.044773653
64.7556839519
911.250324403
859.553942389
687.754738898
608.200523121
705.302551679
918.464445688
739.321251823
21.9706161815
675.888393072
600.507545056
277.044099808
8.33437556581
719.48441915
854.682400178
990.494590182
570.901093735
123.316486408
182.080617913
266.095098913
944.258675775
728.144387084
592.402321341
507.760506003
154.498258111
518.775961598
753.765247107
844.615984158
899.754785294
865.434059706
967.0572979
87.2763891215
78.6028890345
360.913914919
639.498532355
373.782203973
302.7508323
116.055817188
110.389044569
333.936409496
926.244823883
217.932460503
892.431705785
854.935743357
340.479378126
607.869123456
266.939383256
15.7205770991
513.640307958
190.013679334
491.658176593
193.170043381
626.015487019
393.695452387
462.311460175
501.820491244
599.053864299
419.163019505
717.594886827
369.171300964
500.379739966
566.679631235
849.95501548
240.366718873
897.297361963
358.578325934
19.9531417324
19.0078687165
792.638824984
678.925203867
784.830765189
47.5766479518
1000.18880619
843.690668132
923.304319124
555.847536615
705.217588435
607.625944332
427.371374061
544.80191123
82.0779177466
863.691713633
678.335312349
68.3430598442
600.970319761
430.418743763
347.867066116
317.305543157
714.308077553
527.973499771
218.577607731
576.513490954
234.864888802
215.41118627
632.552903418
792.801056739
123.234102573
410.142508438
816.403874752
693.312769211
563.926543239
953.562692598
76.2469519357
996.562462634
896.045000434
168.623620605
18.4767580439
855.352523715
118.594761769
359.765813399
390.782233468
45.7222339032
700.639914325
572.627676523
964.233311172
991.712766195
309.468116493
580.787637247
313.659805739
893.981886435
393.618519557
569.39968914
233.318547442
612.757032659
463.429081988
269.633552465
641.058555478
664.146151301
333.099618992
412.972533993
573.218598989
529.378632615
255.692277399
650.585481177
447.382717642
541.048945315
864.834924444
752.512893098
305.463538219
519.997950262
755.971909533
365.246692648
246.811558937
355.035113133
400.552157222
229.397708339
875.723127646
179.410519981
986.759310796
110.251897743
497.664707821
736.026943687
811.218219052
383.878938365
818.014301084
606.5384988
201.444491723
751.228920004
175.505577703
643.278250008
713.429327557
708.268136225
117.345406034
965.447377907
723.556755515
641.556908312
285.027596626
799.487398052
218.708574626
906.518094202
390.56103712
901.683632078
45.7679892587
451.802448425
826.685965793
589.113684595
617.179633792
35.6729497587
381.379856172
105.921912602
588.114627257
468.819234981
455.882947057
305.96322228
554.43434019
348.109198791
126.177737089
186.008546948
109.392555838
46.7095020231
240.684888053
192.947656157
895.771342934
916.777670071
590.635709084
505.461831653
791.74117022
285.174110165
963.63340743
312.797679333
575.922949028
793.585569128
145.749915007
949.421404181
922.559441411
913.34043224
788.898848691
420.802682084
957.039551533
474.058856556
129.979836923
202.804583492
171.186200339
490.484694912
911.918649783
962.03767814
663.568172022
50.7584405689
920.377406249
840.340422254
741.637242473
562.614864118
444.9537071
498.301226347
740.613771759
47.2497328405
851.395137618
676.246343684
813.770534006
384.474761227
953.141720709
110.169222986
377.0847095
228.079121384
277.692309
825.60850718
105.123931236
264.887025
270.261354059
774.266430419
363.190527988
914.534370082
530.271123197
750.532208036
670.376894674
803.349508389
146.90033102
392.081365243
77.2924655333
904.83899047
350.707264259
74.0611686413
66.3224284746
68.032544202
147.720094758
738.711892788
173.597161644
21.9616403518
132.164779089
314.889455195
93.8213012451
263.901875305
69.4293675139
929.607825082
785.60233587
280.936775795
398.529306745
467.720905344
695.223575732
256.851502716
837.019354467
678.722832422
963.166477956
467.567442021
928.123048545
817.257617365
843.779423433
160.712613552
833.542951936
686.75170421
285.575544491
609.492362372
773.607790302
35.2330545732
632.229528983
834.283627442
466.448583206
958.230839933
132.240432761
872.810137967
533.775053031
730.374820849
927.68715186
287.719874319
812.923778114
947.998888132
52.6732229875
91.1202359993
286.951665977
610.652776494
191.231237359
650.340238302
171.376052154
96.1844787469
449.92221119
722.593541222
520.282896724
268.96449319
902.056999012
566.578577559
480.294180248
281.338373084
966.358121394
276.986136273
130.692857675
294.21011032
781.476263168
228.379261403
186.540535753
887.059922666
638.368381423
647.201930682
259.976166759
897.849119409
140.297495843
577.224670515
969.232966877
72.074400134
383.283179748
837.984355828
913.636925081
430.539508141
391.204437944
300.657775672
18.5945730343
206.767919858
560.377526763
789.616173838
549.048478334
649.760634322
927.845548602
396.802854044
984.042388903
664.100994509
40.4485799114
397.542426659
376.336596801
547.967763373
376.356857726
539.154607054
535.001126477
116.687480572
298.892832501
874.532920762
520.968906312
647.933807319
41.6807537668
462.441582878
21.1825080399
307.063129961
465.477026514
653.474156253
929.123194789
927.321728374
488.438538435
262.052214159
944.379467531
591.109092178
290.707899829
365.327513844
282.591576906
247.296811322
690.601786321
69.4943726947
177.219710917
492.269542373
596.115465388
346.100392971
984.471412452
285.846131038
131.958325571
274.971451618
204.429629636
944.469681191
719.619252793
347.447967605
775.654424493
606.271080339
262.009401557
70.9225311514
497.409899464
264.091348613
52.3523993586
968.456360219
741.040061364
519.213202824
231.281821327
737.486136451
706.579998101
94.1357414401
256.408512247
108.266154137
510.751157334
369.205484101
849.070957726
157.718936535
911.9648845
391.444180096
515.187863815
162.870216981
280.606332103
260.254054115
230.567928755
611.615169471
716.629607798
563.791975344
487.401984548
890.378314431
919.5228514
124.41782363
893.264327632
321.578435773
324.772049499
128.343480672
41.9760845906
215.651019372
868.848354065
770.713517513
418.001844152
297.3131214
449.003150255
183.985229555
64.0423556671
329.369233168
143.093348423
200.680471932
190.489733356
667.595710208
326.666064437
657.076327355
144.359263723
717.978915336
290.819531661
875.427569193
909.440821949
243.382102211
437.127747663
578.784433799
48.5649124182
280.160086804
233.440737706
462.759607133
727.77401878
301.472328042
934.391558223
131.078500795
624.894594449
150.849353602
22.5348230202
105.94062141
677.995819217
366.9403827
954.042084793
223.796123235
417.147688584
26.9007174166
764.773963094
466.355459704
867.102824694
342.27576617
961.104075513
891.811411409
314.459954194
387.61315775
635.177963043
70.1353039776
230.880049421
496.140131
595.085248549
657.161594646
846.983962926
375.357705691
226.495399295
489.59471596
473.34119123
98.211592193
442.22775791
876.730357292
206.57078426
864.897586769
799.232258703
656.685607639
266.338613634
565.104318049
193.352308736
956.721806907
233.389198736
62.486401434
196.044812829
596.936124506
861.948381581
284.733578034
888.538845895
157.532990113
556.815052371
464.062852298
155.392822057
297.123437214
27.4679393305
306.247592584
749.80197254
368.003267651
452.951028492
470.576047203
123.993193067
229.939107355
946.119516165
440.880477557
914.114239571
139.529119549
828.213251043
446.944274232
809.409432138
185.262060855
762.824263779
389.776900886
922.961810646
588.008438169
236.1762236
999.321246793
664.035155831
466.309018086
409.266158898
544.81614377
817.243555185
742.677806682
821.609675321
699.142175109
877.153310702
858.697485543
52.2755397359
150.065941261
378.007632694
977.78209741
824.195565521
918.017253656
830.47643139
600.075779949
688.113137979
569.429959257
690.076947676
495.261540155
522.49294061
929.147552054
919.812858638
576.656551613
4.56879132031
784.157194705
193.172215308
595.738531717
151.528689205
258.255875999
477.885055082
328.313519492
251.888960879
637.426032822
199.984726933
33.4554179705
170.374368653
127.703247405
526.54988492
292.276873935
767.31281744
499.796314441
229.240451904
668.630249096
758.543070188
551.142070246
846.271909227
509.568563324
979.686816306
518.96095403
597.833535748
746.243826039
867.658402497
917.664028432
549.416692407
293.747927065
283.220025864
179.559468243
474.026260928
244.230717218
649.959679379
771.43210551
783.444956044
246.462098146
295.378468689
55.7718671242
227.018607939
881.659127739
355.332521038
6.75015862848
453.870188234
239.411328529
585.413419576
885.388521629
669.241524925
176.636805364
277.721484202
363.136817972
767.260721138
739.940624728
581.493412715
849.836293507
484.805904657
942.796473674
438.486463611
665.295715183
165.06029762
261.976923421
146.863001385
321.321319798
181.245077634
341.432419432
315.022991241
464.695605325
317.520401377
97.2760335904
631.810015575
499.970178012
478.774871261
15.5503713441
76.6075145778
702.403560751
473.232903619
890.640203324
705.402355349
771.41494092
165.763717596
70.5608620744
774.531140306
13.0598440061
501.970188738
590.595826399
711.277961672
605.639499111
818.276944265
542.377130869
299.833978676
466.839439501
894.364413232
428.731057396
195.160878749
197.300914282
963.239867016
742.191936983
142.069723684
542.019043288
762.355225098
886.781152492
676.694214544
845.266717556
707.702379868
94.6768058596
366.801388488
581.075857651
569.323969188
631.545670858
700.313060386
454.994184146
68.8635022695
907.975161002
887.439917122
759.102016011
887.527511443
981.9076757
815.61555747
522.425817229
99.2207509708
224.760055795
616.369632495
608.707042079
900.943926987
988.329004491
222.527667539
909.480368352
970.233319164
839.302522391
695.72407674
383.993819473
143.22115076
858.823219925
748.449362538
325.85331955
437.211396478
697.081018886
78.3080257515
969.046482868
802.130112484
911.704733086
824.625516521
803.307668007
417.696370173
793.403535627
928.309863736
808.569780173
416.815054549
240.446034426
443.076458393
833.645791761
15.3023434093
334.435759624
189.392053435
345.433312703
751.56317935
805.905604326
912.697401264
356.292730992
675.189651319
410.705701538
239.054198603
583.844625209
473.707253253
210.730925403
329.855889436
9.29875329459
159.633343935
998.254959104
685.896242367
529.249543956
715.065466277
380.568837201
348.895858831
739.499284722
778.165650051
474.318257023
499.510335689
608.83553538
189.919429549
171.095510737
699.584697296
638.955872151
871.923633332
171.53226046
588.087449267
583.302328328
601.073597006
879.08524121
491.617277712
2.94893178542
981.259346371
208.532143448
723.928482378
207.700713477
992.466255009
193.344284635
91.3492061299
832.662907944
931.498976872
643.613714312
779.322900951
701.112909182
189.096971531
756.039287553
227.686223307
396.124075002
472.514316494
454.032670175
7.80161958661
12.3738260591
474.89807687
257.086313344
128.542541212
182.476648964
413.20779787
924.206949075
947.523246562
303.073636153
707.6413771
188.183748461
413.276107915
221.145891844
404.926890774
515.014704782
535.666267676
743.321082039
739.668699108
793.424029042
470.715462674
378.895898728
485.94724916
32.7931400382
486.519584366
948.00243094
295.185031369
201.893945907
98.9596985454
661.569322339
312.299867329
704.74000127
596.611627474
412.383242031
435.372514084
502.350370943
14.4848228374
943.862134542
949.10063243
695.820727575
434.644064776
822.637583085
969.949912936
301.773966062
548.894001562
176.289964949
354.867546837
581.677776483
563.186286696
11.4300444817
309.842343075
957.424429146
909.062523997
227.277999862
533.816368243
217.38251164
461.881929022
640.447459021
94.7351901941
998.715940385
381.409713644
944.639574
920.861755289
885.302261412
336.057656748
477.38411998
87.7145687392
380.624561233
957.930949222
415.934127904
645.588238275
102.618799353
27.4670421211
219.611950611
686.763957591
143.024386718
784.196188622
240.140009103
298.104803136
161.961552516
342.857928511
796.618594204
397.936608043
22.8891231242
134.414034059
720.90792872
268.113221107
721.271979661
84.8950055804
605.061413375
413.683505663
95.3315680453
320.67640854
790.546028724
517.643160331
101.036111487
934.239779275
900.130614794
787.01721824
747.221874423
489.470231357
376.132848688
153.456391246
913.505576371
308.325397165
530.035971396
996.429849109
453.006080129
371.879353089
749.601577735
760.081016438
247.887142557
320.019019478
670.460370639
355.017011968
415.603539167
932.433156818
74.7339081931
526.301595997
527.369479465
916.673416218
26.9735023928
834.57880259
895.005331137
302.165174839
14.0806274054
690.618194388
709.315857929
485.596762353
203.437684309
393.110085922
877.190070151
199.33526115
618.892142017
489.499683822
53.8467431933
404.982875376
273.610013286
830.425868273
434.928275769
862.872760143
70.7087825766
834.051423425
